0.000000000000000000e+00 8.677789251253772767e-04
1.000000000000000000e+00 2.723295405985803061e-04
2.000000000000000000e+00 2.089101150064738305e-04
3.000000000000000000e+00 9.029391233220382732e-05
4.000000000000000000e+00 4.777480020285288686e-05
5.000000000000000000e+00 4.492390588159828047e-05
6.000000000000000000e+00 3.938545005089030273e-05
7.000000000000000000e+00 4.790180403432786719e-05
8.000000000000000000e+00 4.011367089912749938e-05
9.000000000000000000e+00 3.888023995994214187e-05
1.000000000000000000e+01 3.853722895872041201e-05
1.100000000000000000e+01 3.663827105567314310e-05
1.200000000000000000e+01 3.839378919554787764e-05
1.300000000000000000e+01 3.701806866009336159e-05
1.400000000000000000e+01 3.570929696023042644e-05
1.500000000000000000e+01 3.708343966973182582e-05
1.600000000000000000e+01 3.593694784490649477e-05
1.700000000000000000e+01 3.563224411198003363e-05
1.800000000000000000e+01 3.580876062027684592e-05
1.900000000000000000e+01 3.626715226766383368e-05
2.000000000000000000e+01 4.116209888018334824e-05
2.100000000000000000e+01 3.876779268117906116e-05
2.200000000000000000e+01 3.571038736948719020e-05
2.300000000000000000e+01 4.016297098642966027e-05
2.400000000000000000e+01 4.197383508055129196e-05
2.500000000000000000e+01 6.694559028978606236e-05
2.600000000000000000e+01 4.715075379452887889e-05
2.700000000000000000e+01 3.850967605622548727e-05
2.800000000000000000e+01 3.847825237334920843e-05
2.900000000000000000e+01 3.900272796291456151e-05
3.000000000000000000e+01 3.653684180303873129e-05
3.100000000000000000e+01 3.881289661081622556e-05
3.200000000000000000e+01 3.531562019449846246e-05
3.300000000000000000e+01 3.560348775152838663e-05
3.400000000000000000e+01 3.534374455258541489e-05
3.500000000000000000e+01 3.686946739794127569e-05
3.600000000000000000e+01 3.503033379405939759e-05
3.700000000000000000e+01 3.647818773627499727e-05
3.800000000000000000e+01 3.597603271265086862e-05
3.900000000000000000e+01 3.546248664233225307e-05
4.000000000000000000e+01 3.555472897511296543e-05
4.100000000000000000e+01 3.528518602279480241e-05
4.200000000000000000e+01 3.550790773082516851e-05
4.300000000000000000e+01 3.536159144981175674e-05
4.400000000000000000e+01 3.662168643480008117e-05
4.500000000000000000e+01 3.774625747420315268e-05
4.600000000000000000e+01 3.773298335260020500e-05
4.700000000000000000e+01 3.717851924175671012e-05
4.800000000000000000e+01 3.629110322677071376e-05
4.900000000000000000e+01 3.586336138511062374e-05
5.000000000000000000e+01 3.736521041530807384e-05
5.100000000000000000e+01 3.545342235866844630e-05
5.200000000000000000e+01 3.589324532841508403e-05
5.300000000000000000e+01 3.583567121364429506e-05
5.400000000000000000e+01 3.488131054950700864e-05
5.500000000000000000e+01 3.506862055358956996e-05
5.600000000000000000e+01 3.595807210227859878e-05
5.700000000000000000e+01 3.952301655219274314e-05
5.800000000000000000e+01 3.613304988900572205e-05
5.900000000000000000e+01 3.671704457278060062e-05
6.000000000000000000e+01 3.795615803051125096e-05
6.100000000000000000e+01 3.654587512511692069e-05
6.200000000000000000e+01 4.005121207567360485e-05
6.300000000000000000e+01 3.726427066599979340e-05
6.400000000000000000e+01 3.939755601869399343e-05
6.500000000000000000e+01 3.518435437085011536e-05
6.600000000000000000e+01 3.553244424608419875e-05
6.700000000000000000e+01 3.542637734775893840e-05
6.800000000000000000e+01 3.520713972606805391e-05
6.900000000000000000e+01 3.572907515826839227e-05
7.000000000000000000e+01 3.479881405515802785e-05
7.100000000000000000e+01 3.622703110000479793e-05
7.200000000000000000e+01 3.495148967631113478e-05
7.300000000000000000e+01 3.514018255450615161e-05
7.400000000000000000e+01 3.582829833168124791e-05
7.500000000000000000e+01 3.490140766940692297e-05
7.600000000000000000e+01 3.549249164554457985e-05
7.700000000000000000e+01 3.512776121991281883e-05
7.800000000000000000e+01 3.506836008535096504e-05
7.900000000000000000e+01 3.495074440274633569e-05
8.000000000000000000e+01 3.627384610523373085e-05
8.100000000000000000e+01 3.480604775439056895e-05
8.200000000000000000e+01 3.473313282170465170e-05
8.300000000000000000e+01 3.509070275471052149e-05
8.400000000000000000e+01 3.693605426437467781e-05
8.500000000000000000e+01 3.648517312248856077e-05
8.600000000000000000e+01 3.551773129905488072e-05
8.700000000000000000e+01 3.583967859092483942e-05
8.800000000000000000e+01 3.462135138593702975e-05
8.900000000000000000e+01 3.695094126735772787e-05
9.000000000000000000e+01 3.484802158561759350e-05
9.100000000000000000e+01 3.590668597160001662e-05
9.200000000000000000e+01 3.532892833730767246e-05
9.300000000000000000e+01 3.482030988077697189e-05
9.400000000000000000e+01 3.616520921009772890e-05
9.500000000000000000e+01 3.562693690073543361e-05
9.600000000000000000e+01 3.510010344876663535e-05
9.700000000000000000e+01 3.515277414932104844e-05
9.800000000000000000e+01 3.470315515535001699e-05
9.900000000000000000e+01 3.593787668247936323e-05
1.000000000000000000e+02 3.746692936808417577e-05
1.010000000000000000e+02 3.983577684806314601e-05
1.020000000000000000e+02 4.027880068973553200e-05
1.030000000000000000e+02 3.453337009356403356e-05
1.040000000000000000e+02 3.582817759671857099e-05
1.050000000000000000e+02 3.465384171076365107e-05
1.060000000000000000e+02 3.503315206196386581e-05
1.070000000000000000e+02 3.569406529774197964e-05
1.080000000000000000e+02 3.520254272985009493e-05
1.090000000000000000e+02 3.485116183344650080e-05
1.100000000000000000e+02 3.462858822521974820e-05
1.110000000000000000e+02 3.688525565715871561e-05
1.120000000000000000e+02 3.524749572963453709e-05
1.130000000000000000e+02 3.476131954542050064e-05
1.140000000000000000e+02 3.545620946942832827e-05
1.150000000000000000e+02 3.557369721185409356e-05
1.160000000000000000e+02 3.797265679185506907e-05
1.170000000000000000e+02 3.582280859952896514e-05
1.180000000000000000e+02 3.510092387403224195e-05
1.190000000000000000e+02 3.451321363296589080e-05
1.200000000000000000e+02 3.487360773628284404e-05
1.210000000000000000e+02 3.524763361795881731e-05
1.220000000000000000e+02 3.529838468974853458e-05
1.230000000000000000e+02 3.491467538215956609e-05
1.240000000000000000e+02 3.450408790619567613e-05
1.250000000000000000e+02 3.478849309195024595e-05
1.260000000000000000e+02 3.483140948567082080e-05
1.270000000000000000e+02 3.490536368015865261e-05
1.280000000000000000e+02 3.503195961123951413e-05
1.290000000000000000e+02 3.552627337267762913e-05
1.300000000000000000e+02 3.507390963270135085e-05
1.310000000000000000e+02 3.439943745971535757e-05
1.320000000000000000e+02 3.497944484311299354e-05
1.330000000000000000e+02 3.476024589090143016e-05
1.340000000000000000e+02 3.612355444918557165e-05
1.350000000000000000e+02 3.594116010897817272e-05
1.360000000000000000e+02 3.487737493750770905e-05
1.370000000000000000e+02 3.530384750791449184e-05
1.380000000000000000e+02 3.543865013392418270e-05
1.390000000000000000e+02 3.569653052344442823e-05
1.400000000000000000e+02 3.526008726959855503e-05
1.410000000000000000e+02 3.464806391670690607e-05
1.420000000000000000e+02 3.520272847228328851e-05
1.430000000000000000e+02 3.640473742885724182e-05
1.440000000000000000e+02 3.503196595354295302e-05
1.450000000000000000e+02 3.504002100876991559e-05
1.460000000000000000e+02 3.502271667077717796e-05
1.470000000000000000e+02 3.553850707966276206e-05
1.480000000000000000e+02 3.531171271627321406e-05
1.490000000000000000e+02 3.466368762817981605e-05
1.500000000000000000e+02 3.477313680292211341e-05
1.510000000000000000e+02 3.455805723084186140e-05
1.520000000000000000e+02 3.473881878448639059e-05
1.530000000000000000e+02 3.472902925640063907e-05
1.540000000000000000e+02 3.507490375908390369e-05
1.550000000000000000e+02 3.549701332568293294e-05
1.560000000000000000e+02 3.489765976739555751e-05
1.570000000000000000e+02 3.511270018872332500e-05
1.580000000000000000e+02 3.481609074175652963e-05
1.590000000000000000e+02 3.438403622971509128e-05
1.600000000000000000e+02 3.464112210222634262e-05
1.610000000000000000e+02 3.455380503264831720e-05
1.620000000000000000e+02 3.452702832200375572e-05
1.630000000000000000e+02 3.500228546818300198e-05
1.640000000000000000e+02 3.465944667003112320e-05
1.650000000000000000e+02 3.455414865338846906e-05
1.660000000000000000e+02 3.527493774142705920e-05
1.670000000000000000e+02 3.449560500475938585e-05
1.680000000000000000e+02 3.564657915048951236e-05
1.690000000000000000e+02 3.487437932733533554e-05
1.700000000000000000e+02 3.498415693521145811e-05
1.710000000000000000e+02 3.530658287787557425e-05
1.720000000000000000e+02 3.513748568749030642e-05
1.730000000000000000e+02 3.509677893300712915e-05
1.740000000000000000e+02 3.513489737710673863e-05
1.750000000000000000e+02 3.522163176579586025e-05
1.760000000000000000e+02 3.569996829311514105e-05
1.770000000000000000e+02 3.549060472727330303e-05
1.780000000000000000e+02 3.479559427238771639e-05
1.790000000000000000e+02 3.494901696237575885e-05
1.800000000000000000e+02 3.460157828497167600e-05
1.810000000000000000e+02 3.584393111759240054e-05
1.820000000000000000e+02 3.469657714101732432e-05
1.830000000000000000e+02 3.494906657344575815e-05
1.840000000000000000e+02 3.637343886394468209e-05
1.850000000000000000e+02 3.446293427554613796e-05
1.860000000000000000e+02 3.444579274363206384e-05
1.870000000000000000e+02 3.480920024241378088e-05
1.880000000000000000e+02 3.474326632021756348e-05
1.890000000000000000e+02 3.448346576036951023e-05
1.900000000000000000e+02 3.473506013343743981e-05
1.910000000000000000e+02 3.577203717089501973e-05
1.920000000000000000e+02 3.538067729934795080e-05
1.930000000000000000e+02 3.435439685028730881e-05
1.940000000000000000e+02 3.451366706573135351e-05
1.950000000000000000e+02 3.464459866688214957e-05
1.960000000000000000e+02 3.473408994770788840e-05
1.970000000000000000e+02 3.493337923737890573e-05
1.980000000000000000e+02 3.451648109349884620e-05
1.990000000000000000e+02 3.467032825337889711e-05
2.000000000000000000e+02 3.452923488153310168e-05
2.010000000000000000e+02 3.452280483896029482e-05
2.020000000000000000e+02 3.444397918524395760e-05
2.030000000000000000e+02 3.778177568700441145e-05
2.040000000000000000e+02 8.131420286288599587e-05
2.050000000000000000e+02 4.835224362595946757e-05
2.060000000000000000e+02 4.091612126803010859e-05
2.070000000000000000e+02 3.768349136167455207e-05
2.080000000000000000e+02 3.669745230408189490e-05
2.090000000000000000e+02 3.672399979894034775e-05
2.100000000000000000e+02 3.738626740613884856e-05
2.110000000000000000e+02 3.795051084874947236e-05
2.120000000000000000e+02 3.626781950770742582e-05
2.130000000000000000e+02 3.564026323792283762e-05
2.140000000000000000e+02 3.563028939231442931e-05
2.150000000000000000e+02 3.571750915427615114e-05
2.160000000000000000e+02 3.526679198150321006e-05
2.170000000000000000e+02 3.535237573090127647e-05
2.180000000000000000e+02 3.480877524531627556e-05
2.190000000000000000e+02 3.506837156165345799e-05
2.200000000000000000e+02 3.459884820003619136e-05
