0.000000000000000000e+00 9.859471660108071363e-04
1.000000000000000000e+00 1.623504106605501776e-04
2.000000000000000000e+00 1.018942685406068764e-04
3.000000000000000000e+00 1.502082032198606976e-05
4.000000000000000000e+00 1.616139296228249232e-06
5.000000000000000000e+00 5.225897216336001958e-07
6.000000000000000000e+00 4.152106465475590864e-07
7.000000000000000000e+00 3.401304135904348293e-07
8.000000000000000000e+00 2.055492422545900601e-07
9.000000000000000000e+00 1.050254118119477683e-07
1.000000000000000000e+01 7.992188224559643678e-08
1.100000000000000000e+01 3.087486356389351966e-08
1.200000000000000000e+01 2.013651067868484084e-08
1.300000000000000000e+01 1.140926965566185332e-08
1.400000000000000000e+01 9.200481565919324293e-09
1.500000000000000000e+01 1.136972118150041566e-08
1.600000000000000000e+01 1.047622684515036844e-08
1.700000000000000000e+01 1.163701456964546419e-08
1.800000000000000000e+01 2.193090346367228584e-08
1.900000000000000000e+01 5.616630053578102054e-08
2.000000000000000000e+01 1.344278441437481109e-06
2.100000000000000000e+01 2.780326096064533841e-06
2.200000000000000000e+01 2.448255987366121980e-06
2.300000000000000000e+01 5.810114442814498145e-07
2.400000000000000000e+01 6.732501166039392500e-08
2.500000000000000000e+01 2.817016959402388933e-08
2.600000000000000000e+01 2.071301019041719022e-08
2.700000000000000000e+01 1.702517345365213983e-08
2.800000000000000000e+01 1.250877281249009811e-08
2.900000000000000000e+01 1.281808818421554039e-08
3.000000000000000000e+01 8.083799477937372929e-09
3.100000000000000000e+01 7.339163723493121837e-09
3.200000000000000000e+01 1.079727086095937729e-08
3.300000000000000000e+01 2.992725877257789433e-08
3.400000000000000000e+01 5.963822169784117996e-09
3.500000000000000000e+01 6.889020026090562226e-09
3.600000000000000000e+01 1.585411082971730042e-08
3.700000000000000000e+01 8.361498882411760984e-09
3.800000000000000000e+01 4.887983622700961323e-09
3.900000000000000000e+01 2.868575366714040450e-08
4.000000000000000000e+01 6.111491844706529782e-07
4.100000000000000000e+01 5.961647110213451531e-08
4.200000000000000000e+01 9.920217119789591605e-09
4.300000000000000000e+01 1.093582487520902801e-08
4.400000000000000000e+01 4.569596499536754351e-08
4.500000000000000000e+01 9.272953197979685227e-07
4.600000000000000000e+01 3.656206325914954723e-07
4.700000000000000000e+01 1.139031823786103298e-08
4.800000000000000000e+01 2.197843201373227224e-08
4.900000000000000000e+01 1.564061800855353877e-08
5.000000000000000000e+01 2.783169866902588935e-07
5.100000000000000000e+01 2.132123704517183388e-06
5.200000000000000000e+01 1.717207883870279719e-06
5.300000000000000000e+01 3.706037533831405886e-07
5.400000000000000000e+01 1.355455301953692914e-07
5.500000000000000000e+01 1.875258635939683022e-08
5.600000000000000000e+01 3.001578022967967216e-08
5.700000000000000000e+01 3.445661424463561368e-08
5.800000000000000000e+01 6.150013749360413093e-09
5.900000000000000000e+01 1.074462903238188970e-08
6.000000000000000000e+01 2.677760994238587248e-08
6.100000000000000000e+01 2.167829496402167208e-08
6.200000000000000000e+01 1.723782923340280753e-08
6.300000000000000000e+01 3.471166345223578101e-09
6.400000000000000000e+01 1.213741620355640026e-08
6.500000000000000000e+01 5.845243643330524090e-09
6.600000000000000000e+01 4.570545859107495391e-06
6.700000000000000000e+01 1.600353527613302507e-06
6.800000000000000000e+01 7.675934082486479321e-08
6.900000000000000000e+01 2.138983912121158596e-08
7.000000000000000000e+01 8.759973185225464120e-09
7.100000000000000000e+01 7.737891706375547271e-09
7.200000000000000000e+01 6.192038540514241811e-09
7.300000000000000000e+01 7.467270135471605739e-09
7.400000000000000000e+01 1.018598918803323355e-08
7.500000000000000000e+01 4.322730518787451514e-09
7.600000000000000000e+01 4.929871500537428052e-09
7.700000000000000000e+01 9.678214887539638833e-09
7.800000000000000000e+01 5.613766689259859552e-09
7.900000000000000000e+01 4.222438232372817140e-09
8.000000000000000000e+01 3.424948909895528899e-09
8.100000000000000000e+01 5.481377111316623067e-09
8.200000000000000000e+01 9.816472720807677508e-08
8.300000000000000000e+01 2.497733789731694979e-08
8.400000000000000000e+01 7.505628856025875257e-08
8.500000000000000000e+01 1.356138296763957787e-07
8.600000000000000000e+01 7.547745580455266100e-08
8.700000000000000000e+01 2.646852206898594671e-07
8.800000000000000000e+01 4.124600334304731447e-07
8.900000000000000000e+01 1.670671342295830454e-07
9.000000000000000000e+01 4.561643384823544210e-06
9.100000000000000000e+01 6.125138519124804046e-06
9.200000000000000000e+01 1.729775946346260431e-06
9.300000000000000000e+01 9.023209342635311099e-08
9.400000000000000000e+01 3.471066177146077364e-08
9.500000000000000000e+01 2.832357014188528921e-08
9.600000000000000000e+01 1.448105790073175973e-08
9.700000000000000000e+01 1.447538671267476587e-08
9.800000000000000000e+01 1.085529617471441916e-08
9.900000000000000000e+01 1.074277119619320944e-08
1.000000000000000000e+02 8.757643236040257790e-09
1.010000000000000000e+02 8.147434729916258754e-09
1.020000000000000000e+02 8.417349596780843808e-09
1.030000000000000000e+02 7.593880735636486022e-09
1.040000000000000000e+02 8.651457578950041242e-09
1.050000000000000000e+02 6.451655496587743327e-09
1.060000000000000000e+02 7.931695853031636115e-09
1.070000000000000000e+02 4.601897586837634149e-09
1.080000000000000000e+02 5.406753594517369225e-09
1.090000000000000000e+02 5.203491609382329063e-09
1.100000000000000000e+02 5.723238393550750784e-09
1.110000000000000000e+02 4.019350145445062363e-09
1.120000000000000000e+02 3.687858386668773052e-09
1.130000000000000000e+02 3.457766971726326857e-09
1.140000000000000000e+02 5.064195528779110872e-09
1.150000000000000000e+02 7.114170119899369517e-09
1.160000000000000000e+02 6.634201903276135555e-09
1.170000000000000000e+02 1.787023366610494157e-08
1.180000000000000000e+02 4.032283174585705759e-08
1.190000000000000000e+02 1.080459328574843329e-08
1.200000000000000000e+02 9.807851956678958187e-09
1.210000000000000000e+02 1.142318249500510732e-08
1.220000000000000000e+02 8.354548329742180529e-07
1.230000000000000000e+02 9.621964544987159806e-07
1.240000000000000000e+02 2.576093697147473411e-07
1.250000000000000000e+02 1.933791604551126013e-07
1.260000000000000000e+02 1.277693934084927035e-08
1.270000000000000000e+02 6.311037375184137999e-09
1.280000000000000000e+02 5.527920893233935095e-09
1.290000000000000000e+02 4.815948299446355419e-08
1.300000000000000000e+02 7.051295207355400064e-08
1.310000000000000000e+02 2.670058472787941147e-08
1.320000000000000000e+02 5.274964492060140315e-08
1.330000000000000000e+02 1.172178906871799986e-07
1.340000000000000000e+02 4.050747776959596755e-07
1.350000000000000000e+02 2.318344901553505151e-06
1.360000000000000000e+02 4.069090002641057805e-07
1.370000000000000000e+02 4.081139624435883539e-08
1.380000000000000000e+02 1.446616630035198557e-08
1.390000000000000000e+02 4.556817741602253655e-09
1.400000000000000000e+02 9.179105181210115389e-09
1.410000000000000000e+02 6.361374133967609361e-09
1.420000000000000000e+02 1.625939546076154172e-08
1.430000000000000000e+02 4.978465504697965472e-08
1.440000000000000000e+02 2.902580457833292887e-08
1.450000000000000000e+02 1.440900651944587033e-08
1.460000000000000000e+02 1.284700969204874351e-08
1.470000000000000000e+02 6.201296948396114927e-09
1.480000000000000000e+02 1.954230638233019222e-07
1.490000000000000000e+02 4.251418222475809638e-06
1.500000000000000000e+02 9.846038955662390996e-07
1.510000000000000000e+02 1.757106363951279864e-07
1.520000000000000000e+02 1.542227101529025934e-08
1.530000000000000000e+02 8.528339474522961567e-08
1.540000000000000000e+02 1.743587552440021650e-08
1.550000000000000000e+02 8.088592279464719748e-09
1.560000000000000000e+02 5.769992890560874051e-09
1.570000000000000000e+02 4.614444818679293663e-09
1.580000000000000000e+02 5.008861903928649026e-09
1.590000000000000000e+02 5.138449853461697642e-09
1.600000000000000000e+02 4.823900673727634987e-09
1.610000000000000000e+02 5.237084377509263164e-09
1.620000000000000000e+02 6.301422742127007828e-09
1.630000000000000000e+02 3.388058720765626038e-09
1.640000000000000000e+02 5.389462008612493215e-09
1.650000000000000000e+02 3.552992457079952545e-08
1.660000000000000000e+02 2.705955970213176657e-07
1.670000000000000000e+02 1.594922707106461470e-07
1.680000000000000000e+02 3.134657319605289825e-08
1.690000000000000000e+02 1.560055426035445125e-08
1.700000000000000000e+02 1.106993333512074657e-08
1.710000000000000000e+02 2.125923091037717050e-08
1.720000000000000000e+02 1.109379599253418983e-08
1.730000000000000000e+02 1.477199481925467010e-08
1.740000000000000000e+02 3.849465041544922186e-08
1.750000000000000000e+02 1.250981973805381008e-07
1.760000000000000000e+02 1.544979422010206247e-06
1.770000000000000000e+02 1.332001331727297455e-07
1.780000000000000000e+02 1.216186441684353646e-07
1.790000000000000000e+02 1.514789202499296082e-08
1.800000000000000000e+02 5.603967312528350588e-09
