0.000000000000000000e+00 1.042208849768542639e-01
1.000000000000000000e+00 3.449232566883532469e-02
2.000000000000000000e+00 3.437734740738080698e-03
3.000000000000000000e+00 2.825888412420752855e-03
4.000000000000000000e+00 2.760492605479509653e-03
5.000000000000000000e+00 2.738944495839783829e-03
6.000000000000000000e+00 2.718664987606357782e-03
7.000000000000000000e+00 2.695728027525075635e-03
8.000000000000000000e+00 2.679362148878629713e-03
9.000000000000000000e+00 2.658564194251641661e-03
1.000000000000000000e+01 2.640218724377548995e-03
1.100000000000000000e+01 2.623294479613623529e-03
1.200000000000000000e+01 2.608284080725963884e-03
1.300000000000000000e+01 2.589441935337350158e-03
1.400000000000000000e+01 2.576146394888371213e-03
1.500000000000000000e+01 2.557968007635369207e-03
1.600000000000000000e+01 2.550277204586318038e-03
1.700000000000000000e+01 2.531577782708814128e-03
1.800000000000000000e+01 2.514750127942257541e-03
1.900000000000000000e+01 2.503664974799223609e-03
2.000000000000000000e+01 2.488182315212234159e-03
2.100000000000000000e+01 2.472148376178293343e-03
2.200000000000000000e+01 2.456542500258260524e-03
2.300000000000000000e+01 2.444190120560036945e-03
2.400000000000000000e+01 2.426622314750854093e-03
2.500000000000000000e+01 2.409610326377322267e-03
2.600000000000000000e+01 2.395361972467683568e-03
2.700000000000000000e+01 2.376197635737639646e-03
2.800000000000000000e+01 2.362685723161743381e-03
2.900000000000000000e+01 2.343989597237314607e-03
3.000000000000000000e+01 2.327141429530782055e-03
3.100000000000000000e+01 2.305143360275282213e-03
3.200000000000000000e+01 2.289695788596852761e-03
3.300000000000000000e+01 2.271302818359556552e-03
3.400000000000000000e+01 2.254488805287863107e-03
3.500000000000000000e+01 2.226644705871620982e-03
3.600000000000000000e+01 2.204371531286927755e-03
3.700000000000000000e+01 2.184014010109612547e-03
3.800000000000000000e+01 2.149530480365828469e-03
3.900000000000000000e+01 2.127929442498247004e-03
4.000000000000000000e+01 2.090032034664642598e-03
4.100000000000000000e+01 2.053317923476218054e-03
4.200000000000000000e+01 2.025666064969457517e-03
4.300000000000000000e+01 1.977389684621673124e-03
4.400000000000000000e+01 1.959403539947572083e-03
4.500000000000000000e+01 1.893116267730027410e-03
4.600000000000000000e+01 1.829718129457792719e-03
4.700000000000000000e+01 1.762116615864799682e-03
4.800000000000000000e+01 1.699154659480754757e-03
4.900000000000000000e+01 1.625130567440552249e-03
5.000000000000000000e+01 1.520715695335614565e-03
5.100000000000000000e+01 1.434884893149232944e-03
5.200000000000000000e+01 1.330446246728285474e-03
5.300000000000000000e+01 1.237265242897180864e-03
5.400000000000000000e+01 1.159911505505056882e-03
5.500000000000000000e+01 1.109428665236230878e-03
5.600000000000000000e+01 1.065333976190156609e-03
5.700000000000000000e+01 1.047245627973759832e-03
5.800000000000000000e+01 1.027627105336583781e-03
5.900000000000000000e+01 1.021724217637994979e-03
6.000000000000000000e+01 1.028610376372691808e-03
6.100000000000000000e+01 1.014343729091794549e-03
6.200000000000000000e+01 1.014289588453022237e-03
6.300000000000000000e+01 1.014508078379479459e-03
6.400000000000000000e+01 1.010817196691028491e-03
6.500000000000000000e+01 1.007412460632209090e-03
6.600000000000000000e+01 1.000663158489310377e-03
6.700000000000000000e+01 9.985704008897285881e-04
6.800000000000000000e+01 9.984398798396744781e-04
6.900000000000000000e+01 9.982028833381299728e-04
7.000000000000000000e+01 1.002821973155320744e-03
7.100000000000000000e+01 9.989280049562000025e-04
7.200000000000000000e+01 9.973067348743856232e-04
7.300000000000000000e+01 9.927316860247501970e-04
7.400000000000000000e+01 9.924162333649717491e-04
7.500000000000000000e+01 9.928393655840247762e-04
7.600000000000000000e+01 9.927916136940446133e-04
7.700000000000000000e+01 9.947144202693337153e-04
7.800000000000000000e+01 9.899611928324159732e-04
7.900000000000000000e+01 9.883095069024123384e-04
8.000000000000000000e+01 9.899977108495962557e-04
8.100000000000000000e+01 9.893903115435714705e-04
8.200000000000000000e+01 9.889060427770157702e-04
8.300000000000000000e+01 9.875742908192811607e-04
8.400000000000000000e+01 9.881429415515734834e-04
8.500000000000000000e+01 9.964081323504019646e-04
8.600000000000000000e+01 9.988073554951721385e-04
8.700000000000000000e+01 9.929436449629385625e-04
8.800000000000000000e+01 9.864871169521255857e-04
8.900000000000000000e+01 9.924354899743658299e-04
9.000000000000000000e+01 9.834280218009164905e-04
9.100000000000000000e+01 9.928228013835695056e-04
9.200000000000000000e+01 9.855396820589589109e-04
9.300000000000000000e+01 9.828164369642346156e-04
9.400000000000000000e+01 9.905148032029291449e-04
9.500000000000000000e+01 9.872781202976831268e-04
9.600000000000000000e+01 9.880281818027626846e-04
9.700000000000000000e+01 9.878657605366357192e-04
9.800000000000000000e+01 9.815233983156957352e-04
9.900000000000000000e+01 9.838700652609702092e-04
1.000000000000000000e+02 9.849943984653534816e-04
1.010000000000000000e+02 9.852036808178949324e-04
1.020000000000000000e+02 9.804218076202941921e-04
1.030000000000000000e+02 9.837313034411641812e-04
1.040000000000000000e+02 9.914009938541839834e-04
1.050000000000000000e+02 9.864757011733343503e-04
1.060000000000000000e+02 9.817640256163976623e-04
1.070000000000000000e+02 9.819286231804922032e-04
1.080000000000000000e+02 9.802382369101211076e-04
1.090000000000000000e+02 9.804790146295816466e-04
1.100000000000000000e+02 9.787908184795426035e-04
1.110000000000000000e+02 9.784032957095725822e-04
1.120000000000000000e+02 9.819388718202066470e-04
1.130000000000000000e+02 9.818227892199593836e-04
1.140000000000000000e+02 9.794176120501494991e-04
1.150000000000000000e+02 9.808200598251132652e-04
1.160000000000000000e+02 9.791600325488973577e-04
1.170000000000000000e+02 9.806039869313172997e-04
1.180000000000000000e+02 9.778771371875658210e-04
1.190000000000000000e+02 9.806076920126772893e-04
1.200000000000000000e+02 9.790063706104912278e-04
1.210000000000000000e+02 9.784309681282908275e-04
1.220000000000000000e+02 9.783828049177622967e-04
1.230000000000000000e+02 9.770625683008381419e-04
1.240000000000000000e+02 9.783232699055307777e-04
1.250000000000000000e+02 9.796391175529326964e-04
1.260000000000000000e+02 9.777874875418750712e-04
1.270000000000000000e+02 9.778055580154851583e-04
1.280000000000000000e+02 9.748879257151416055e-04
1.290000000000000000e+02 9.787865264259364151e-04
1.300000000000000000e+02 9.800821133867194598e-04
1.310000000000000000e+02 9.767616727793999344e-04
1.320000000000000000e+02 9.749284607535689930e-04
1.330000000000000000e+02 9.773540015125894726e-04
1.340000000000000000e+02 9.764476966197109965e-04
1.350000000000000000e+02 9.751920162820356666e-04
1.360000000000000000e+02 9.745091156132658448e-04
1.370000000000000000e+02 9.752124479533569573e-04
1.380000000000000000e+02 9.769643842019288225e-04
1.390000000000000000e+02 9.737583852636260383e-04
1.400000000000000000e+02 9.765037646454065474e-04
1.410000000000000000e+02 9.734302439344831364e-04
1.420000000000000000e+02 9.765256979469048122e-04
1.430000000000000000e+02 9.753202984793908408e-04
1.440000000000000000e+02 9.744627304020057456e-04
1.450000000000000000e+02 9.725940534117172341e-04
1.460000000000000000e+02 9.739341029947683973e-04
1.470000000000000000e+02 9.737013084694200312e-04
1.480000000000000000e+02 9.727995476518248169e-04
1.490000000000000000e+02 9.731737332371409544e-04
1.500000000000000000e+02 9.756792670832116878e-04
1.510000000000000000e+02 9.753613619701013548e-04
1.520000000000000000e+02 9.725582249974374510e-04
1.530000000000000000e+02 9.753208124713808698e-04
1.540000000000000000e+02 9.729436611329918706e-04
1.550000000000000000e+02 9.795311387672299766e-04
1.560000000000000000e+02 9.725466816499646859e-04
1.570000000000000000e+02 9.715136476573940985e-04
1.580000000000000000e+02 9.719186543268090988e-04
1.590000000000000000e+02 9.732009844652374318e-04
1.600000000000000000e+02 9.737647356056576683e-04
1.610000000000000000e+02 9.739714584258597893e-04
1.620000000000000000e+02 9.738684585466207255e-04
1.630000000000000000e+02 9.716098653585934991e-04
1.640000000000000000e+02 9.717576481039856941e-04
1.650000000000000000e+02 9.715023522850264100e-04
1.660000000000000000e+02 9.720711331323684352e-04
1.670000000000000000e+02 9.741053505189630965e-04
1.680000000000000000e+02 9.826713362398118833e-04
1.690000000000000000e+02 9.780933327598617406e-04
1.700000000000000000e+02 9.736099581126915698e-04
1.710000000000000000e+02 9.717696441969296724e-04
1.720000000000000000e+02 9.707219897981906936e-04
1.730000000000000000e+02 9.752737042674927649e-04
1.740000000000000000e+02 9.729546531152870542e-04
1.750000000000000000e+02 9.726611261337888420e-04
1.760000000000000000e+02 9.705693446123515779e-04
1.770000000000000000e+02 9.710593173390741004e-04
1.780000000000000000e+02 9.713896172310536141e-04
1.790000000000000000e+02 9.696778460737142964e-04
1.800000000000000000e+02 9.692639399815278830e-04
1.810000000000000000e+02 9.701979487205028823e-04
1.820000000000000000e+02 9.696918393707576423e-04
1.830000000000000000e+02 9.740395553329364315e-04
1.840000000000000000e+02 9.696393064477405602e-04
1.850000000000000000e+02 9.697646476213418829e-04
1.860000000000000000e+02 9.725667180866398587e-04
1.870000000000000000e+02 9.738033550126734203e-04
1.880000000000000000e+02 9.692474343627077065e-04
1.890000000000000000e+02 9.690156221059242209e-04
1.900000000000000000e+02 9.695838353995950851e-04
1.910000000000000000e+02 9.700229713518974256e-04
1.920000000000000000e+02 9.682575439824101524e-04
1.930000000000000000e+02 9.701645640102545464e-04
1.940000000000000000e+02 9.699614761700367559e-04
1.950000000000000000e+02 9.688260904607971617e-04
1.960000000000000000e+02 9.703939737710525664e-04
1.970000000000000000e+02 9.712670016447742111e-04
1.980000000000000000e+02 9.699828541870119053e-04
1.990000000000000000e+02 9.682680656661411377e-04
2.000000000000000000e+02 9.694983331143131045e-04
2.010000000000000000e+02 9.682800479432651002e-04
2.020000000000000000e+02 9.686813367002202130e-04
2.030000000000000000e+02 9.693376182384423395e-04
2.040000000000000000e+02 9.678382245563502389e-04
2.050000000000000000e+02 9.694677998579601455e-04
2.060000000000000000e+02 9.693142167791387849e-04
2.070000000000000000e+02 9.685187305063116094e-04
2.080000000000000000e+02 9.685799933743389611e-04
2.090000000000000000e+02 9.673663049251500111e-04
2.100000000000000000e+02 9.686169840420168686e-04
2.110000000000000000e+02 9.690891372860579740e-04
2.120000000000000000e+02 9.679932036571973347e-04
2.130000000000000000e+02 9.684203603240390534e-04
2.140000000000000000e+02 9.698390846373843499e-04
2.150000000000000000e+02 9.683748918568103360e-04
2.160000000000000000e+02 9.693146536903802374e-04
2.170000000000000000e+02 9.673380253911454448e-04
2.180000000000000000e+02 9.684200076230700368e-04
2.190000000000000000e+02 9.683139284762934049e-04
2.200000000000000000e+02 9.673417806491301169e-04
2.210000000000000000e+02 9.673592598034834065e-04
2.220000000000000000e+02 9.684016117904888478e-04
2.230000000000000000e+02 9.671742773656705856e-04
2.240000000000000000e+02 9.676419720536096839e-04
2.250000000000000000e+02 9.680244178396923711e-04
2.260000000000000000e+02 9.697710539715048055e-04
2.270000000000000000e+02 9.671980349818885391e-04
2.280000000000000000e+02 9.677230324930437147e-04
2.290000000000000000e+02 9.672622799056402069e-04
2.300000000000000000e+02 9.665537389306374768e-04
2.310000000000000000e+02 9.680987570567292904e-04
2.320000000000000000e+02 9.673549090727703165e-04
2.330000000000000000e+02 9.671942211834399410e-04
2.340000000000000000e+02 9.667227536648056313e-04
2.350000000000000000e+02 9.666975576968987304e-04
2.360000000000000000e+02 9.674967018717628387e-04
2.370000000000000000e+02 9.671558160930242461e-04
2.380000000000000000e+02 9.663252192696102560e-04
2.390000000000000000e+02 9.668538267502688795e-04
2.400000000000000000e+02 9.671999781352268611e-04
2.410000000000000000e+02 9.675010481724506803e-04
2.420000000000000000e+02 9.670656440256208356e-04
2.430000000000000000e+02 9.678454590423127887e-04
2.440000000000000000e+02 9.671703591321271923e-04
2.450000000000000000e+02 9.661092417558005347e-04
2.460000000000000000e+02 9.663223054326498026e-04
2.470000000000000000e+02 9.658065207759929018e-04
2.480000000000000000e+02 9.672118157327370480e-04
2.490000000000000000e+02 9.670285342830595111e-04
2.500000000000000000e+02 9.674231496106815067e-04
2.510000000000000000e+02 9.663970443377419440e-04
2.520000000000000000e+02 9.665412610741152492e-04
2.530000000000000000e+02 9.661778723405696013e-04
2.540000000000000000e+02 9.678048894350518199e-04
2.550000000000000000e+02 9.664314639993135982e-04
2.560000000000000000e+02 9.685272885320847860e-04
2.570000000000000000e+02 9.689800757519097729e-04
2.580000000000000000e+02 9.662542010773748523e-04
2.590000000000000000e+02 9.660539684182954537e-04
2.600000000000000000e+02 9.656509808071485779e-04
2.610000000000000000e+02 9.656439296891878004e-04
2.620000000000000000e+02 9.663273429266363125e-04
2.630000000000000000e+02 9.666211425003902588e-04
2.640000000000000000e+02 9.658790037747024470e-04
2.650000000000000000e+02 9.659665347310962763e-04
2.660000000000000000e+02 9.660979915988706854e-04
2.670000000000000000e+02 9.658846021651739224e-04
2.680000000000000000e+02 9.657466560570906718e-04
2.690000000000000000e+02 9.653063322154737487e-04
2.700000000000000000e+02 9.657599310257410476e-04
2.710000000000000000e+02 9.652898510462852360e-04
2.720000000000000000e+02 9.653337133597273767e-04
2.730000000000000000e+02 9.653731512946895060e-04
2.740000000000000000e+02 9.654870381035056013e-04
2.750000000000000000e+02 9.655638113104542683e-04
2.760000000000000000e+02 9.654897974698150491e-04
2.770000000000000000e+02 9.658906834872879902e-04
2.780000000000000000e+02 9.656914199726636004e-04
2.790000000000000000e+02 9.655290940120635603e-04
2.800000000000000000e+02 9.650775992365780587e-04
2.810000000000000000e+02 9.653317072796365958e-04
2.820000000000000000e+02 9.665329348755002372e-04
2.830000000000000000e+02 9.652951384321268929e-04
2.840000000000000000e+02 9.664234262558765156e-04
2.850000000000000000e+02 9.659046503988643912e-04
2.860000000000000000e+02 9.661243232022518083e-04
2.870000000000000000e+02 9.662388188944259163e-04
2.880000000000000000e+02 9.654302895690243351e-04
2.890000000000000000e+02 9.661077450217880891e-04
2.900000000000000000e+02 9.650069379695509026e-04
2.910000000000000000e+02 9.652970155704260766e-04
2.920000000000000000e+02 9.655671545003843489e-04
2.930000000000000000e+02 9.648179282602184492e-04
2.940000000000000000e+02 9.658741807666917922e-04
2.950000000000000000e+02 9.655620831611387784e-04
2.960000000000000000e+02 9.650803789009183408e-04
2.970000000000000000e+02 9.650075791608521284e-04
2.980000000000000000e+02 9.649022006336805801e-04
2.990000000000000000e+02 9.651861566519586962e-04
3.000000000000000000e+02 9.649408314661375458e-04
3.010000000000000000e+02 9.645365476488854378e-04
3.020000000000000000e+02 9.648233710417483937e-04
3.030000000000000000e+02 9.646652334686689522e-04
3.040000000000000000e+02 9.654277493461595975e-04
3.050000000000000000e+02 9.648929180285355321e-04
3.060000000000000000e+02 9.649616748481239627e-04
3.070000000000000000e+02 9.648058274700976530e-04
3.080000000000000000e+02 9.645368302723910910e-04
3.090000000000000000e+02 9.650006547138853573e-04
3.100000000000000000e+02 9.650265974489467737e-04
3.110000000000000000e+02 9.642902098213850101e-04
3.120000000000000000e+02 9.650538420619534817e-04
3.130000000000000000e+02 9.647848676389664214e-04
3.140000000000000000e+02 9.651945356997951265e-04
3.150000000000000000e+02 9.647057372024544098e-04
3.160000000000000000e+02 9.644847393047204604e-04
3.170000000000000000e+02 9.645444599648206937e-04
3.180000000000000000e+02 9.641578108583352203e-04
3.190000000000000000e+02 9.643854575325478762e-04
3.200000000000000000e+02 9.645980254500242457e-04
3.210000000000000000e+02 9.647222001852504263e-04
3.220000000000000000e+02 9.646049088709101552e-04
3.230000000000000000e+02 9.655134056066969755e-04
3.240000000000000000e+02 9.645496508091377930e-04
3.250000000000000000e+02 9.647450177668368638e-04
3.260000000000000000e+02 9.642261598932175834e-04
3.270000000000000000e+02 9.643541374724771444e-04
3.280000000000000000e+02 9.641664861743245649e-04
3.290000000000000000e+02 9.641484859318325993e-04
3.300000000000000000e+02 9.645642715078090769e-04
3.310000000000000000e+02 9.640810752192921539e-04
3.320000000000000000e+02 9.652116073707895120e-04
3.330000000000000000e+02 9.641470510487522988e-04
3.340000000000000000e+02 9.644526150313681477e-04
3.350000000000000000e+02 9.646031945517616031e-04
3.360000000000000000e+02 9.644916391371758475e-04
3.370000000000000000e+02 9.644159789310896612e-04
3.380000000000000000e+02 9.640055628241404667e-04
3.390000000000000000e+02 9.642133028403228117e-04
3.400000000000000000e+02 9.640802742717016760e-04
3.410000000000000000e+02 9.645518555588520780e-04
3.420000000000000000e+02 9.641533645642260666e-04
3.430000000000000000e+02 9.639878062141441894e-04
3.440000000000000000e+02 9.639431949701858125e-04
3.450000000000000000e+02 9.640614911713092433e-04
3.460000000000000000e+02 9.643459658652372068e-04
3.470000000000000000e+02 9.651688716188365404e-04
3.480000000000000000e+02 9.651647562421343616e-04
3.490000000000000000e+02 9.641541840472919993e-04
3.500000000000000000e+02 9.640431464638054247e-04
3.510000000000000000e+02 9.638782111300865478e-04
3.520000000000000000e+02 9.640115862194903462e-04
3.530000000000000000e+02 9.638317234706394706e-04
3.540000000000000000e+02 9.639469615633618422e-04
3.550000000000000000e+02 9.640394049333790138e-04
3.560000000000000000e+02 9.645609675378190090e-04
3.570000000000000000e+02 9.644774959451078320e-04
3.580000000000000000e+02 9.639344158224795889e-04
3.590000000000000000e+02 9.639038151364198465e-04
3.600000000000000000e+02 9.638639100876007912e-04
3.610000000000000000e+02 9.636231885858708096e-04
3.620000000000000000e+02 9.638728410789340964e-04
3.630000000000000000e+02 9.641557696039738251e-04
3.640000000000000000e+02 9.641450039483546834e-04
3.650000000000000000e+02 9.639214736282911708e-04
3.660000000000000000e+02 9.638559095789796336e-04
3.670000000000000000e+02 9.639657646548422699e-04
3.680000000000000000e+02 9.641138053176003149e-04
3.690000000000000000e+02 9.637242707486755452e-04
3.700000000000000000e+02 9.636543214884552011e-04
3.710000000000000000e+02 9.644404836044308087e-04
3.720000000000000000e+02 9.639339761532636237e-04
3.730000000000000000e+02 9.637731075115095860e-04
3.740000000000000000e+02 9.638671900150514154e-04
3.750000000000000000e+02 9.642861776360893943e-04
3.760000000000000000e+02 9.635652732715528418e-04
3.770000000000000000e+02 9.635633837053751618e-04
3.780000000000000000e+02 9.636514665024382888e-04
3.790000000000000000e+02 9.638571927846928704e-04
3.800000000000000000e+02 9.635255684780718146e-04
3.810000000000000000e+02 9.639149096537370613e-04
3.820000000000000000e+02 9.635365453392865038e-04
3.830000000000000000e+02 9.636101884824718701e-04
3.840000000000000000e+02 9.635141248011749870e-04
3.850000000000000000e+02 9.638835152852910128e-04
3.860000000000000000e+02 9.634112122266872422e-04
3.870000000000000000e+02 9.635412522920721581e-04
3.880000000000000000e+02 9.636508553091127378e-04
3.890000000000000000e+02 9.633687170386239342e-04
3.900000000000000000e+02 9.636696352508844531e-04
3.910000000000000000e+02 9.633796642032021974e-04
3.920000000000000000e+02 9.634205098239337090e-04
3.930000000000000000e+02 9.633730728214911403e-04
3.940000000000000000e+02 9.637624004309829203e-04
3.950000000000000000e+02 9.634755511585553055e-04
3.960000000000000000e+02 9.634482163970855759e-04
3.970000000000000000e+02 9.634536183956779465e-04
3.980000000000000000e+02 9.636371851491103884e-04
3.990000000000000000e+02 9.634054875022802665e-04
4.000000000000000000e+02 9.635284455493967016e-04
4.010000000000000000e+02 9.636504098048161984e-04
4.020000000000000000e+02 9.632989475152324175e-04
4.030000000000000000e+02 9.637244834285232367e-04
4.040000000000000000e+02 9.640913872970944968e-04
4.050000000000000000e+02 9.634665569766390257e-04
4.060000000000000000e+02 9.633980864282934171e-04
4.070000000000000000e+02 9.640501900933528840e-04
4.080000000000000000e+02 9.635503488571791220e-04
4.090000000000000000e+02 9.636290485420417233e-04
4.100000000000000000e+02 9.636602635978895820e-04
4.110000000000000000e+02 9.632980865657791948e-04
4.120000000000000000e+02 9.636753388890043071e-04
4.130000000000000000e+02 9.633360625355651260e-04
4.140000000000000000e+02 9.634694290932498649e-04
4.150000000000000000e+02 9.635162937976487346e-04
4.160000000000000000e+02 9.633896298530440034e-04
4.170000000000000000e+02 9.631853606604392050e-04
4.180000000000000000e+02 9.633107657517827205e-04
4.190000000000000000e+02 9.632191080521099787e-04
4.200000000000000000e+02 9.635371046553767999e-04
4.210000000000000000e+02 9.633318451950893683e-04
4.220000000000000000e+02 9.631637827739162770e-04
4.230000000000000000e+02 9.632160178924853737e-04
4.240000000000000000e+02 9.632260984506406214e-04
4.250000000000000000e+02 9.631730807326808509e-04
4.260000000000000000e+02 9.631723693411999715e-04
4.270000000000000000e+02 9.632247674619555779e-04
4.280000000000000000e+02 9.637309195284070752e-04
4.290000000000000000e+02 9.635488339629139695e-04
4.300000000000000000e+02 9.642617798374209870e-04
4.310000000000000000e+02 9.632008791736563959e-04
4.320000000000000000e+02 9.632921096833804665e-04
4.330000000000000000e+02 9.632147138715323057e-04
4.340000000000000000e+02 9.632826464174631606e-04
4.350000000000000000e+02 9.633826094424206149e-04
4.360000000000000000e+02 9.632278712551341042e-04
4.370000000000000000e+02 9.630919819574493930e-04
4.380000000000000000e+02 9.632716737400975936e-04
4.390000000000000000e+02 9.631383665246912333e-04
4.400000000000000000e+02 9.630331332386367783e-04
4.410000000000000000e+02 9.631391756358394316e-04
4.420000000000000000e+02 9.631145750840510670e-04
4.430000000000000000e+02 9.630738784962752366e-04
4.440000000000000000e+02 9.631610094256774996e-04
4.450000000000000000e+02 9.630914713845928300e-04
4.460000000000000000e+02 9.632362899150825192e-04
4.470000000000000000e+02 9.631163202768916768e-04
4.480000000000000000e+02 9.632401548174226351e-04
4.490000000000000000e+02 9.631093554675094559e-04
4.500000000000000000e+02 9.632970146026275955e-04
4.510000000000000000e+02 9.633207818197668439e-04
