0.000000000000000000e+00 2.595451170321487521e-04
1.000000000000000000e+00 6.627338382924232287e-05
2.000000000000000000e+00 4.797198240092165111e-05
3.000000000000000000e+00 2.761173615526055011e-05
4.000000000000000000e+00 2.388431875965200206e-05
5.000000000000000000e+00 2.195670739576819792e-05
6.000000000000000000e+00 1.943510391310127779e-05
7.000000000000000000e+00 2.243059128760744572e-05
8.000000000000000000e+00 1.353948645954454714e-05
9.000000000000000000e+00 1.945927265900606497e-05
1.000000000000000000e+01 2.023399946523552325e-05
1.100000000000000000e+01 4.613547796166875606e-05
1.200000000000000000e+01 4.983638523732148286e-05
1.300000000000000000e+01 2.114920001730713356e-05
1.400000000000000000e+01 1.074396704423236936e-05
1.500000000000000000e+01 2.079891742919778944e-05
1.600000000000000000e+01 2.637847182582217054e-05
1.700000000000000000e+01 1.573842537895330117e-05
1.800000000000000000e+01 1.375812519074833300e-05
1.900000000000000000e+01 2.256421155952428628e-05
2.000000000000000000e+01 1.314817152184000182e-05
2.100000000000000000e+01 1.191433803622355986e-05
2.200000000000000000e+01 1.286085852832257502e-05
2.300000000000000000e+01 1.021021421942638464e-05
2.400000000000000000e+01 1.293701799395339182e-05
2.500000000000000000e+01 8.954264362133659337e-06
2.600000000000000000e+01 1.380320492158113300e-05
2.700000000000000000e+01 1.035947953934540233e-05
2.800000000000000000e+01 1.449480127672042406e-05
2.900000000000000000e+01 1.228903964866888014e-05
3.000000000000000000e+01 1.198408831723014058e-05
3.100000000000000000e+01 1.452894779143690062e-05
3.200000000000000000e+01 1.287006809290581757e-05
3.300000000000000000e+01 1.382601218623018566e-05
3.400000000000000000e+01 1.311429009912698520e-05
3.500000000000000000e+01 8.623948553112084455e-06
3.600000000000000000e+01 7.417460181356663554e-06
3.700000000000000000e+01 1.219994348454627913e-05
3.800000000000000000e+01 1.200734697372551870e-05
3.900000000000000000e+01 9.167202571050186901e-06
4.000000000000000000e+01 1.125870801672414345e-05
4.100000000000000000e+01 7.172610393445956552e-06
4.200000000000000000e+01 7.873970233347679320e-06
4.300000000000000000e+01 1.051744247390284702e-05
4.400000000000000000e+01 7.097826500483649917e-06
4.500000000000000000e+01 7.584831303327238837e-06
4.600000000000000000e+01 8.483241972607581544e-06
4.700000000000000000e+01 1.161295187994871678e-05
4.800000000000000000e+01 1.423829213981310004e-05
4.900000000000000000e+01 1.001452959347901798e-05
5.000000000000000000e+01 9.371322163335738019e-06
5.100000000000000000e+01 7.028239737748480181e-06
5.200000000000000000e+01 1.066860195024696209e-05
5.300000000000000000e+01 7.163152416172812991e-06
5.400000000000000000e+01 8.505400472357899306e-06
5.500000000000000000e+01 9.930193927046628225e-06
5.600000000000000000e+01 1.436802108225319376e-05
5.700000000000000000e+01 7.429270465938149207e-06
5.800000000000000000e+01 9.945908611525549147e-06
5.900000000000000000e+01 7.711498144922077343e-06
6.000000000000000000e+01 7.223154557581368631e-06
6.100000000000000000e+01 1.441394440570645026e-05
6.200000000000000000e+01 1.165381028053039270e-05
6.300000000000000000e+01 7.325583806207629505e-06
6.400000000000000000e+01 1.409788870028516490e-05
6.500000000000000000e+01 1.276781589327956483e-05
6.600000000000000000e+01 1.291113928340312016e-05
6.700000000000000000e+01 1.139427167879706168e-05
6.800000000000000000e+01 9.260759694483157789e-06
6.900000000000000000e+01 7.253502223637192610e-06
7.000000000000000000e+01 6.682479598140412517e-06
7.100000000000000000e+01 1.816599939529952847e-05
7.200000000000000000e+01 1.037419684164283829e-05
7.300000000000000000e+01 6.381762182385363429e-06
7.400000000000000000e+01 5.921407319774400446e-06
7.500000000000000000e+01 7.400916617904707610e-06
7.600000000000000000e+01 7.018467288556023491e-06
7.700000000000000000e+01 6.186413489581287249e-06
7.800000000000000000e+01 7.412258405764582706e-06
7.900000000000000000e+01 8.186709255726943278e-06
8.000000000000000000e+01 7.698189876505501171e-06
8.100000000000000000e+01 8.697178232363495879e-06
8.200000000000000000e+01 1.266451815742205041e-05
8.300000000000000000e+01 1.272792532405964944e-05
8.400000000000000000e+01 9.594665708675997859e-06
8.500000000000000000e+01 6.490199231006010114e-06
8.600000000000000000e+01 6.454501286912581015e-06
8.700000000000000000e+01 5.451163192028073102e-06
8.800000000000000000e+01 6.124951075411563455e-06
8.900000000000000000e+01 5.371259437144512144e-06
9.000000000000000000e+01 6.158462408055882572e-06
9.100000000000000000e+01 7.531169290738580732e-06
9.200000000000000000e+01 9.248106808218535077e-06
9.300000000000000000e+01 8.230774815230065000e-06
9.400000000000000000e+01 5.555562425633052282e-06
9.500000000000000000e+01 7.776408476391056087e-06
9.600000000000000000e+01 6.596232200870566453e-06
9.700000000000000000e+01 4.935207126279111335e-06
9.800000000000000000e+01 5.374232299884767944e-06
9.900000000000000000e+01 5.338311117506640665e-06
1.000000000000000000e+02 6.204186905094958395e-06
1.010000000000000000e+02 7.358346982793895911e-06
1.020000000000000000e+02 8.046183197658332713e-06
1.030000000000000000e+02 5.851046210399246534e-06
1.040000000000000000e+02 4.460611965177169863e-06
1.050000000000000000e+02 4.042107291090215040e-06
1.060000000000000000e+02 8.183141444142239321e-06
1.070000000000000000e+02 5.582574510689824263e-06
1.080000000000000000e+02 4.832163992054789388e-06
1.090000000000000000e+02 4.681148718873251867e-06
1.100000000000000000e+02 7.381089206856236343e-06
1.110000000000000000e+02 5.286610354498278562e-06
1.120000000000000000e+02 4.856170620173520549e-06
1.130000000000000000e+02 1.001559027681681353e-05
1.140000000000000000e+02 5.408574474954189101e-06
1.150000000000000000e+02 7.922875546410395093e-06
1.160000000000000000e+02 8.310264045121989465e-06
1.170000000000000000e+02 6.801560907972643685e-06
1.180000000000000000e+02 5.307380105834603095e-06
1.190000000000000000e+02 6.301174691267778990e-06
1.200000000000000000e+02 6.341997815514096298e-06
1.210000000000000000e+02 6.380606949698071253e-06
1.220000000000000000e+02 6.854378247775055838e-06
1.230000000000000000e+02 4.566046174366993951e-06
1.240000000000000000e+02 4.244348270939653608e-06
1.250000000000000000e+02 5.809668293238287849e-06
1.260000000000000000e+02 3.996059169783560705e-06
1.270000000000000000e+02 4.598597247097746090e-06
1.280000000000000000e+02 4.442466207312750981e-06
1.290000000000000000e+02 6.026086847653464777e-06
1.300000000000000000e+02 8.530440619813819681e-06
1.310000000000000000e+02 5.682432302459376118e-06
1.320000000000000000e+02 4.294710441767648820e-06
1.330000000000000000e+02 4.662067044058897695e-06
1.340000000000000000e+02 4.459864626831557304e-06
1.350000000000000000e+02 3.968936849321410431e-06
1.360000000000000000e+02 4.484756295717910602e-06
1.370000000000000000e+02 4.840791314613013765e-06
1.380000000000000000e+02 4.666416849636194949e-06
1.390000000000000000e+02 4.970478818635386648e-06
1.400000000000000000e+02 5.210808686163603252e-06
1.410000000000000000e+02 4.980330295117609552e-06
1.420000000000000000e+02 6.912885747469977489e-06
1.430000000000000000e+02 3.817301817045451778e-06
1.440000000000000000e+02 4.312934802423295044e-06
1.450000000000000000e+02 4.804799900717192318e-06
1.460000000000000000e+02 5.315906997822934938e-06
1.470000000000000000e+02 5.599936366484567587e-06
1.480000000000000000e+02 3.813924028935984055e-06
1.490000000000000000e+02 3.946240901666519682e-06
1.500000000000000000e+02 4.128574918259449179e-06
1.510000000000000000e+02 4.224727433385722986e-06
1.520000000000000000e+02 5.506232190729485092e-06
1.530000000000000000e+02 4.487968988853415136e-06
1.540000000000000000e+02 5.221746648587718191e-06
1.550000000000000000e+02 4.481253382495798310e-06
1.560000000000000000e+02 4.344368434766131051e-06
1.570000000000000000e+02 3.412303955102465975e-06
1.580000000000000000e+02 3.684297897371391255e-06
1.590000000000000000e+02 4.313335755833965833e-06
1.600000000000000000e+02 5.417391894557798758e-06
1.610000000000000000e+02 5.063769218511160298e-06
1.620000000000000000e+02 5.180256484509354254e-06
1.630000000000000000e+02 4.384824246597788422e-06
1.640000000000000000e+02 4.295328920068607196e-06
1.650000000000000000e+02 4.159308288269301979e-06
1.660000000000000000e+02 4.416232144227610341e-06
1.670000000000000000e+02 3.745428919830420240e-06
1.680000000000000000e+02 8.260128684099636684e-06
1.690000000000000000e+02 5.924163686593935003e-06
1.700000000000000000e+02 3.676800540697083494e-06
1.710000000000000000e+02 3.874590224242437175e-06
1.720000000000000000e+02 4.144960843666817861e-06
1.730000000000000000e+02 4.371673665732745839e-06
1.740000000000000000e+02 4.139712138484796054e-06
1.750000000000000000e+02 4.859537977233168507e-06
1.760000000000000000e+02 4.729916730890125472e-06
1.770000000000000000e+02 3.936424820872209256e-06
1.780000000000000000e+02 4.255569343210404501e-06
1.790000000000000000e+02 4.475408885155868782e-06
1.800000000000000000e+02 3.710132773875130344e-06
1.810000000000000000e+02 4.004503176511912863e-06
1.820000000000000000e+02 4.568945859124114904e-06
1.830000000000000000e+02 3.360859929804265506e-06
1.840000000000000000e+02 3.973605864855035340e-06
1.850000000000000000e+02 4.866511119269180409e-06
1.860000000000000000e+02 5.271505166684049144e-06
1.870000000000000000e+02 4.636088163917022338e-06
1.880000000000000000e+02 3.331125794388039280e-06
1.890000000000000000e+02 3.412453480648021880e-06
1.900000000000000000e+02 3.106428706413934170e-06
1.910000000000000000e+02 3.450538462285039940e-06
1.920000000000000000e+02 3.503378400456412892e-06
1.930000000000000000e+02 3.524184973937443639e-06
1.940000000000000000e+02 3.520596843641739579e-06
1.950000000000000000e+02 4.276100458291425274e-06
1.960000000000000000e+02 4.435202292882431896e-06
1.970000000000000000e+02 4.283322581464991225e-06
1.980000000000000000e+02 3.636940406895497312e-06
1.990000000000000000e+02 3.762915931521511712e-06
2.000000000000000000e+02 3.898704286006329163e-06
2.010000000000000000e+02 3.505024833716033463e-06
2.020000000000000000e+02 3.133289180736102823e-06
2.030000000000000000e+02 3.523909389553033649e-06
2.040000000000000000e+02 4.080839865829479082e-06
2.050000000000000000e+02 3.943757395181121027e-06
2.060000000000000000e+02 5.764859010138388060e-06
2.070000000000000000e+02 4.300147341542026777e-06
2.080000000000000000e+02 3.744453670254863076e-06
2.090000000000000000e+02 3.760271075867714550e-06
2.100000000000000000e+02 4.281558363920555046e-06
2.110000000000000000e+02 4.358938599028304282e-06
2.120000000000000000e+02 3.296070021544707483e-06
2.130000000000000000e+02 3.220510654177750096e-06
2.140000000000000000e+02 3.718639499882632988e-06
2.150000000000000000e+02 3.578439792439845833e-06
2.160000000000000000e+02 3.862462193646627750e-06
2.170000000000000000e+02 4.870094927818492266e-06
2.180000000000000000e+02 3.812794513405879180e-06
2.190000000000000000e+02 3.973650592182880435e-06
2.200000000000000000e+02 4.953857847931472175e-06
2.210000000000000000e+02 4.734020303048818290e-06
2.220000000000000000e+02 3.546827619775133398e-06
2.230000000000000000e+02 3.779231196553061948e-06
2.240000000000000000e+02 3.204627058506783510e-06
2.250000000000000000e+02 3.503063895384358534e-06
2.260000000000000000e+02 3.802102525836876744e-06
2.270000000000000000e+02 3.512255320620608278e-06
2.280000000000000000e+02 3.283971759186830447e-06
2.290000000000000000e+02 3.127066967552033201e-06
2.300000000000000000e+02 3.464998021713253608e-06
2.310000000000000000e+02 3.481620844923005511e-06
2.320000000000000000e+02 3.121113637451237624e-06
2.330000000000000000e+02 3.847308828732790055e-06
2.340000000000000000e+02 4.315632903078275428e-06
2.350000000000000000e+02 3.312514174195798449e-06
2.360000000000000000e+02 3.175475333108297942e-06
2.370000000000000000e+02 3.436335308576955855e-06
2.380000000000000000e+02 4.433533484535527166e-06
2.390000000000000000e+02 3.493091141638712827e-06
2.400000000000000000e+02 3.447460492535112925e-06
2.410000000000000000e+02 3.263676616858243500e-06
2.420000000000000000e+02 3.298002412073709104e-06
2.430000000000000000e+02 3.455438305297525322e-06
2.440000000000000000e+02 3.224716491347748969e-06
2.450000000000000000e+02 3.807738888726626808e-06
2.460000000000000000e+02 3.072742957004062480e-06
2.470000000000000000e+02 3.322648037897396934e-06
2.480000000000000000e+02 3.115064486283111620e-06
2.490000000000000000e+02 4.023521057323328717e-06
2.500000000000000000e+02 3.324390546029203685e-06
2.510000000000000000e+02 3.232569666913158745e-06
2.520000000000000000e+02 3.344687369066420254e-06
2.530000000000000000e+02 3.522619399708817199e-06
