0.000000000000000000e+00 8.988164849065224688e-04
1.000000000000000000e+00 3.055237539463499948e-04
2.000000000000000000e+00 2.751146870064887211e-04
3.000000000000000000e+00 2.264482641718502454e-04
4.000000000000000000e+00 1.379608826389048496e-04
5.000000000000000000e+00 1.156186035223442184e-04
6.000000000000000000e+00 1.091511627179997856e-04
7.000000000000000000e+00 1.095068799953140092e-04
8.000000000000000000e+00 1.086583472719750674e-04
9.000000000000000000e+00 1.124043649622299962e-04
1.000000000000000000e+01 1.076630402840326767e-04
1.100000000000000000e+01 1.101153771469166415e-04
1.200000000000000000e+01 1.097201666088153262e-04
1.300000000000000000e+01 1.134126006764192535e-04
1.400000000000000000e+01 1.064377621276513773e-04
1.500000000000000000e+01 1.037083163431199432e-04
1.600000000000000000e+01 1.036857550362870535e-04
1.700000000000000000e+01 1.035818690290027133e-04
1.800000000000000000e+01 1.070236220920729996e-04
1.900000000000000000e+01 1.079567164542104062e-04
2.000000000000000000e+01 9.964811263570396479e-05
2.100000000000000000e+01 1.024589592805221915e-04
2.200000000000000000e+01 9.693932857182236643e-05
2.300000000000000000e+01 9.662805798706630407e-05
2.400000000000000000e+01 1.002890143806839959e-04
2.500000000000000000e+01 9.371559003490497451e-05
2.600000000000000000e+01 8.964944335555117356e-05
2.700000000000000000e+01 8.823852771938724994e-05
2.800000000000000000e+01 8.004201795832748293e-05
2.900000000000000000e+01 7.403057405692183837e-05
3.000000000000000000e+01 6.015046570716589704e-05
3.100000000000000000e+01 4.027919965322025145e-05
3.200000000000000000e+01 2.307294103979035807e-05
3.300000000000000000e+01 1.196935234869765494e-05
3.400000000000000000e+01 8.968880992440559079e-06
3.500000000000000000e+01 6.609423163185523978e-06
3.600000000000000000e+01 6.887429088803817293e-06
3.700000000000000000e+01 4.942223789379563603e-06
3.800000000000000000e+01 4.074235197579774975e-06
3.900000000000000000e+01 3.906972715487806539e-06
4.000000000000000000e+01 3.889566246260935860e-06
4.100000000000000000e+01 4.289856728116557606e-06
4.200000000000000000e+01 4.063263129924490826e-06
4.300000000000000000e+01 3.308263125030605536e-06
4.400000000000000000e+01 2.926169072486410865e-06
4.500000000000000000e+01 3.037856621447523761e-06
4.600000000000000000e+01 2.970004717960879262e-06
4.700000000000000000e+01 2.745100008063135096e-06
4.800000000000000000e+01 2.156061320062465155e-06
4.900000000000000000e+01 2.035609458832094933e-06
5.000000000000000000e+01 2.384692931843733429e-06
5.100000000000000000e+01 1.932494152587122676e-06
5.200000000000000000e+01 1.938647915988328438e-06
5.300000000000000000e+01 1.688071442427123078e-06
5.400000000000000000e+01 1.852037735898330317e-06
5.500000000000000000e+01 1.589760265126426415e-06
5.600000000000000000e+01 1.434987001812162706e-06
5.700000000000000000e+01 1.484216770292217229e-06
5.800000000000000000e+01 1.464392659505835645e-06
5.900000000000000000e+01 1.263982931115418309e-06
6.000000000000000000e+01 1.193217659792705596e-06
6.100000000000000000e+01 1.017419753112015837e-06
6.200000000000000000e+01 1.239070895953381224e-06
6.300000000000000000e+01 1.191221923463746657e-06
6.400000000000000000e+01 1.038948499568845705e-06
6.500000000000000000e+01 1.031516237339136662e-06
6.600000000000000000e+01 1.433844740691235447e-06
6.700000000000000000e+01 9.877041547314465310e-07
6.800000000000000000e+01 9.461002062370919742e-07
6.900000000000000000e+01 8.063301394456686840e-07
7.000000000000000000e+01 7.264468389662732837e-07
7.100000000000000000e+01 7.385653576233112379e-07
7.200000000000000000e+01 7.296348084911603396e-07
7.300000000000000000e+01 6.342314081668644394e-07
7.400000000000000000e+01 6.756739657307469153e-07
7.500000000000000000e+01 7.043209748237073895e-07
7.600000000000000000e+01 6.250739868584394419e-07
7.700000000000000000e+01 8.369102765083316725e-07
7.800000000000000000e+01 5.906268960378869949e-07
7.900000000000000000e+01 4.655329198184845630e-07
8.000000000000000000e+01 4.763158790323353764e-07
8.100000000000000000e+01 4.088770682378447846e-07
8.200000000000000000e+01 5.263959475256520940e-07
8.300000000000000000e+01 3.417295699597223181e-07
8.400000000000000000e+01 5.470917664591044681e-07
8.500000000000000000e+01 4.473247162219782377e-07
8.600000000000000000e+01 3.751780201475592467e-07
8.700000000000000000e+01 3.389056833980286358e-07
8.800000000000000000e+01 2.978817484517160592e-07
8.900000000000000000e+01 3.430730184646870428e-07
9.000000000000000000e+01 3.100590893675621017e-07
9.100000000000000000e+01 3.415209929056140127e-07
9.200000000000000000e+01 2.842456909500704853e-07
9.300000000000000000e+01 3.121058045815124500e-07
9.400000000000000000e+01 3.038518087741772132e-07
9.500000000000000000e+01 2.314438231234666037e-07
9.600000000000000000e+01 2.134011762519599519e-07
9.700000000000000000e+01 1.786929201815951537e-07
9.800000000000000000e+01 3.656889201799613486e-07
9.900000000000000000e+01 2.453384586910278120e-07
1.000000000000000000e+02 2.832310460997358117e-07
1.010000000000000000e+02 1.966601177456740099e-07
1.020000000000000000e+02 2.091907839522718317e-07
1.030000000000000000e+02 3.251712334677359001e-07
1.040000000000000000e+02 1.751193753841093031e-07
1.050000000000000000e+02 2.129658846801894054e-07
1.060000000000000000e+02 1.493888757322634885e-07
1.070000000000000000e+02 2.327639101687990783e-07
1.080000000000000000e+02 1.690176573347117246e-07
1.090000000000000000e+02 1.603804242289586308e-07
1.100000000000000000e+02 1.639606225248553368e-07
1.110000000000000000e+02 1.503668361027458374e-07
1.120000000000000000e+02 1.436146550314477642e-07
1.130000000000000000e+02 1.423820071621616350e-07
1.140000000000000000e+02 1.715129816450311197e-07
1.150000000000000000e+02 9.653763274766230008e-08
1.160000000000000000e+02 1.052709678070541464e-07
1.170000000000000000e+02 1.177230899313836182e-07
1.180000000000000000e+02 1.037058139423415567e-07
1.190000000000000000e+02 1.037711504962500130e-07
1.200000000000000000e+02 8.327322993743065008e-08
1.210000000000000000e+02 1.367053717005195421e-07
1.220000000000000000e+02 1.030161039675491959e-07
1.230000000000000000e+02 8.755781545864130158e-08
1.240000000000000000e+02 9.179427511584697526e-08
1.250000000000000000e+02 9.972182072404088478e-08
1.260000000000000000e+02 9.051614208345397435e-08
1.270000000000000000e+02 8.757928615599165033e-08
1.280000000000000000e+02 1.070170380296810174e-07
1.290000000000000000e+02 1.308589687412910850e-07
1.300000000000000000e+02 6.942258075448342500e-08
1.310000000000000000e+02 1.076787514018156526e-07
1.320000000000000000e+02 1.056056342043559318e-07
1.330000000000000000e+02 1.410412157881855032e-07
1.340000000000000000e+02 8.835307335167198331e-08
1.350000000000000000e+02 6.729741982986334614e-08
1.360000000000000000e+02 5.498587106718655617e-08
1.370000000000000000e+02 8.205624316264674879e-08
1.380000000000000000e+02 7.921895772575830924e-08
1.390000000000000000e+02 7.744802059500578424e-08
1.400000000000000000e+02 7.749482168235968969e-08
1.410000000000000000e+02 7.776113292666725901e-08
1.420000000000000000e+02 1.313422008414596524e-07
1.430000000000000000e+02 1.165735767632556905e-07
1.440000000000000000e+02 1.135616000961289350e-07
1.450000000000000000e+02 1.380205435131992092e-07
1.460000000000000000e+02 6.172912404770344923e-08
1.470000000000000000e+02 4.387256675692713657e-08
1.480000000000000000e+02 1.025212150191492123e-07
1.490000000000000000e+02 5.345456423475464982e-08
1.500000000000000000e+02 4.965212911750455787e-08
1.510000000000000000e+02 1.215386687031477523e-07
1.520000000000000000e+02 1.990638285407832880e-07
1.530000000000000000e+02 8.728943719501653001e-08
1.540000000000000000e+02 8.720718360665041989e-08
1.550000000000000000e+02 3.613212830454529303e-08
1.560000000000000000e+02 1.397416906018296628e-07
1.570000000000000000e+02 9.212890894329341206e-08
1.580000000000000000e+02 5.268862922764704002e-08
1.590000000000000000e+02 6.467962892607683901e-08
1.600000000000000000e+02 4.606352267739664105e-08
1.610000000000000000e+02 6.120938484582381337e-08
1.620000000000000000e+02 5.326170165895090728e-08
1.630000000000000000e+02 1.769791958795609236e-07
1.640000000000000000e+02 7.468257821013705440e-08
1.650000000000000000e+02 4.028738149754014639e-08
1.660000000000000000e+02 3.455554382861557084e-08
1.670000000000000000e+02 5.528137672979527377e-08
1.680000000000000000e+02 4.257902958920130581e-08
1.690000000000000000e+02 6.174057810097272100e-08
1.700000000000000000e+02 2.575292573766379996e-08
1.710000000000000000e+02 4.333747399511007724e-08
1.720000000000000000e+02 8.221026768477606567e-08
1.730000000000000000e+02 5.648916396014323835e-08
1.740000000000000000e+02 5.279468056994607132e-08
1.750000000000000000e+02 2.531757069793664686e-08
1.760000000000000000e+02 7.155750890880773501e-08
1.770000000000000000e+02 3.872345330831489227e-07
1.780000000000000000e+02 1.727198851735457025e-07
1.790000000000000000e+02 4.816995637969701718e-08
1.800000000000000000e+02 2.877658015092875628e-08
1.810000000000000000e+02 4.535722490269087908e-08
1.820000000000000000e+02 9.701297226410737524e-08
1.830000000000000000e+02 8.937315993120423584e-08
1.840000000000000000e+02 4.454440284621978318e-08
1.850000000000000000e+02 1.198363152302002812e-07
1.860000000000000000e+02 5.371937922538591616e-08
1.870000000000000000e+02 1.231583064538990111e-07
1.880000000000000000e+02 4.360162287307592900e-08
1.890000000000000000e+02 1.730560310980806627e-07
1.900000000000000000e+02 3.693925430357596806e-07
1.910000000000000000e+02 6.551620190692364632e-08
1.920000000000000000e+02 6.498293782629152249e-08
1.930000000000000000e+02 2.687872817916634923e-08
1.940000000000000000e+02 3.747838346721524698e-08
1.950000000000000000e+02 6.724634919072295526e-08
1.960000000000000000e+02 3.948344031383395052e-08
1.970000000000000000e+02 1.631939022080622025e-08
1.980000000000000000e+02 4.322689241271428813e-08
1.990000000000000000e+02 6.647910537018751051e-08
2.000000000000000000e+02 1.097704569117767140e-07
2.010000000000000000e+02 2.285678533585416699e-08
2.020000000000000000e+02 1.065819750723055611e-07
2.030000000000000000e+02 1.298386789596525144e-07
2.040000000000000000e+02 2.577830677378234320e-07
2.050000000000000000e+02 1.379260669704834348e-06
2.060000000000000000e+02 1.367822410431394021e-07
2.070000000000000000e+02 3.443700835394136121e-08
2.080000000000000000e+02 1.331462211448846788e-08
2.090000000000000000e+02 1.682128087342877571e-08
2.100000000000000000e+02 1.844013065136119300e-08
2.110000000000000000e+02 2.170533530334754781e-08
2.120000000000000000e+02 1.578815043074747511e-08
2.130000000000000000e+02 3.506260311251745148e-08
2.140000000000000000e+02 1.978003348187207700e-08
2.150000000000000000e+02 3.248944952240642687e-08
2.160000000000000000e+02 1.926355575809350518e-08
2.170000000000000000e+02 3.353729033067655156e-08
2.180000000000000000e+02 1.935346046455882548e-08
2.190000000000000000e+02 3.798775959225877917e-08
2.200000000000000000e+02 2.275573829485302386e-08
2.210000000000000000e+02 5.900141586123053301e-08
2.220000000000000000e+02 5.136594813626570555e-08
2.230000000000000000e+02 2.715993427452942835e-08
2.240000000000000000e+02 1.665439013088807721e-08
2.250000000000000000e+02 1.641912922153041067e-08
2.260000000000000000e+02 3.198808701063834296e-08
2.270000000000000000e+02 1.910392834615907917e-08
2.280000000000000000e+02 2.710132859219748435e-08
2.290000000000000000e+02 7.426100657430181232e-08
2.300000000000000000e+02 2.225842690236990417e-08
2.310000000000000000e+02 7.379328373454341033e-08
2.320000000000000000e+02 1.565131759872189443e-08
2.330000000000000000e+02 6.682706125350754089e-07
2.340000000000000000e+02 7.851057055050437699e-08
2.350000000000000000e+02 1.816342910599057241e-08
2.360000000000000000e+02 2.231838733466463256e-08
2.370000000000000000e+02 1.274006403798072986e-08
2.380000000000000000e+02 1.397538025405364228e-08
2.390000000000000000e+02 1.263262791457008855e-08
2.400000000000000000e+02 9.929870123211353236e-09
2.410000000000000000e+02 1.211386896535214682e-08
2.420000000000000000e+02 2.484510647457361709e-08
2.430000000000000000e+02 1.073939671122406681e-08
2.440000000000000000e+02 2.172921692137203444e-08
2.450000000000000000e+02 1.024800173690203166e-07
2.460000000000000000e+02 3.213141952926758704e-08
2.470000000000000000e+02 2.290993258259214252e-08
2.480000000000000000e+02 1.765309687478893330e-08
2.490000000000000000e+02 6.146385655499432474e-08
2.500000000000000000e+02 1.967958939528360773e-08
2.510000000000000000e+02 1.767053208153337277e-08
2.520000000000000000e+02 1.662178088092573407e-08
2.530000000000000000e+02 2.608473557229614640e-08
2.540000000000000000e+02 8.751450899180255291e-08
2.550000000000000000e+02 7.820447801112039466e-08
2.560000000000000000e+02 6.923891526318868590e-08
2.570000000000000000e+02 6.807407154510259789e-08
2.580000000000000000e+02 2.299700510446089309e-08
2.590000000000000000e+02 9.284247227461451701e-09
2.600000000000000000e+02 6.162084354133634314e-07
2.610000000000000000e+02 8.599287338005042177e-07
2.620000000000000000e+02 1.343569725395511673e-07
2.630000000000000000e+02 9.801335493098948576e-09
2.640000000000000000e+02 9.905141635084765256e-09
2.650000000000000000e+02 8.805380469141586155e-09
2.660000000000000000e+02 7.184504339175452772e-09
2.670000000000000000e+02 7.479717325309272358e-09
2.680000000000000000e+02 1.036744806688038313e-08
2.690000000000000000e+02 8.775745229560396172e-09
2.700000000000000000e+02 1.148215836389620237e-08
2.710000000000000000e+02 1.190137363714561592e-08
2.720000000000000000e+02 1.094715900982164456e-08
2.730000000000000000e+02 7.717520897423980404e-09
2.740000000000000000e+02 7.952022158580854317e-09
2.750000000000000000e+02 1.128286065736903470e-08
2.760000000000000000e+02 2.933959065431763734e-08
2.770000000000000000e+02 1.376145833390628761e-08
2.780000000000000000e+02 7.071267386345455132e-09
2.790000000000000000e+02 1.033702926986982832e-08
2.800000000000000000e+02 1.451095867216530136e-08
2.810000000000000000e+02 9.075033851318547638e-09
2.820000000000000000e+02 8.808618642080000108e-09
2.830000000000000000e+02 1.194389844176458734e-08
2.840000000000000000e+02 1.824324903359088148e-08
2.850000000000000000e+02 2.025931853647610761e-08
2.860000000000000000e+02 1.094395785623797668e-08
2.870000000000000000e+02 9.972029937563447364e-09
2.880000000000000000e+02 2.618878791186828553e-08
2.890000000000000000e+02 1.999893671539027494e-08
2.900000000000000000e+02 1.343454194186499658e-07
2.910000000000000000e+02 4.414724948781461378e-08
2.920000000000000000e+02 1.730694461552226813e-07
2.930000000000000000e+02 4.030128523443850968e-07
2.940000000000000000e+02 1.081589342087185480e-07
2.950000000000000000e+02 4.766187453091898056e-08
2.960000000000000000e+02 1.100941834240189082e-08
2.970000000000000000e+02 8.258430372788757319e-09
2.980000000000000000e+02 8.019073457890725633e-09
2.990000000000000000e+02 6.904839620367207264e-09
3.000000000000000000e+02 6.393529425735315763e-09
3.010000000000000000e+02 6.520207615481303716e-09
3.020000000000000000e+02 8.746588097142468074e-09
3.030000000000000000e+02 8.850256805989476484e-09
3.040000000000000000e+02 5.980301294817433584e-09
3.050000000000000000e+02 6.122702183810477134e-09
3.060000000000000000e+02 6.802311147878318341e-09
3.070000000000000000e+02 9.472379756883695978e-09
3.080000000000000000e+02 9.586464606190758484e-09
3.090000000000000000e+02 1.075018776994832051e-08
3.100000000000000000e+02 7.107305912638654988e-09
3.110000000000000000e+02 8.823664842978144848e-09
3.120000000000000000e+02 8.291204132528568361e-09
3.130000000000000000e+02 7.296015541911267584e-09
3.140000000000000000e+02 7.285789347323076989e-09
3.150000000000000000e+02 9.138594701570293024e-09
3.160000000000000000e+02 7.691341409693170907e-09
3.170000000000000000e+02 7.238666007086820838e-09
3.180000000000000000e+02 7.040326633003629193e-09
3.190000000000000000e+02 2.399058201043517988e-08
3.200000000000000000e+02 1.094115374768198718e-08
3.210000000000000000e+02 2.375895877089678964e-08
3.220000000000000000e+02 1.411433868317351940e-07
3.230000000000000000e+02 1.439369475734262672e-08
3.240000000000000000e+02 1.475914157887300196e-08
3.250000000000000000e+02 6.299046855060389797e-09
3.260000000000000000e+02 1.267710694397458164e-08
3.270000000000000000e+02 7.991108860501608127e-09
3.280000000000000000e+02 6.896415792357445427e-09
3.290000000000000000e+02 8.609138020457699070e-09
3.300000000000000000e+02 6.655790866563589501e-08
3.310000000000000000e+02 3.150144712988982788e-08
3.320000000000000000e+02 5.382873313642486626e-09
3.330000000000000000e+02 1.978830443840084681e-08
3.340000000000000000e+02 2.780342248951965628e-08
3.350000000000000000e+02 1.930092264323857066e-07
3.360000000000000000e+02 1.777769862020106940e-08
3.370000000000000000e+02 7.800567572659380510e-09
3.380000000000000000e+02 5.566106612686725559e-09
3.390000000000000000e+02 5.162546970257918709e-09
3.400000000000000000e+02 7.645382085119367542e-09
3.410000000000000000e+02 7.721524658510529894e-09
3.420000000000000000e+02 9.235786095892089152e-09
3.430000000000000000e+02 1.623209479947395595e-08
3.440000000000000000e+02 6.941678370460493037e-09
3.450000000000000000e+02 1.217352234381508731e-08
3.460000000000000000e+02 7.893694454307103430e-09
3.470000000000000000e+02 9.972464633662186921e-09
3.480000000000000000e+02 1.834388591895115157e-08
3.490000000000000000e+02 5.398582568644169929e-08
3.500000000000000000e+02 1.593207674874471352e-07
3.510000000000000000e+02 2.508260365598221045e-08
3.520000000000000000e+02 3.989018294948002742e-08
3.530000000000000000e+02 1.821596224313824020e-08
3.540000000000000000e+02 1.164313947607297879e-08
3.550000000000000000e+02 4.622515714428376338e-09
3.560000000000000000e+02 4.661760311944181504e-09
3.570000000000000000e+02 6.072086411303232775e-09
3.580000000000000000e+02 8.376623712881568195e-09
3.590000000000000000e+02 2.137209395185513490e-08
3.600000000000000000e+02 3.096220847459514417e-08
3.610000000000000000e+02 1.274648118998819131e-07
3.620000000000000000e+02 2.005285302989924437e-08
3.630000000000000000e+02 5.021338815412974208e-09
3.640000000000000000e+02 5.022393326461428263e-09
3.650000000000000000e+02 4.352150296019593453e-09
3.660000000000000000e+02 4.473085336955233190e-09
3.670000000000000000e+02 4.849494991085135304e-09
3.680000000000000000e+02 5.504757162569893503e-09
3.690000000000000000e+02 8.789063927275078647e-09
3.700000000000000000e+02 7.815919626664818357e-09
3.710000000000000000e+02 4.886751960413057962e-09
3.720000000000000000e+02 6.072615708551337689e-09
3.730000000000000000e+02 7.246066514567961360e-09
3.740000000000000000e+02 4.204696238883739665e-08
3.750000000000000000e+02 2.026159745787818192e-08
3.760000000000000000e+02 5.438944222746788073e-09
3.770000000000000000e+02 1.434533744690853450e-08
3.780000000000000000e+02 3.054620054107033177e-08
3.790000000000000000e+02 1.858550431352487577e-07
3.800000000000000000e+02 7.136189555233758890e-08
3.810000000000000000e+02 6.370901049690179829e-09
3.820000000000000000e+02 7.650162456571369631e-09
3.830000000000000000e+02 9.132004687621574815e-09
3.840000000000000000e+02 4.110618494791191110e-09
3.850000000000000000e+02 4.226780645904933973e-09
3.860000000000000000e+02 4.297345463242401066e-09
3.870000000000000000e+02 4.301093978427131398e-09
3.880000000000000000e+02 8.058631115827200484e-09
3.890000000000000000e+02 6.826582148616180269e-09
3.900000000000000000e+02 5.002980389289316098e-09
3.910000000000000000e+02 5.438030373344615349e-09
3.920000000000000000e+02 4.894931281213912453e-09
3.930000000000000000e+02 1.076543350742754754e-08
3.940000000000000000e+02 5.064517044397329617e-09
3.950000000000000000e+02 4.034288201813376749e-09
3.960000000000000000e+02 4.935621539995494964e-09
3.970000000000000000e+02 8.423897640744816242e-09
3.980000000000000000e+02 1.577693358113825538e-08
3.990000000000000000e+02 8.211774710862491131e-08
4.000000000000000000e+02 1.090078829322931144e-08
4.010000000000000000e+02 4.486368176205872091e-09
4.020000000000000000e+02 4.600904269371275630e-09
4.030000000000000000e+02 4.047018443947047833e-09
4.040000000000000000e+02 8.599196909770008560e-09
4.050000000000000000e+02 3.520724902911034410e-09
4.060000000000000000e+02 4.868843154032931569e-09
4.070000000000000000e+02 7.264124498869286002e-09
4.080000000000000000e+02 8.570662459711677980e-09
4.090000000000000000e+02 5.606814484645477028e-09
4.100000000000000000e+02 8.180232267139048167e-09
4.110000000000000000e+02 9.201902705423977825e-09
4.120000000000000000e+02 5.992880581845898813e-09
4.130000000000000000e+02 5.013562424635603936e-09
4.140000000000000000e+02 4.109884193365092048e-09
4.150000000000000000e+02 4.252898097328452998e-09
4.160000000000000000e+02 4.994525172991821192e-09
4.170000000000000000e+02 1.074869568886163067e-08
4.180000000000000000e+02 1.643079481315356550e-07
4.190000000000000000e+02 3.382707550386090687e-08
4.200000000000000000e+02 5.289976896703438564e-09
4.210000000000000000e+02 3.240222009270981597e-09
4.220000000000000000e+02 3.422196268628464814e-09
4.230000000000000000e+02 4.065436077065031547e-09
4.240000000000000000e+02 4.853846702461432174e-09
4.250000000000000000e+02 3.420930291731842761e-09
4.260000000000000000e+02 3.185145846595412516e-09
4.270000000000000000e+02 3.697281046065476745e-09
4.280000000000000000e+02 5.593186850502869591e-09
4.290000000000000000e+02 4.408214355155009597e-09
4.300000000000000000e+02 9.543796597979793972e-09
4.310000000000000000e+02 6.957683217513199547e-09
4.320000000000000000e+02 1.164194247542288490e-08
4.330000000000000000e+02 9.210010171276390822e-09
4.340000000000000000e+02 5.312881073005597948e-09
4.350000000000000000e+02 6.128116590324686214e-09
4.360000000000000000e+02 3.191087490966002381e-09
4.370000000000000000e+02 5.487875937669883897e-09
4.380000000000000000e+02 7.860472884503369216e-09
4.390000000000000000e+02 5.344139023611255375e-09
4.400000000000000000e+02 5.241984187161571892e-09
4.410000000000000000e+02 3.644691273932020812e-08
4.420000000000000000e+02 5.475980112589243710e-08
4.430000000000000000e+02 1.324904733825503562e-08
4.440000000000000000e+02 7.065251724061560607e-09
4.450000000000000000e+02 3.741741319767770317e-09
4.460000000000000000e+02 3.687038075114040418e-09
4.470000000000000000e+02 3.282191715861773413e-09
4.480000000000000000e+02 3.012223790548184063e-09
4.490000000000000000e+02 3.522972099180877504e-09
4.500000000000000000e+02 3.295945970202850344e-09
4.510000000000000000e+02 4.414395838723943680e-09
4.520000000000000000e+02 7.024575035191836070e-09
4.530000000000000000e+02 3.616375279741691700e-09
4.540000000000000000e+02 7.170358423813265022e-09
4.550000000000000000e+02 4.646100110540310434e-09
4.560000000000000000e+02 4.164426625014543511e-09
4.570000000000000000e+02 1.064718612177021656e-08
4.580000000000000000e+02 7.349595433313525108e-09
4.590000000000000000e+02 3.632337335727508357e-09
4.600000000000000000e+02 7.782141564640512283e-09
4.610000000000000000e+02 9.894980713852649192e-08
4.620000000000000000e+02 2.692607083428855390e-08
4.630000000000000000e+02 6.284934545055016206e-09
4.640000000000000000e+02 3.615071727028602694e-09
4.650000000000000000e+02 3.837041550968314060e-09
4.660000000000000000e+02 3.995212152483432114e-09
4.670000000000000000e+02 3.897492707708036198e-09
4.680000000000000000e+02 7.065002057753647510e-09
4.690000000000000000e+02 6.409330109336006930e-09
4.700000000000000000e+02 3.749536709930391805e-09
4.710000000000000000e+02 3.088728370472739842e-09
4.720000000000000000e+02 3.592502382739124645e-09
4.730000000000000000e+02 3.282004620656739989e-09
4.740000000000000000e+02 4.289472367905754967e-09
4.750000000000000000e+02 1.283096744090325948e-08
4.760000000000000000e+02 6.417942933583398827e-09
4.770000000000000000e+02 4.344691189586393505e-09
4.780000000000000000e+02 2.990668559534973296e-09
4.790000000000000000e+02 3.285900016203584353e-09
4.800000000000000000e+02 4.681234310825139072e-09
4.810000000000000000e+02 4.288575924016610914e-09
4.820000000000000000e+02 4.568477789288077292e-09
4.830000000000000000e+02 8.920075256948575028e-09
4.840000000000000000e+02 3.737032860792695649e-09
4.850000000000000000e+02 3.077634611726240647e-09
4.860000000000000000e+02 4.499722413638322110e-09
4.870000000000000000e+02 5.768820849185075104e-09
4.880000000000000000e+02 6.330194862015491917e-09
4.890000000000000000e+02 4.877825713382657937e-09
4.900000000000000000e+02 4.443627083482325025e-09
4.910000000000000000e+02 2.920973524580341892e-09
4.920000000000000000e+02 8.017383138681894938e-09
4.930000000000000000e+02 3.473357518067798530e-09
4.940000000000000000e+02 9.291805505961671624e-09
4.950000000000000000e+02 7.013273777643770652e-09
4.960000000000000000e+02 5.038393846711480606e-09
4.970000000000000000e+02 1.186204257874923636e-08
4.980000000000000000e+02 2.442317224894096980e-08
4.990000000000000000e+02 9.324417583176721711e-09
