0.000000000000000000e+00 7.269799589590918154e-02
1.000000000000000000e+00 4.709181076270883490e-03
2.000000000000000000e+00 2.978329521864213347e-03
3.000000000000000000e+00 2.881684618016675838e-03
4.000000000000000000e+00 2.866797852426274454e-03
5.000000000000000000e+00 2.871788441829095564e-03
6.000000000000000000e+00 2.860335236661341873e-03
7.000000000000000000e+00 2.859593022973091862e-03
8.000000000000000000e+00 2.851448246501996683e-03
9.000000000000000000e+00 2.843219947001071005e-03
1.000000000000000000e+01 2.841948976273205030e-03
1.100000000000000000e+01 2.832889934274761615e-03
1.200000000000000000e+01 2.833368773204866624e-03
1.300000000000000000e+01 2.825899874420933870e-03
1.400000000000000000e+01 2.816598752625280692e-03
1.500000000000000000e+01 2.818981044707112062e-03
1.600000000000000000e+01 2.807287473647215956e-03
1.700000000000000000e+01 2.802410265010148779e-03
1.800000000000000000e+01 2.822705450620744284e-03
1.900000000000000000e+01 2.802048620782048288e-03
2.000000000000000000e+01 2.785232714639721430e-03
2.100000000000000000e+01 2.781247443834016127e-03
2.200000000000000000e+01 2.777402122968437078e-03
2.300000000000000000e+01 2.768887592108861331e-03
2.400000000000000000e+01 2.761887813779609433e-03
2.500000000000000000e+01 2.764530904235419032e-03
2.600000000000000000e+01 2.761930492512188265e-03
2.700000000000000000e+01 2.754622318336247093e-03
2.800000000000000000e+01 2.735200199600403611e-03
2.900000000000000000e+01 2.736833599259562693e-03
3.000000000000000000e+01 2.722671109408255751e-03
3.100000000000000000e+01 2.720932490892563269e-03
3.200000000000000000e+01 2.700297158820291928e-03
3.300000000000000000e+01 2.728086149892785910e-03
3.400000000000000000e+01 2.702950707921775858e-03
3.500000000000000000e+01 2.683895194904026889e-03
3.600000000000000000e+01 2.674274514344023024e-03
3.700000000000000000e+01 2.666245857051270478e-03
3.800000000000000000e+01 2.672761411061479186e-03
3.900000000000000000e+01 2.639319866119154909e-03
4.000000000000000000e+01 2.639811789761077436e-03
4.100000000000000000e+01 2.610298153486215536e-03
4.200000000000000000e+01 2.585539218544469827e-03
4.300000000000000000e+01 2.563745045654064383e-03
4.400000000000000000e+01 2.511152527591046374e-03
4.500000000000000000e+01 2.461778733174946505e-03
4.600000000000000000e+01 2.356381008351365013e-03
4.700000000000000000e+01 2.168788673265429571e-03
4.800000000000000000e+01 1.875001489140800184e-03
4.900000000000000000e+01 1.509481620942475406e-03
5.000000000000000000e+01 1.268267238231080918e-03
5.100000000000000000e+01 1.142290253002229208e-03
5.200000000000000000e+01 1.102878934580251141e-03
5.300000000000000000e+01 1.084885605165554663e-03
5.400000000000000000e+01 1.072732727397208508e-03
5.500000000000000000e+01 1.085981618808410515e-03
5.600000000000000000e+01 1.070494223123895404e-03
5.700000000000000000e+01 1.069424358308490109e-03
5.800000000000000000e+01 1.065371038390869112e-03
5.900000000000000000e+01 1.078348359131394351e-03
6.000000000000000000e+01 1.088990393327240319e-03
6.100000000000000000e+01 1.077705375212222602e-03
6.200000000000000000e+01 1.056938447722055715e-03
6.300000000000000000e+01 1.054241539404288195e-03
6.400000000000000000e+01 1.055493848647114184e-03
6.500000000000000000e+01 1.055139151131212222e-03
6.600000000000000000e+01 1.049738100608603409e-03
6.700000000000000000e+01 1.057865378672587925e-03
6.800000000000000000e+01 1.046361765394341215e-03
6.900000000000000000e+01 1.044631106021670901e-03
7.000000000000000000e+01 1.048512526460954834e-03
7.100000000000000000e+01 1.044989805070471950e-03
7.200000000000000000e+01 1.039920569736151003e-03
7.300000000000000000e+01 1.045046959222682833e-03
7.400000000000000000e+01 1.045145348849664145e-03
7.500000000000000000e+01 1.035999157203428347e-03
7.600000000000000000e+01 1.042595990372285160e-03
7.700000000000000000e+01 1.032400062926877192e-03
7.800000000000000000e+01 1.042333949951095755e-03
7.900000000000000000e+01 1.032371283516795137e-03
8.000000000000000000e+01 1.040544790524621692e-03
8.100000000000000000e+01 1.034587624653338176e-03
8.200000000000000000e+01 1.029834013815588518e-03
8.300000000000000000e+01 1.036556806220285520e-03
8.400000000000000000e+01 1.031733661886292041e-03
8.500000000000000000e+01 1.027793691783704258e-03
8.600000000000000000e+01 1.032093303332870526e-03
8.700000000000000000e+01 1.030567333643881648e-03
8.800000000000000000e+01 1.025965529296567940e-03
8.900000000000000000e+01 1.028049598416257799e-03
9.000000000000000000e+01 1.033854989789623376e-03
9.100000000000000000e+01 1.042993362929124992e-03
9.200000000000000000e+01 1.039829297042384757e-03
9.300000000000000000e+01 1.024879743609382861e-03
9.400000000000000000e+01 1.023428029284141789e-03
9.500000000000000000e+01 1.020390187256025281e-03
9.600000000000000000e+01 1.016875052371467823e-03
9.700000000000000000e+01 1.039912402258892903e-03
9.800000000000000000e+01 1.020094093550211883e-03
9.900000000000000000e+01 1.017310414654629212e-03
1.000000000000000000e+02 1.015200586034084064e-03
1.010000000000000000e+02 1.018016475973786269e-03
1.020000000000000000e+02 1.020714615573619461e-03
1.030000000000000000e+02 1.016712984436124977e-03
1.040000000000000000e+02 1.023802296132133227e-03
1.050000000000000000e+02 1.019481402397707853e-03
1.060000000000000000e+02 1.022014694270323432e-03
1.070000000000000000e+02 1.016850031503958645e-03
1.080000000000000000e+02 1.013504118112302415e-03
1.090000000000000000e+02 1.012542154195102172e-03
1.100000000000000000e+02 1.013128135977447693e-03
1.110000000000000000e+02 1.020827525214562355e-03
1.120000000000000000e+02 1.011929314259334437e-03
1.130000000000000000e+02 1.011235732058830957e-03
1.140000000000000000e+02 1.011863156178938053e-03
1.150000000000000000e+02 1.013102632291627142e-03
1.160000000000000000e+02 1.015810744593324084e-03
1.170000000000000000e+02 1.011434881085147841e-03
1.180000000000000000e+02 1.011394368791851319e-03
1.190000000000000000e+02 1.013884306035977862e-03
1.200000000000000000e+02 1.018085803558348504e-03
1.210000000000000000e+02 1.014442644940957575e-03
1.220000000000000000e+02 1.008700127074450966e-03
1.230000000000000000e+02 1.008795653100295247e-03
1.240000000000000000e+02 1.008876220227160640e-03
1.250000000000000000e+02 1.012713456582212948e-03
1.260000000000000000e+02 1.009871840538523842e-03
1.270000000000000000e+02 1.006313491551573316e-03
1.280000000000000000e+02 1.026411027577184536e-03
1.290000000000000000e+02 1.022003515307951318e-03
1.300000000000000000e+02 1.013382069476021028e-03
1.310000000000000000e+02 1.007880142020038585e-03
1.320000000000000000e+02 1.006820305412034055e-03
1.330000000000000000e+02 1.004858141902222361e-03
1.340000000000000000e+02 1.006732018389416708e-03
1.350000000000000000e+02 1.011681153734465431e-03
1.360000000000000000e+02 1.005412693134879803e-03
1.370000000000000000e+02 1.010408064544580800e-03
1.380000000000000000e+02 1.006687002869018424e-03
1.390000000000000000e+02 1.002447830826706538e-03
1.400000000000000000e+02 1.002646280618562508e-03
1.410000000000000000e+02 1.002801598470105934e-03
1.420000000000000000e+02 1.010646032205550753e-03
1.430000000000000000e+02 1.012309554355363779e-03
1.440000000000000000e+02 1.007434359185414678e-03
1.450000000000000000e+02 1.005669037843454983e-03
1.460000000000000000e+02 1.008235016881511500e-03
1.470000000000000000e+02 1.010484726330143678e-03
1.480000000000000000e+02 1.004476572310902035e-03
1.490000000000000000e+02 1.001897937379220976e-03
1.500000000000000000e+02 9.989833556681749788e-04
1.510000000000000000e+02 1.002318033220558121e-03
1.520000000000000000e+02 1.010317038777004987e-03
1.530000000000000000e+02 1.000500639922765906e-03
1.540000000000000000e+02 1.001905584133539048e-03
1.550000000000000000e+02 1.002632176720259349e-03
1.560000000000000000e+02 1.003542605617753058e-03
1.570000000000000000e+02 1.002524045072963237e-03
1.580000000000000000e+02 1.000045482184734819e-03
1.590000000000000000e+02 1.009225853786586665e-03
1.600000000000000000e+02 1.001748920404716423e-03
1.610000000000000000e+02 1.005048208190532661e-03
1.620000000000000000e+02 1.002068290506200965e-03
1.630000000000000000e+02 1.004530201112092480e-03
1.640000000000000000e+02 1.002202212929572626e-03
1.650000000000000000e+02 1.003717262658459109e-03
1.660000000000000000e+02 1.003431210110676194e-03
1.670000000000000000e+02 1.002952251828784702e-03
1.680000000000000000e+02 1.005933204824530254e-03
1.690000000000000000e+02 9.998142437556043708e-04
1.700000000000000000e+02 9.978478846542581087e-04
1.710000000000000000e+02 1.000849428026579944e-03
1.720000000000000000e+02 9.983920076153134007e-04
1.730000000000000000e+02 9.965697046905833308e-04
1.740000000000000000e+02 9.951491915299104981e-04
1.750000000000000000e+02 9.975811503320128858e-04
1.760000000000000000e+02 1.003422697721008047e-03
1.770000000000000000e+02 9.997129406815409482e-04
1.780000000000000000e+02 9.987411047455159018e-04
1.790000000000000000e+02 9.987869363615596748e-04
1.800000000000000000e+02 9.955597076635976702e-04
1.810000000000000000e+02 1.003848245002048707e-03
1.820000000000000000e+02 9.949356893202713960e-04
1.830000000000000000e+02 9.977696303506379191e-04
1.840000000000000000e+02 9.961988601963013470e-04
1.850000000000000000e+02 9.956835761368281607e-04
1.860000000000000000e+02 1.001366818058103307e-03
1.870000000000000000e+02 9.951394609630731872e-04
1.880000000000000000e+02 1.001816297102279835e-03
1.890000000000000000e+02 9.948257020982334640e-04
1.900000000000000000e+02 1.002263809591209592e-03
1.910000000000000000e+02 1.002904360779205330e-03
1.920000000000000000e+02 9.954027087742880076e-04
1.930000000000000000e+02 1.000764027796976216e-03
1.940000000000000000e+02 9.977658560078328260e-04
1.950000000000000000e+02 9.937997199362866556e-04
1.960000000000000000e+02 9.942848764879137248e-04
1.970000000000000000e+02 9.977540849230577373e-04
1.980000000000000000e+02 9.954837735575907277e-04
1.990000000000000000e+02 9.954320168468803152e-04
2.000000000000000000e+02 9.948010914544783406e-04
2.010000000000000000e+02 9.938456151478334243e-04
2.020000000000000000e+02 9.929348816215090908e-04
2.030000000000000000e+02 9.958450463460461182e-04
2.040000000000000000e+02 9.914713623492444217e-04
2.050000000000000000e+02 9.939825163032389027e-04
2.060000000000000000e+02 9.947985536828166889e-04
2.070000000000000000e+02 9.909601492650284369e-04
2.080000000000000000e+02 9.908991319070791729e-04
2.090000000000000000e+02 9.949113668263110961e-04
2.100000000000000000e+02 9.963827541772513324e-04
2.110000000000000000e+02 9.962542754959930087e-04
2.120000000000000000e+02 9.928673213215335417e-04
2.130000000000000000e+02 9.919618265857117409e-04
2.140000000000000000e+02 9.904895595230088674e-04
2.150000000000000000e+02 9.922602658160965816e-04
2.160000000000000000e+02 9.928153655795611716e-04
2.170000000000000000e+02 9.924321246254838840e-04
2.180000000000000000e+02 9.907672141482495171e-04
2.190000000000000000e+02 1.004030956360807978e-03
2.200000000000000000e+02 9.910177284869411962e-04
2.210000000000000000e+02 9.930390614822891260e-04
2.220000000000000000e+02 9.961174421606714974e-04
2.230000000000000000e+02 9.955252479617619429e-04
2.240000000000000000e+02 9.900129093586207060e-04
2.250000000000000000e+02 9.905390494316429397e-04
2.260000000000000000e+02 9.965741013464631936e-04
2.270000000000000000e+02 9.929092978942081517e-04
2.280000000000000000e+02 9.935567046341470775e-04
2.290000000000000000e+02 9.964106664450609035e-04
2.300000000000000000e+02 9.957075277471439181e-04
2.310000000000000000e+02 9.901960690638159091e-04
2.320000000000000000e+02 9.898282504003507332e-04
2.330000000000000000e+02 9.954306563830942010e-04
2.340000000000000000e+02 9.898864139815995861e-04
2.350000000000000000e+02 9.898989318174746498e-04
2.360000000000000000e+02 9.912757220253041405e-04
2.370000000000000000e+02 9.896515879777058322e-04
2.380000000000000000e+02 9.914471292225962833e-04
2.390000000000000000e+02 9.878559719154981090e-04
2.400000000000000000e+02 9.925154406591667287e-04
2.410000000000000000e+02 9.893113735515886298e-04
2.420000000000000000e+02 9.917225020865240524e-04
2.430000000000000000e+02 9.904839982622488069e-04
2.440000000000000000e+02 9.977509239615389453e-04
2.450000000000000000e+02 9.896260391075112437e-04
2.460000000000000000e+02 9.921001120696787239e-04
2.470000000000000000e+02 9.907608674042066559e-04
2.480000000000000000e+02 9.898317659171743457e-04
2.490000000000000000e+02 9.959666795196382965e-04
2.500000000000000000e+02 9.874109401771383795e-04
2.510000000000000000e+02 9.881221097903874172e-04
2.520000000000000000e+02 9.886531522552430631e-04
2.530000000000000000e+02 9.879673598507179855e-04
2.540000000000000000e+02 9.901478191758981539e-04
2.550000000000000000e+02 9.922635548537033032e-04
2.560000000000000000e+02 9.968186013285967352e-04
2.570000000000000000e+02 9.874105952676582795e-04
2.580000000000000000e+02 9.904318229472879563e-04
2.590000000000000000e+02 9.888730386796457800e-04
2.600000000000000000e+02 9.861651466177498437e-04
2.610000000000000000e+02 9.892852340820060698e-04
2.620000000000000000e+02 9.969519614191450774e-04
2.630000000000000000e+02 9.873389168870312909e-04
2.640000000000000000e+02 9.867434686216093945e-04
2.650000000000000000e+02 9.879917079556224235e-04
2.660000000000000000e+02 9.910746343536620383e-04
2.670000000000000000e+02 9.912761474113532256e-04
2.680000000000000000e+02 9.869625976949116582e-04
2.690000000000000000e+02 9.906443367772689926e-04
2.700000000000000000e+02 9.857189054964458474e-04
2.710000000000000000e+02 9.876516251558580504e-04
2.720000000000000000e+02 9.867291450827600334e-04
2.730000000000000000e+02 9.853389892922428429e-04
2.740000000000000000e+02 9.855676112190316779e-04
2.750000000000000000e+02 9.901513907566792793e-04
2.760000000000000000e+02 9.851991625445418160e-04
2.770000000000000000e+02 9.856967484801657485e-04
2.780000000000000000e+02 9.893862850341775522e-04
2.790000000000000000e+02 9.882289629549899021e-04
2.800000000000000000e+02 9.879071114547480995e-04
2.810000000000000000e+02 9.862537963472586214e-04
2.820000000000000000e+02 9.904216986124261650e-04
2.830000000000000000e+02 9.910789433128666757e-04
2.840000000000000000e+02 1.000166337346185307e-03
2.850000000000000000e+02 9.898788655898114412e-04
2.860000000000000000e+02 9.849457068947281742e-04
2.870000000000000000e+02 9.836519844409875955e-04
2.880000000000000000e+02 9.860515551234026992e-04
2.890000000000000000e+02 9.836449036650294058e-04
2.900000000000000000e+02 9.850101006797006096e-04
2.910000000000000000e+02 9.850525183390872967e-04
2.920000000000000000e+02 9.896821259674384950e-04
2.930000000000000000e+02 9.873625806949544535e-04
2.940000000000000000e+02 9.873800187179576811e-04
2.950000000000000000e+02 9.843245545930138368e-04
2.960000000000000000e+02 9.856652812991371308e-04
2.970000000000000000e+02 9.840268593707378070e-04
2.980000000000000000e+02 9.836604206979720350e-04
2.990000000000000000e+02 9.857241685041031373e-04
3.000000000000000000e+02 9.853395433589093051e-04
3.010000000000000000e+02 9.839811281367304846e-04
3.020000000000000000e+02 9.873808186505082189e-04
3.030000000000000000e+02 9.915311830005148382e-04
3.040000000000000000e+02 9.881785621117190801e-04
3.050000000000000000e+02 9.829989807264814805e-04
3.060000000000000000e+02 9.834009145179352807e-04
3.070000000000000000e+02 9.858965259962790793e-04
3.080000000000000000e+02 9.854804279839767672e-04
3.090000000000000000e+02 9.872820098684377977e-04
3.100000000000000000e+02 9.911686137703689010e-04
3.110000000000000000e+02 9.883107623265348536e-04
3.120000000000000000e+02 9.853654487553759403e-04
3.130000000000000000e+02 9.863104152488949561e-04
3.140000000000000000e+02 9.847985795242608816e-04
3.150000000000000000e+02 9.829165661041174874e-04
3.160000000000000000e+02 9.833744498982102331e-04
3.170000000000000000e+02 9.844056537818628941e-04
3.180000000000000000e+02 9.828478076462372325e-04
3.190000000000000000e+02 9.836340960776941353e-04
3.200000000000000000e+02 9.837338355328836392e-04
3.210000000000000000e+02 9.818531336036723754e-04
3.220000000000000000e+02 9.855489066593829239e-04
3.230000000000000000e+02 9.839665046867483028e-04
3.240000000000000000e+02 9.862441591877986295e-04
3.250000000000000000e+02 9.860714850228084142e-04
3.260000000000000000e+02 9.837617873325835583e-04
3.270000000000000000e+02 9.829025265600827704e-04
3.280000000000000000e+02 9.817211523668303765e-04
3.290000000000000000e+02 9.821762994092493159e-04
3.300000000000000000e+02 9.835699679501337840e-04
3.310000000000000000e+02 9.840031307737232349e-04
3.320000000000000000e+02 9.850645692487977438e-04
3.330000000000000000e+02 9.817932563816879170e-04
3.340000000000000000e+02 9.844214144299142950e-04
3.350000000000000000e+02 9.845041461282392613e-04
3.360000000000000000e+02 9.839771351686683876e-04
3.370000000000000000e+02 9.834076162342957408e-04
3.380000000000000000e+02 9.845683413974050391e-04
3.390000000000000000e+02 9.829306089949145248e-04
3.400000000000000000e+02 9.823939765499071532e-04
3.410000000000000000e+02 9.852110333716500041e-04
3.420000000000000000e+02 9.827209094926980283e-04
3.430000000000000000e+02 9.853725604247079266e-04
3.440000000000000000e+02 9.829762986957645086e-04
3.450000000000000000e+02 9.817523093996419897e-04
3.460000000000000000e+02 9.825825557863074582e-04
3.470000000000000000e+02 9.826259982857945153e-04
3.480000000000000000e+02 9.866470940132824035e-04
3.490000000000000000e+02 9.822959423113515609e-04
3.500000000000000000e+02 9.844283725967690590e-04
3.510000000000000000e+02 9.806683440040096008e-04
3.520000000000000000e+02 9.808096639235611147e-04
3.530000000000000000e+02 9.817118325226520739e-04
3.540000000000000000e+02 9.810121684491329708e-04
3.550000000000000000e+02 9.819046722662656823e-04
3.560000000000000000e+02 9.868112060089689799e-04
3.570000000000000000e+02 9.835320344258160000e-04
3.580000000000000000e+02 9.858762904351038147e-04
3.590000000000000000e+02 9.810090158456795037e-04
3.600000000000000000e+02 9.820158833334390915e-04
3.610000000000000000e+02 9.821184609976742023e-04
3.620000000000000000e+02 9.821043461148784310e-04
3.630000000000000000e+02 9.828454954012967940e-04
3.640000000000000000e+02 9.835482377474416300e-04
3.650000000000000000e+02 9.866328094709519471e-04
3.660000000000000000e+02 9.837363343797164358e-04
3.670000000000000000e+02 9.831189086948394825e-04
3.680000000000000000e+02 9.824543772612632543e-04
3.690000000000000000e+02 9.803372371715594804e-04
3.700000000000000000e+02 9.804213014191871193e-04
3.710000000000000000e+02 9.804939479087493564e-04
3.720000000000000000e+02 9.809985044238857602e-04
3.730000000000000000e+02 9.823743672334891118e-04
3.740000000000000000e+02 9.811308986744755271e-04
3.750000000000000000e+02 9.848831932164380572e-04
3.760000000000000000e+02 9.834703507878386243e-04
3.770000000000000000e+02 9.815423468756926274e-04
3.780000000000000000e+02 9.806525932975823298e-04
3.790000000000000000e+02 9.802065820729731135e-04
3.800000000000000000e+02 9.850507448917076789e-04
3.810000000000000000e+02 9.807198217943729080e-04
3.820000000000000000e+02 9.812524557120331625e-04
3.830000000000000000e+02 9.800893031019926836e-04
3.840000000000000000e+02 9.826299105869958344e-04
3.850000000000000000e+02 9.798474552749371607e-04
3.860000000000000000e+02 9.799889561704223494e-04
3.870000000000000000e+02 9.819747779961762041e-04
3.880000000000000000e+02 9.804439614479621562e-04
3.890000000000000000e+02 9.818747841222465016e-04
3.900000000000000000e+02 9.816332471768544898e-04
3.910000000000000000e+02 9.796306922515909000e-04
3.920000000000000000e+02 9.797484467150320564e-04
3.930000000000000000e+02 9.788501582693883395e-04
3.940000000000000000e+02 9.804294934018650473e-04
3.950000000000000000e+02 9.809023051301137431e-04
3.960000000000000000e+02 9.804223726429658545e-04
3.970000000000000000e+02 9.784975990218228604e-04
3.980000000000000000e+02 9.798170534927844351e-04
3.990000000000000000e+02 9.821915866943080331e-04
4.000000000000000000e+02 9.792326751011137028e-04
4.010000000000000000e+02 9.791686881185860791e-04
4.020000000000000000e+02 9.784163807357855284e-04
4.030000000000000000e+02 9.816254846478716066e-04
4.040000000000000000e+02 9.790224533590377760e-04
4.050000000000000000e+02 9.804830850884684815e-04
4.060000000000000000e+02 9.789814808255073095e-04
4.070000000000000000e+02 9.802912784463429108e-04
4.080000000000000000e+02 9.788106368295741971e-04
4.090000000000000000e+02 9.794465767940943937e-04
4.100000000000000000e+02 9.782841081813061987e-04
4.110000000000000000e+02 9.799112647052327530e-04
4.120000000000000000e+02 9.798987252642003560e-04
4.130000000000000000e+02 9.802753907787184820e-04
4.140000000000000000e+02 9.794155181804191194e-04
4.150000000000000000e+02 9.781500029375821484e-04
4.160000000000000000e+02 9.786019481975898396e-04
4.170000000000000000e+02 9.802018680871900109e-04
4.180000000000000000e+02 9.816308500362723195e-04
4.190000000000000000e+02 9.776626528399589774e-04
4.200000000000000000e+02 9.794714763187897365e-04
4.210000000000000000e+02 9.796562276669657648e-04
4.220000000000000000e+02 9.778204986485628837e-04
4.230000000000000000e+02 9.793350530277963612e-04
4.240000000000000000e+02 9.826651656311342128e-04
4.250000000000000000e+02 9.799814454804602407e-04
4.260000000000000000e+02 9.778576987202569452e-04
4.270000000000000000e+02 9.801525928626916417e-04
4.280000000000000000e+02 9.786034052720264231e-04
4.290000000000000000e+02 9.788799917872952928e-04
4.300000000000000000e+02 9.830503352259347544e-04
4.310000000000000000e+02 9.815066187331363858e-04
4.320000000000000000e+02 9.773151173828049498e-04
4.330000000000000000e+02 9.773127095606055133e-04
4.340000000000000000e+02 9.782746961143928052e-04
4.350000000000000000e+02 9.784824633080938493e-04
4.360000000000000000e+02 9.804965180382537587e-04
4.370000000000000000e+02 9.783704516159743257e-04
4.380000000000000000e+02 9.784984888521965248e-04
4.390000000000000000e+02 9.788569191833105827e-04
4.400000000000000000e+02 9.774627032045977559e-04
4.410000000000000000e+02 9.773356416887314137e-04
4.420000000000000000e+02 9.776760786963339771e-04
4.430000000000000000e+02 9.769626398533606728e-04
4.440000000000000000e+02 9.774275557554359256e-04
4.450000000000000000e+02 9.770460971531094198e-04
4.460000000000000000e+02 9.790024006609823401e-04
4.470000000000000000e+02 9.779339755363429532e-04
4.480000000000000000e+02 9.792859883609138227e-04
4.490000000000000000e+02 9.766352426262470045e-04
4.500000000000000000e+02 9.769784412926535520e-04
4.510000000000000000e+02 9.763773859211230272e-04
4.520000000000000000e+02 9.811328429767795373e-04
4.530000000000000000e+02 9.770553723942982348e-04
4.540000000000000000e+02 9.808275402350475399e-04
4.550000000000000000e+02 9.787330315605298741e-04
4.560000000000000000e+02 9.783618758450031514e-04
4.570000000000000000e+02 9.796013882631090294e-04
4.580000000000000000e+02 9.775898761350380623e-04
4.590000000000000000e+02 9.770790503509437386e-04
4.600000000000000000e+02 9.781372952806627850e-04
4.610000000000000000e+02 9.773452732801525371e-04
4.620000000000000000e+02 9.770463650859617568e-04
4.630000000000000000e+02 9.777815141222383211e-04
4.640000000000000000e+02 9.784437804448273181e-04
4.650000000000000000e+02 9.777130870639127828e-04
4.660000000000000000e+02 9.769954903614118825e-04
4.670000000000000000e+02 9.770844441057042768e-04
4.680000000000000000e+02 9.761205356195450534e-04
4.690000000000000000e+02 9.769414691707055919e-04
4.700000000000000000e+02 9.797579476705300938e-04
4.710000000000000000e+02 9.772587576520319879e-04
4.720000000000000000e+02 9.765533541077998448e-04
4.730000000000000000e+02 9.761441557767306775e-04
4.740000000000000000e+02 9.774665813832119406e-04
4.750000000000000000e+02 9.776933213330525792e-04
4.760000000000000000e+02 9.762065043663393539e-04
4.770000000000000000e+02 9.779102366351782698e-04
4.780000000000000000e+02 9.770524762780087406e-04
4.790000000000000000e+02 9.769838452929708802e-04
4.800000000000000000e+02 9.761966726906284907e-04
4.810000000000000000e+02 9.770144656352003267e-04
4.820000000000000000e+02 9.766581526554473508e-04
4.830000000000000000e+02 9.762564930170760562e-04
4.840000000000000000e+02 9.761058531768371281e-04
4.850000000000000000e+02 9.767212347578455977e-04
4.860000000000000000e+02 9.803579162360679788e-04
4.870000000000000000e+02 9.767208476500954459e-04
4.880000000000000000e+02 9.804622382266114846e-04
4.890000000000000000e+02 9.777056986051259422e-04
4.900000000000000000e+02 9.770912411351082190e-04
4.910000000000000000e+02 9.759933322093409603e-04
4.920000000000000000e+02 9.757656359193940402e-04
4.930000000000000000e+02 9.763701511620964625e-04
4.940000000000000000e+02 9.769973026890607301e-04
4.950000000000000000e+02 9.795623761851533513e-04
4.960000000000000000e+02 9.755880462740660654e-04
4.970000000000000000e+02 9.772097830382264240e-04
4.980000000000000000e+02 9.772113615646232584e-04
4.990000000000000000e+02 9.757627690966668051e-04
5.000000000000000000e+02 9.754122374195686425e-04
5.010000000000000000e+02 9.759033206860189425e-04
5.020000000000000000e+02 9.761281385114528933e-04
5.030000000000000000e+02 9.759519603048618557e-04
5.040000000000000000e+02 9.754530549519979622e-04
5.050000000000000000e+02 9.739994944757182074e-04
5.060000000000000000e+02 9.793909122068984643e-04
5.070000000000000000e+02 9.780379310417967875e-04
5.080000000000000000e+02 9.757128879188016338e-04
5.090000000000000000e+02 9.761340994080538666e-04
5.100000000000000000e+02 9.765786018719167533e-04
5.110000000000000000e+02 9.748535788004613614e-04
5.120000000000000000e+02 9.753293455793287563e-04
5.130000000000000000e+02 9.757759715899453398e-04
5.140000000000000000e+02 9.759475999147541707e-04
5.150000000000000000e+02 9.764452901604035642e-04
5.160000000000000000e+02 9.749996003363336442e-04
5.170000000000000000e+02 9.761938948999755034e-04
5.180000000000000000e+02 9.760651818009380464e-04
5.190000000000000000e+02 9.751283727307813714e-04
5.200000000000000000e+02 9.757724291408630037e-04
5.210000000000000000e+02 9.764703570628290724e-04
5.220000000000000000e+02 9.749931519852572323e-04
5.230000000000000000e+02 9.755064098846386077e-04
5.240000000000000000e+02 9.749875575595904785e-04
5.250000000000000000e+02 9.751056010718787753e-04
5.260000000000000000e+02 9.755353960412553767e-04
5.270000000000000000e+02 9.752687793489436168e-04
5.280000000000000000e+02 9.760386563953545556e-04
5.290000000000000000e+02 9.755727710981038428e-04
5.300000000000000000e+02 9.750679067830496155e-04
5.310000000000000000e+02 9.753550055766201272e-04
5.320000000000000000e+02 9.754402354594974385e-04
5.330000000000000000e+02 9.769460523149091531e-04
5.340000000000000000e+02 9.751119970563708111e-04
5.350000000000000000e+02 9.755699307033965364e-04
5.360000000000000000e+02 9.758537956340061032e-04
5.370000000000000000e+02 9.757441631682503558e-04
5.380000000000000000e+02 9.745469325960272756e-04
5.390000000000000000e+02 9.752155521413705813e-04
5.400000000000000000e+02 9.763373594975402166e-04
5.410000000000000000e+02 9.746151670299643688e-04
5.420000000000000000e+02 9.751949530760359265e-04
5.430000000000000000e+02 9.753354720074265509e-04
5.440000000000000000e+02 9.758610018785568397e-04
5.450000000000000000e+02 9.740126179417380467e-04
5.460000000000000000e+02 9.783647217944443225e-04
5.470000000000000000e+02 9.766747997667648250e-04
5.480000000000000000e+02 9.751474014332353873e-04
5.490000000000000000e+02 9.742543204147409907e-04
5.500000000000000000e+02 9.759289483508846227e-04
5.510000000000000000e+02 9.768627496617166006e-04
5.520000000000000000e+02 9.770666423142859193e-04
5.530000000000000000e+02 9.742686618619468986e-04
5.540000000000000000e+02 9.747601590304622726e-04
5.550000000000000000e+02 9.744717029616074095e-04
5.560000000000000000e+02 9.771845173570166843e-04
5.570000000000000000e+02 9.745608514757156393e-04
5.580000000000000000e+02 9.749779183579187092e-04
5.590000000000000000e+02 9.747837374002838546e-04
5.600000000000000000e+02 9.744376386821231202e-04
5.610000000000000000e+02 9.749735385075671695e-04
5.620000000000000000e+02 9.744907645757773127e-04
5.630000000000000000e+02 9.742049998113582691e-04
5.640000000000000000e+02 9.743172019577102556e-04
5.650000000000000000e+02 9.741845603826520747e-04
5.660000000000000000e+02 9.743992352799226396e-04
5.670000000000000000e+02 9.751559530437874535e-04
5.680000000000000000e+02 9.752478840290456545e-04
5.690000000000000000e+02 9.740869301474067805e-04
5.700000000000000000e+02 9.741338349110898820e-04
5.710000000000000000e+02 9.745688830324489033e-04
5.720000000000000000e+02 9.752082335107273335e-04
5.730000000000000000e+02 9.758192327555299675e-04
5.740000000000000000e+02 9.737597683409908054e-04
5.750000000000000000e+02 9.757866496029193870e-04
5.760000000000000000e+02 9.746437027052467193e-04
5.770000000000000000e+02 9.741352768684433160e-04
5.780000000000000000e+02 9.751526923852835106e-04
5.790000000000000000e+02 9.740169187274814273e-04
5.800000000000000000e+02 9.749642044949422860e-04
5.810000000000000000e+02 9.752758701467883389e-04
5.820000000000000000e+02 9.746611332613534882e-04
5.830000000000000000e+02 9.745995469905127098e-04
5.840000000000000000e+02 9.741004380960071587e-04
5.850000000000000000e+02 9.768124980142178348e-04
5.860000000000000000e+02 9.740247225732290987e-04
5.870000000000000000e+02 9.737931077689357352e-04
5.880000000000000000e+02 9.735001448063657645e-04
5.890000000000000000e+02 9.747548528742127532e-04
5.900000000000000000e+02 9.749434708564081505e-04
5.910000000000000000e+02 9.736997963417637608e-04
5.920000000000000000e+02 9.737836214287911131e-04
5.930000000000000000e+02 9.738626952049340198e-04
5.940000000000000000e+02 9.735395696368390455e-04
5.950000000000000000e+02 9.739306715423799938e-04
5.960000000000000000e+02 9.742811663359946927e-04
5.970000000000000000e+02 9.737421360977270438e-04
5.980000000000000000e+02 9.742919447692872850e-04
5.990000000000000000e+02 9.735099303223458591e-04
6.000000000000000000e+02 9.739798278879507193e-04
6.010000000000000000e+02 9.759245164253018030e-04
6.020000000000000000e+02 9.741234673957966782e-04
6.030000000000000000e+02 9.735839061076081947e-04
6.040000000000000000e+02 9.742286765651474905e-04
6.050000000000000000e+02 9.744835904162606416e-04
6.060000000000000000e+02 9.757027250525207931e-04
6.070000000000000000e+02 9.747901424480949961e-04
6.080000000000000000e+02 9.737663854196668177e-04
6.090000000000000000e+02 9.759919571837902914e-04
6.100000000000000000e+02 9.744373313447867672e-04
6.110000000000000000e+02 9.743085934252692206e-04
6.120000000000000000e+02 9.740045209559632577e-04
6.130000000000000000e+02 9.754145342458264744e-04
6.140000000000000000e+02 9.748221757432452318e-04
6.150000000000000000e+02 9.737801504968889759e-04
6.160000000000000000e+02 9.734551184059710323e-04
6.170000000000000000e+02 9.744110149518624532e-04
6.180000000000000000e+02 9.726762011755704608e-04
6.190000000000000000e+02 9.742967470382607161e-04
6.200000000000000000e+02 9.736956542292200681e-04
6.210000000000000000e+02 9.737738710857943595e-04
6.220000000000000000e+02 9.734521909583762579e-04
6.230000000000000000e+02 9.733094930347383628e-04
6.240000000000000000e+02 9.752938256117828393e-04
6.250000000000000000e+02 9.733755833194555201e-04
6.260000000000000000e+02 9.737489186236145426e-04
6.270000000000000000e+02 9.729316649907025988e-04
6.280000000000000000e+02 9.734995836601077236e-04
6.290000000000000000e+02 9.736850803339369437e-04
6.300000000000000000e+02 9.745708010466708508e-04
6.310000000000000000e+02 9.731707856790116316e-04
6.320000000000000000e+02 9.735976367780582166e-04
6.330000000000000000e+02 9.740353529130962558e-04
6.340000000000000000e+02 9.746830992644699675e-04
6.350000000000000000e+02 9.731473960701524225e-04
6.360000000000000000e+02 9.728267877044461439e-04
6.370000000000000000e+02 9.737740645152944243e-04
6.380000000000000000e+02 9.733622473117700983e-04
6.390000000000000000e+02 9.744567343016889618e-04
6.400000000000000000e+02 9.737621262100709099e-04
6.410000000000000000e+02 9.733022476725427391e-04
6.420000000000000000e+02 9.727701509120872687e-04
6.430000000000000000e+02 9.743450067275135620e-04
6.440000000000000000e+02 9.734540164518454275e-04
6.450000000000000000e+02 9.731030178436150509e-04
6.460000000000000000e+02 9.734098090110555792e-04
6.470000000000000000e+02 9.727026363266844718e-04
6.480000000000000000e+02 9.734897747622647769e-04
6.490000000000000000e+02 9.734381410818979813e-04
6.500000000000000000e+02 9.745836387182386755e-04
6.510000000000000000e+02 9.728667592695334956e-04
6.520000000000000000e+02 9.726988240095947461e-04
6.530000000000000000e+02 9.725539143880257160e-04
6.540000000000000000e+02 9.739439825954352564e-04
6.550000000000000000e+02 9.724843363300596363e-04
6.560000000000000000e+02 9.742132763138765424e-04
6.570000000000000000e+02 9.732168029559349785e-04
6.580000000000000000e+02 9.728443041419027959e-04
6.590000000000000000e+02 9.725912596794844848e-04
6.600000000000000000e+02 9.730768027955284238e-04
6.610000000000000000e+02 9.734175684689566621e-04
6.620000000000000000e+02 9.727544435289749852e-04
6.630000000000000000e+02 9.727387871158465777e-04
6.640000000000000000e+02 9.729308266013836923e-04
6.650000000000000000e+02 9.732597301906817638e-04
6.660000000000000000e+02 9.725120929554159632e-04
6.670000000000000000e+02 9.740552739438284886e-04
6.680000000000000000e+02 9.718592121070116895e-04
6.690000000000000000e+02 9.728743415086120623e-04
6.700000000000000000e+02 9.731267686817635792e-04
6.710000000000000000e+02 9.727392082302048059e-04
6.720000000000000000e+02 9.724562590463532849e-04
6.730000000000000000e+02 9.724665729040702766e-04
6.740000000000000000e+02 9.724827558078189904e-04
6.750000000000000000e+02 9.729393673284682372e-04
6.760000000000000000e+02 9.726712066780391968e-04
6.770000000000000000e+02 9.729284455543310258e-04
6.780000000000000000e+02 9.749346582715621512e-04
6.790000000000000000e+02 9.725560126035851308e-04
6.800000000000000000e+02 9.729655107212248659e-04
6.810000000000000000e+02 9.740161585938529685e-04
6.820000000000000000e+02 9.735617168597227988e-04
6.830000000000000000e+02 9.730389664660190480e-04
6.840000000000000000e+02 9.729175689215611295e-04
6.850000000000000000e+02 9.727980366494579697e-04
6.860000000000000000e+02 9.735087795049248999e-04
6.870000000000000000e+02 9.730685414765773361e-04
6.880000000000000000e+02 9.723908637018409016e-04
6.890000000000000000e+02 9.725224185695259061e-04
6.900000000000000000e+02 9.737240016670937939e-04
6.910000000000000000e+02 9.729907241238428851e-04
6.920000000000000000e+02 9.722705202150737228e-04
6.930000000000000000e+02 9.724304807944409747e-04
6.940000000000000000e+02 9.724687279877890700e-04
6.950000000000000000e+02 9.723763260062613222e-04
6.960000000000000000e+02 9.725292921350515811e-04
6.970000000000000000e+02 9.720352725752617320e-04
6.980000000000000000e+02 9.727710002350476457e-04
6.990000000000000000e+02 9.731246147963618391e-04
7.000000000000000000e+02 9.726413806760835380e-04
7.010000000000000000e+02 9.723206524146212840e-04
7.020000000000000000e+02 9.722162770130365634e-04
7.030000000000000000e+02 9.720788412204251589e-04
7.040000000000000000e+02 9.724855938126482878e-04
7.050000000000000000e+02 9.733698903264878521e-04
7.060000000000000000e+02 9.732606959191728632e-04
7.070000000000000000e+02 9.722526642686866614e-04
7.080000000000000000e+02 9.723669498072528205e-04
7.090000000000000000e+02 9.726385082035371487e-04
7.100000000000000000e+02 9.722297695935193558e-04
7.110000000000000000e+02 9.723468479951356087e-04
7.120000000000000000e+02 9.722633618955512985e-04
7.130000000000000000e+02 9.724199738141412787e-04
7.140000000000000000e+02 9.722903213860486366e-04
7.150000000000000000e+02 9.723337749093277074e-04
7.160000000000000000e+02 9.723123274613703270e-04
7.170000000000000000e+02 9.717989460226088370e-04
7.180000000000000000e+02 9.721878136499672880e-04
7.190000000000000000e+02 9.723153134322573251e-04
7.200000000000000000e+02 9.720785041645446656e-04
7.210000000000000000e+02 9.719293414704144015e-04
7.220000000000000000e+02 9.719266814126959267e-04
7.230000000000000000e+02 9.720911798377360798e-04
7.240000000000000000e+02 9.720246735944373245e-04
7.250000000000000000e+02 9.720901653827095871e-04
7.260000000000000000e+02 9.722035806342695487e-04
7.270000000000000000e+02 9.718449861146768141e-04
7.280000000000000000e+02 9.721350275790594268e-04
7.290000000000000000e+02 9.722267470961361204e-04
7.300000000000000000e+02 9.721355368839706057e-04
7.310000000000000000e+02 9.726840230482566895e-04
7.320000000000000000e+02 9.725151472645627085e-04
7.330000000000000000e+02 9.721275638984199679e-04
7.340000000000000000e+02 9.721265228616625181e-04
7.350000000000000000e+02 9.720097698855761047e-04
7.360000000000000000e+02 9.723874098071348540e-04
7.370000000000000000e+02 9.717026762119935872e-04
7.380000000000000000e+02 9.719893663067505915e-04
7.390000000000000000e+02 9.725412135048736636e-04
7.400000000000000000e+02 9.718952051299319930e-04
7.410000000000000000e+02 9.721864306263883811e-04
7.420000000000000000e+02 9.721438568484771191e-04
7.430000000000000000e+02 9.718529928950257919e-04
7.440000000000000000e+02 9.725963996827824724e-04
7.450000000000000000e+02 9.718638661300740226e-04
7.460000000000000000e+02 9.727925383508751562e-04
7.470000000000000000e+02 9.720836528245170973e-04
7.480000000000000000e+02 9.727228659411064470e-04
7.490000000000000000e+02 9.720232875062463770e-04
7.500000000000000000e+02 9.719902304157269132e-04
7.510000000000000000e+02 9.718795535117824526e-04
7.520000000000000000e+02 9.718463781188742701e-04
7.530000000000000000e+02 9.720551877025433848e-04
7.540000000000000000e+02 9.718355355208690722e-04
7.550000000000000000e+02 9.717600388271436553e-04
7.560000000000000000e+02 9.717334420795348867e-04
7.570000000000000000e+02 9.718149382230850414e-04
7.580000000000000000e+02 9.721410003474266655e-04
7.590000000000000000e+02 9.721330252308709114e-04
7.600000000000000000e+02 9.718700101864643061e-04
7.610000000000000000e+02 9.718965573920309480e-04
7.620000000000000000e+02 9.719390352532992008e-04
7.630000000000000000e+02 9.722196246228068973e-04
7.640000000000000000e+02 9.725939805696985760e-04
7.650000000000000000e+02 9.720796653270844835e-04
7.660000000000000000e+02 9.723883197573441120e-04
7.670000000000000000e+02 9.718725239831610407e-04
