0.000000000000000000e+00 8.310344300714078702e-02
1.000000000000000000e+00 6.636344603291784335e-03
2.000000000000000000e+00 5.283676674941256701e-03
3.000000000000000000e+00 5.070704333226296913e-03
4.000000000000000000e+00 5.002046617885933834e-03
5.000000000000000000e+00 4.928274203765128751e-03
6.000000000000000000e+00 4.840366623467790008e-03
7.000000000000000000e+00 4.763410457729638087e-03
8.000000000000000000e+00 4.680993076394981967e-03
9.000000000000000000e+00 4.596879362438387358e-03
1.000000000000000000e+01 4.505974313561975260e-03
1.100000000000000000e+01 4.414590574736232918e-03
1.200000000000000000e+01 4.317016210601687040e-03
1.300000000000000000e+01 4.215139274842330877e-03
1.400000000000000000e+01 4.104859641602580725e-03
1.500000000000000000e+01 3.981467364863640855e-03
1.600000000000000000e+01 3.856860247319018279e-03
1.700000000000000000e+01 3.689255491529381224e-03
1.800000000000000000e+01 3.504780868114145114e-03
1.900000000000000000e+01 3.243920547994146118e-03
2.000000000000000000e+01 2.824590602530489564e-03
2.100000000000000000e+01 2.097075749332418058e-03
2.200000000000000000e+01 1.074795504292345646e-03
2.300000000000000000e+01 4.905744635159502544e-04
2.400000000000000000e+01 3.718834298993087414e-04
2.500000000000000000e+01 3.251156320445030591e-04
2.600000000000000000e+01 2.935187985727885618e-04
2.700000000000000000e+01 2.709873197869726042e-04
2.800000000000000000e+01 2.429353451976220375e-04
2.900000000000000000e+01 2.292385212269364386e-04
3.000000000000000000e+01 2.114640526601780778e-04
3.100000000000000000e+01 2.029557011850477389e-04
3.200000000000000000e+01 1.922816251226526008e-04
3.300000000000000000e+01 1.859902579340882045e-04
3.400000000000000000e+01 1.835241417190297541e-04
3.500000000000000000e+01 1.745533012878082403e-04
3.600000000000000000e+01 1.709983424645932285e-04
3.700000000000000000e+01 1.666704720740846046e-04
3.800000000000000000e+01 1.641787656651359610e-04
3.900000000000000000e+01 1.613571135169533449e-04
4.000000000000000000e+01 1.581888417825255179e-04
4.100000000000000000e+01 1.586763961099513275e-04
4.200000000000000000e+01 1.550129208166195136e-04
4.300000000000000000e+01 1.527958427157271465e-04
4.400000000000000000e+01 1.513968552003575638e-04
4.500000000000000000e+01 1.489252991667398308e-04
4.600000000000000000e+01 1.491390972071226508e-04
4.700000000000000000e+01 1.486774455454733179e-04
4.800000000000000000e+01 1.451482813170565096e-04
4.900000000000000000e+01 1.452886870961336060e-04
5.000000000000000000e+01 1.432893505472056868e-04
5.100000000000000000e+01 1.432492832380939456e-04
5.200000000000000000e+01 1.412045410263772888e-04
5.300000000000000000e+01 1.413501334216797579e-04
5.400000000000000000e+01 1.394090946661435829e-04
5.500000000000000000e+01 1.382459812669452239e-04
5.600000000000000000e+01 1.374626628015432838e-04
5.700000000000000000e+01 1.377050017444760748e-04
5.800000000000000000e+01 1.365081897163512186e-04
5.900000000000000000e+01 1.353215601039266594e-04
6.000000000000000000e+01 1.347421835403340865e-04
6.100000000000000000e+01 1.342191517677371955e-04
6.200000000000000000e+01 1.339853499948470813e-04
6.300000000000000000e+01 1.335434946533264834e-04
6.400000000000000000e+01 1.328482946730777403e-04
6.500000000000000000e+01 1.331254660845837936e-04
6.600000000000000000e+01 1.316502883419642120e-04
6.700000000000000000e+01 1.308660701065046574e-04
6.800000000000000000e+01 1.299649672657878560e-04
6.900000000000000000e+01 1.296177289866186583e-04
7.000000000000000000e+01 1.298109785718820608e-04
7.100000000000000000e+01 1.288596326246588156e-04
7.200000000000000000e+01 1.279779269456226469e-04
7.300000000000000000e+01 1.281083249928097233e-04
7.400000000000000000e+01 1.270133371631441499e-04
7.500000000000000000e+01 1.268080039085994737e-04
7.600000000000000000e+01 1.268242837074821396e-04
7.700000000000000000e+01 1.256594615542846441e-04
7.800000000000000000e+01 1.256453901054592416e-04
7.900000000000000000e+01 1.255706495927829173e-04
8.000000000000000000e+01 1.249533992120524344e-04
8.100000000000000000e+01 1.242746231937587060e-04
8.200000000000000000e+01 1.241973806196949046e-04
8.300000000000000000e+01 1.249121198062790462e-04
8.400000000000000000e+01 1.233726921324216177e-04
8.500000000000000000e+01 1.235948771216634234e-04
8.600000000000000000e+01 1.232529188130875356e-04
8.700000000000000000e+01 1.223474399083732914e-04
8.800000000000000000e+01 1.217633408008203776e-04
8.900000000000000000e+01 1.221647019976483163e-04
9.000000000000000000e+01 1.217928374056379443e-04
9.100000000000000000e+01 1.216727698106284065e-04
9.200000000000000000e+01 1.209920147468947823e-04
9.300000000000000000e+01 1.208296699241290744e-04
9.400000000000000000e+01 1.202000254310864438e-04
9.500000000000000000e+01 1.216160534831899320e-04
9.600000000000000000e+01 1.203704704107684721e-04
9.700000000000000000e+01 1.198827925894959084e-04
9.800000000000000000e+01 1.208387221319260041e-04
9.900000000000000000e+01 1.188337389301363908e-04
1.000000000000000000e+02 1.201629103803882547e-04
1.010000000000000000e+02 1.189613181198370201e-04
1.020000000000000000e+02 1.180963958225495034e-04
1.030000000000000000e+02 1.179754923700777007e-04
1.040000000000000000e+02 1.179596833273915241e-04
1.050000000000000000e+02 1.178867598640582880e-04
1.060000000000000000e+02 1.176335903459804777e-04
1.070000000000000000e+02 1.176778401451967983e-04
1.080000000000000000e+02 1.189329706177242750e-04
1.090000000000000000e+02 1.179443653538701716e-04
1.100000000000000000e+02 1.167753193185987496e-04
1.110000000000000000e+02 1.162421303852324936e-04
1.120000000000000000e+02 1.160435614307557675e-04
1.130000000000000000e+02 1.159612284409797792e-04
1.140000000000000000e+02 1.159897010379835674e-04
1.150000000000000000e+02 1.158632276733156642e-04
1.160000000000000000e+02 1.159600149053368332e-04
1.170000000000000000e+02 1.171645273232961451e-04
1.180000000000000000e+02 1.154322222775955423e-04
1.190000000000000000e+02 1.150571556373886306e-04
1.200000000000000000e+02 1.150970957859733228e-04
1.210000000000000000e+02 1.148314762595032827e-04
1.220000000000000000e+02 1.150558262745867447e-04
1.230000000000000000e+02 1.142047076477045600e-04
1.240000000000000000e+02 1.144960708827251413e-04
1.250000000000000000e+02 1.140140983714894445e-04
1.260000000000000000e+02 1.140146220123799129e-04
1.270000000000000000e+02 1.143123251864742101e-04
1.280000000000000000e+02 1.138290816648887565e-04
1.290000000000000000e+02 1.133431005381797666e-04
1.300000000000000000e+02 1.136317058988221259e-04
1.310000000000000000e+02 1.131198364585111511e-04
1.320000000000000000e+02 1.130673837551335803e-04
1.330000000000000000e+02 1.130126629529485142e-04
1.340000000000000000e+02 1.131356093659952381e-04
1.350000000000000000e+02 1.126941771606204451e-04
1.360000000000000000e+02 1.128381493214887467e-04
1.370000000000000000e+02 1.123297811401937219e-04
1.380000000000000000e+02 1.122436780727853554e-04
1.390000000000000000e+02 1.122053688489934632e-04
1.400000000000000000e+02 1.123392180765279014e-04
1.410000000000000000e+02 1.119187109492582132e-04
1.420000000000000000e+02 1.120502446714502953e-04
1.430000000000000000e+02 1.116458884256736514e-04
1.440000000000000000e+02 1.121899845269938313e-04
1.450000000000000000e+02 1.114928546214642501e-04
1.460000000000000000e+02 1.115276917427976774e-04
1.470000000000000000e+02 1.113508528829385588e-04
1.480000000000000000e+02 1.112961042918075844e-04
1.490000000000000000e+02 1.112927964247040224e-04
1.500000000000000000e+02 1.114924707119589357e-04
1.510000000000000000e+02 1.112046703755867490e-04
1.520000000000000000e+02 1.116545423121979006e-04
1.530000000000000000e+02 1.121728698871839148e-04
1.540000000000000000e+02 1.103684835390701235e-04
1.550000000000000000e+02 1.103999892856128318e-04
1.560000000000000000e+02 1.101932146570099475e-04
1.570000000000000000e+02 1.101141781863157286e-04
1.580000000000000000e+02 1.102390695866516666e-04
1.590000000000000000e+02 1.099632482491006829e-04
1.600000000000000000e+02 1.096451223780516465e-04
1.610000000000000000e+02 1.098707059221850225e-04
1.620000000000000000e+02 1.100455786200849994e-04
1.630000000000000000e+02 1.100176498733883393e-04
1.640000000000000000e+02 1.095701602349729643e-04
1.650000000000000000e+02 1.093851590028760076e-04
1.660000000000000000e+02 1.093322625914645125e-04
1.670000000000000000e+02 1.094279907082163725e-04
1.680000000000000000e+02 1.093980400031003181e-04
1.690000000000000000e+02 1.094002297040697058e-04
1.700000000000000000e+02 1.092635540161553131e-04
1.710000000000000000e+02 1.093403348488647208e-04
1.720000000000000000e+02 1.093274156293049041e-04
1.730000000000000000e+02 1.093003312525615817e-04
1.740000000000000000e+02 1.086790404615704082e-04
1.750000000000000000e+02 1.086366042110039509e-04
1.760000000000000000e+02 1.084226627098467294e-04
1.770000000000000000e+02 1.082666765965200180e-04
1.780000000000000000e+02 1.082580774473281519e-04
1.790000000000000000e+02 1.083080902240212003e-04
1.800000000000000000e+02 1.082618213173425318e-04
1.810000000000000000e+02 1.081429405505115478e-04
1.820000000000000000e+02 1.084173076250141417e-04
1.830000000000000000e+02 1.080885200319527882e-04
1.840000000000000000e+02 1.080163678880677238e-04
1.850000000000000000e+02 1.081625884971778949e-04
1.860000000000000000e+02 1.082748088115622405e-04
1.870000000000000000e+02 1.081699308362532244e-04
1.880000000000000000e+02 1.076778464993834124e-04
1.890000000000000000e+02 1.076542678385980441e-04
1.900000000000000000e+02 1.083159179208589335e-04
1.910000000000000000e+02 1.075391028295409992e-04
1.920000000000000000e+02 1.075465342373367047e-04
1.930000000000000000e+02 1.074352266966742674e-04
1.940000000000000000e+02 1.074228808391597384e-04
1.950000000000000000e+02 1.074402161897060581e-04
1.960000000000000000e+02 1.073315259518732329e-04
1.970000000000000000e+02 1.070775526964964306e-04
1.980000000000000000e+02 1.080301285917648210e-04
1.990000000000000000e+02 1.071765499778619906e-04
2.000000000000000000e+02 1.070288621265782087e-04
2.010000000000000000e+02 1.069380228501678689e-04
2.020000000000000000e+02 1.070941157316652873e-04
2.030000000000000000e+02 1.067588014424605835e-04
2.040000000000000000e+02 1.068981173070497268e-04
2.050000000000000000e+02 1.077044901353463964e-04
2.060000000000000000e+02 1.072261021397787376e-04
2.070000000000000000e+02 1.075233319399950969e-04
2.080000000000000000e+02 1.065676914984725485e-04
2.090000000000000000e+02 1.066401859493320859e-04
2.100000000000000000e+02 1.067764410824439210e-04
2.110000000000000000e+02 1.067559088284435632e-04
2.120000000000000000e+02 1.063847335876590735e-04
2.130000000000000000e+02 1.064186398160570790e-04
2.140000000000000000e+02 1.063721229226644965e-04
2.150000000000000000e+02 1.061373299595860385e-04
2.160000000000000000e+02 1.063279349380545608e-04
2.170000000000000000e+02 1.065797424513816624e-04
2.180000000000000000e+02 1.076962466547529579e-04
2.190000000000000000e+02 1.060976178474581835e-04
2.200000000000000000e+02 1.060435991645600765e-04
2.210000000000000000e+02 1.061540013398252509e-04
2.220000000000000000e+02 1.059569068861164958e-04
2.230000000000000000e+02 1.064173921106796676e-04
2.240000000000000000e+02 1.056896970409956668e-04
2.250000000000000000e+02 1.058188514657766924e-04
2.260000000000000000e+02 1.056333152508960767e-04
2.270000000000000000e+02 1.060606526137192478e-04
2.280000000000000000e+02 1.057581817253015543e-04
2.290000000000000000e+02 1.059638286459390857e-04
2.300000000000000000e+02 1.055775700391228610e-04
2.310000000000000000e+02 1.054464954758691208e-04
2.320000000000000000e+02 1.054710415170568758e-04
2.330000000000000000e+02 1.059433170775835753e-04
2.340000000000000000e+02 1.054461717847474578e-04
2.350000000000000000e+02 1.054786138480499278e-04
2.360000000000000000e+02 1.057381610007446471e-04
2.370000000000000000e+02 1.058696642150199662e-04
2.380000000000000000e+02 1.052780440358180327e-04
2.390000000000000000e+02 1.052717395794214701e-04
2.400000000000000000e+02 1.052569018863551317e-04
2.410000000000000000e+02 1.051702059028681311e-04
2.420000000000000000e+02 1.053113927805786055e-04
2.430000000000000000e+02 1.051095649278127944e-04
2.440000000000000000e+02 1.050888457815763610e-04
2.450000000000000000e+02 1.049524838787675740e-04
2.460000000000000000e+02 1.049839243819563635e-04
2.470000000000000000e+02 1.053862833840791798e-04
2.480000000000000000e+02 1.050436779618721519e-04
2.490000000000000000e+02 1.053755394952775396e-04
2.500000000000000000e+02 1.055424979128255400e-04
2.510000000000000000e+02 1.049208477500135177e-04
2.520000000000000000e+02 1.048920813269854272e-04
2.530000000000000000e+02 1.048891071896380299e-04
2.540000000000000000e+02 1.055959986794247014e-04
2.550000000000000000e+02 1.049990760512534317e-04
2.560000000000000000e+02 1.048198441322560523e-04
2.570000000000000000e+02 1.048904648312521369e-04
2.580000000000000000e+02 1.047280082095682969e-04
2.590000000000000000e+02 1.047856299854072051e-04
2.600000000000000000e+02 1.046048485078484458e-04
2.610000000000000000e+02 1.047484883804024786e-04
2.620000000000000000e+02 1.044117790799872775e-04
2.630000000000000000e+02 1.043480380996046592e-04
2.640000000000000000e+02 1.044583258332591318e-04
2.650000000000000000e+02 1.048877593466600820e-04
2.660000000000000000e+02 1.046798753744685958e-04
2.670000000000000000e+02 1.043926363436911323e-04
2.680000000000000000e+02 1.045843692661944046e-04
2.690000000000000000e+02 1.047786487311436931e-04
2.700000000000000000e+02 1.043892555469616633e-04
2.710000000000000000e+02 1.042602379610216908e-04
2.720000000000000000e+02 1.046067234036793876e-04
2.730000000000000000e+02 1.048330512271812467e-04
2.740000000000000000e+02 1.041896276026890581e-04
2.750000000000000000e+02 1.044613102230174557e-04
2.760000000000000000e+02 1.047578570185481829e-04
2.770000000000000000e+02 1.041935195610864113e-04
2.780000000000000000e+02 1.042637693978270804e-04
2.790000000000000000e+02 1.042974167121185142e-04
2.800000000000000000e+02 1.040900484616013102e-04
2.810000000000000000e+02 1.039860422035757207e-04
2.820000000000000000e+02 1.039584132587781736e-04
2.830000000000000000e+02 1.044966467823443948e-04
2.840000000000000000e+02 1.041615783999004112e-04
2.850000000000000000e+02 1.045673082039846218e-04
2.860000000000000000e+02 1.050272331756232691e-04
2.870000000000000000e+02 1.040990282635945023e-04
2.880000000000000000e+02 1.040018865599323558e-04
2.890000000000000000e+02 1.039832851754980675e-04
2.900000000000000000e+02 1.037958436472093750e-04
2.910000000000000000e+02 1.038524361711785693e-04
2.920000000000000000e+02 1.044336717353648092e-04
2.930000000000000000e+02 1.039231277416345455e-04
2.940000000000000000e+02 1.038553799055732282e-04
2.950000000000000000e+02 1.040100650830456442e-04
2.960000000000000000e+02 1.037016488916495485e-04
2.970000000000000000e+02 1.036118570447772640e-04
2.980000000000000000e+02 1.037510107353273574e-04
2.990000000000000000e+02 1.039344553808712067e-04
3.000000000000000000e+02 1.037118922212024614e-04
3.010000000000000000e+02 1.040878764938489440e-04
3.020000000000000000e+02 1.037332350295455669e-04
3.030000000000000000e+02 1.036390788339633390e-04
3.040000000000000000e+02 1.035962282213841895e-04
3.050000000000000000e+02 1.036013507799841336e-04
3.060000000000000000e+02 1.034740448325177902e-04
3.070000000000000000e+02 1.035421291746613974e-04
3.080000000000000000e+02 1.035246939873243471e-04
3.090000000000000000e+02 1.034257137934147626e-04
3.100000000000000000e+02 1.034457496361488335e-04
3.110000000000000000e+02 1.033866440550948083e-04
3.120000000000000000e+02 1.034412769227028282e-04
3.130000000000000000e+02 1.034763098644104264e-04
3.140000000000000000e+02 1.033432186179789476e-04
3.150000000000000000e+02 1.037087485488130938e-04
3.160000000000000000e+02 1.035099500450540076e-04
3.170000000000000000e+02 1.037715922672338931e-04
3.180000000000000000e+02 1.032718529364796723e-04
3.190000000000000000e+02 1.031781588587711020e-04
3.200000000000000000e+02 1.042686105954687025e-04
3.210000000000000000e+02 1.038536249991645202e-04
3.220000000000000000e+02 1.033770870946042843e-04
3.230000000000000000e+02 1.035415919414804821e-04
3.240000000000000000e+02 1.033836439558152761e-04
3.250000000000000000e+02 1.031028506383532568e-04
3.260000000000000000e+02 1.032043232765525237e-04
3.270000000000000000e+02 1.034061248220055613e-04
3.280000000000000000e+02 1.032092490611907461e-04
3.290000000000000000e+02 1.033536049341737557e-04
3.300000000000000000e+02 1.030680968408722589e-04
3.310000000000000000e+02 1.031676715495407178e-04
3.320000000000000000e+02 1.030551753713973849e-04
3.330000000000000000e+02 1.029195718573451231e-04
3.340000000000000000e+02 1.030765018528612430e-04
3.350000000000000000e+02 1.034469787699628497e-04
3.360000000000000000e+02 1.029648149990053613e-04
3.370000000000000000e+02 1.035675193288351233e-04
3.380000000000000000e+02 1.034329312193522346e-04
3.390000000000000000e+02 1.030037636354542849e-04
3.400000000000000000e+02 1.033256548445337188e-04
3.410000000000000000e+02 1.034459131914968366e-04
3.420000000000000000e+02 1.028254604850256182e-04
3.430000000000000000e+02 1.028749830101972944e-04
3.440000000000000000e+02 1.031214714277514411e-04
3.450000000000000000e+02 1.033033155450422406e-04
3.460000000000000000e+02 1.030606628171274429e-04
3.470000000000000000e+02 1.030145630200681486e-04
3.480000000000000000e+02 1.031875982515830382e-04
3.490000000000000000e+02 1.032218773919166006e-04
3.500000000000000000e+02 1.030899116960905043e-04
3.510000000000000000e+02 1.027750309454746486e-04
3.520000000000000000e+02 1.027884105820339131e-04
3.530000000000000000e+02 1.028037130104282311e-04
3.540000000000000000e+02 1.029327882172223095e-04
3.550000000000000000e+02 1.029924518339279309e-04
3.560000000000000000e+02 1.027756281551066292e-04
3.570000000000000000e+02 1.027768266242683773e-04
3.580000000000000000e+02 1.028528553807755259e-04
3.590000000000000000e+02 1.026936840182283170e-04
3.600000000000000000e+02 1.028819461460472987e-04
3.610000000000000000e+02 1.026699546721040541e-04
3.620000000000000000e+02 1.028744641836343109e-04
3.630000000000000000e+02 1.025810765375108119e-04
3.640000000000000000e+02 1.029018322528487458e-04
3.650000000000000000e+02 1.029226831194268309e-04
3.660000000000000000e+02 1.027833059610564121e-04
3.670000000000000000e+02 1.028308572130444469e-04
3.680000000000000000e+02 1.025959184209556633e-04
3.690000000000000000e+02 1.027246447559665405e-04
3.700000000000000000e+02 1.025281831976123043e-04
3.710000000000000000e+02 1.025879845862047337e-04
3.720000000000000000e+02 1.025925748877885607e-04
3.730000000000000000e+02 1.026743374135713667e-04
3.740000000000000000e+02 1.026187670754452217e-04
3.750000000000000000e+02 1.026126896231838615e-04
3.760000000000000000e+02 1.027448282847772635e-04
3.770000000000000000e+02 1.027219444822145188e-04
3.780000000000000000e+02 1.026700023167208758e-04
3.790000000000000000e+02 1.027165227786757198e-04
3.800000000000000000e+02 1.024882195871886138e-04
3.810000000000000000e+02 1.024560786188600213e-04
3.820000000000000000e+02 1.024193055628390116e-04
3.830000000000000000e+02 1.026989970489824641e-04
3.840000000000000000e+02 1.024834378609208079e-04
3.850000000000000000e+02 1.027024842253701351e-04
3.860000000000000000e+02 1.024050343949430090e-04
3.870000000000000000e+02 1.026246151907649599e-04
3.880000000000000000e+02 1.024532177588219773e-04
3.890000000000000000e+02 1.023767919344263584e-04
3.900000000000000000e+02 1.024164066864850830e-04
3.910000000000000000e+02 1.025146970437025036e-04
3.920000000000000000e+02 1.023510583841161822e-04
3.930000000000000000e+02 1.025524234521971520e-04
3.940000000000000000e+02 1.022721451036209719e-04
3.950000000000000000e+02 1.023793578913336242e-04
3.960000000000000000e+02 1.027869321618265434e-04
3.970000000000000000e+02 1.022987357223690836e-04
3.980000000000000000e+02 1.023888424048768761e-04
3.990000000000000000e+02 1.022848156990408767e-04
4.000000000000000000e+02 1.025687793175771842e-04
4.010000000000000000e+02 1.024618757750940534e-04
4.020000000000000000e+02 1.022133466237943564e-04
4.030000000000000000e+02 1.023055002384707539e-04
4.040000000000000000e+02 1.023443327650034809e-04
4.050000000000000000e+02 1.022789983271611859e-04
4.060000000000000000e+02 1.024537581572226879e-04
4.070000000000000000e+02 1.024915373947157278e-04
4.080000000000000000e+02 1.022591251830643790e-04
4.090000000000000000e+02 1.021520294853171085e-04
4.100000000000000000e+02 1.022530672498971098e-04
4.110000000000000000e+02 1.025143387824862374e-04
4.120000000000000000e+02 1.023911936608691364e-04
4.130000000000000000e+02 1.023244359181481680e-04
4.140000000000000000e+02 1.022243711994168285e-04
4.150000000000000000e+02 1.022453811565138975e-04
4.160000000000000000e+02 1.021300492920083273e-04
4.170000000000000000e+02 1.022010124213771926e-04
4.180000000000000000e+02 1.024374864763971112e-04
4.190000000000000000e+02 1.026701656065270450e-04
4.200000000000000000e+02 1.022403684172304493e-04
4.210000000000000000e+02 1.021998160283540762e-04
4.220000000000000000e+02 1.021594873681170234e-04
4.230000000000000000e+02 1.020613730117609350e-04
4.240000000000000000e+02 1.025097558684623616e-04
4.250000000000000000e+02 1.022687029879714685e-04
4.260000000000000000e+02 1.020338425012330615e-04
4.270000000000000000e+02 1.021062671820694660e-04
4.280000000000000000e+02 1.021365089425769649e-04
4.290000000000000000e+02 1.021137145281170291e-04
4.300000000000000000e+02 1.021978142231401887e-04
4.310000000000000000e+02 1.020791889103400582e-04
4.320000000000000000e+02 1.021998717837840394e-04
4.330000000000000000e+02 1.019879794060388797e-04
4.340000000000000000e+02 1.020445747081671380e-04
4.350000000000000000e+02 1.020677668199145157e-04
4.360000000000000000e+02 1.020021999182926445e-04
4.370000000000000000e+02 1.021075948322349716e-04
4.380000000000000000e+02 1.020710911022400832e-04
4.390000000000000000e+02 1.020534071425618862e-04
4.400000000000000000e+02 1.020014089346321976e-04
4.410000000000000000e+02 1.019487475794804914e-04
4.420000000000000000e+02 1.022172042166062320e-04
4.430000000000000000e+02 1.020901799134798051e-04
4.440000000000000000e+02 1.021329807586856403e-04
4.450000000000000000e+02 1.018986621656578148e-04
4.460000000000000000e+02 1.019757604222166754e-04
4.470000000000000000e+02 1.019923771471446052e-04
4.480000000000000000e+02 1.019914636389773147e-04
4.490000000000000000e+02 1.020372808975974447e-04
4.500000000000000000e+02 1.021736776477450185e-04
4.510000000000000000e+02 1.018450254247553032e-04
4.520000000000000000e+02 1.020202577142744567e-04
4.530000000000000000e+02 1.019832063501565419e-04
4.540000000000000000e+02 1.022050773842879168e-04
4.550000000000000000e+02 1.018541413590521265e-04
4.560000000000000000e+02 1.019303831181470516e-04
4.570000000000000000e+02 1.019150255169242966e-04
4.580000000000000000e+02 1.019532845875473665e-04
4.590000000000000000e+02 1.019372177307809112e-04
4.600000000000000000e+02 1.019760031283436000e-04
4.610000000000000000e+02 1.018566336779555895e-04
4.620000000000000000e+02 1.019358766701138552e-04
4.630000000000000000e+02 1.019255638415798008e-04
4.640000000000000000e+02 1.021891737132970228e-04
4.650000000000000000e+02 1.019114987073888555e-04
4.660000000000000000e+02 1.021828056772191591e-04
4.670000000000000000e+02 1.017830072157722889e-04
4.680000000000000000e+02 1.017558274194651959e-04
4.690000000000000000e+02 1.021696197348003063e-04
4.700000000000000000e+02 1.021748025184626279e-04
4.710000000000000000e+02 1.018513075857593913e-04
4.720000000000000000e+02 1.018873432845808106e-04
4.730000000000000000e+02 1.019065932418373511e-04
4.740000000000000000e+02 1.017749867762252845e-04
4.750000000000000000e+02 1.020020129108712147e-04
4.760000000000000000e+02 1.020366834041383980e-04
4.770000000000000000e+02 1.019135933594530682e-04
4.780000000000000000e+02 1.017426515151963011e-04
4.790000000000000000e+02 1.017822536559629830e-04
4.800000000000000000e+02 1.017725342384605047e-04
4.810000000000000000e+02 1.017665236077685675e-04
4.820000000000000000e+02 1.018684843764079012e-04
4.830000000000000000e+02 1.017488001311757817e-04
4.840000000000000000e+02 1.018868433988821121e-04
4.850000000000000000e+02 1.017093388807222421e-04
4.860000000000000000e+02 1.017320464000432122e-04
4.870000000000000000e+02 1.018013989855303070e-04
4.880000000000000000e+02 1.016807517466211994e-04
4.890000000000000000e+02 1.018718734454183831e-04
4.900000000000000000e+02 1.018258957037739497e-04
4.910000000000000000e+02 1.019907800080016336e-04
4.920000000000000000e+02 1.019231653903962905e-04
4.930000000000000000e+02 1.017985636714154686e-04
4.940000000000000000e+02 1.017611612894035625e-04
4.950000000000000000e+02 1.018055038473026166e-04
4.960000000000000000e+02 1.018940786634765544e-04
4.970000000000000000e+02 1.017663286413140604e-04
4.980000000000000000e+02 1.018132582064426730e-04
4.990000000000000000e+02 1.016421656347777849e-04
5.000000000000000000e+02 1.016107241090046073e-04
5.010000000000000000e+02 1.018571555756157419e-04
5.020000000000000000e+02 1.016668837833684135e-04
5.030000000000000000e+02 1.016987547866801119e-04
5.040000000000000000e+02 1.016648229139364507e-04
5.050000000000000000e+02 1.017015761460025777e-04
5.060000000000000000e+02 1.016608252093919614e-04
5.070000000000000000e+02 1.016595917303007960e-04
5.080000000000000000e+02 1.017464467198409125e-04
5.090000000000000000e+02 1.017263719580511192e-04
5.100000000000000000e+02 1.015944765121804661e-04
5.110000000000000000e+02 1.016379378551154027e-04
5.120000000000000000e+02 1.016699882894690928e-04
5.130000000000000000e+02 1.016644267361442995e-04
5.140000000000000000e+02 1.016383964932238918e-04
5.150000000000000000e+02 1.016157610593115276e-04
5.160000000000000000e+02 1.016270171826513195e-04
5.170000000000000000e+02 1.016485400018743928e-04
5.180000000000000000e+02 1.016995744781745475e-04
5.190000000000000000e+02 1.016884134125846622e-04
5.200000000000000000e+02 1.016326202976832458e-04
5.210000000000000000e+02 1.018445700643933372e-04
5.220000000000000000e+02 1.016567185668595285e-04
5.230000000000000000e+02 1.016450643224165405e-04
5.240000000000000000e+02 1.015712094904275622e-04
5.250000000000000000e+02 1.017457740091510523e-04
5.260000000000000000e+02 1.016389157166959435e-04
5.270000000000000000e+02 1.017152507372209820e-04
5.280000000000000000e+02 1.017837914131546805e-04
5.290000000000000000e+02 1.019447897797533134e-04
5.300000000000000000e+02 1.015959187849631420e-04
5.310000000000000000e+02 1.015569878976230959e-04
5.320000000000000000e+02 1.015583538822050126e-04
5.330000000000000000e+02 1.015270908627930168e-04
5.340000000000000000e+02 1.015098752598076717e-04
5.350000000000000000e+02 1.016894422707597778e-04
5.360000000000000000e+02 1.018630494535731102e-04
5.370000000000000000e+02 1.016735669156560486e-04
5.380000000000000000e+02 1.017107823442002740e-04
5.390000000000000000e+02 1.015427143647764914e-04
5.400000000000000000e+02 1.014456695415978795e-04
5.410000000000000000e+02 1.014925552632038618e-04
5.420000000000000000e+02 1.015195852180368873e-04
5.430000000000000000e+02 1.017296237038702088e-04
5.440000000000000000e+02 1.015689803520154966e-04
5.450000000000000000e+02 1.015381197919691664e-04
5.460000000000000000e+02 1.015403805406302098e-04
5.470000000000000000e+02 1.014718953751587185e-04
5.480000000000000000e+02 1.014581793227652042e-04
5.490000000000000000e+02 1.015958886132204878e-04
5.500000000000000000e+02 1.015034460755947636e-04
5.510000000000000000e+02 1.017058546178719702e-04
5.520000000000000000e+02 1.014472393239368003e-04
5.530000000000000000e+02 1.015191325398735549e-04
5.540000000000000000e+02 1.015587555429026481e-04
5.550000000000000000e+02 1.016858311938140399e-04
5.560000000000000000e+02 1.016750039458149660e-04
5.570000000000000000e+02 1.014641973543748429e-04
5.580000000000000000e+02 1.015855974426514870e-04
5.590000000000000000e+02 1.014992454313457773e-04
5.600000000000000000e+02 1.014621898581422271e-04
5.610000000000000000e+02 1.014205440904863710e-04
5.620000000000000000e+02 1.014800281755259424e-04
5.630000000000000000e+02 1.014167602446512418e-04
5.640000000000000000e+02 1.015047888788930597e-04
5.650000000000000000e+02 1.014460147226659481e-04
5.660000000000000000e+02 1.015754247556095529e-04
5.670000000000000000e+02 1.014534709883884464e-04
5.680000000000000000e+02 1.014503253290788612e-04
5.690000000000000000e+02 1.014508504361496291e-04
5.700000000000000000e+02 1.015187759303886933e-04
5.710000000000000000e+02 1.016621687847593794e-04
5.720000000000000000e+02 1.014611218456184166e-04
5.730000000000000000e+02 1.013950055731918247e-04
5.740000000000000000e+02 1.014553828928489341e-04
5.750000000000000000e+02 1.014407079963189383e-04
5.760000000000000000e+02 1.013908505505288152e-04
5.770000000000000000e+02 1.014476455633446766e-04
5.780000000000000000e+02 1.015115215516574097e-04
5.790000000000000000e+02 1.014436060529741337e-04
5.800000000000000000e+02 1.014308832736841431e-04
5.810000000000000000e+02 1.013667776283359016e-04
5.820000000000000000e+02 1.013972781695900150e-04
5.830000000000000000e+02 1.014377852034273819e-04
5.840000000000000000e+02 1.014797578129669959e-04
5.850000000000000000e+02 1.013728301603395235e-04
5.860000000000000000e+02 1.014360783879785584e-04
5.870000000000000000e+02 1.014226204026514856e-04
5.880000000000000000e+02 1.015170761411147727e-04
5.890000000000000000e+02 1.014653618305621808e-04
5.900000000000000000e+02 1.018629732577988107e-04
5.910000000000000000e+02 1.016099590654690458e-04
5.920000000000000000e+02 1.013656183760293128e-04
5.930000000000000000e+02 1.014058846049887294e-04
5.940000000000000000e+02 1.014381655692503809e-04
5.950000000000000000e+02 1.014295969031794116e-04
5.960000000000000000e+02 1.014936840276766083e-04
5.970000000000000000e+02 1.013216122348681774e-04
5.980000000000000000e+02 1.013786270810979897e-04
5.990000000000000000e+02 1.016082105395638580e-04
6.000000000000000000e+02 1.013597145144787688e-04
6.010000000000000000e+02 1.013570030007344795e-04
6.020000000000000000e+02 1.014174731864944581e-04
6.030000000000000000e+02 1.013530419820640689e-04
6.040000000000000000e+02 1.013701003819009389e-04
6.050000000000000000e+02 1.013223715176186473e-04
6.060000000000000000e+02 1.013137733084343067e-04
6.070000000000000000e+02 1.014822721995576276e-04
6.080000000000000000e+02 1.013892857231511946e-04
6.090000000000000000e+02 1.013043316348806401e-04
6.100000000000000000e+02 1.013167770660908798e-04
6.110000000000000000e+02 1.013703013014100913e-04
6.120000000000000000e+02 1.015089452147969128e-04
6.130000000000000000e+02 1.015770700835372741e-04
6.140000000000000000e+02 1.013681669141775166e-04
6.150000000000000000e+02 1.013411497602757858e-04
6.160000000000000000e+02 1.013255936856887141e-04
6.170000000000000000e+02 1.014344231014290329e-04
6.180000000000000000e+02 1.015088982658954406e-04
6.190000000000000000e+02 1.014221095531801456e-04
6.200000000000000000e+02 1.013854767210533182e-04
6.210000000000000000e+02 1.013252618901043934e-04
6.220000000000000000e+02 1.012959301908994024e-04
6.230000000000000000e+02 1.014489368913775840e-04
6.240000000000000000e+02 1.013102563771649717e-04
6.250000000000000000e+02 1.013485164498653825e-04
6.260000000000000000e+02 1.013857032582222653e-04
6.270000000000000000e+02 1.012891635701619440e-04
6.280000000000000000e+02 1.012673592525303846e-04
6.290000000000000000e+02 1.014062757483186672e-04
6.300000000000000000e+02 1.013852752803135783e-04
6.310000000000000000e+02 1.013180756720211069e-04
6.320000000000000000e+02 1.012570518842706527e-04
6.330000000000000000e+02 1.012498819205190820e-04
6.340000000000000000e+02 1.012831518616224923e-04
6.350000000000000000e+02 1.012982749821033225e-04
6.360000000000000000e+02 1.014154308694738250e-04
6.370000000000000000e+02 1.012790498376131256e-04
6.380000000000000000e+02 1.012837351923245529e-04
6.390000000000000000e+02 1.013327837445163735e-04
6.400000000000000000e+02 1.012989730567341378e-04
6.410000000000000000e+02 1.013539223383426544e-04
6.420000000000000000e+02 1.013316081257363820e-04
6.430000000000000000e+02 1.014850487854245881e-04
6.440000000000000000e+02 1.012870056070122447e-04
6.450000000000000000e+02 1.012473647373727116e-04
6.460000000000000000e+02 1.012846119504707805e-04
6.470000000000000000e+02 1.016249310754926532e-04
6.480000000000000000e+02 1.012487525143520098e-04
6.490000000000000000e+02 1.012496260921645554e-04
6.500000000000000000e+02 1.012429316110284236e-04
6.510000000000000000e+02 1.013065005304641036e-04
6.520000000000000000e+02 1.012918191780619212e-04
6.530000000000000000e+02 1.013585257046768805e-04
6.540000000000000000e+02 1.012604620259486036e-04
6.550000000000000000e+02 1.012003392836732796e-04
6.560000000000000000e+02 1.012838723048018629e-04
6.570000000000000000e+02 1.012758713344098386e-04
6.580000000000000000e+02 1.012437794454189673e-04
6.590000000000000000e+02 1.012054913182997560e-04
6.600000000000000000e+02 1.012603134332572025e-04
6.610000000000000000e+02 1.012382015757226210e-04
6.620000000000000000e+02 1.011887677841531030e-04
6.630000000000000000e+02 1.012508459688523104e-04
6.640000000000000000e+02 1.013135029031020259e-04
6.650000000000000000e+02 1.014107246399658773e-04
6.660000000000000000e+02 1.012957109017830908e-04
6.670000000000000000e+02 1.012909742778508475e-04
6.680000000000000000e+02 1.014198542246884610e-04
6.690000000000000000e+02 1.012253944107813859e-04
6.700000000000000000e+02 1.013105052024399313e-04
6.710000000000000000e+02 1.012622837028150997e-04
6.720000000000000000e+02 1.012041480798948515e-04
6.730000000000000000e+02 1.012466877380309254e-04
6.740000000000000000e+02 1.012614884162816670e-04
6.750000000000000000e+02 1.012390240292953696e-04
6.760000000000000000e+02 1.012396815168211783e-04
6.770000000000000000e+02 1.013075616929007662e-04
6.780000000000000000e+02 1.011982059146134607e-04
6.790000000000000000e+02 1.013193232322565768e-04
6.800000000000000000e+02 1.012542937194581825e-04
6.810000000000000000e+02 1.013333531820255907e-04
6.820000000000000000e+02 1.012237201649457608e-04
6.830000000000000000e+02 1.012460420735729913e-04
6.840000000000000000e+02 1.013754102477821677e-04
6.850000000000000000e+02 1.012248822995591289e-04
6.860000000000000000e+02 1.012252555467026485e-04
6.870000000000000000e+02 1.011902536207620314e-04
6.880000000000000000e+02 1.011686179280657895e-04
6.890000000000000000e+02 1.011519678697911297e-04
6.900000000000000000e+02 1.011524476671287864e-04
6.910000000000000000e+02 1.012292817872162171e-04
6.920000000000000000e+02 1.011708982105657755e-04
6.930000000000000000e+02 1.011602585231689507e-04
6.940000000000000000e+02 1.011639807591033186e-04
6.950000000000000000e+02 1.011982563967268097e-04
6.960000000000000000e+02 1.012129942290963423e-04
6.970000000000000000e+02 1.012298596462873847e-04
6.980000000000000000e+02 1.011976633732236355e-04
6.990000000000000000e+02 1.012910025203387585e-04
7.000000000000000000e+02 1.012726446098931890e-04
7.010000000000000000e+02 1.012006056647266441e-04
7.020000000000000000e+02 1.011593551987804209e-04
7.030000000000000000e+02 1.012153809663528779e-04
7.040000000000000000e+02 1.011621597688447247e-04
7.050000000000000000e+02 1.011483687566571690e-04
7.060000000000000000e+02 1.012120045156322590e-04
7.070000000000000000e+02 1.011863330647711466e-04
7.080000000000000000e+02 1.011514851890863982e-04
7.090000000000000000e+02 1.011803695398951343e-04
7.100000000000000000e+02 1.011620221123253491e-04
7.110000000000000000e+02 1.011752597212941195e-04
7.120000000000000000e+02 1.011981986148112049e-04
7.130000000000000000e+02 1.011513872987656302e-04
7.140000000000000000e+02 1.012789170801354122e-04
7.150000000000000000e+02 1.011801404654782282e-04
7.160000000000000000e+02 1.012301299118507859e-04
7.170000000000000000e+02 1.011235332546801325e-04
7.180000000000000000e+02 1.011728767338226529e-04
7.190000000000000000e+02 1.011610998367752835e-04
7.200000000000000000e+02 1.011917258188408622e-04
7.210000000000000000e+02 1.011413728413916032e-04
7.220000000000000000e+02 1.011343811762146404e-04
7.230000000000000000e+02 1.011620595492344720e-04
7.240000000000000000e+02 1.011836084399214892e-04
7.250000000000000000e+02 1.011143883541879544e-04
7.260000000000000000e+02 1.011282522027062540e-04
7.270000000000000000e+02 1.011453617758726546e-04
7.280000000000000000e+02 1.011497991240096307e-04
7.290000000000000000e+02 1.011188391323542766e-04
7.300000000000000000e+02 1.011235979737951009e-04
7.310000000000000000e+02 1.011722275594294430e-04
7.320000000000000000e+02 1.012104386338089909e-04
7.330000000000000000e+02 1.011360467131769620e-04
7.340000000000000000e+02 1.011507122078525678e-04
7.350000000000000000e+02 1.012240077905767692e-04
7.360000000000000000e+02 1.011403237177949582e-04
7.370000000000000000e+02 1.012942968856521940e-04
7.380000000000000000e+02 1.011714519344660983e-04
7.390000000000000000e+02 1.011053416308100824e-04
7.400000000000000000e+02 1.011230722941703660e-04
7.410000000000000000e+02 1.011745848692594592e-04
7.420000000000000000e+02 1.011612959662804983e-04
7.430000000000000000e+02 1.011686559215452729e-04
7.440000000000000000e+02 1.011339346054734661e-04
7.450000000000000000e+02 1.012953948994729428e-04
7.460000000000000000e+02 1.011348969563594850e-04
7.470000000000000000e+02 1.011054817633404721e-04
7.480000000000000000e+02 1.011320312942940944e-04
7.490000000000000000e+02 1.011407084543416838e-04
7.500000000000000000e+02 1.011174473929960237e-04
7.510000000000000000e+02 1.011228168945934583e-04
7.520000000000000000e+02 1.011504308958373273e-04
7.530000000000000000e+02 1.011450767428661527e-04
7.540000000000000000e+02 1.010946003169010932e-04
7.550000000000000000e+02 1.011057646054053184e-04
7.560000000000000000e+02 1.011063252625185154e-04
7.570000000000000000e+02 1.011302391374014253e-04
7.580000000000000000e+02 1.010943460728902120e-04
7.590000000000000000e+02 1.010986728667639614e-04
7.600000000000000000e+02 1.010872453886765040e-04
7.610000000000000000e+02 1.011808475235277210e-04
7.620000000000000000e+02 1.011654925783664127e-04
7.630000000000000000e+02 1.011337790771746218e-04
7.640000000000000000e+02 1.011270475150897861e-04
7.650000000000000000e+02 1.013447492860020701e-04
7.660000000000000000e+02 1.011067773571330542e-04
7.670000000000000000e+02 1.012016791054005444e-04
7.680000000000000000e+02 1.011816838116325138e-04
7.690000000000000000e+02 1.010922127560642044e-04
7.700000000000000000e+02 1.011069832765299718e-04
7.710000000000000000e+02 1.011176800678248092e-04
7.720000000000000000e+02 1.011548293453416568e-04
7.730000000000000000e+02 1.011751886872497774e-04
7.740000000000000000e+02 1.010813327082910832e-04
7.750000000000000000e+02 1.010785011126905651e-04
7.760000000000000000e+02 1.010531651063299578e-04
7.770000000000000000e+02 1.011066214778783598e-04
7.780000000000000000e+02 1.010872122342600495e-04
7.790000000000000000e+02 1.010834426945661935e-04
7.800000000000000000e+02 1.010909103977201246e-04
7.810000000000000000e+02 1.010763114772555743e-04
7.820000000000000000e+02 1.010946537947930485e-04
7.830000000000000000e+02 1.010835435355129111e-04
7.840000000000000000e+02 1.010745710985266660e-04
7.850000000000000000e+02 1.010946922944233443e-04
7.860000000000000000e+02 1.011206225341521519e-04
7.870000000000000000e+02 1.010823221870935654e-04
7.880000000000000000e+02 1.011292305441561942e-04
7.890000000000000000e+02 1.011041656821976974e-04
7.900000000000000000e+02 1.010670793016403004e-04
7.910000000000000000e+02 1.010747110476718883e-04
7.920000000000000000e+02 1.010880308579961765e-04
7.930000000000000000e+02 1.010771222732100521e-04
7.940000000000000000e+02 1.010663354792638868e-04
7.950000000000000000e+02 1.011442960314888655e-04
7.960000000000000000e+02 1.010544361663381799e-04
7.970000000000000000e+02 1.010659971018362737e-04
7.980000000000000000e+02 1.010726780886686001e-04
7.990000000000000000e+02 1.011702076275178757e-04
8.000000000000000000e+02 1.010856533971525443e-04
8.010000000000000000e+02 1.010679496770002878e-04
8.020000000000000000e+02 1.011275581883762538e-04
8.030000000000000000e+02 1.010857200315338659e-04
8.040000000000000000e+02 1.010579315387477421e-04
8.050000000000000000e+02 1.010539718764075136e-04
8.060000000000000000e+02 1.010733978746350121e-04
8.070000000000000000e+02 1.010461911049162693e-04
8.080000000000000000e+02 1.010428545385975974e-04
8.090000000000000000e+02 1.011040520180589138e-04
8.100000000000000000e+02 1.010654399015143806e-04
8.110000000000000000e+02 1.010675253804528469e-04
8.120000000000000000e+02 1.010996849751554557e-04
8.130000000000000000e+02 1.010653329601163286e-04
8.140000000000000000e+02 1.011106603582913229e-04
8.150000000000000000e+02 1.010540756064404183e-04
8.160000000000000000e+02 1.010376857023688972e-04
8.170000000000000000e+02 1.011039736696109722e-04
8.180000000000000000e+02 1.010684844132327001e-04
8.190000000000000000e+02 1.010587456514404071e-04
8.200000000000000000e+02 1.010527551422105700e-04
8.210000000000000000e+02 1.010385928927716795e-04
8.220000000000000000e+02 1.010630658880210095e-04
8.230000000000000000e+02 1.011319414811246738e-04
8.240000000000000000e+02 1.010551119904822096e-04
8.250000000000000000e+02 1.010865622848349996e-04
8.260000000000000000e+02 1.010834988947720324e-04
8.270000000000000000e+02 1.011262670533530036e-04
8.280000000000000000e+02 1.010924189475391770e-04
8.290000000000000000e+02 1.010782285523384422e-04
8.300000000000000000e+02 1.010504829400815917e-04
8.310000000000000000e+02 1.010864219983003591e-04
8.320000000000000000e+02 1.010730047202989667e-04
8.330000000000000000e+02 1.010690628179970784e-04
8.340000000000000000e+02 1.011382079656938259e-04
8.350000000000000000e+02 1.010786787663094723e-04
8.360000000000000000e+02 1.010372969925118298e-04
8.370000000000000000e+02 1.011015517039452440e-04
8.380000000000000000e+02 1.010559922905487614e-04
8.390000000000000000e+02 1.010262162917427946e-04
8.400000000000000000e+02 1.010470445954989076e-04
8.410000000000000000e+02 1.010672741907123846e-04
8.420000000000000000e+02 1.010720816805951868e-04
8.430000000000000000e+02 1.010428562488073436e-04
8.440000000000000000e+02 1.010342056844847931e-04
8.450000000000000000e+02 1.010621454747794148e-04
8.460000000000000000e+02 1.010287733879314102e-04
8.470000000000000000e+02 1.010744825163098953e-04
8.480000000000000000e+02 1.010912656716945486e-04
8.490000000000000000e+02 1.010421768846215190e-04
8.500000000000000000e+02 1.010660077388247019e-04
8.510000000000000000e+02 1.010540156906892113e-04
8.520000000000000000e+02 1.010567566688815532e-04
8.530000000000000000e+02 1.010623331752026936e-04
8.540000000000000000e+02 1.010647956312860676e-04
8.550000000000000000e+02 1.010468021859368796e-04
8.560000000000000000e+02 1.010862763381727364e-04
8.570000000000000000e+02 1.010476676196868796e-04
8.580000000000000000e+02 1.010293418459074681e-04
8.590000000000000000e+02 1.010342398110328162e-04
8.600000000000000000e+02 1.010356211386694133e-04
8.610000000000000000e+02 1.010204004654412631e-04
8.620000000000000000e+02 1.010575020913488491e-04
8.630000000000000000e+02 1.010860870859705293e-04
8.640000000000000000e+02 1.010586602363408668e-04
8.650000000000000000e+02 1.010114568282176957e-04
8.660000000000000000e+02 1.010135314776183882e-04
8.670000000000000000e+02 1.010305682783657166e-04
8.680000000000000000e+02 1.010897218454984348e-04
8.690000000000000000e+02 1.010272312178965478e-04
8.700000000000000000e+02 1.010081443393860034e-04
8.710000000000000000e+02 1.010828962407952478e-04
8.720000000000000000e+02 1.011048962778558470e-04
8.730000000000000000e+02 1.010408102396414881e-04
8.740000000000000000e+02 1.010141993063982003e-04
8.750000000000000000e+02 1.010090301799451804e-04
8.760000000000000000e+02 1.010103455221730444e-04
8.770000000000000000e+02 1.010086377499478283e-04
8.780000000000000000e+02 1.010250217643163988e-04
8.790000000000000000e+02 1.010032350188848414e-04
8.800000000000000000e+02 1.010357792163252098e-04
8.810000000000000000e+02 1.010261665301561790e-04
8.820000000000000000e+02 1.010131983597529971e-04
8.830000000000000000e+02 1.010165625315184468e-04
8.840000000000000000e+02 1.010118204965271244e-04
8.850000000000000000e+02 1.010150658905272950e-04
8.860000000000000000e+02 1.010650265139075878e-04
8.870000000000000000e+02 1.010506072084311628e-04
8.880000000000000000e+02 1.010584406951761324e-04
8.890000000000000000e+02 1.010940041913943068e-04
8.900000000000000000e+02 1.011118106942111042e-04
8.910000000000000000e+02 1.010802099268775589e-04
8.920000000000000000e+02 1.010118093588491592e-04
8.930000000000000000e+02 1.010860850530507035e-04
8.940000000000000000e+02 1.010575056812364051e-04
8.950000000000000000e+02 1.010162393912686455e-04
8.960000000000000000e+02 1.010284625556791120e-04
8.970000000000000000e+02 1.010113296152857348e-04
8.980000000000000000e+02 1.010887617424518494e-04
8.990000000000000000e+02 1.010152085121572823e-04
9.000000000000000000e+02 1.010182071415583556e-04
9.010000000000000000e+02 1.009977854415240446e-04
9.020000000000000000e+02 1.010226630448828831e-04
9.030000000000000000e+02 1.010333667963850062e-04
9.040000000000000000e+02 1.009803984598345571e-04
9.050000000000000000e+02 1.010378876168730025e-04
9.060000000000000000e+02 1.010442525109369141e-04
9.070000000000000000e+02 1.010225453348935715e-04
9.080000000000000000e+02 1.010412908983181939e-04
9.090000000000000000e+02 1.010299593403038903e-04
9.100000000000000000e+02 1.009966771878770833e-04
9.110000000000000000e+02 1.010037005813442209e-04
9.120000000000000000e+02 1.009935725283771110e-04
9.130000000000000000e+02 1.010214290218414433e-04
9.140000000000000000e+02 1.010472631528172419e-04
