0, 3.0268e-01, 4.1952e-03, fsolve flag:1, 2.9942020773887634e-07, 535
1, 1.4694e-02, 9.7213e-05, fsolve flag:1, 3.8743019104003906e-07, 792
2, 4.1043e-02, 3.9500e-04, fsolve flag:1, 2.2724270820617676e-07, 533
3, 6.1662e-02, 7.7032e-04, fsolve flag:1, 1.5832483768463135e-07, 535
4, 1.0902e-01, 1.5555e-03, fsolve flag:5, 2.60770320892334e-07, 790
5, 2.8620e-01, 9.3548e-03, fsolve flag:1, 4.5122578740119934e-07, 1053
6, 5.8728e-01, 2.4606e-02, fsolve flag:1, 3.0244700610637665e-07, 1053
7, 9.7456e-02, 7.4962e-04, fsolve flag:1, 2.0209699869155884e-07, 1051
8, 2.9350e-02, 1.7941e-04, fsolve flag:1, 3.296881914138794e-07, 793
9, 1.1284e-01, 2.1960e-03, fsolve flag:1, 1.2014061212539673e-07, 1585
10, 2.7146e-02, 2.8852e-04, fsolve flag:1, 3.336463123559952e-07, 1051
11, 5.7562e-02, 7.3216e-04, fsolve flag:1, 3.78582626581192e-07, 1050
12, 1.6285e-02, 8.0629e-05, fsolve flag:1, 1.564621925354004e-07, 793
13, 2.1691e-01, 6.0096e-03, fsolve flag:1, 1.7182901501655579e-07, 1590
14, 2.5543e-01, 2.4254e-03, fsolve flag:1, 1.3474345905706286e-07, 1052
15, 3.0686e-01, 1.0570e-02, fsolve flag:4, 1.7462298274040222e-07, 1851
16, 5.2173e-02, 4.1343e-04, fsolve flag:5, 2.728775143623352e-07, 527
17, 2.2715e-01, 2.1751e-03, fsolve flag:1, 2.0954757928848267e-07, 1309
18, 5.0672e-02, 5.2373e-04, fsolve flag:1, 2.3050233721733093e-07, 1570
19, 4.0837e-01, 2.6195e-02, fsolve flag:1, 2.394663169980049e-07, 535
20, 1.2279e-02, 1.1771e-04, fsolve flag:1, 3.4458935260772705e-07, 793
21, 1.6207e-01, 5.5969e-03, fsolve flag:5, 8.940696716308594e-08, 1319
22, 1.7513e-01, 2.9607e-03, fsolve flag:1, 2.2631138563156128e-07, 794
23, 1.2577e-01, 1.7424e-03, fsolve flag:1, 3.4365803003311157e-07, 1053
24, 2.6232e-02, 1.8036e-04, fsolve flag:1, 1.8067657947540283e-07, 790
25, 1.2138e-01, 1.0633e-03, fsolve flag:1, 2.3702159523963928e-07, 1052
26, 2.7987e-01, 1.0043e-02, fsolve flag:1, 1.424923539161682e-07, 1063
27, 2.1368e-01, 2.7252e-03, fsolve flag:1, 3.282912075519562e-07, 535
28, 1.1312e-01, 1.9924e-03, fsolve flag:1, 1.4528632164001465e-07, 1323
29, 1.9320e-02, 1.5337e-04, fsolve flag:5, 4.23286110162735e-07, 791
30, 1.8690e-01, 6.2214e-03, fsolve flag:1, 1.2665987014770508e-07, 1323
31, 9.7914e-02, 1.8502e-03, fsolve flag:1, 2.0023435354232788e-07, 1052
32, 2.4036e-01, 1.2184e-02, fsolve flag:1, 1.1734664440155029e-07, 809
33, 1.2138e-01, 2.3171e-03, fsolve flag:5, 0.002055387943983078, 1843
34, 1.3564e-02, 7.4644e-05, fsolve flag:1, 3.725290298461914e-07, 1049
35, 2.0855e-02, 1.6724e-04, fsolve flag:1, 3.045424818992615e-07, 794
36, 3.4308e-01, 7.2747e-03, fsolve flag:5, 3.3620744943618774e-07, 790
37, 1.5454e-01, 4.3836e-03, fsolve flag:1, 1.7508864402770996e-07, 1325
39, 2.3094e-02, 2.8674e-04, fsolve flag:1, 3.203749656677246e-07, 1051
40, 2.6038e-02, 2.4253e-04, fsolve flag:5, 1.5692785382270813e-07, 790
41, 2.4502e-02, 1.8190e-04, fsolve flag:1, 1.6763806343078613e-07, 1050
42, 1.6785e-02, 1.6373e-04, fsolve flag:5, 3.688037395477295e-07, 533
43, 2.4860e-02, 1.4354e-04, fsolve flag:1, 1.6763806343078613e-07, 1309
44, 1.5483e-02, 1.3612e-04, fsolve flag:1, 4.989560693502426e-07, 534
45, 2.3032e-01, 7.3077e-03, fsolve flag:1, 2.360902726650238e-07, 1051
46, 1.8411e-01, 2.5051e-03, fsolve flag:1, 2.514570951461792e-07, 1570
47, 1.9524e-01, 7.3062e-03, fsolve flag:5, 1.4062970876693726e-07, 1065
48, 1.4049e-02, 7.6906e-05, fsolve flag:1, 2.0489096641540527e-07, 1049
49, 1.5049e-01, 6.3126e-03, fsolve flag:1, 2.975575625896454e-07, 793
50, 1.5272e-01, 2.4637e-03, fsolve flag:1, 1.9278377294540405e-07, 1310
51, 2.6659e-02, 2.3383e-04, fsolve flag:4, 1.993030309677124e-07, 1303
52, 5.7025e-02, 5.1711e-04, fsolve flag:5, 3.0919909477233887e-07, 527
53, 2.8780e-01, 6.0421e-03, fsolve flag:1, 3.119930624961853e-07, 1309
54, 2.2468e-02, 2.1371e-04, fsolve flag:1, 3.4458935260772705e-07, 792
55, 1.0672e-01, 1.9104e-03, fsolve flag:1, 2.8638169169425964e-07, 791
56, 3.4452e-02, 1.2121e-01, fsolve flag:5, 0.012849376536905766, 527
57, 2.3816e-01, 2.9976e-03, fsolve flag:1, 2.614106051623821e-07, 1053
58, 1.0681e-01, 1.5941e-03, fsolve flag:4, 1.778826117515564e-07, 1834
59, 2.5744e-01, 1.2048e-02, fsolve flag:1, 8.800998330116272e-08, 1065
60, 1.7665e-02, 1.2184e-04, fsolve flag:1, 1.7136335372924805e-07, 1053
61, 1.7319e-01, 6.4201e-03, fsolve flag:1, 1.1175870895385742e-07, 1327
62, 4.3460e-02, 6.9688e-04, fsolve flag:1, 2.835877239704132e-07, 1050
63, 5.6145e-02, 6.4186e-04, fsolve flag:5, 1.7136335372924805e-07, 531
64, 4.2988e-02, 4.6112e-04, fsolve flag:1, 2.7334317564964294e-07, 1570
65, 1.1564e-01, 2.2089e-03, fsolve flag:4, 2.4354085326194763e-07, 1824
66, 2.1801e-01, 5.9742e-03, fsolve flag:5, 1.5160185284912586e-07, 1068
67, 3.1768e-02, 2.5457e-04, fsolve flag:1, 2.9569491744041443e-07, 1566
68, 3.7337e-01, 3.8134e-02, fsolve flag:5, 9.313225746154785e-08, 1065
69, 3.3917e-01, 7.9810e-03, fsolve flag:1, 2.2654421627521515e-07, 1311
70, 1.8151e-02, 2.3844e-04, fsolve flag:1, 3.296881914138794e-07, 793
71, 3.9290e-02, 2.5796e-04, fsolve flag:1, 3.0174851417541504e-07, 791
72, 4.6693e-02, 8.3425e-04, fsolve flag:1, 5.83939254283905e-07, 793
73, 4.0154e-01, 1.8196e-02, fsolve flag:5, 1.7136335372924805e-07, 1063
74, 3.8786e-02, 3.8272e-04, fsolve flag:5, 1.2025702744722366e-07, 1050
75, 1.9363e-01, 4.6499e-03, fsolve flag:1, 2.984306775033474e-07, 1051
76, 3.4248e-02, 8.1580e-04, fsolve flag:1, 4.7171488404273987e-07, 534
77, 1.4259e-01, 2.2132e-03, fsolve flag:5, 3.8277357816696167e-07, 804
78, 3.5578e-02, 2.2465e-04, fsolve flag:1, 1.2945383787155151e-07, 792
79, 5.6097e-01, 2.1086e-02, fsolve flag:1, 2.0070001482963562e-07, 1051
80, 1.6787e-02, 9.8392e-05, fsolve flag:1, 1.7695128917694092e-07, 1309
81, 7.8931e-02, 1.1581e-03, fsolve flag:5, 1.6749254427850246e-07, 788
82, 3.7213e-01, 4.0377e-02, fsolve flag:1, 1.1920928955078125e-07, 809
83, 7.1322e-02, 9.2422e-04, fsolve flag:1, 1.695007085800171e-07, 792
84, 3.3982e-02, 3.3209e-04, fsolve flag:4, 2.691522240638733e-07, 1827
85, 3.1448e-01, 1.5939e-02, fsolve flag:4, 2.6728957891464233e-07, 2617
86, 3.9787e-02, 4.2871e-04, fsolve flag:1, 1.3387762010097504e-07, 792
87, 4.8196e-02, 4.2291e-04, fsolve flag:5, 2.1979212760925293e-07, 792
88, 1.4852e-01, 2.2115e-03, fsolve flag:1, 2.4121254682540894e-07, 1311
89, 2.1522e-01, 1.0207e-02, fsolve flag:1, 1.1548399925231934e-07, 1320
90, 2.5247e-02, 4.3504e-04, fsolve flag:1, 2.0116567611694336e-07, 1050
91, 1.0097e-01, 1.3843e-03, fsolve flag:1, 3.14321368932724e-07, 1053
92, 1.5016e-02, 8.9393e-05, fsolve flag:5, 1.4528632164001465e-07, 788
93, 1.4734e-01, 7.7079e-03, fsolve flag:1, 1.5459954738616943e-07, 1071
94, 3.4857e-02, 3.4368e-04, fsolve flag:1, 3.473833203315735e-07, 793
95, 4.2473e-01, 1.0274e-02, fsolve flag:1, 1.3737007975578308e-07, 1313
96, 4.3141e-02, 4.7304e-04, fsolve flag:4, 1.5320256352424622e-07, 1303
97, 2.2786e-01, 2.8490e-03, fsolve flag:4, 2.959277480840683e-07, 1306
98, 6.5769e-02, 1.0077e-03, fsolve flag:1, 3.674067556858063e-07, 1053
99, 1.3547e-01, 1.4891e-03, fsolve flag:5, 3.1455419957637787e-07, 529
mean err: 5.4384e-03
