0.000000000000000000e+00 1.571492035190264480e-01
1.000000000000000000e+00 4.080315242211023791e-02
2.000000000000000000e+00 2.462260792652765790e-02
3.000000000000000000e+00 2.069142277042071085e-02
4.000000000000000000e+00 1.983487131694952610e-02
5.000000000000000000e+00 1.993917490045229654e-02
6.000000000000000000e+00 1.907227953275044893e-02
7.000000000000000000e+00 1.930612653493881184e-02
8.000000000000000000e+00 1.859358243644237615e-02
9.000000000000000000e+00 1.741121565302213015e-02
1.000000000000000000e+01 1.726157677670319898e-02
1.100000000000000000e+01 1.576594238479932242e-02
1.200000000000000000e+01 1.578296989202499293e-02
1.300000000000000000e+01 1.415593271454175343e-02
1.400000000000000000e+01 1.437009841203689547e-02
1.500000000000000000e+01 1.304634975890318557e-02
1.600000000000000000e+01 1.431116362412770612e-02
1.700000000000000000e+01 1.149074561893939986e-02
1.800000000000000000e+01 1.015611797571182306e-02
1.900000000000000000e+01 9.131286727885405338e-03
2.000000000000000000e+01 8.084206109245617791e-03
2.100000000000000000e+01 6.784175088008244717e-03
2.200000000000000000e+01 5.828014140327771389e-03
2.300000000000000000e+01 5.194438174366950572e-03
2.400000000000000000e+01 4.616879696647326579e-03
2.500000000000000000e+01 3.895693669716517038e-03
2.600000000000000000e+01 3.396903512378533860e-03
2.700000000000000000e+01 2.735673009107510417e-03
2.800000000000000000e+01 2.440457313011089747e-03
2.900000000000000000e+01 2.242625520254175071e-03
3.000000000000000000e+01 1.676083292501668156e-03
3.100000000000000000e+01 1.191041002360483008e-03
3.200000000000000000e+01 1.173124543080727306e-03
3.300000000000000000e+01 1.082103106503685269e-03
3.400000000000000000e+01 1.175775045994669225e-03
3.500000000000000000e+01 7.352789460370938402e-04
3.600000000000000000e+01 8.380756713449955203e-04
3.700000000000000000e+01 7.670442833720396295e-04
3.800000000000000000e+01 5.094256570252279339e-04
3.900000000000000000e+01 4.438061492207149802e-04
4.000000000000000000e+01 4.333804613755395268e-04
4.100000000000000000e+01 4.703366705992569692e-04
4.200000000000000000e+01 4.344537675691147768e-04
4.300000000000000000e+01 4.125203188353528550e-04
4.400000000000000000e+01 4.028046142775565429e-04
4.500000000000000000e+01 5.799361589985588651e-04
4.600000000000000000e+01 5.986480736949791742e-04
4.700000000000000000e+01 3.968021413311362201e-04
4.800000000000000000e+01 2.638293631995717475e-04
4.900000000000000000e+01 3.273728953596825365e-04
5.000000000000000000e+01 2.549498147952059977e-04
5.100000000000000000e+01 2.867840946419164799e-04
5.200000000000000000e+01 2.365687171307702830e-04
5.300000000000000000e+01 3.117552960369114959e-04
5.400000000000000000e+01 2.718976380613943042e-04
5.500000000000000000e+01 4.603547711546222593e-04
5.600000000000000000e+01 3.096193340995038318e-04
5.700000000000000000e+01 2.780934624024666672e-04
5.800000000000000000e+01 1.757496805900397299e-04
5.900000000000000000e+01 2.201726930798031357e-04
6.000000000000000000e+01 1.723717578958409416e-04
6.100000000000000000e+01 2.654749658540822327e-04
6.200000000000000000e+01 3.093597848783247043e-04
6.300000000000000000e+01 2.865577888830254743e-04
6.400000000000000000e+01 1.428838198383649281e-04
6.500000000000000000e+01 1.358606611999372670e-04
6.600000000000000000e+01 1.505800640249314458e-04
6.700000000000000000e+01 2.029330196091905225e-04
6.800000000000000000e+01 2.021565050624000450e-04
6.900000000000000000e+01 1.829480664067280684e-04
7.000000000000000000e+01 1.364978990265323553e-04
7.100000000000000000e+01 2.785450646964212316e-04
7.200000000000000000e+01 2.471740278027330590e-04
7.300000000000000000e+01 1.598105685358556583e-04
7.400000000000000000e+01 1.483826135518029408e-04
7.500000000000000000e+01 1.783509495241256929e-04
7.600000000000000000e+01 1.644290110561996644e-04
7.700000000000000000e+01 1.303209788845075901e-04
7.800000000000000000e+01 1.404795013271117085e-04
7.900000000000000000e+01 1.018959523935336658e-04
8.000000000000000000e+01 1.098706019305003201e-04
8.100000000000000000e+01 1.404271099211958594e-04
8.200000000000000000e+01 2.677482103172224037e-04
8.300000000000000000e+01 1.105097896652296175e-04
8.400000000000000000e+01 1.108142222559157115e-04
8.500000000000000000e+01 1.296833857971554102e-04
8.600000000000000000e+01 1.434301875027207073e-04
8.700000000000000000e+01 1.562287169508635954e-04
8.800000000000000000e+01 9.740397743977761047e-05
8.900000000000000000e+01 1.101650523681503975e-04
9.000000000000000000e+01 1.053843701083678687e-04
9.100000000000000000e+01 1.146342549812591976e-04
9.200000000000000000e+01 1.235281028493773170e-04
9.300000000000000000e+01 1.400150890549411900e-04
9.400000000000000000e+01 1.594539671835567066e-04
9.500000000000000000e+01 9.672748228088797959e-05
9.600000000000000000e+01 1.569577554376640790e-04
9.700000000000000000e+01 1.034334738506004241e-04
9.800000000000000000e+01 8.427571182740697052e-05
9.900000000000000000e+01 1.383629822521470520e-04
1.000000000000000000e+02 1.741542069066781648e-04
1.010000000000000000e+02 9.450624808475065186e-05
1.020000000000000000e+02 1.296579211096589876e-04
1.030000000000000000e+02 1.089340394052366396e-04
1.040000000000000000e+02 7.507460274306747272e-05
1.050000000000000000e+02 6.923570363142062250e-05
1.060000000000000000e+02 4.312175190231452241e-05
1.070000000000000000e+02 9.954417218978050825e-05
1.080000000000000000e+02 7.303987353225238133e-05
1.090000000000000000e+02 8.389156076494448948e-05
1.100000000000000000e+02 1.156215496788111857e-04
1.110000000000000000e+02 1.440202439698623450e-04
1.120000000000000000e+02 5.846872227266430855e-05
1.130000000000000000e+02 7.691449725825805054e-05
1.140000000000000000e+02 9.906919567583826760e-05
1.150000000000000000e+02 8.546823874591306979e-05
1.160000000000000000e+02 8.726108659175224548e-05
1.170000000000000000e+02 1.168693579772176882e-04
1.180000000000000000e+02 1.435092924657510507e-04
1.190000000000000000e+02 8.009881845888836840e-05
1.200000000000000000e+02 1.028091257588433459e-04
1.210000000000000000e+02 6.518549538062265154e-05
1.220000000000000000e+02 7.611224503004146945e-05
1.230000000000000000e+02 4.522538736637216170e-05
1.240000000000000000e+02 6.434892170849101250e-05
1.250000000000000000e+02 8.315294012087785346e-05
1.260000000000000000e+02 5.974536914436612116e-05
1.270000000000000000e+02 2.038031722137626867e-04
1.280000000000000000e+02 4.664677934973345756e-05
1.290000000000000000e+02 7.154780860825363589e-05
1.300000000000000000e+02 1.053010731993708814e-04
1.310000000000000000e+02 6.965984000999014662e-05
1.320000000000000000e+02 6.219963778373009016e-05
1.330000000000000000e+02 6.448866234374388046e-05
1.340000000000000000e+02 8.057464273103202997e-05
1.350000000000000000e+02 7.683233263378497647e-05
1.360000000000000000e+02 1.056815840881123830e-04
1.370000000000000000e+02 5.245027531297334096e-05
1.380000000000000000e+02 5.792236314543212661e-05
1.390000000000000000e+02 7.257727481677042115e-05
1.400000000000000000e+02 4.581416167638962790e-05
1.410000000000000000e+02 3.695845945912879123e-05
1.420000000000000000e+02 5.392731651227222972e-05
1.430000000000000000e+02 5.179625071226230817e-05
1.440000000000000000e+02 3.875569857579345495e-05
1.450000000000000000e+02 6.034084530256222852e-05
1.460000000000000000e+02 5.916053660863932807e-05
1.470000000000000000e+02 5.227628719391456350e-05
1.480000000000000000e+02 4.871601339497525938e-05
1.490000000000000000e+02 4.542972566317379188e-05
1.500000000000000000e+02 4.920536209586619719e-05
1.510000000000000000e+02 4.654823671444319487e-05
1.520000000000000000e+02 5.843888979143230570e-05
1.530000000000000000e+02 6.920585126257113365e-05
1.540000000000000000e+02 6.490384032076690780e-05
1.550000000000000000e+02 5.319133687104719046e-05
1.560000000000000000e+02 5.141829300555400469e-05
1.570000000000000000e+02 4.882541194092482003e-05
1.580000000000000000e+02 4.972510952939046303e-05
1.590000000000000000e+02 3.245935307252996866e-05
1.600000000000000000e+02 6.475058521270208429e-05
1.610000000000000000e+02 5.583250487688928870e-05
1.620000000000000000e+02 1.273735440796978414e-04
1.630000000000000000e+02 4.585164724024556264e-05
1.640000000000000000e+02 4.570326410127260240e-05
1.650000000000000000e+02 5.097117876478781393e-05
1.660000000000000000e+02 3.573968118871562102e-05
1.670000000000000000e+02 4.732694572642988791e-05
1.680000000000000000e+02 3.539565372193465335e-05
1.690000000000000000e+02 7.908113300800323595e-05
1.700000000000000000e+02 7.726765952005128723e-05
1.710000000000000000e+02 4.989649768200857851e-05
1.720000000000000000e+02 3.642306288384133625e-05
1.730000000000000000e+02 3.944047345915653927e-05
1.740000000000000000e+02 4.752200604950000212e-05
1.750000000000000000e+02 3.551285123345830213e-05
1.760000000000000000e+02 6.162081748091925726e-05
1.770000000000000000e+02 4.246069707733112993e-05
1.780000000000000000e+02 4.376436575209178371e-05
1.790000000000000000e+02 4.540186415397329473e-05
1.800000000000000000e+02 7.042564180058737036e-05
1.810000000000000000e+02 4.375058856870358035e-05
1.820000000000000000e+02 1.001957903402702244e-04
1.830000000000000000e+02 3.066995119297644205e-05
1.840000000000000000e+02 4.753030549181858294e-05
1.850000000000000000e+02 6.807360390666872859e-05
1.860000000000000000e+02 2.758861945039825419e-05
1.870000000000000000e+02 6.334451053893038147e-05
1.880000000000000000e+02 3.298934800113784041e-05
1.890000000000000000e+02 5.811737154241806725e-05
1.900000000000000000e+02 5.141879450093256093e-05
1.910000000000000000e+02 4.037873931035088662e-05
1.920000000000000000e+02 3.686444214205645853e-05
1.930000000000000000e+02 3.456735908306048273e-05
1.940000000000000000e+02 3.953715751170724073e-05
1.950000000000000000e+02 4.252885891522358247e-05
1.960000000000000000e+02 3.604578535790399914e-05
1.970000000000000000e+02 3.101578614102133339e-05
1.980000000000000000e+02 5.938643041493681579e-05
1.990000000000000000e+02 4.487222276414589507e-05
2.000000000000000000e+02 6.892020809270131164e-05
2.010000000000000000e+02 2.309075784675466468e-05
2.020000000000000000e+02 4.018667536001885635e-05
2.030000000000000000e+02 4.386763180567261784e-05
2.040000000000000000e+02 3.672393500892212831e-05
2.050000000000000000e+02 4.244169987941859588e-05
2.060000000000000000e+02 7.801940965388591326e-05
2.070000000000000000e+02 3.255886778788408156e-05
2.080000000000000000e+02 3.862428385521828300e-05
2.090000000000000000e+02 2.372412047407124219e-05
2.100000000000000000e+02 4.805029512984522721e-05
2.110000000000000000e+02 5.245304115912100695e-05
2.120000000000000000e+02 4.224532527587143650e-05
2.130000000000000000e+02 4.013682747123918285e-05
2.140000000000000000e+02 3.406359788641566492e-05
2.150000000000000000e+02 2.226413597478919357e-05
2.160000000000000000e+02 4.891010140757619506e-05
2.170000000000000000e+02 2.481629894949340622e-05
2.180000000000000000e+02 4.349487013920831364e-05
2.190000000000000000e+02 6.382051185937597914e-05
2.200000000000000000e+02 5.976323887201336640e-05
2.210000000000000000e+02 3.877323664103944916e-05
2.220000000000000000e+02 4.175178483516598705e-05
2.230000000000000000e+02 6.127230097869566675e-05
2.240000000000000000e+02 3.453312046379626940e-05
2.250000000000000000e+02 3.099762689089402827e-05
2.260000000000000000e+02 3.543469955426796101e-05
2.270000000000000000e+02 2.612005201323578719e-05
2.280000000000000000e+02 4.019125667885722089e-05
2.290000000000000000e+02 2.816220031187792030e-05
2.300000000000000000e+02 2.117760952387470915e-05
2.310000000000000000e+02 5.234817398256078785e-05
2.320000000000000000e+02 4.613937920415385620e-05
2.330000000000000000e+02 2.450459043757291606e-05
2.340000000000000000e+02 3.266497116176955115e-05
2.350000000000000000e+02 3.131049742175188338e-05
2.360000000000000000e+02 5.324762895421978779e-05
2.370000000000000000e+02 2.996349037857726054e-05
2.380000000000000000e+02 4.264204316617300420e-05
2.390000000000000000e+02 2.467217333711838812e-05
2.400000000000000000e+02 2.284866425422175536e-05
2.410000000000000000e+02 4.733212549278201903e-05
2.420000000000000000e+02 2.569340881260965591e-05
2.430000000000000000e+02 2.496557780735505160e-05
2.440000000000000000e+02 3.089618032390717715e-05
2.450000000000000000e+02 3.362732170595942677e-05
2.460000000000000000e+02 2.576537289617893633e-05
2.470000000000000000e+02 4.208992344501894157e-05
2.480000000000000000e+02 3.097265765973134156e-05
2.490000000000000000e+02 4.154519511454661301e-05
2.500000000000000000e+02 3.678938839584589032e-05
2.510000000000000000e+02 2.843852717584620087e-05
2.520000000000000000e+02 2.956793624131629896e-05
2.530000000000000000e+02 2.693121425788073481e-05
2.540000000000000000e+02 2.476438900581949193e-05
2.550000000000000000e+02 2.234129621986842966e-05
2.560000000000000000e+02 3.228049933871564910e-05
2.570000000000000000e+02 2.530125373596092659e-05
2.580000000000000000e+02 2.470918707937623163e-05
2.590000000000000000e+02 2.109414883307181461e-05
2.600000000000000000e+02 3.215456585166975775e-05
2.610000000000000000e+02 2.923803265730384642e-05
2.620000000000000000e+02 3.828046268608887074e-05
2.630000000000000000e+02 2.200163727441880091e-05
2.640000000000000000e+02 2.005384876004730766e-05
2.650000000000000000e+02 2.434941262132876409e-05
2.660000000000000000e+02 2.953276186114332306e-05
2.670000000000000000e+02 3.017239652156907372e-05
2.680000000000000000e+02 2.775723361992277300e-05
2.690000000000000000e+02 2.217259439930785393e-05
2.700000000000000000e+02 1.983166041706378252e-05
2.710000000000000000e+02 3.573124908143654791e-05
2.720000000000000000e+02 2.186629038381700873e-05
2.730000000000000000e+02 4.061023861140711450e-05
2.740000000000000000e+02 2.641583591563782295e-05
2.750000000000000000e+02 2.596273197317107724e-05
2.760000000000000000e+02 1.941106920033538062e-05
2.770000000000000000e+02 2.557862461496066995e-05
2.780000000000000000e+02 2.431553464703028859e-05
2.790000000000000000e+02 2.739177012699656338e-05
2.800000000000000000e+02 2.972748892110151640e-05
2.810000000000000000e+02 2.079806643450865427e-05
2.820000000000000000e+02 3.010566790180746629e-05
2.830000000000000000e+02 2.586113008874235526e-05
2.840000000000000000e+02 1.765788925695232925e-05
2.850000000000000000e+02 1.991001649003010297e-05
2.860000000000000000e+02 2.275651526967218920e-05
2.870000000000000000e+02 3.839689049830970403e-05
2.880000000000000000e+02 2.320170141805040861e-05
2.890000000000000000e+02 2.096333015894439602e-05
2.900000000000000000e+02 2.713332810041417008e-05
2.910000000000000000e+02 2.799947828558894378e-05
2.920000000000000000e+02 2.249999504177442936e-05
2.930000000000000000e+02 2.200301047802592362e-05
2.940000000000000000e+02 2.053776035609189448e-05
2.950000000000000000e+02 2.364001509704394307e-05
2.960000000000000000e+02 2.133408175723161630e-05
2.970000000000000000e+02 2.308368519152281914e-05
2.980000000000000000e+02 2.816045386377178595e-05
2.990000000000000000e+02 2.057711489518017855e-05
3.000000000000000000e+02 1.788946226345918461e-05
3.010000000000000000e+02 1.908454152726335478e-05
3.020000000000000000e+02 4.029896356466148389e-05
3.030000000000000000e+02 2.653084091434720741e-05
3.040000000000000000e+02 1.875567999377380907e-05
3.050000000000000000e+02 1.825261463333542207e-05
3.060000000000000000e+02 2.517139240808319355e-05
3.070000000000000000e+02 1.900533186320293218e-05
3.080000000000000000e+02 4.353972643002634570e-05
3.090000000000000000e+02 1.988609162557016379e-05
3.100000000000000000e+02 1.943132382924280340e-05
3.110000000000000000e+02 1.966457261005416363e-05
3.120000000000000000e+02 2.841727371560409570e-05
3.130000000000000000e+02 1.876966570610723602e-05
3.140000000000000000e+02 1.956044468291414425e-05
3.150000000000000000e+02 2.827116405872705698e-05
3.160000000000000000e+02 1.865567550945949584e-05
3.170000000000000000e+02 2.240632700704736472e-05
3.180000000000000000e+02 1.849609858860882462e-05
3.190000000000000000e+02 2.021161913338194961e-05
3.200000000000000000e+02 1.800368506034525710e-05
3.210000000000000000e+02 2.120635558336895598e-05
3.220000000000000000e+02 1.685437787576423319e-05
3.230000000000000000e+02 2.399741548288147842e-05
3.240000000000000000e+02 1.781744890953026141e-05
3.250000000000000000e+02 2.017320804346430354e-05
3.260000000000000000e+02 2.120626899947334788e-05
3.270000000000000000e+02 1.858350138112048775e-05
3.280000000000000000e+02 1.716523796252052700e-05
3.290000000000000000e+02 2.228886843416451647e-05
3.300000000000000000e+02 1.723736155933389903e-05
3.310000000000000000e+02 2.000730021488076688e-05
3.320000000000000000e+02 1.722168047611679284e-05
3.330000000000000000e+02 2.823837841181860679e-05
3.340000000000000000e+02 1.938989075521628148e-05
3.350000000000000000e+02 2.226851021987386210e-05
3.360000000000000000e+02 1.687306553018667375e-05
3.370000000000000000e+02 1.682884480639283253e-05
3.380000000000000000e+02 1.907524607910697083e-05
3.390000000000000000e+02 1.943957982196783144e-05
3.400000000000000000e+02 1.952490925759775713e-05
3.410000000000000000e+02 2.072345705528277904e-05
3.420000000000000000e+02 2.752951638588759572e-05
3.430000000000000000e+02 1.518346077015545784e-05
3.440000000000000000e+02 2.330770148546435007e-05
3.450000000000000000e+02 1.901341524596015766e-05
3.460000000000000000e+02 1.804465278837596876e-05
3.470000000000000000e+02 1.869073205549890787e-05
3.480000000000000000e+02 1.865029710946449547e-05
3.490000000000000000e+02 1.607089709674861894e-05
3.500000000000000000e+02 2.619440521812066531e-05
3.510000000000000000e+02 1.920201969672537742e-05
3.520000000000000000e+02 1.901935799348090375e-05
3.530000000000000000e+02 2.102112225353873110e-05
3.540000000000000000e+02 1.862189751894523546e-05
3.550000000000000000e+02 1.835107522007698751e-05
3.560000000000000000e+02 1.585948800008433402e-05
3.570000000000000000e+02 1.612596498792602851e-05
3.580000000000000000e+02 1.812745529605308453e-05
3.590000000000000000e+02 1.526997850305633782e-05
3.600000000000000000e+02 1.840938448973853929e-05
3.610000000000000000e+02 1.853437726822448921e-05
3.620000000000000000e+02 1.998414069627566861e-05
3.630000000000000000e+02 2.024030834339404002e-05
3.640000000000000000e+02 2.039251308209107618e-05
3.650000000000000000e+02 2.850662937513940499e-05
3.660000000000000000e+02 1.697753767075482593e-05
3.670000000000000000e+02 1.871155839883916549e-05
3.680000000000000000e+02 1.766105632365603490e-05
3.690000000000000000e+02 1.820962974306894520e-05
3.700000000000000000e+02 1.936789756049014084e-05
3.710000000000000000e+02 1.611935947342620415e-05
3.720000000000000000e+02 2.205424550387154788e-05
3.730000000000000000e+02 1.753917218593415022e-05
3.740000000000000000e+02 1.737995980268654828e-05
3.750000000000000000e+02 1.514652251595786487e-05
3.760000000000000000e+02 1.641473354538902505e-05
3.770000000000000000e+02 1.873189136555690053e-05
3.780000000000000000e+02 1.520008837057199914e-05
3.790000000000000000e+02 1.548357172699373440e-05
3.800000000000000000e+02 1.854391026427038095e-05
3.810000000000000000e+02 1.794505325960926603e-05
3.820000000000000000e+02 1.744373092757693321e-05
3.830000000000000000e+02 1.573304360742137461e-05
3.840000000000000000e+02 1.549789747514296364e-05
3.850000000000000000e+02 1.543907514133025015e-05
3.860000000000000000e+02 1.659029684863829333e-05
3.870000000000000000e+02 1.691612630869106777e-05
3.880000000000000000e+02 1.512009669871379887e-05
3.890000000000000000e+02 1.457384970611504551e-05
3.900000000000000000e+02 1.808128633759527854e-05
3.910000000000000000e+02 1.581454956370483418e-05
3.920000000000000000e+02 1.963911969748247878e-05
3.930000000000000000e+02 1.653356796547692881e-05
3.940000000000000000e+02 1.379469953462830663e-05
3.950000000000000000e+02 2.001397565133326259e-05
3.960000000000000000e+02 1.366675428774518321e-05
3.970000000000000000e+02 1.738336030636370672e-05
3.980000000000000000e+02 1.728521034237928838e-05
3.990000000000000000e+02 1.504748922646588931e-05
4.000000000000000000e+02 1.620633417284504245e-05
4.010000000000000000e+02 1.810899352373477575e-05
4.020000000000000000e+02 1.562331946236857587e-05
4.030000000000000000e+02 1.564228753826076633e-05
4.040000000000000000e+02 1.448997141778818379e-05
4.050000000000000000e+02 1.485232195288214594e-05
4.060000000000000000e+02 1.911599449764859543e-05
4.070000000000000000e+02 1.648052173550240804e-05
4.080000000000000000e+02 1.544192085323933049e-05
4.090000000000000000e+02 1.489338021201547296e-05
4.100000000000000000e+02 1.468704693858550556e-05
4.110000000000000000e+02 1.670189228510328888e-05
4.120000000000000000e+02 1.431797811164869920e-05
4.130000000000000000e+02 1.513133534899679957e-05
4.140000000000000000e+02 1.558569672245842724e-05
4.150000000000000000e+02 1.445895688448217758e-05
4.160000000000000000e+02 1.900268794997828027e-05
4.170000000000000000e+02 1.631023140362230898e-05
4.180000000000000000e+02 1.897025036669219790e-05
4.190000000000000000e+02 1.484918271065301520e-05
4.200000000000000000e+02 1.523444010672392242e-05
4.210000000000000000e+02 1.458633535852034943e-05
4.220000000000000000e+02 1.399922721248003620e-05
4.230000000000000000e+02 1.700248560761489450e-05
4.240000000000000000e+02 1.325059876156350040e-05
4.250000000000000000e+02 1.569115372452263972e-05
4.260000000000000000e+02 1.580785403954602594e-05
4.270000000000000000e+02 1.547783455559207725e-05
4.280000000000000000e+02 1.339856490934228898e-05
4.290000000000000000e+02 1.815366462930493763e-05
4.300000000000000000e+02 1.540948176019204304e-05
4.310000000000000000e+02 1.384663933398163238e-05
4.320000000000000000e+02 1.957611720475445713e-05
4.330000000000000000e+02 1.624281379918102229e-05
4.340000000000000000e+02 1.426409016858087853e-05
4.350000000000000000e+02 1.445390788527826507e-05
4.360000000000000000e+02 1.498321444766285449e-05
4.370000000000000000e+02 1.988588539461488727e-05
4.380000000000000000e+02 1.324440452663111439e-05
4.390000000000000000e+02 1.427104283114507162e-05
4.400000000000000000e+02 1.584222791279899024e-05
4.410000000000000000e+02 1.496452930344579062e-05
4.420000000000000000e+02 1.279675338082597645e-05
4.430000000000000000e+02 1.577185546921100508e-05
4.440000000000000000e+02 1.612612582903238890e-05
4.450000000000000000e+02 1.595072858132577209e-05
4.460000000000000000e+02 1.507209544797660715e-05
4.470000000000000000e+02 1.446358231381357981e-05
4.480000000000000000e+02 1.307104457130966157e-05
4.490000000000000000e+02 1.362963959157544460e-05
4.500000000000000000e+02 1.553456348119652803e-05
4.510000000000000000e+02 1.494205231210798936e-05
4.520000000000000000e+02 1.462604597691097222e-05
4.530000000000000000e+02 1.459353836253285333e-05
4.540000000000000000e+02 1.347322793056567519e-05
4.550000000000000000e+02 1.306090628228654732e-05
4.560000000000000000e+02 1.585489524586591842e-05
4.570000000000000000e+02 1.438947256247047369e-05
4.580000000000000000e+02 1.324019896856043549e-05
4.590000000000000000e+02 1.321536196580079058e-05
4.600000000000000000e+02 1.316042382920083338e-05
4.610000000000000000e+02 1.365781097168413243e-05
4.620000000000000000e+02 1.297026961159038718e-05
4.630000000000000000e+02 1.308634064116631567e-05
4.640000000000000000e+02 1.351674054603790898e-05
4.650000000000000000e+02 1.379205419046532655e-05
4.660000000000000000e+02 1.332482261204859276e-05
4.670000000000000000e+02 1.362921171676134670e-05
4.680000000000000000e+02 1.543363233698376896e-05
4.690000000000000000e+02 1.436452973090733102e-05
4.700000000000000000e+02 1.450836440805384624e-05
4.710000000000000000e+02 1.316761390626197647e-05
4.720000000000000000e+02 1.535039590332113696e-05
4.730000000000000000e+02 1.500703217364692415e-05
4.740000000000000000e+02 1.252231872664803347e-05
4.750000000000000000e+02 1.358806175024559035e-05
4.760000000000000000e+02 1.284276967150314337e-05
4.770000000000000000e+02 1.405940595456437786e-05
4.780000000000000000e+02 1.429955286463761376e-05
4.790000000000000000e+02 1.267654430193942917e-05
4.800000000000000000e+02 1.543274385767290396e-05
4.810000000000000000e+02 1.357140534310019616e-05
4.820000000000000000e+02 1.343503437359080058e-05
4.830000000000000000e+02 1.336779044625776188e-05
4.840000000000000000e+02 1.414527666080781823e-05
4.850000000000000000e+02 1.226605556439608396e-05
4.860000000000000000e+02 1.441543613812731042e-05
4.870000000000000000e+02 1.287712936876535667e-05
4.880000000000000000e+02 1.286046857179220066e-05
4.890000000000000000e+02 1.363319530355511213e-05
4.900000000000000000e+02 1.393574464600533186e-05
4.910000000000000000e+02 1.266233298035027997e-05
4.920000000000000000e+02 1.598339840711559965e-05
4.930000000000000000e+02 1.343133792033768320e-05
4.940000000000000000e+02 1.381642718115472221e-05
4.950000000000000000e+02 1.317351444110196702e-05
4.960000000000000000e+02 1.213647256008698537e-05
4.970000000000000000e+02 1.359503076552452173e-05
4.980000000000000000e+02 1.254096460494717236e-05
4.990000000000000000e+02 1.279109975560762362e-05
5.000000000000000000e+02 1.371444282388741477e-05
5.010000000000000000e+02 1.284791196061026652e-05
5.020000000000000000e+02 1.315506015695670375e-05
5.030000000000000000e+02 1.270639410601385536e-05
5.040000000000000000e+02 1.321879898265857943e-05
5.050000000000000000e+02 1.238038229227337714e-05
5.060000000000000000e+02 1.343397376331267824e-05
5.070000000000000000e+02 1.249749177077319432e-05
5.080000000000000000e+02 1.283135504612194761e-05
5.090000000000000000e+02 1.338643322621161710e-05
5.100000000000000000e+02 1.241892782976113518e-05
5.110000000000000000e+02 1.204469529208533214e-05
5.120000000000000000e+02 1.460214492302232687e-05
5.130000000000000000e+02 1.396753901644842747e-05
5.140000000000000000e+02 1.372778315271716497e-05
5.150000000000000000e+02 1.292307061400303271e-05
5.160000000000000000e+02 1.300454992815502865e-05
5.170000000000000000e+02 1.195877305993538649e-05
5.180000000000000000e+02 1.342554752530607701e-05
5.190000000000000000e+02 1.374011574929075615e-05
5.200000000000000000e+02 1.478554155861881296e-05
5.210000000000000000e+02 1.263733968395778522e-05
5.220000000000000000e+02 1.347822656195300278e-05
5.230000000000000000e+02 1.371230868244310827e-05
5.240000000000000000e+02 1.265078253103032157e-05
5.250000000000000000e+02 1.235188990297804974e-05
5.260000000000000000e+02 1.265010791030363200e-05
5.270000000000000000e+02 1.285928101424360648e-05
5.280000000000000000e+02 1.193439078633673442e-05
5.290000000000000000e+02 1.315753708695410710e-05
5.300000000000000000e+02 1.293251852985122241e-05
5.310000000000000000e+02 1.385041785397334065e-05
5.320000000000000000e+02 1.283153060285258073e-05
5.330000000000000000e+02 1.248015594683238312e-05
5.340000000000000000e+02 1.341270100359300424e-05
5.350000000000000000e+02 1.205249001941410818e-05
5.360000000000000000e+02 1.217485180556347308e-05
5.370000000000000000e+02 1.234899025196985627e-05
5.380000000000000000e+02 1.224031311115444053e-05
5.390000000000000000e+02 1.284596285889468455e-05
5.400000000000000000e+02 1.214685698262959168e-05
5.410000000000000000e+02 1.159213920497374215e-05
5.420000000000000000e+02 1.313658976869191907e-05
5.430000000000000000e+02 1.243611736451081605e-05
5.440000000000000000e+02 1.206386588819441413e-05
5.450000000000000000e+02 1.214297476205198767e-05
5.460000000000000000e+02 1.305572315080401861e-05
5.470000000000000000e+02 1.266924872349288043e-05
5.480000000000000000e+02 1.201509431363471437e-05
5.490000000000000000e+02 1.176796390306359762e-05
5.500000000000000000e+02 1.208580424039003718e-05
5.510000000000000000e+02 1.205915100702744337e-05
5.520000000000000000e+02 1.264462446367057686e-05
5.530000000000000000e+02 1.179210481495829245e-05
5.540000000000000000e+02 1.209452418455233118e-05
5.550000000000000000e+02 1.267233431159790218e-05
5.560000000000000000e+02 1.234353425388690037e-05
5.570000000000000000e+02 1.206767386975116117e-05
5.580000000000000000e+02 1.218716340493604826e-05
5.590000000000000000e+02 1.193094112750259228e-05
5.600000000000000000e+02 1.246842064574593719e-05
5.610000000000000000e+02 1.216651539531691605e-05
5.620000000000000000e+02 1.201388738991227075e-05
5.630000000000000000e+02 1.207589478629718766e-05
5.640000000000000000e+02 1.194789977186398261e-05
5.650000000000000000e+02 1.203702387404822085e-05
5.660000000000000000e+02 1.236033202682544205e-05
5.670000000000000000e+02 1.173018286256895693e-05
5.680000000000000000e+02 1.145394800308470954e-05
5.690000000000000000e+02 1.225055517352302505e-05
5.700000000000000000e+02 1.190322434316234119e-05
5.710000000000000000e+02 1.223800809990886320e-05
5.720000000000000000e+02 1.162500161323502401e-05
5.730000000000000000e+02 1.282022281884565066e-05
5.740000000000000000e+02 1.165921006759162911e-05
5.750000000000000000e+02 1.141986345828627250e-05
5.760000000000000000e+02 1.174361625089659281e-05
5.770000000000000000e+02 1.265518587994544515e-05
5.780000000000000000e+02 1.257479856576537734e-05
5.790000000000000000e+02 1.188343040970115365e-05
5.800000000000000000e+02 1.152781384613869446e-05
5.810000000000000000e+02 1.235310958387951081e-05
5.820000000000000000e+02 1.200340212866043013e-05
5.830000000000000000e+02 1.165156079878215685e-05
5.840000000000000000e+02 1.239646948912801758e-05
5.850000000000000000e+02 1.160492645188545264e-05
5.860000000000000000e+02 1.174105294921901097e-05
5.870000000000000000e+02 1.235315995775939305e-05
5.880000000000000000e+02 1.237681764905573793e-05
5.890000000000000000e+02 1.191703774262956942e-05
5.900000000000000000e+02 1.162507028614830518e-05
5.910000000000000000e+02 1.163479745931302544e-05
5.920000000000000000e+02 1.174014773520563471e-05
5.930000000000000000e+02 1.143076316414711405e-05
5.940000000000000000e+02 1.179696218362854209e-05
5.950000000000000000e+02 1.195639592575995789e-05
5.960000000000000000e+02 1.162263938870940751e-05
5.970000000000000000e+02 1.155040306912269484e-05
5.980000000000000000e+02 1.208518092729112426e-05
5.990000000000000000e+02 1.193513107864419032e-05
6.000000000000000000e+02 1.198978690202541955e-05
6.010000000000000000e+02 1.165170216457530265e-05
6.020000000000000000e+02 1.170003144579823054e-05
6.030000000000000000e+02 1.157274194459508540e-05
6.040000000000000000e+02 1.223364832791654951e-05
6.050000000000000000e+02 1.217716691826353706e-05
6.060000000000000000e+02 1.163443252153228955e-05
6.070000000000000000e+02 1.164439997107062122e-05
6.080000000000000000e+02 1.211587652505841032e-05
6.090000000000000000e+02 1.167604377163418814e-05
6.100000000000000000e+02 1.140203446387507273e-05
6.110000000000000000e+02 1.148016102888504893e-05
6.120000000000000000e+02 1.138524741084741802e-05
6.130000000000000000e+02 1.172051181735393340e-05
6.140000000000000000e+02 1.225117125310741005e-05
6.150000000000000000e+02 1.202918398727585195e-05
6.160000000000000000e+02 1.195638603652090086e-05
6.170000000000000000e+02 1.181141615840412330e-05
6.180000000000000000e+02 1.147219360063900219e-05
6.190000000000000000e+02 1.110818665135108560e-05
6.200000000000000000e+02 1.202068659040378380e-05
6.210000000000000000e+02 1.104047012631781338e-05
6.220000000000000000e+02 1.122184930257693212e-05
6.230000000000000000e+02 1.153074567506943571e-05
6.240000000000000000e+02 1.163898508214818647e-05
6.250000000000000000e+02 1.114714240732913218e-05
6.260000000000000000e+02 1.121635406282924388e-05
6.270000000000000000e+02 1.160211821115808636e-05
6.280000000000000000e+02 1.153078549881077603e-05
6.290000000000000000e+02 1.146814372987137251e-05
6.300000000000000000e+02 1.137694127464783439e-05
6.310000000000000000e+02 1.150670896701437108e-05
6.320000000000000000e+02 1.251546198545838747e-05
6.330000000000000000e+02 1.116384438015908655e-05
6.340000000000000000e+02 1.107364260557612092e-05
6.350000000000000000e+02 1.160172988723691927e-05
6.360000000000000000e+02 1.133555482738302076e-05
6.370000000000000000e+02 1.202005549809352223e-05
6.380000000000000000e+02 1.106067441166184557e-05
6.390000000000000000e+02 1.132454282924300019e-05
6.400000000000000000e+02 1.130099616299655050e-05
6.410000000000000000e+02 1.115804259219051726e-05
6.420000000000000000e+02 1.179028805078511745e-05
6.430000000000000000e+02 1.119088431854227891e-05
6.440000000000000000e+02 1.250801286611628345e-05
6.450000000000000000e+02 1.137773467538257517e-05
6.460000000000000000e+02 1.139107298513408683e-05
6.470000000000000000e+02 1.129209530214817821e-05
6.480000000000000000e+02 1.104481214497354887e-05
6.490000000000000000e+02 1.124234979215543744e-05
6.500000000000000000e+02 1.094822173399734277e-05
6.510000000000000000e+02 1.143201422261578629e-05
6.520000000000000000e+02 1.137074161912702670e-05
6.530000000000000000e+02 1.152848274917535851e-05
6.540000000000000000e+02 1.127227022152510445e-05
6.550000000000000000e+02 1.121297356197222374e-05
6.560000000000000000e+02 1.193683539289243757e-05
6.570000000000000000e+02 1.174960349089815295e-05
6.580000000000000000e+02 1.122026253748723951e-05
6.590000000000000000e+02 1.118555675930110799e-05
6.600000000000000000e+02 1.151003074483014697e-05
6.610000000000000000e+02 1.109854181777336574e-05
6.620000000000000000e+02 1.099124999503449890e-05
6.630000000000000000e+02 1.125128983403556049e-05
6.640000000000000000e+02 1.111531823577630939e-05
6.650000000000000000e+02 1.093440777064339849e-05
6.660000000000000000e+02 1.093714279098397474e-05
6.670000000000000000e+02 1.166480557003524100e-05
6.680000000000000000e+02 1.110221458778444977e-05
6.690000000000000000e+02 1.082251825209823451e-05
6.700000000000000000e+02 1.105734305989851012e-05
6.710000000000000000e+02 1.116536859626648914e-05
6.720000000000000000e+02 1.113230438932077885e-05
6.730000000000000000e+02 1.107033602238516296e-05
6.740000000000000000e+02 1.098359718525898670e-05
6.750000000000000000e+02 1.129434785980265655e-05
6.760000000000000000e+02 1.134236366245507494e-05
6.770000000000000000e+02 1.125942943569195083e-05
6.780000000000000000e+02 1.115515365502991176e-05
6.790000000000000000e+02 1.099423430787283077e-05
6.800000000000000000e+02 1.092977024503246201e-05
6.810000000000000000e+02 1.103887469071196399e-05
6.820000000000000000e+02 1.082786040569772006e-05
6.830000000000000000e+02 1.086599921715484592e-05
6.840000000000000000e+02 1.092732424391821625e-05
6.850000000000000000e+02 1.115691093824959047e-05
6.860000000000000000e+02 1.095980140841371937e-05
6.870000000000000000e+02 1.141359975614856602e-05
6.880000000000000000e+02 1.114065637617992849e-05
6.890000000000000000e+02 1.083970031686476350e-05
6.900000000000000000e+02 1.203023068228503649e-05
6.910000000000000000e+02 1.099811030750667309e-05
6.920000000000000000e+02 1.098227471932962897e-05
6.930000000000000000e+02 1.086500244734149175e-05
6.940000000000000000e+02 1.091299377852313479e-05
6.950000000000000000e+02 1.096251606819957189e-05
6.960000000000000000e+02 1.094423178074066493e-05
6.970000000000000000e+02 1.113392457530911380e-05
6.980000000000000000e+02 1.070174503183807213e-05
6.990000000000000000e+02 1.161071570701703042e-05
7.000000000000000000e+02 1.082028168942391240e-05
7.010000000000000000e+02 1.092602361192499838e-05
7.020000000000000000e+02 1.074187421181704815e-05
7.030000000000000000e+02 1.106146960106949995e-05
7.040000000000000000e+02 1.094138769985875115e-05
7.050000000000000000e+02 1.085005343459973485e-05
7.060000000000000000e+02 1.086707983631640727e-05
7.070000000000000000e+02 1.089450251432329729e-05
7.080000000000000000e+02 1.070302164104456653e-05
7.090000000000000000e+02 1.085997166228480563e-05
7.100000000000000000e+02 1.111963068372763925e-05
7.110000000000000000e+02 1.079851836038869806e-05
7.120000000000000000e+02 1.071970418706769158e-05
7.130000000000000000e+02 1.120302065828582313e-05
7.140000000000000000e+02 1.105742210711468915e-05
7.150000000000000000e+02 1.079666199075290967e-05
7.160000000000000000e+02 1.116903634586681979e-05
7.170000000000000000e+02 1.070571564923739047e-05
7.180000000000000000e+02 1.066073417556860246e-05
7.190000000000000000e+02 1.104068464580147201e-05
7.200000000000000000e+02 1.100369415022820799e-05
7.210000000000000000e+02 1.071626078555709669e-05
7.220000000000000000e+02 1.080523295361975527e-05
7.230000000000000000e+02 1.088669526628412605e-05
7.240000000000000000e+02 1.080624017049558522e-05
7.250000000000000000e+02 1.075312249668059000e-05
7.260000000000000000e+02 1.053660139708275336e-05
7.270000000000000000e+02 1.099259528321757348e-05
7.280000000000000000e+02 1.108412283429061015e-05
7.290000000000000000e+02 1.077967166565940702e-05
7.300000000000000000e+02 1.088449787251496008e-05
7.310000000000000000e+02 1.059459311970082690e-05
7.320000000000000000e+02 1.073870557471915753e-05
7.330000000000000000e+02 1.068153865465622688e-05
7.340000000000000000e+02 1.090411431505344849e-05
7.350000000000000000e+02 1.082255250366870341e-05
7.360000000000000000e+02 1.102456815715413615e-05
7.370000000000000000e+02 1.074495311816766172e-05
7.380000000000000000e+02 1.077810500646592057e-05
7.390000000000000000e+02 1.075513298928853995e-05
7.400000000000000000e+02 1.067532515056276028e-05
7.410000000000000000e+02 1.076458605287674182e-05
7.420000000000000000e+02 1.067570431890392975e-05
7.430000000000000000e+02 1.063220506694051403e-05
7.440000000000000000e+02 1.088999864199043517e-05
7.450000000000000000e+02 1.070052030020936773e-05
7.460000000000000000e+02 1.093857078861522808e-05
7.470000000000000000e+02 1.075842718516166050e-05
7.480000000000000000e+02 1.066143118199154993e-05
7.490000000000000000e+02 1.061397402130144975e-05
7.500000000000000000e+02 1.098256883778958636e-05
7.510000000000000000e+02 1.076629275000110867e-05
7.520000000000000000e+02 1.079675655394870142e-05
7.530000000000000000e+02 1.066081297418956291e-05
7.540000000000000000e+02 1.071297814632998698e-05
7.550000000000000000e+02 1.060872105275242052e-05
7.560000000000000000e+02 1.074814520203896513e-05
7.570000000000000000e+02 1.068662158407581351e-05
7.580000000000000000e+02 1.078560343254745632e-05
7.590000000000000000e+02 1.077104182816886574e-05
7.600000000000000000e+02 1.060714232759588976e-05
7.610000000000000000e+02 1.072040062960392469e-05
7.620000000000000000e+02 1.060940846703791311e-05
7.630000000000000000e+02 1.061962838624215930e-05
7.640000000000000000e+02 1.075882821775545978e-05
7.650000000000000000e+02 1.091824638327428466e-05
7.660000000000000000e+02 1.081426020997847968e-05
7.670000000000000000e+02 1.071807999323937117e-05
7.680000000000000000e+02 1.062109739602116494e-05
7.690000000000000000e+02 1.083499483380971164e-05
7.700000000000000000e+02 1.059021834710923296e-05
7.710000000000000000e+02 1.095657180485432002e-05
7.720000000000000000e+02 1.062780104499931094e-05
7.730000000000000000e+02 1.059663466852119492e-05
7.740000000000000000e+02 1.058145420756773044e-05
7.750000000000000000e+02 1.050873222993686734e-05
7.760000000000000000e+02 1.068055855284910676e-05
7.770000000000000000e+02 1.052796088818771207e-05
7.780000000000000000e+02 1.056339956145772384e-05
7.790000000000000000e+02 1.070377777068642825e-05
7.800000000000000000e+02 1.054735832440201119e-05
7.810000000000000000e+02 1.066954678511441114e-05
7.820000000000000000e+02 1.067418719685519998e-05
7.830000000000000000e+02 1.081934813555562875e-05
7.840000000000000000e+02 1.074892356579463670e-05
7.850000000000000000e+02 1.060260901188788249e-05
7.860000000000000000e+02 1.061515669789514565e-05
7.870000000000000000e+02 1.054635822583804838e-05
7.880000000000000000e+02 1.055564270548832848e-05
7.890000000000000000e+02 1.082366403352352872e-05
7.900000000000000000e+02 1.053077089333479932e-05
7.910000000000000000e+02 1.049727796271326925e-05
7.920000000000000000e+02 1.066780427208868773e-05
7.930000000000000000e+02 1.051384437838957319e-05
7.940000000000000000e+02 1.067191748006734943e-05
7.950000000000000000e+02 1.054011874051260137e-05
7.960000000000000000e+02 1.072614328829028412e-05
7.970000000000000000e+02 1.056419247712862379e-05
7.980000000000000000e+02 1.053116464390768710e-05
7.990000000000000000e+02 1.038934450358889623e-05
8.000000000000000000e+02 1.049464337484096170e-05
8.010000000000000000e+02 1.043546006258111420e-05
8.020000000000000000e+02 1.082155037389990574e-05
8.030000000000000000e+02 1.059306179134485618e-05
8.040000000000000000e+02 1.050741571816615740e-05
8.050000000000000000e+02 1.051790483567553205e-05
8.060000000000000000e+02 1.067431220387031018e-05
8.070000000000000000e+02 1.057788253092439832e-05
8.080000000000000000e+02 1.065994956661597826e-05
8.090000000000000000e+02 1.050816631808023227e-05
8.100000000000000000e+02 1.049706965811007330e-05
8.110000000000000000e+02 1.057005871189176186e-05
8.120000000000000000e+02 1.043939508842110362e-05
8.130000000000000000e+02 1.054529930722007249e-05
8.140000000000000000e+02 1.041143331046138550e-05
8.150000000000000000e+02 1.045026506593179250e-05
8.160000000000000000e+02 1.049062481494426428e-05
8.170000000000000000e+02 1.052336204641809089e-05
8.180000000000000000e+02 1.049387093492744796e-05
8.190000000000000000e+02 1.064712641285344306e-05
8.200000000000000000e+02 1.063438759350295417e-05
8.210000000000000000e+02 1.068778872650000307e-05
8.220000000000000000e+02 1.078181643000182995e-05
8.230000000000000000e+02 1.043275162980232068e-05
8.240000000000000000e+02 1.044234630777888693e-05
8.250000000000000000e+02 1.052402147251996252e-05
8.260000000000000000e+02 1.046813767364559110e-05
8.270000000000000000e+02 1.043146126297263721e-05
8.280000000000000000e+02 1.046434115778538337e-05
8.290000000000000000e+02 1.056886869870747188e-05
8.300000000000000000e+02 1.060024430141008194e-05
8.310000000000000000e+02 1.038412727818164736e-05
8.320000000000000000e+02 1.042245456725746985e-05
8.330000000000000000e+02 1.044362415996147252e-05
8.340000000000000000e+02 1.050418227653911596e-05
8.350000000000000000e+02 1.055216032303481614e-05
8.360000000000000000e+02 1.043700111040379859e-05
8.370000000000000000e+02 1.044153100034842839e-05
8.380000000000000000e+02 1.042246471115504446e-05
8.390000000000000000e+02 1.046135480767892102e-05
8.400000000000000000e+02 1.063601574060157913e-05
8.410000000000000000e+02 1.036841827954049303e-05
8.420000000000000000e+02 1.049248211832794707e-05
8.430000000000000000e+02 1.034540230951582347e-05
8.440000000000000000e+02 1.042128698221252572e-05
8.450000000000000000e+02 1.044892091764874464e-05
8.460000000000000000e+02 1.058438316855851296e-05
8.470000000000000000e+02 1.042671129956336930e-05
8.480000000000000000e+02 1.042529335488022074e-05
8.490000000000000000e+02 1.047641804689192294e-05
8.500000000000000000e+02 1.039451080941944383e-05
8.510000000000000000e+02 1.036842787167794622e-05
8.520000000000000000e+02 1.039203681405827641e-05
8.530000000000000000e+02 1.042608601589260310e-05
8.540000000000000000e+02 1.040900680285024796e-05
8.550000000000000000e+02 1.060565393345314105e-05
8.560000000000000000e+02 1.043049553118180409e-05
8.570000000000000000e+02 1.039144771615004514e-05
8.580000000000000000e+02 1.045224528449277074e-05
8.590000000000000000e+02 1.042415395204443525e-05
8.600000000000000000e+02 1.033148292359934875e-05
8.610000000000000000e+02 1.035657362687440303e-05
8.620000000000000000e+02 1.042160126720167085e-05
8.630000000000000000e+02 1.050929983345364886e-05
8.640000000000000000e+02 1.035570139720221016e-05
8.650000000000000000e+02 1.049016085744369762e-05
8.660000000000000000e+02 1.036465122524532408e-05
8.670000000000000000e+02 1.044413334360190926e-05
8.680000000000000000e+02 1.036419374941033230e-05
8.690000000000000000e+02 1.040814790637038322e-05
8.700000000000000000e+02 1.032422888480747771e-05
8.710000000000000000e+02 1.052687428455101299e-05
8.720000000000000000e+02 1.030993395640204429e-05
8.730000000000000000e+02 1.033592759995372041e-05
8.740000000000000000e+02 1.034304461427382221e-05
8.750000000000000000e+02 1.037579917465336607e-05
8.760000000000000000e+02 1.031856407886759140e-05
8.770000000000000000e+02 1.037865184116526581e-05
8.780000000000000000e+02 1.051306375908704081e-05
8.790000000000000000e+02 1.052456520483247032e-05
8.800000000000000000e+02 1.055003111711509220e-05
8.810000000000000000e+02 1.040962892754275059e-05
8.820000000000000000e+02 1.029585224993449404e-05
8.830000000000000000e+02 1.036719819239806465e-05
8.840000000000000000e+02 1.040479184060435117e-05
8.850000000000000000e+02 1.036460459848361409e-05
8.860000000000000000e+02 1.050849459716118872e-05
8.870000000000000000e+02 1.047386190596929112e-05
8.880000000000000000e+02 1.037579100132764643e-05
8.890000000000000000e+02 1.032278423129658494e-05
8.900000000000000000e+02 1.033719535068181935e-05
8.910000000000000000e+02 1.030376302272391866e-05
8.920000000000000000e+02 1.028201942972373211e-05
8.930000000000000000e+02 1.051989450085481275e-05
8.940000000000000000e+02 1.035402666578496147e-05
8.950000000000000000e+02 1.030312333265707482e-05
8.960000000000000000e+02 1.032070539925674323e-05
8.970000000000000000e+02 1.040528414402312253e-05
8.980000000000000000e+02 1.035832968530788419e-05
8.990000000000000000e+02 1.033339554851409095e-05
9.000000000000000000e+02 1.032999545107789644e-05
9.010000000000000000e+02 1.034854500782481993e-05
9.020000000000000000e+02 1.031212753029346180e-05
9.030000000000000000e+02 1.037057791108964011e-05
9.040000000000000000e+02 1.028531600847297056e-05
9.050000000000000000e+02 1.039281334063465082e-05
9.060000000000000000e+02 1.034603697917191393e-05
9.070000000000000000e+02 1.029686240750985893e-05
9.080000000000000000e+02 1.030713486519137663e-05
9.090000000000000000e+02 1.028687297245293597e-05
9.100000000000000000e+02 1.032175662354954131e-05
9.110000000000000000e+02 1.032364782683240828e-05
9.120000000000000000e+02 1.030506394575543967e-05
9.130000000000000000e+02 1.029503497799547954e-05
9.140000000000000000e+02 1.027592720371709878e-05
9.150000000000000000e+02 1.029779438492065860e-05
9.160000000000000000e+02 1.041061465609042640e-05
9.170000000000000000e+02 1.028023407949755553e-05
9.180000000000000000e+02 1.027664519521446593e-05
9.190000000000000000e+02 1.026637458683884003e-05
9.200000000000000000e+02 1.028838630494040723e-05
9.210000000000000000e+02 1.027672755299135995e-05
9.220000000000000000e+02 1.037272982406041843e-05
9.230000000000000000e+02 1.036000139113942542e-05
9.240000000000000000e+02 1.033712209997853937e-05
9.250000000000000000e+02 1.025343530879278273e-05
9.260000000000000000e+02 1.022479975290480131e-05
9.270000000000000000e+02 1.036524313046053589e-05
9.280000000000000000e+02 1.029649733633656694e-05
9.290000000000000000e+02 1.032868680340470766e-05
9.300000000000000000e+02 1.028923875613448604e-05
9.310000000000000000e+02 1.030941918846413813e-05
9.320000000000000000e+02 1.027261615187550548e-05
9.330000000000000000e+02 1.027211127317665804e-05
9.340000000000000000e+02 1.027689846523571705e-05
9.350000000000000000e+02 1.022902336141366226e-05
9.360000000000000000e+02 1.032907261105719906e-05
9.370000000000000000e+02 1.025699361586399948e-05
9.380000000000000000e+02 1.035122143245340903e-05
9.390000000000000000e+02 1.023659870649377503e-05
9.400000000000000000e+02 1.026294910237387108e-05
9.410000000000000000e+02 1.025265089992899522e-05
9.420000000000000000e+02 1.024831289517654419e-05
9.430000000000000000e+02 1.023049036424102568e-05
9.440000000000000000e+02 1.038502233617085270e-05
9.450000000000000000e+02 1.034512942472550433e-05
9.460000000000000000e+02 1.031000279302437151e-05
9.470000000000000000e+02 1.030329902884356304e-05
9.480000000000000000e+02 1.033548674361857912e-05
9.490000000000000000e+02 1.027730795006694619e-05
9.500000000000000000e+02 1.024312966061794763e-05
9.510000000000000000e+02 1.040637016558321193e-05
9.520000000000000000e+02 1.033021830759632075e-05
9.530000000000000000e+02 1.028031989941761598e-05
9.540000000000000000e+02 1.021490352286491475e-05
9.550000000000000000e+02 1.033037206677060295e-05
9.560000000000000000e+02 1.025423370568508595e-05
9.570000000000000000e+02 1.029773434008044796e-05
9.580000000000000000e+02 1.022622459762108838e-05
9.590000000000000000e+02 1.023033040837617611e-05
9.600000000000000000e+02 1.023660232628268849e-05
9.610000000000000000e+02 1.024468410832923905e-05
9.620000000000000000e+02 1.023207025355077410e-05
9.630000000000000000e+02 1.024471936640717687e-05
9.640000000000000000e+02 1.032860067425644875e-05
9.650000000000000000e+02 1.031072043891375293e-05
9.660000000000000000e+02 1.022242440133898899e-05
9.670000000000000000e+02 1.025921645729492146e-05
9.680000000000000000e+02 1.027874373903614449e-05
9.690000000000000000e+02 1.023842080636920088e-05
9.700000000000000000e+02 1.026846930471947451e-05
9.710000000000000000e+02 1.026833958045851208e-05
9.720000000000000000e+02 1.027140036361136739e-05
9.730000000000000000e+02 1.021343180885499642e-05
9.740000000000000000e+02 1.025963515833912811e-05
9.750000000000000000e+02 1.022496836109591403e-05
9.760000000000000000e+02 1.025463775780129539e-05
9.770000000000000000e+02 1.031710521298615867e-05
9.780000000000000000e+02 1.023924113421041280e-05
9.790000000000000000e+02 1.022649208001287946e-05
9.800000000000000000e+02 1.025050092115028122e-05
9.810000000000000000e+02 1.020650218682324881e-05
9.820000000000000000e+02 1.028281654726015350e-05
9.830000000000000000e+02 1.021355733125043741e-05
9.840000000000000000e+02 1.029431464606508075e-05
9.850000000000000000e+02 1.022024440317181918e-05
9.860000000000000000e+02 1.022941011494064438e-05
9.870000000000000000e+02 1.023457552946638384e-05
9.880000000000000000e+02 1.029577570686039270e-05
9.890000000000000000e+02 1.019662562005881553e-05
9.900000000000000000e+02 1.025928476034702427e-05
9.910000000000000000e+02 1.023488313876441639e-05
9.920000000000000000e+02 1.024603629048215144e-05
9.930000000000000000e+02 1.024874522651468111e-05
9.940000000000000000e+02 1.019824176182737608e-05
9.950000000000000000e+02 1.021893667711992680e-05
9.960000000000000000e+02 1.026132034288214819e-05
9.970000000000000000e+02 1.019754895726995005e-05
9.980000000000000000e+02 1.023043087722423208e-05
9.990000000000000000e+02 1.026481186878906182e-05
1.000000000000000000e+03 1.030555820155617237e-05
1.001000000000000000e+03 1.020864223998311513e-05
1.002000000000000000e+03 1.019034831188037142e-05
1.003000000000000000e+03 1.018717857732554034e-05
1.004000000000000000e+03 1.023540236322636158e-05
1.005000000000000000e+03 1.025092814719149224e-05
1.006000000000000000e+03 1.020336512738140266e-05
1.007000000000000000e+03 1.021807953899648740e-05
1.008000000000000000e+03 1.021880640109884634e-05
1.009000000000000000e+03 1.020568515741615556e-05
1.010000000000000000e+03 1.020297719151130925e-05
1.011000000000000000e+03 1.018502049798068291e-05
1.012000000000000000e+03 1.028469525408581790e-05
1.013000000000000000e+03 1.022348153128405129e-05
1.014000000000000000e+03 1.021869805602667289e-05
1.015000000000000000e+03 1.023510375792587523e-05
1.016000000000000000e+03 1.020264748755532024e-05
1.017000000000000000e+03 1.021011875006176259e-05
1.018000000000000000e+03 1.019758453670268266e-05
1.019000000000000000e+03 1.019519097705294126e-05
1.020000000000000000e+03 1.028475663891489026e-05
1.021000000000000000e+03 1.020522028435758981e-05
1.022000000000000000e+03 1.019753655782551464e-05
1.023000000000000000e+03 1.027316029649227790e-05
1.024000000000000000e+03 1.026521296201584269e-05
1.025000000000000000e+03 1.025486382180436854e-05
1.026000000000000000e+03 1.019788236590102335e-05
1.027000000000000000e+03 1.019149474814184982e-05
1.028000000000000000e+03 1.021967187019375411e-05
1.029000000000000000e+03 1.017747526323849580e-05
1.030000000000000000e+03 1.023518152578617412e-05
1.031000000000000000e+03 1.018666175999290568e-05
1.032000000000000000e+03 1.024774318769535329e-05
1.033000000000000000e+03 1.018561465874275553e-05
1.034000000000000000e+03 1.020279451646880899e-05
1.035000000000000000e+03 1.020557911639722649e-05
1.036000000000000000e+03 1.020626114647408635e-05
1.037000000000000000e+03 1.018159501351571397e-05
1.038000000000000000e+03 1.020764492447294023e-05
1.039000000000000000e+03 1.019474479107884643e-05
1.040000000000000000e+03 1.022062792496095983e-05
1.041000000000000000e+03 1.016920672554988333e-05
1.042000000000000000e+03 1.020633810791574963e-05
1.043000000000000000e+03 1.018092765662004226e-05
1.044000000000000000e+03 1.023171336782979806e-05
1.045000000000000000e+03 1.022455859735297637e-05
1.046000000000000000e+03 1.017080675107232954e-05
1.047000000000000000e+03 1.016990932839689824e-05
1.048000000000000000e+03 1.023276609582050391e-05
1.049000000000000000e+03 1.020916241031954935e-05
1.050000000000000000e+03 1.018749802218129226e-05
1.051000000000000000e+03 1.020341613790757716e-05
1.052000000000000000e+03 1.015668830101882733e-05
1.053000000000000000e+03 1.018520969106854531e-05
1.054000000000000000e+03 1.016492809261156511e-05
1.055000000000000000e+03 1.018237785198531651e-05
1.056000000000000000e+03 1.019077193632256260e-05
1.057000000000000000e+03 1.018425954801690112e-05
1.058000000000000000e+03 1.017670977792780146e-05
1.059000000000000000e+03 1.016220770907238976e-05
1.060000000000000000e+03 1.016150857443184027e-05
1.061000000000000000e+03 1.019874044989895348e-05
1.062000000000000000e+03 1.016370859967234272e-05
1.063000000000000000e+03 1.018097288882321134e-05
1.064000000000000000e+03 1.020557758238283047e-05
1.065000000000000000e+03 1.016653986274225916e-05
1.066000000000000000e+03 1.016516494322180075e-05
1.067000000000000000e+03 1.018297535968789138e-05
1.068000000000000000e+03 1.016115043967147405e-05
1.069000000000000000e+03 1.015404065280260287e-05
1.070000000000000000e+03 1.019269431708380573e-05
1.071000000000000000e+03 1.016615547996480031e-05
1.072000000000000000e+03 1.020680369038018384e-05
1.073000000000000000e+03 1.015456934207274245e-05
1.074000000000000000e+03 1.016206557930369630e-05
1.075000000000000000e+03 1.017393623745495766e-05
1.076000000000000000e+03 1.015305781644807843e-05
1.077000000000000000e+03 1.016824334025538254e-05
1.078000000000000000e+03 1.014925478860580756e-05
1.079000000000000000e+03 1.016522807428070045e-05
1.080000000000000000e+03 1.014716997815412544e-05
1.081000000000000000e+03 1.018867964982443129e-05
1.082000000000000000e+03 1.015757131729818269e-05
1.083000000000000000e+03 1.014563385372942558e-05
1.084000000000000000e+03 1.019035038552829085e-05
1.085000000000000000e+03 1.016051400559566263e-05
1.086000000000000000e+03 1.018771071661224834e-05
1.087000000000000000e+03 1.016563218702988978e-05
1.088000000000000000e+03 1.016190909164530878e-05
1.089000000000000000e+03 1.015271654978278127e-05
1.090000000000000000e+03 1.016300682143385875e-05
1.091000000000000000e+03 1.014819206829997684e-05
1.092000000000000000e+03 1.016787992436244805e-05
1.093000000000000000e+03 1.015651510291111948e-05
1.094000000000000000e+03 1.017101980930116667e-05
1.095000000000000000e+03 1.018923784310269761e-05
1.096000000000000000e+03 1.018717888049043980e-05
1.097000000000000000e+03 1.015464516967767802e-05
1.098000000000000000e+03 1.016450317062359847e-05
1.099000000000000000e+03 1.017945893181604415e-05
1.100000000000000000e+03 1.016307396033274390e-05
1.101000000000000000e+03 1.016596001136349534e-05
1.102000000000000000e+03 1.014802909291271712e-05
1.103000000000000000e+03 1.016756765845154147e-05
1.104000000000000000e+03 1.017687152852886363e-05
1.105000000000000000e+03 1.016379525026422973e-05
1.106000000000000000e+03 1.014521789329592057e-05
1.107000000000000000e+03 1.015460994797952745e-05
1.108000000000000000e+03 1.016303288755201170e-05
1.109000000000000000e+03 1.016286623780615594e-05
1.110000000000000000e+03 1.014840533874424528e-05
1.111000000000000000e+03 1.015626894513843649e-05
1.112000000000000000e+03 1.018012992669052125e-05
1.113000000000000000e+03 1.017165484881843379e-05
1.114000000000000000e+03 1.015058030437406540e-05
1.115000000000000000e+03 1.017184526669249544e-05
1.116000000000000000e+03 1.017343181350346111e-05
1.117000000000000000e+03 1.015418928242676653e-05
1.118000000000000000e+03 1.014928329216976099e-05
1.119000000000000000e+03 1.016612090097623931e-05
1.120000000000000000e+03 1.014759635533361458e-05
1.121000000000000000e+03 1.017643258819589473e-05
1.122000000000000000e+03 1.016735161101678413e-05
1.123000000000000000e+03 1.016015952094069981e-05
1.124000000000000000e+03 1.017658505588769879e-05
1.125000000000000000e+03 1.018034203298157034e-05
1.126000000000000000e+03 1.015255205250772015e-05
1.127000000000000000e+03 1.016903973625934084e-05
1.128000000000000000e+03 1.016415841756194565e-05
1.129000000000000000e+03 1.014499506709398620e-05
1.130000000000000000e+03 1.014981974852465460e-05
1.131000000000000000e+03 1.015643763215242273e-05
1.132000000000000000e+03 1.018087733730984260e-05
1.133000000000000000e+03 1.016518977242715983e-05
1.134000000000000000e+03 1.014417011901969090e-05
1.135000000000000000e+03 1.015716135952970904e-05
1.136000000000000000e+03 1.014906418276950724e-05
1.137000000000000000e+03 1.014675144081896484e-05
1.138000000000000000e+03 1.015030018606921665e-05
1.139000000000000000e+03 1.015070775489827339e-05
1.140000000000000000e+03 1.014893617442188220e-05
1.141000000000000000e+03 1.014033018388242202e-05
1.142000000000000000e+03 1.014593939544283771e-05
1.143000000000000000e+03 1.014332627770879068e-05
1.144000000000000000e+03 1.015568406122232128e-05
1.145000000000000000e+03 1.014086406939895905e-05
1.146000000000000000e+03 1.014880505560237547e-05
1.147000000000000000e+03 1.016250587781542055e-05
1.148000000000000000e+03 1.014295840529181716e-05
1.149000000000000000e+03 1.013995587830625719e-05
1.150000000000000000e+03 1.014945505327583828e-05
1.151000000000000000e+03 1.015137812525305625e-05
1.152000000000000000e+03 1.013776390512551460e-05
1.153000000000000000e+03 1.015259012395593583e-05
1.154000000000000000e+03 1.014244720257314187e-05
1.155000000000000000e+03 1.014029969762001731e-05
1.156000000000000000e+03 1.014446426173284092e-05
1.157000000000000000e+03 1.014389121337444508e-05
1.158000000000000000e+03 1.014377125102328089e-05
1.159000000000000000e+03 1.014857120632465636e-05
1.160000000000000000e+03 1.016170979710295803e-05
1.161000000000000000e+03 1.014445616116669580e-05
1.162000000000000000e+03 1.013699888668876746e-05
1.163000000000000000e+03 1.014650226352387169e-05
1.164000000000000000e+03 1.014164215424292041e-05
1.165000000000000000e+03 1.014453606937119472e-05
1.166000000000000000e+03 1.013275497825816267e-05
1.167000000000000000e+03 1.014161259566511279e-05
1.168000000000000000e+03 1.012733463236751728e-05
1.169000000000000000e+03 1.014721405226737247e-05
1.170000000000000000e+03 1.013878471591548756e-05
1.171000000000000000e+03 1.013179393945999083e-05
1.172000000000000000e+03 1.013807241179165430e-05
1.173000000000000000e+03 1.015056005295870513e-05
1.174000000000000000e+03 1.014019319579044004e-05
1.175000000000000000e+03 1.013444280033581822e-05
1.176000000000000000e+03 1.013004850998792512e-05
1.177000000000000000e+03 1.013094405910427030e-05
1.178000000000000000e+03 1.013184745412824302e-05
1.179000000000000000e+03 1.015125348809912441e-05
1.180000000000000000e+03 1.014647752526798245e-05
1.181000000000000000e+03 1.014390133908212437e-05
1.182000000000000000e+03 1.013171839076676379e-05
1.183000000000000000e+03 1.013053708447841955e-05
1.184000000000000000e+03 1.014013489718005673e-05
1.185000000000000000e+03 1.013940120780413719e-05
1.186000000000000000e+03 1.012696386169409339e-05
1.187000000000000000e+03 1.015721602622458426e-05
1.188000000000000000e+03 1.014649521190828345e-05
1.189000000000000000e+03 1.012325234720871417e-05
1.190000000000000000e+03 1.012971379168448005e-05
1.191000000000000000e+03 1.012779339362168651e-05
1.192000000000000000e+03 1.013504036260807567e-05
1.193000000000000000e+03 1.013640615686502641e-05
1.194000000000000000e+03 1.014552757017857694e-05
1.195000000000000000e+03 1.014336573158895264e-05
1.196000000000000000e+03 1.013785939600590344e-05
1.197000000000000000e+03 1.013224925676089066e-05
1.198000000000000000e+03 1.013565888570156016e-05
1.199000000000000000e+03 1.012983819843308694e-05
1.200000000000000000e+03 1.013119859635480693e-05
1.201000000000000000e+03 1.012859222707144529e-05
1.202000000000000000e+03 1.014381479762960252e-05
1.203000000000000000e+03 1.013084212900139452e-05
1.204000000000000000e+03 1.013003133872795490e-05
1.205000000000000000e+03 1.011832901591939505e-05
1.206000000000000000e+03 1.014050495844761216e-05
1.207000000000000000e+03 1.012730127210185483e-05
1.208000000000000000e+03 1.013262912844462959e-05
1.209000000000000000e+03 1.013326709047153973e-05
1.210000000000000000e+03 1.013184911547189952e-05
1.211000000000000000e+03 1.015831943732337081e-05
1.212000000000000000e+03 1.013787762834302517e-05
1.213000000000000000e+03 1.012822053477672500e-05
1.214000000000000000e+03 1.017019082913369328e-05
1.215000000000000000e+03 1.013164297546609285e-05
1.216000000000000000e+03 1.012849869463631510e-05
1.217000000000000000e+03 1.013593559036962607e-05
1.218000000000000000e+03 1.014097805333828282e-05
1.219000000000000000e+03 1.013162877522214921e-05
1.220000000000000000e+03 1.013179041062054890e-05
1.221000000000000000e+03 1.013439347540649286e-05
1.222000000000000000e+03 1.012633224187690472e-05
1.223000000000000000e+03 1.012542404472090556e-05
1.224000000000000000e+03 1.013794617392704754e-05
1.225000000000000000e+03 1.012643472980319754e-05
1.226000000000000000e+03 1.013613435134175240e-05
1.227000000000000000e+03 1.013465178402839269e-05
1.228000000000000000e+03 1.012679881872221155e-05
1.229000000000000000e+03 1.012838285532780053e-05
1.230000000000000000e+03 1.013284031917767959e-05
1.231000000000000000e+03 1.012543561955681003e-05
1.232000000000000000e+03 1.012130587696447037e-05
1.233000000000000000e+03 1.013060569069542351e-05
1.234000000000000000e+03 1.013535298625356599e-05
1.235000000000000000e+03 1.012812832414056120e-05
1.236000000000000000e+03 1.012748139449589213e-05
1.237000000000000000e+03 1.013339311612071517e-05
1.238000000000000000e+03 1.013570284461214472e-05
1.239000000000000000e+03 1.012350468954536989e-05
1.240000000000000000e+03 1.013123908099563214e-05
1.241000000000000000e+03 1.012939314023242251e-05
1.242000000000000000e+03 1.012610524412593886e-05
1.243000000000000000e+03 1.012784648992237676e-05
1.244000000000000000e+03 1.014282751081433806e-05
1.245000000000000000e+03 1.013107805192703307e-05
1.246000000000000000e+03 1.013196759231504957e-05
1.247000000000000000e+03 1.012568453006679267e-05
1.248000000000000000e+03 1.012618665602834216e-05
1.249000000000000000e+03 1.012563428351616752e-05
1.250000000000000000e+03 1.013724865818706661e-05
1.251000000000000000e+03 1.014872323139570586e-05
1.252000000000000000e+03 1.012793530511165303e-05
1.253000000000000000e+03 1.012636795470219344e-05
1.254000000000000000e+03 1.012826633692990744e-05
1.255000000000000000e+03 1.012256600612696940e-05
1.256000000000000000e+03 1.013000281697410784e-05
1.257000000000000000e+03 1.013304182076050587e-05
1.258000000000000000e+03 1.012467628849359848e-05
1.259000000000000000e+03 1.012960337296438716e-05
1.260000000000000000e+03 1.012316589064236485e-05
1.261000000000000000e+03 1.012227831476290431e-05
1.262000000000000000e+03 1.012380246417402969e-05
1.263000000000000000e+03 1.013018725037303175e-05
1.264000000000000000e+03 1.012611644303736596e-05
1.265000000000000000e+03 1.012448192947583028e-05
1.266000000000000000e+03 1.012372941962288033e-05
1.267000000000000000e+03 1.012081789667718194e-05
1.268000000000000000e+03 1.012857774185249582e-05
1.269000000000000000e+03 1.012350183979530479e-05
1.270000000000000000e+03 1.012631291208284255e-05
1.271000000000000000e+03 1.012743604102676496e-05
1.272000000000000000e+03 1.011902904792805168e-05
1.273000000000000000e+03 1.012591612379765097e-05
1.274000000000000000e+03 1.012136141677425841e-05
1.275000000000000000e+03 1.012341161185759059e-05
1.276000000000000000e+03 1.012586521028424532e-05
1.277000000000000000e+03 1.012886334744204515e-05
1.278000000000000000e+03 1.013222258431293709e-05
1.279000000000000000e+03 1.012242246360983632e-05
1.280000000000000000e+03 1.012786928792290097e-05
1.281000000000000000e+03 1.012018966018028278e-05
1.282000000000000000e+03 1.013234260123378217e-05
1.283000000000000000e+03 1.013976171331402499e-05
1.284000000000000000e+03 1.012987117671097303e-05
1.285000000000000000e+03 1.012227625324157951e-05
1.286000000000000000e+03 1.011900064744016441e-05
1.287000000000000000e+03 1.012081367055846616e-05
1.288000000000000000e+03 1.012822855045669760e-05
1.289000000000000000e+03 1.012654178339289454e-05
1.290000000000000000e+03 1.011867858323967064e-05
1.291000000000000000e+03 1.013332687458993548e-05
1.292000000000000000e+03 1.012539181222867520e-05
1.293000000000000000e+03 1.012015778542263447e-05
1.294000000000000000e+03 1.011943801737895004e-05
1.295000000000000000e+03 1.012158303637988886e-05
1.296000000000000000e+03 1.011945619514638918e-05
1.297000000000000000e+03 1.011802225548308268e-05
1.298000000000000000e+03 1.012711939135139556e-05
1.299000000000000000e+03 1.013345703540835516e-05
1.300000000000000000e+03 1.011719945987958203e-05
1.301000000000000000e+03 1.012003177796335265e-05
1.302000000000000000e+03 1.012222887463091479e-05
1.303000000000000000e+03 1.012358785980419854e-05
1.304000000000000000e+03 1.012105009673784256e-05
1.305000000000000000e+03 1.012916972589058115e-05
1.306000000000000000e+03 1.012334889310295721e-05
1.307000000000000000e+03 1.012247636632916218e-05
1.308000000000000000e+03 1.012347586462662168e-05
1.309000000000000000e+03 1.012422878072053894e-05
1.310000000000000000e+03 1.011836346757869895e-05
1.311000000000000000e+03 1.012375523714581471e-05
1.312000000000000000e+03 1.011681781771282312e-05
1.313000000000000000e+03 1.011954139661005100e-05
1.314000000000000000e+03 1.011728062925006576e-05
1.315000000000000000e+03 1.012359960441244807e-05
1.316000000000000000e+03 1.012930111755849739e-05
1.317000000000000000e+03 1.012065725565965654e-05
1.318000000000000000e+03 1.011724640799608680e-05
1.319000000000000000e+03 1.012479763934000627e-05
1.320000000000000000e+03 1.011890310716504877e-05
1.321000000000000000e+03 1.012257335484415979e-05
1.322000000000000000e+03 1.012287363361489728e-05
1.323000000000000000e+03 1.011880368726754799e-05
1.324000000000000000e+03 1.012397914261479590e-05
1.325000000000000000e+03 1.012222195640788434e-05
1.326000000000000000e+03 1.012181460585755622e-05
1.327000000000000000e+03 1.012067868941812810e-05
1.328000000000000000e+03 1.012444110529031666e-05
1.329000000000000000e+03 1.012946769454477695e-05
1.330000000000000000e+03 1.011835259608536394e-05
1.331000000000000000e+03 1.011608237604377724e-05
1.332000000000000000e+03 1.012386675332284805e-05
1.333000000000000000e+03 1.012706688925391131e-05
1.334000000000000000e+03 1.011485050185001476e-05
1.335000000000000000e+03 1.012161662098757556e-05
1.336000000000000000e+03 1.012241333228303133e-05
1.337000000000000000e+03 1.012299265615486805e-05
1.338000000000000000e+03 1.011686300747290593e-05
1.339000000000000000e+03 1.012692278285006387e-05
1.340000000000000000e+03 1.012041372329501102e-05
1.341000000000000000e+03 1.011306019184606469e-05
1.342000000000000000e+03 1.011964350861186814e-05
1.343000000000000000e+03 1.011503019374989211e-05
1.344000000000000000e+03 1.011753745236395314e-05
1.345000000000000000e+03 1.012513987613298679e-05
1.346000000000000000e+03 1.011545364841973994e-05
1.347000000000000000e+03 1.011520153648840916e-05
1.348000000000000000e+03 1.012620688925380880e-05
1.349000000000000000e+03 1.012468444362942449e-05
1.350000000000000000e+03 1.011884406276900974e-05
1.351000000000000000e+03 1.011840428570091357e-05
1.352000000000000000e+03 1.013949386712435286e-05
1.353000000000000000e+03 1.011590290242262851e-05
1.354000000000000000e+03 1.011800772175774964e-05
1.355000000000000000e+03 1.011619075143244063e-05
1.356000000000000000e+03 1.011695286554944008e-05
1.357000000000000000e+03 1.012176227353241533e-05
1.358000000000000000e+03 1.011963244309299544e-05
1.359000000000000000e+03 1.011725154360950265e-05
1.360000000000000000e+03 1.011268848136145077e-05
1.361000000000000000e+03 1.011818074402981512e-05
1.362000000000000000e+03 1.011886929821533443e-05
1.363000000000000000e+03 1.010977184099222846e-05
1.364000000000000000e+03 1.011431581597813942e-05
1.365000000000000000e+03 1.011563212159671875e-05
1.366000000000000000e+03 1.011825625027995590e-05
1.367000000000000000e+03 1.011670249984793664e-05
1.368000000000000000e+03 1.011324993063074782e-05
1.369000000000000000e+03 1.011321338107033354e-05
1.370000000000000000e+03 1.011978498960767641e-05
1.371000000000000000e+03 1.011160383010671134e-05
1.372000000000000000e+03 1.012287529495855209e-05
1.373000000000000000e+03 1.011631247820332579e-05
1.374000000000000000e+03 1.011234424368012703e-05
1.375000000000000000e+03 1.012255320650486568e-05
1.376000000000000000e+03 1.011136152252826507e-05
1.377000000000000000e+03 1.011263990221777944e-05
1.378000000000000000e+03 1.011294225463643636e-05
1.379000000000000000e+03 1.011188348153761289e-05
1.380000000000000000e+03 1.012359945282999664e-05
1.381000000000000000e+03 1.012083721434464610e-05
1.382000000000000000e+03 1.011576671468598483e-05
1.383000000000000000e+03 1.011555965912217906e-05
1.384000000000000000e+03 1.011270945430927244e-05
1.385000000000000000e+03 1.011881156955496449e-05
1.386000000000000000e+03 1.011335780882897406e-05
1.387000000000000000e+03 1.011074987521472646e-05
1.388000000000000000e+03 1.011014331500822012e-05
1.389000000000000000e+03 1.011695278066326925e-05
1.390000000000000000e+03 1.011153357467264889e-05
1.391000000000000000e+03 1.011027123846967433e-05
1.392000000000000000e+03 1.011500700163499690e-05
1.393000000000000000e+03 1.011677053005162993e-05
1.394000000000000000e+03 1.011027847804749956e-05
1.395000000000000000e+03 1.011488938578016505e-05
1.396000000000000000e+03 1.010912303172517595e-05
1.397000000000000000e+03 1.010757634503534125e-05
1.398000000000000000e+03 1.011136887730875447e-05
1.399000000000000000e+03 1.010956551302418480e-05
1.400000000000000000e+03 1.011396019748644890e-05
1.401000000000000000e+03 1.010726081100680593e-05
1.402000000000000000e+03 1.012014496154733981e-05
1.403000000000000000e+03 1.011111438856460141e-05
1.404000000000000000e+03 1.010988583705814854e-05
1.405000000000000000e+03 1.011094841184482516e-05
1.406000000000000000e+03 1.011478914733743234e-05
1.407000000000000000e+03 1.011286588739797738e-05
1.408000000000000000e+03 1.011381636393101267e-05
1.409000000000000000e+03 1.011230968288145966e-05
1.410000000000000000e+03 1.011404857611826961e-05
1.411000000000000000e+03 1.011102977524084658e-05
1.412000000000000000e+03 1.011835753767324380e-05
1.413000000000000000e+03 1.011167307903330488e-05
1.414000000000000000e+03 1.011226977425394512e-05
1.415000000000000000e+03 1.010947606118861627e-05
1.416000000000000000e+03 1.011286362578781927e-05
1.417000000000000000e+03 1.010885166882265652e-05
1.418000000000000000e+03 1.011059954180382172e-05
1.419000000000000000e+03 1.010808480108001589e-05
1.420000000000000000e+03 1.011502690137907244e-05
1.421000000000000000e+03 1.011111583769282659e-05
1.422000000000000000e+03 1.011455588619962022e-05
1.423000000000000000e+03 1.010796482053895807e-05
1.424000000000000000e+03 1.011008921220006095e-05
1.425000000000000000e+03 1.011378046314348528e-05
1.426000000000000000e+03 1.011462013896865131e-05
1.427000000000000000e+03 1.010838656535876582e-05
1.428000000000000000e+03 1.010919882901362157e-05
1.429000000000000000e+03 1.011907961583346992e-05
1.430000000000000000e+03 1.010946075742443486e-05
1.431000000000000000e+03 1.010910233162576380e-05
1.432000000000000000e+03 1.011209360513021238e-05
1.433000000000000000e+03 1.010832798783667399e-05
1.434000000000000000e+03 1.010577726143916824e-05
1.435000000000000000e+03 1.010799073507465959e-05
1.436000000000000000e+03 1.011565913358936073e-05
1.437000000000000000e+03 1.010946906414271060e-05
1.438000000000000000e+03 1.010782817805496350e-05
1.439000000000000000e+03 1.010458729069796452e-05
1.440000000000000000e+03 1.010724502217878200e-05
1.441000000000000000e+03 1.010444140774779980e-05
1.442000000000000000e+03 1.010667704880082382e-05
1.443000000000000000e+03 1.011269729133346098e-05
1.444000000000000000e+03 1.011468021412535190e-05
1.445000000000000000e+03 1.010890096949879094e-05
1.446000000000000000e+03 1.010824866170878475e-05
1.447000000000000000e+03 1.010728714997336840e-05
1.448000000000000000e+03 1.010612147486729935e-05
1.449000000000000000e+03 1.010526302707148648e-05
1.450000000000000000e+03 1.011332115012919463e-05
1.451000000000000000e+03 1.010292980936355957e-05
1.452000000000000000e+03 1.011005612478281140e-05
1.453000000000000000e+03 1.011080956232035505e-05
1.454000000000000000e+03 1.010782822656134708e-05
1.455000000000000000e+03 1.010751255914025566e-05
1.456000000000000000e+03 1.010963140288367806e-05
1.457000000000000000e+03 1.011328335759268747e-05
1.458000000000000000e+03 1.010230596875771955e-05
1.459000000000000000e+03 1.010694898165335491e-05
1.460000000000000000e+03 1.010860614769626409e-05
1.461000000000000000e+03 1.011223283057915985e-05
1.462000000000000000e+03 1.010593823593808304e-05
1.463000000000000000e+03 1.010952873305844388e-05
1.464000000000000000e+03 1.011213886764987140e-05
1.465000000000000000e+03 1.010281977869453867e-05
1.466000000000000000e+03 1.010727307099538624e-05
1.467000000000000000e+03 1.010699271622191523e-05
1.468000000000000000e+03 1.010587883987075928e-05
1.469000000000000000e+03 1.010685717725815843e-05
1.470000000000000000e+03 1.010881967279904841e-05
1.471000000000000000e+03 1.010582953313132755e-05
1.472000000000000000e+03 1.010647934890585068e-05
1.473000000000000000e+03 1.010541810804473508e-05
1.474000000000000000e+03 1.010807488152446891e-05
1.475000000000000000e+03 1.010785609954230726e-05
1.476000000000000000e+03 1.010194370489140639e-05
1.477000000000000000e+03 1.010644332078906449e-05
1.478000000000000000e+03 1.010668118397006806e-05
1.479000000000000000e+03 1.010417665384011404e-05
1.480000000000000000e+03 1.010143942039576325e-05
1.481000000000000000e+03 1.010468349098422014e-05
1.482000000000000000e+03 1.011488646327052204e-05
1.483000000000000000e+03 1.010835475123409739e-05
1.484000000000000000e+03 1.010432043282586768e-05
1.485000000000000000e+03 1.010149311696295681e-05
1.486000000000000000e+03 1.010492645339885061e-05
1.487000000000000000e+03 1.010819726313153826e-05
1.488000000000000000e+03 1.010092944246328721e-05
1.489000000000000000e+03 1.010494059907311335e-05
1.490000000000000000e+03 1.010607324133161374e-05
1.491000000000000000e+03 1.011342352891612567e-05
1.492000000000000000e+03 1.010565860269707682e-05
1.493000000000000000e+03 1.010456694226983541e-05
1.494000000000000000e+03 1.011153142220185424e-05
1.495000000000000000e+03 1.011315600408124663e-05
1.496000000000000000e+03 1.010479497078146452e-05
1.497000000000000000e+03 1.010222344727177778e-05
1.498000000000000000e+03 1.010553325613727820e-05
1.499000000000000000e+03 1.010366990158217878e-05
1.500000000000000000e+03 1.010915227501148610e-05
1.501000000000000000e+03 1.010564676713935745e-05
1.502000000000000000e+03 1.010329693599487736e-05
1.503000000000000000e+03 1.010329354661128715e-05
1.504000000000000000e+03 1.010232115731923848e-05
1.505000000000000000e+03 1.010185847917455194e-05
1.506000000000000000e+03 1.010445865783064354e-05
1.507000000000000000e+03 1.010717037085366041e-05
1.508000000000000000e+03 1.010848462707751125e-05
1.509000000000000000e+03 1.010392246219756313e-05
1.510000000000000000e+03 1.010557879756864405e-05
1.511000000000000000e+03 1.010558954779601928e-05
1.512000000000000000e+03 1.010380024429953983e-05
1.513000000000000000e+03 1.010935635349596796e-05
1.514000000000000000e+03 1.010347835593468843e-05
1.515000000000000000e+03 1.010221856631687781e-05
1.516000000000000000e+03 1.010308690335174771e-05
1.517000000000000000e+03 1.010165194505437597e-05
1.518000000000000000e+03 1.010196951635104346e-05
1.519000000000000000e+03 1.010404549864082006e-05
1.520000000000000000e+03 1.010359215191177351e-05
1.521000000000000000e+03 1.010732875632432670e-05
1.522000000000000000e+03 1.011482666702552998e-05
1.523000000000000000e+03 1.009778513738031852e-05
1.524000000000000000e+03 1.010144014192822634e-05
1.525000000000000000e+03 1.010183478380592227e-05
1.526000000000000000e+03 1.010195039877241090e-05
1.527000000000000000e+03 1.010089241390232942e-05
1.528000000000000000e+03 1.010254571762440386e-05
1.529000000000000000e+03 1.010627436698996435e-05
1.530000000000000000e+03 1.009881654681521529e-05
1.531000000000000000e+03 1.010214239310395652e-05
1.532000000000000000e+03 1.010402544125099748e-05
1.533000000000000000e+03 1.010279459175459755e-05
1.534000000000000000e+03 1.010179747633325595e-05
1.535000000000000000e+03 1.010271179135694726e-05
1.536000000000000000e+03 1.010154202958801754e-05
1.537000000000000000e+03 1.009793475532205748e-05
1.538000000000000000e+03 1.009844165916244248e-05
1.539000000000000000e+03 1.009921640919249790e-05
1.540000000000000000e+03 1.009740232499704465e-05
1.541000000000000000e+03 1.009987560488904459e-05
1.542000000000000000e+03 1.009784538837266148e-05
1.543000000000000000e+03 1.010544807892680733e-05
1.544000000000000000e+03 1.009885306605913962e-05
1.545000000000000000e+03 1.009934878311469213e-05
1.546000000000000000e+03 1.010097104275094651e-05
1.547000000000000000e+03 1.009833752201908948e-05
1.548000000000000000e+03 1.010079289092876248e-05
1.549000000000000000e+03 1.009819697477117561e-05
1.550000000000000000e+03 1.010152438539080281e-05
1.551000000000000000e+03 1.010165483724752733e-05
1.552000000000000000e+03 1.009938185840534706e-05
1.553000000000000000e+03 1.009923569048017651e-05
1.554000000000000000e+03 1.010677147860405946e-05
1.555000000000000000e+03 1.010223235425655683e-05
1.556000000000000000e+03 1.009969576140671581e-05
1.557000000000000000e+03 1.009773096787588045e-05
1.558000000000000000e+03 1.009723232831068663e-05
1.559000000000000000e+03 1.009820130396595585e-05
1.560000000000000000e+03 1.010115719812650512e-05
1.561000000000000000e+03 1.010277299428707995e-05
1.562000000000000000e+03 1.009993885721390408e-05
1.563000000000000000e+03 1.010146013262177172e-05
1.564000000000000000e+03 1.009671318267161666e-05
1.565000000000000000e+03 1.009812555518389380e-05
1.566000000000000000e+03 1.010122989100636975e-05
1.567000000000000000e+03 1.010266047160257599e-05
1.568000000000000000e+03 1.009566972546357090e-05
1.569000000000000000e+03 1.010212222051146978e-05
1.570000000000000000e+03 1.009936169187615931e-05
1.571000000000000000e+03 1.009559178176762795e-05
1.572000000000000000e+03 1.009854491712758365e-05
1.573000000000000000e+03 1.009681616778834662e-05
1.574000000000000000e+03 1.010153113990478890e-05
1.575000000000000000e+03 1.009490374902573673e-05
1.576000000000000000e+03 1.009856379217429325e-05
1.577000000000000000e+03 1.009734643957926919e-05
1.578000000000000000e+03 1.010031859550508691e-05
1.579000000000000000e+03 1.009568704830599085e-05
1.580000000000000000e+03 1.010076640037975029e-05
1.581000000000000000e+03 1.010071981606112487e-05
1.582000000000000000e+03 1.010066373055451611e-05
1.583000000000000000e+03 1.010146509846284421e-05
1.584000000000000000e+03 1.009821025945711847e-05
1.585000000000000000e+03 1.010002040857216418e-05
1.586000000000000000e+03 1.009967269055778208e-05
1.587000000000000000e+03 1.009689742810830188e-05
1.588000000000000000e+03 1.009746153916542704e-05
1.589000000000000000e+03 1.009521032149981041e-05
1.590000000000000000e+03 1.009895867052061143e-05
1.591000000000000000e+03 1.009830039644536283e-05
1.592000000000000000e+03 1.009853878713329350e-05
1.593000000000000000e+03 1.009340710879769217e-05
1.594000000000000000e+03 1.009683063481740415e-05
1.595000000000000000e+03 1.009671082404868970e-05
1.596000000000000000e+03 1.009464205708354739e-05
1.597000000000000000e+03 1.010032427681532349e-05
1.598000000000000000e+03 1.010224759738775834e-05
1.599000000000000000e+03 1.009872761035997754e-05
1.600000000000000000e+03 1.009779931337106953e-05
1.601000000000000000e+03 1.010154611018757921e-05
1.602000000000000000e+03 1.010256110627475779e-05
1.603000000000000000e+03 1.009918452230825327e-05
1.604000000000000000e+03 1.009468713164096773e-05
1.605000000000000000e+03 1.009743878967128640e-05
1.606000000000000000e+03 1.009367821704169402e-05
1.607000000000000000e+03 1.009526181708982574e-05
1.608000000000000000e+03 1.010213649957828863e-05
1.609000000000000000e+03 1.009434785980071478e-05
1.610000000000000000e+03 1.009528972038727587e-05
1.611000000000000000e+03 1.010356269034673473e-05
1.612000000000000000e+03 1.010724544660964294e-05
1.613000000000000000e+03 1.009145233789846994e-05
1.614000000000000000e+03 1.009402635948693706e-05
1.615000000000000000e+03 1.009445120265202848e-05
1.616000000000000000e+03 1.009544259432004724e-05
1.617000000000000000e+03 1.009419095983806433e-05
1.618000000000000000e+03 1.009862455248366967e-05
1.619000000000000000e+03 1.009512700572183104e-05
1.620000000000000000e+03 1.009774199701496420e-05
1.621000000000000000e+03 1.009327116359296806e-05
1.622000000000000000e+03 1.009964085824322003e-05
1.623000000000000000e+03 1.010054347110174977e-05
1.624000000000000000e+03 1.010275190613659411e-05
1.625000000000000000e+03 1.010143386035148646e-05
1.626000000000000000e+03 1.009407587844180011e-05
1.627000000000000000e+03 1.009724461255245788e-05
1.628000000000000000e+03 1.009660695369044890e-05
1.629000000000000000e+03 1.009541789850724596e-05
1.630000000000000000e+03 1.009308480812857614e-05
1.631000000000000000e+03 1.009497028159482126e-05
1.632000000000000000e+03 1.009378114152544409e-05
1.633000000000000000e+03 1.009581463222275495e-05
1.634000000000000000e+03 1.009841602353844778e-05
1.635000000000000000e+03 1.009169602790886251e-05
1.636000000000000000e+03 1.009969584629288834e-05
1.637000000000000000e+03 1.009454641462070881e-05
1.638000000000000000e+03 1.009560703702542577e-05
1.639000000000000000e+03 1.009684316159109666e-05
1.640000000000000000e+03 1.009185960962592284e-05
1.641000000000000000e+03 1.009482820033250968e-05
1.642000000000000000e+03 1.009246305936054918e-05
1.643000000000000000e+03 1.009212275069633737e-05
1.644000000000000000e+03 1.009571917772215505e-05
1.645000000000000000e+03 1.009294008326833177e-05
1.646000000000000000e+03 1.009737360315436259e-05
1.647000000000000000e+03 1.009555553537211313e-05
1.648000000000000000e+03 1.009106545704222903e-05
1.649000000000000000e+03 1.009663612421718453e-05
1.650000000000000000e+03 1.009270391781077027e-05
1.651000000000000000e+03 1.009990581223974079e-05
1.652000000000000000e+03 1.009605188907395790e-05
1.653000000000000000e+03 1.009263593611346225e-05
1.654000000000000000e+03 1.009860108145706594e-05
1.655000000000000000e+03 1.009808468249199660e-05
1.656000000000000000e+03 1.009242703730706200e-05
1.657000000000000000e+03 1.009318365807606186e-05
1.658000000000000000e+03 1.009793157209060128e-05
1.659000000000000000e+03 1.009683902642185242e-05
1.660000000000000000e+03 1.009874942610622377e-05
1.661000000000000000e+03 1.010519068586290828e-05
1.662000000000000000e+03 1.008978832639210484e-05
1.663000000000000000e+03 1.009405134027474587e-05
1.664000000000000000e+03 1.009051820801687393e-05
1.665000000000000000e+03 1.009460538019387432e-05
1.666000000000000000e+03 1.009223204770629886e-05
1.667000000000000000e+03 1.009208578276835946e-05
1.668000000000000000e+03 1.009374219089901660e-05
1.669000000000000000e+03 1.009282848826842322e-05
1.670000000000000000e+03 1.009240976903432294e-05
1.671000000000000000e+03 1.009406057467761701e-05
1.672000000000000000e+03 1.009185810592801677e-05
1.673000000000000000e+03 1.009241696010576629e-05
1.674000000000000000e+03 1.009243111790662366e-05
1.675000000000000000e+03 1.009912712106597542e-05
1.676000000000000000e+03 1.008916776603048987e-05
1.677000000000000000e+03 1.009472365088489206e-05
1.678000000000000000e+03 1.009324243568698869e-05
1.679000000000000000e+03 1.009207460204682599e-05
1.680000000000000000e+03 1.009387425559301235e-05
1.681000000000000000e+03 1.009234472803655155e-05
1.682000000000000000e+03 1.009261081586980002e-05
1.683000000000000000e+03 1.009877551041427035e-05
1.684000000000000000e+03 1.009459099805098931e-05
1.685000000000000000e+03 1.009541641299923182e-05
1.686000000000000000e+03 1.009538530221713455e-05
1.687000000000000000e+03 1.009587420412572108e-05
1.688000000000000000e+03 1.009529181828838793e-05
1.689000000000000000e+03 1.009169961738128602e-05
1.690000000000000000e+03 1.009129375233897035e-05
1.691000000000000000e+03 1.009379333481774720e-05
1.692000000000000000e+03 1.009119704879898027e-05
1.693000000000000000e+03 1.009201639438591252e-05
1.694000000000000000e+03 1.009489371426752728e-05
1.695000000000000000e+03 1.009222101856721511e-05
1.696000000000000000e+03 1.009546221515241426e-05
1.697000000000000000e+03 1.008992750939796604e-05
1.698000000000000000e+03 1.009303926669720859e-05
1.699000000000000000e+03 1.009150192354961020e-05
1.700000000000000000e+03 1.009220262252104734e-05
1.701000000000000000e+03 1.009104822514927892e-05
1.702000000000000000e+03 1.008976259981864200e-05
1.703000000000000000e+03 1.009091314699617201e-05
1.704000000000000000e+03 1.009173490577571380e-05
1.705000000000000000e+03 1.009041032981864768e-05
1.706000000000000000e+03 1.009417648674570949e-05
1.707000000000000000e+03 1.008953250978568807e-05
1.708000000000000000e+03 1.009286087234310500e-05
1.709000000000000000e+03 1.009143086169691212e-05
1.710000000000000000e+03 1.009185183041457420e-05
1.711000000000000000e+03 1.009121935567236465e-05
1.712000000000000000e+03 1.009218893159413717e-05
1.713000000000000000e+03 1.009222405021622158e-05
1.714000000000000000e+03 1.009113306281506138e-05
1.715000000000000000e+03 1.009047635913399606e-05
1.716000000000000000e+03 1.008975477210090808e-05
1.717000000000000000e+03 1.009000973378230566e-05
1.718000000000000000e+03 1.008901660194775688e-05
1.719000000000000000e+03 1.009420138264734577e-05
1.720000000000000000e+03 1.010009717598829146e-05
1.721000000000000000e+03 1.009168218539950091e-05
1.722000000000000000e+03 1.009076013360754553e-05
1.723000000000000000e+03 1.009348558606385953e-05
1.724000000000000000e+03 1.009064685907408854e-05
1.725000000000000000e+03 1.009005595430304834e-05
1.726000000000000000e+03 1.008966490189777762e-05
1.727000000000000000e+03 1.009286212744579419e-05
1.728000000000000000e+03 1.009254605984703278e-05
1.729000000000000000e+03 1.009063173114554950e-05
1.730000000000000000e+03 1.009131602283256747e-05
1.731000000000000000e+03 1.008939546106072788e-05
1.732000000000000000e+03 1.009163444299095684e-05
1.733000000000000000e+03 1.010023711690640471e-05
1.734000000000000000e+03 1.009187901217956123e-05
1.735000000000000000e+03 1.009155489858433897e-05
1.736000000000000000e+03 1.009375708235893338e-05
1.737000000000000000e+03 1.009145526647140857e-05
1.738000000000000000e+03 1.008807463828513134e-05
1.739000000000000000e+03 1.009100304145249511e-05
1.740000000000000000e+03 1.008973203473336376e-05
1.741000000000000000e+03 1.008841979758775147e-05
1.742000000000000000e+03 1.009094454881657581e-05
