0.000000000000000000e+00 1.546870388798209577e-05
1.000000000000000000e+00 4.852329070637155867e-07
2.000000000000000000e+00 1.963935688924594825e-07
3.000000000000000000e+00 1.407814386775147041e-07
4.000000000000000000e+00 1.456484745511428313e-06
5.000000000000000000e+00 1.932264785032332266e-06
6.000000000000000000e+00 3.805753521332659811e-07
7.000000000000000000e+00 3.546529801977707844e-07
8.000000000000000000e+00 2.885743818751722349e-07
9.000000000000000000e+00 1.906041109316990314e-07
1.000000000000000000e+01 1.995429364634569705e-07
1.100000000000000000e+01 8.266011564037970583e-08
1.200000000000000000e+01 2.146711895332353523e-07
1.300000000000000000e+01 1.005338212464347538e-06
1.400000000000000000e+01 8.553969906184697720e-07
1.500000000000000000e+01 3.409014829414155699e-07
1.600000000000000000e+01 1.493532252730186470e-07
1.700000000000000000e+01 1.201803977823072081e-07
1.800000000000000000e+01 4.001288246909355145e-07
1.900000000000000000e+01 2.929907787911985420e-07
2.000000000000000000e+01 9.543653155122523475e-08
2.100000000000000000e+01 1.136257124585096301e-07
2.200000000000000000e+01 1.165549027791103834e-07
2.300000000000000000e+01 2.516719349184060650e-07
2.400000000000000000e+01 1.736971918923038687e-07
2.500000000000000000e+01 1.837729481369088574e-07
2.600000000000000000e+01 5.476482029384027218e-08
2.700000000000000000e+01 1.200239516623863798e-07
2.800000000000000000e+01 1.356753385616837311e-07
2.900000000000000000e+01 1.221807210629808910e-07
3.000000000000000000e+01 5.746687158952174562e-08
3.100000000000000000e+01 5.552962117172851510e-08
3.200000000000000000e+01 5.453439400611789103e-08
3.300000000000000000e+01 6.486226653282947765e-08
3.400000000000000000e+01 3.741171283200484762e-08
3.500000000000000000e+01 6.816551011021040719e-08
3.600000000000000000e+01 4.006454545197421207e-08
3.700000000000000000e+01 4.320950756511759803e-08
3.800000000000000000e+01 3.533843869076660740e-08
3.900000000000000000e+01 4.348558082819729847e-08
4.000000000000000000e+01 4.985577395347766892e-08
4.100000000000000000e+01 2.005872310573272021e-07
4.200000000000000000e+01 4.255868675556126962e-07
4.300000000000000000e+01 1.834321975544235339e-07
4.400000000000000000e+01 4.195280637594255338e-08
4.500000000000000000e+01 3.186144028799644096e-08
4.600000000000000000e+01 2.165541310601901812e-08
4.700000000000000000e+01 4.786260338705494020e-08
4.800000000000000000e+01 3.810608951921778556e-08
4.900000000000000000e+01 2.274858086610212973e-08
5.000000000000000000e+01 1.973945944214283038e-08
5.100000000000000000e+01 1.487954951038817773e-08
5.200000000000000000e+01 1.588410604286702641e-08
5.300000000000000000e+01 1.340055953373721035e-08
5.400000000000000000e+01 1.208909005461159777e-08
5.500000000000000000e+01 2.258458295043606180e-08
5.600000000000000000e+01 1.376954325027152935e-07
5.700000000000000000e+01 5.285332412124149779e-08
5.800000000000000000e+01 7.996929281834707143e-08
5.900000000000000000e+01 3.218635111221590146e-08
6.000000000000000000e+01 1.153895125927459070e-08
6.100000000000000000e+01 1.041843215551705381e-08
6.200000000000000000e+01 2.009853900535890495e-08
6.300000000000000000e+01 2.011321332403788813e-08
6.400000000000000000e+01 1.748613357419563901e-08
6.500000000000000000e+01 1.806235950650381377e-08
6.600000000000000000e+01 1.867769080679261621e-08
6.700000000000000000e+01 4.217771110946459506e-08
6.800000000000000000e+01 5.520667873002974768e-08
6.900000000000000000e+01 1.981948060936792168e-07
7.000000000000000000e+01 1.387749487993755850e-07
7.100000000000000000e+01 4.946445264142085818e-08
7.200000000000000000e+01 3.951671285009126883e-08
7.300000000000000000e+01 5.711740578330810554e-08
7.400000000000000000e+01 4.918867256551572978e-08
7.500000000000000000e+01 3.574276468597408129e-08
7.600000000000000000e+01 5.838094941165235321e-08
7.700000000000000000e+01 3.149558627119314242e-08
7.800000000000000000e+01 1.356359299214785323e-08
7.900000000000000000e+01 1.891178009686489474e-08
8.000000000000000000e+01 3.164493044676741619e-08
8.100000000000000000e+01 3.307359164953719105e-08
8.200000000000000000e+01 2.996157125760717679e-08
8.300000000000000000e+01 5.492572589057957941e-08
8.400000000000000000e+01 1.661313627998402585e-08
8.500000000000000000e+01 3.788580430573759081e-08
8.600000000000000000e+01 4.764301414823877588e-08
8.700000000000000000e+01 2.338784036849638909e-08
8.800000000000000000e+01 2.810661998165105229e-08
8.900000000000000000e+01 3.915106074067225447e-08
9.000000000000000000e+01 2.458835915060966459e-08
9.100000000000000000e+01 1.067860830787175188e-08
9.200000000000000000e+01 1.332137444455927913e-08
9.300000000000000000e+01 2.598727583148332288e-08
9.400000000000000000e+01 1.703867103314971196e-08
9.500000000000000000e+01 2.599546385771037412e-08
9.600000000000000000e+01 2.379904465187172649e-08
9.700000000000000000e+01 1.416414795877405728e-08
9.800000000000000000e+01 1.977344472993851741e-08
9.900000000000000000e+01 3.064655203512836135e-08
1.000000000000000000e+02 3.041771154136045386e-08
1.010000000000000000e+02 2.120038566378575827e-08
1.020000000000000000e+02 1.916959753967631498e-08
1.030000000000000000e+02 1.332801215033782721e-08
1.040000000000000000e+02 1.737893977905179026e-08
1.050000000000000000e+02 4.377573758496913245e-08
1.060000000000000000e+02 4.731236823822958335e-08
1.070000000000000000e+02 5.087415052247560845e-08
1.080000000000000000e+02 3.209569954848417931e-08
1.090000000000000000e+02 1.931445821532650920e-08
1.100000000000000000e+02 1.600455119199340378e-08
1.110000000000000000e+02 2.155921652649171234e-08
1.120000000000000000e+02 1.421637709526336940e-08
1.130000000000000000e+02 1.153015326287897687e-08
1.140000000000000000e+02 1.757156524049354211e-08
1.150000000000000000e+02 1.356148045856168654e-08
1.160000000000000000e+02 3.605561797150997342e-08
1.170000000000000000e+02 2.463124028322346312e-08
1.180000000000000000e+02 1.713620692647945447e-08
1.190000000000000000e+02 2.406543264006890980e-08
1.200000000000000000e+02 1.844223311798996120e-08
1.210000000000000000e+02 2.849159975636152375e-08
1.220000000000000000e+02 3.090119882777105091e-08
1.230000000000000000e+02 2.296868143483385252e-08
1.240000000000000000e+02 1.344032011393660304e-08
1.250000000000000000e+02 1.277735619248540518e-08
1.260000000000000000e+02 1.577050569390592120e-08
1.270000000000000000e+02 1.498221787852643074e-08
1.280000000000000000e+02 1.495531169932273331e-08
1.290000000000000000e+02 1.591721605155409344e-08
1.300000000000000000e+02 2.190183904298078586e-08
1.310000000000000000e+02 1.922177249827993775e-08
1.320000000000000000e+02 2.240608030602642738e-08
1.330000000000000000e+02 1.506148604543601965e-08
1.340000000000000000e+02 1.642940097221903972e-08
1.350000000000000000e+02 2.121025889454842066e-08
1.360000000000000000e+02 1.060513555421393501e-08
1.370000000000000000e+02 2.407282207473335569e-08
1.380000000000000000e+02 9.026899113585499862e-08
1.390000000000000000e+02 1.300568484579804070e-07
1.400000000000000000e+02 2.528875688800044747e-08
1.410000000000000000e+02 2.920825303207512648e-08
1.420000000000000000e+02 2.847072136171290757e-08
1.430000000000000000e+02 2.946952663801987768e-08
1.440000000000000000e+02 1.304482553679552579e-08
1.450000000000000000e+02 1.116409096216034078e-08
1.460000000000000000e+02 1.642670796698187984e-08
1.470000000000000000e+02 9.420871500980087451e-09
1.480000000000000000e+02 2.165620607994430131e-08
1.490000000000000000e+02 3.627923131023527425e-08
1.500000000000000000e+02 1.474316445903486738e-08
1.510000000000000000e+02 1.630254333711548040e-08
1.520000000000000000e+02 1.089738222549939845e-08
1.530000000000000000e+02 1.111705258948604616e-08
1.540000000000000000e+02 9.197301820289911413e-09
1.550000000000000000e+02 1.263023714879232616e-08
1.560000000000000000e+02 1.097922708826369827e-08
1.570000000000000000e+02 1.648141703720534092e-08
1.580000000000000000e+02 3.827753196212456781e-08
1.590000000000000000e+02 2.915410330109027604e-08
1.600000000000000000e+02 2.209253936848245009e-08
1.610000000000000000e+02 1.832843994731928054e-08
1.620000000000000000e+02 2.603140778235074597e-08
1.630000000000000000e+02 1.526991942543505395e-08
1.640000000000000000e+02 1.928990200724700996e-08
1.650000000000000000e+02 2.069292581478135184e-08
1.660000000000000000e+02 1.593151317785299712e-08
1.670000000000000000e+02 2.071714707122075370e-08
1.680000000000000000e+02 1.838491247684273374e-08
1.690000000000000000e+02 1.128958357730880307e-08
1.700000000000000000e+02 1.121298240901830708e-08
1.710000000000000000e+02 8.949454715395633414e-09
1.720000000000000000e+02 1.597104614516280183e-08
1.730000000000000000e+02 2.233887114652255273e-08
1.740000000000000000e+02 1.825142100513276586e-08
1.750000000000000000e+02 1.093443230420122982e-08
1.760000000000000000e+02 1.431209929330224374e-08
1.770000000000000000e+02 1.956690800103300588e-08
1.780000000000000000e+02 2.267813614172832212e-08
1.790000000000000000e+02 7.985985026349269007e-09
1.800000000000000000e+02 7.779756160905420196e-09
1.810000000000000000e+02 8.654032086066296017e-09
1.820000000000000000e+02 1.507724341801818886e-08
1.830000000000000000e+02 9.872263655473597538e-09
1.840000000000000000e+02 1.084275979596446479e-08
1.850000000000000000e+02 1.071901523668917399e-08
1.860000000000000000e+02 1.379951098940305778e-08
1.870000000000000000e+02 1.301703145794214086e-08
1.880000000000000000e+02 1.033665178827643869e-08
1.890000000000000000e+02 3.164773626282355872e-08
1.900000000000000000e+02 2.498870665836902260e-08
1.910000000000000000e+02 3.908398340611887911e-08
1.920000000000000000e+02 2.510548796696073430e-08
1.930000000000000000e+02 2.304772140986358900e-08
1.940000000000000000e+02 2.077283118710392264e-08
1.950000000000000000e+02 1.125559211664272074e-08
1.960000000000000000e+02 1.976675985618141282e-08
1.970000000000000000e+02 2.218937133707681117e-08
1.980000000000000000e+02 2.176419329047596413e-08
1.990000000000000000e+02 1.301372810861449311e-08
2.000000000000000000e+02 9.599382766002890118e-09
2.010000000000000000e+02 1.144040138853644546e-08
2.020000000000000000e+02 1.109472657043451180e-08
2.030000000000000000e+02 8.633400692305119887e-09
2.040000000000000000e+02 8.937893269907362311e-09
2.050000000000000000e+02 1.050805113663826482e-08
2.060000000000000000e+02 8.756861640749682224e-09
2.070000000000000000e+02 1.053011650459729257e-08
2.080000000000000000e+02 2.173551250857269340e-08
2.090000000000000000e+02 2.505475189225266974e-08
2.100000000000000000e+02 1.024028054673689852e-08
2.110000000000000000e+02 8.416568460495491720e-09
2.120000000000000000e+02 1.549596438526937623e-08
2.130000000000000000e+02 9.457798259592239928e-09
2.140000000000000000e+02 9.293262111048482767e-09
2.150000000000000000e+02 7.909780867334333864e-09
2.160000000000000000e+02 7.711172647213941520e-09
2.170000000000000000e+02 8.770162483181680042e-09
2.180000000000000000e+02 9.987778770427582188e-09
2.190000000000000000e+02 7.911277924667743223e-09
2.200000000000000000e+02 9.577692298237492508e-09
2.210000000000000000e+02 1.186172641427966631e-08
2.220000000000000000e+02 9.394908315312072308e-09
2.230000000000000000e+02 9.533565933041934841e-09
2.240000000000000000e+02 8.599747862149321892e-09
2.250000000000000000e+02 9.720061850928074526e-09
2.260000000000000000e+02 1.445103529340546751e-08
2.270000000000000000e+02 1.355367352533137257e-08
2.280000000000000000e+02 9.430515016489507483e-09
2.290000000000000000e+02 8.937760928092767764e-09
2.300000000000000000e+02 1.023202748400813615e-08
2.310000000000000000e+02 9.343456409395178198e-09
2.320000000000000000e+02 1.070741415221074278e-08
2.330000000000000000e+02 3.212539088781839435e-08
2.340000000000000000e+02 1.005449304035893640e-08
2.350000000000000000e+02 8.214328364279065941e-09
2.360000000000000000e+02 1.029301851499479020e-08
2.370000000000000000e+02 9.369907567881252642e-09
2.380000000000000000e+02 9.226052019954997140e-09
2.390000000000000000e+02 8.411438441440080231e-09
2.400000000000000000e+02 8.792187347645365449e-09
2.410000000000000000e+02 8.568422270279547807e-09
2.420000000000000000e+02 8.306461186903945689e-09
2.430000000000000000e+02 1.314500231827549551e-08
2.440000000000000000e+02 1.568456636314158489e-08
2.450000000000000000e+02 1.079403785576818706e-08
2.460000000000000000e+02 1.166402531261169611e-08
2.470000000000000000e+02 8.308792283332309123e-09
2.480000000000000000e+02 7.257642442002225296e-09
2.490000000000000000e+02 7.722934746757960498e-09
2.500000000000000000e+02 7.709228478794397609e-09
2.510000000000000000e+02 7.950555476088109463e-09
2.520000000000000000e+02 7.909346271810149030e-09
2.530000000000000000e+02 9.497823997558831420e-09
2.540000000000000000e+02 8.015261070724344173e-09
2.550000000000000000e+02 8.435542745522382895e-09
2.560000000000000000e+02 8.924618338011499775e-09
2.570000000000000000e+02 8.549022740351041513e-09
2.580000000000000000e+02 8.204876999660124904e-09
2.590000000000000000e+02 7.759673774490987285e-09
2.600000000000000000e+02 1.364271518120900123e-08
2.610000000000000000e+02 8.719138917309783127e-09
2.620000000000000000e+02 8.443434492076079009e-09
2.630000000000000000e+02 9.778270188496308278e-09
2.640000000000000000e+02 7.487214180390929121e-09
2.650000000000000000e+02 7.381903178394581828e-09
2.660000000000000000e+02 8.905100339954712744e-09
2.670000000000000000e+02 7.561379803074409623e-09
2.680000000000000000e+02 7.510059722632331497e-09
2.690000000000000000e+02 8.753761186498248646e-09
2.700000000000000000e+02 7.130078761386509502e-09
2.710000000000000000e+02 7.725502909771705788e-09
2.720000000000000000e+02 9.856641696676353678e-09
2.730000000000000000e+02 1.033089153049566283e-08
2.740000000000000000e+02 8.764370355158865444e-09
2.750000000000000000e+02 9.001161550830980726e-09
2.760000000000000000e+02 1.074290202371837423e-08
2.770000000000000000e+02 1.443097655552052925e-08
2.780000000000000000e+02 8.460291424246168792e-09
2.790000000000000000e+02 7.679010880042784395e-09
2.800000000000000000e+02 8.796730913612120099e-09
2.810000000000000000e+02 8.159808594724190912e-09
2.820000000000000000e+02 9.078262845904521789e-09
2.830000000000000000e+02 7.811563443420823497e-09
2.840000000000000000e+02 7.241696148066003273e-09
2.850000000000000000e+02 1.022917925053687847e-08
2.860000000000000000e+02 8.940329994447517341e-09
2.870000000000000000e+02 8.136641097796521622e-09
2.880000000000000000e+02 7.822768504314994906e-09
2.890000000000000000e+02 8.983285656471202019e-09
2.900000000000000000e+02 8.625807084899581676e-09
2.910000000000000000e+02 8.874168263932964512e-09
2.920000000000000000e+02 1.041653270000672316e-08
2.930000000000000000e+02 7.835820250110544017e-09
2.940000000000000000e+02 7.594939803241320646e-09
2.950000000000000000e+02 8.142304823387639061e-09
2.960000000000000000e+02 7.849190368017504143e-09
2.970000000000000000e+02 8.163125289081179794e-09
2.980000000000000000e+02 7.463263569218771455e-09
2.990000000000000000e+02 7.297839493666407446e-09
3.000000000000000000e+02 7.867479716055063785e-09
3.010000000000000000e+02 8.158832391803536773e-09
3.020000000000000000e+02 9.640076035500174905e-09
3.030000000000000000e+02 7.757219310315767768e-09
3.040000000000000000e+02 7.199534000678704471e-09
3.050000000000000000e+02 7.052140377246905982e-09
3.060000000000000000e+02 1.666084345666986167e-08
3.070000000000000000e+02 1.285796004771519453e-08
3.080000000000000000e+02 9.204179208591958221e-09
3.090000000000000000e+02 9.034323584208839824e-09
3.100000000000000000e+02 8.472183016614955053e-09
3.110000000000000000e+02 7.802621836482598094e-09
3.120000000000000000e+02 1.163204131424018172e-08
3.130000000000000000e+02 8.326560569972377229e-09
3.140000000000000000e+02 8.390539782244175445e-09
3.150000000000000000e+02 7.235847202152850378e-09
3.160000000000000000e+02 6.885297092429904941e-09
