0.000000000000000000e+00 7.248773587666013096e-02
1.000000000000000000e+00 4.035543734173492776e-03
2.000000000000000000e+00 2.355308590870704762e-03
3.000000000000000000e+00 2.248526427627331372e-03
4.000000000000000000e+00 2.230596481993769170e-03
5.000000000000000000e+00 2.223021312189943539e-03
6.000000000000000000e+00 2.215686175265551769e-03
7.000000000000000000e+00 2.205379685225511248e-03
8.000000000000000000e+00 2.199617627308071005e-03
9.000000000000000000e+00 2.195787902072918792e-03
1.000000000000000000e+01 2.179314856128677404e-03
1.100000000000000000e+01 2.170295840729537240e-03
1.200000000000000000e+01 2.164224954292849352e-03
1.300000000000000000e+01 2.152870596854368750e-03
1.400000000000000000e+01 2.136799071611503176e-03
1.500000000000000000e+01 2.126851336503264838e-03
1.600000000000000000e+01 2.117267180899583441e-03
1.700000000000000000e+01 2.106274439822191681e-03
1.800000000000000000e+01 2.092435699707394584e-03
1.900000000000000000e+01 2.079292613836283832e-03
2.000000000000000000e+01 2.068850236830432118e-03
2.100000000000000000e+01 2.054699295422315625e-03
2.200000000000000000e+01 2.041074320061656792e-03
2.300000000000000000e+01 2.030056437155775689e-03
2.400000000000000000e+01 2.019188155308661217e-03
2.500000000000000000e+01 1.997096107139010191e-03
2.600000000000000000e+01 1.981075204396721447e-03
2.700000000000000000e+01 1.962258594549398574e-03
2.800000000000000000e+01 1.956492048879155277e-03
2.900000000000000000e+01 1.923605555915712225e-03
3.000000000000000000e+01 1.897214629098391584e-03
3.100000000000000000e+01 1.861335929159995024e-03
3.200000000000000000e+01 1.825918907238958597e-03
3.300000000000000000e+01 1.787499679398168268e-03
3.400000000000000000e+01 1.720329005480475707e-03
3.500000000000000000e+01 1.641319666131761537e-03
3.600000000000000000e+01 1.495956493953215461e-03
3.700000000000000000e+01 1.266171149548806244e-03
3.800000000000000000e+01 9.116633299915666809e-04
3.900000000000000000e+01 5.256639636699418031e-04
4.000000000000000000e+01 3.128497091830782285e-04
4.100000000000000000e+01 2.353004141825705922e-04
4.200000000000000000e+01 2.002370402802420061e-04
4.300000000000000000e+01 1.776989797476713712e-04
4.400000000000000000e+01 1.659633831433756518e-04
4.500000000000000000e+01 1.471823771931733303e-04
4.600000000000000000e+01 1.350369725486037157e-04
4.700000000000000000e+01 1.309002651655963593e-04
4.800000000000000000e+01 1.220561587769470192e-04
4.900000000000000000e+01 1.187656162613686284e-04
5.000000000000000000e+01 1.136381592269729139e-04
5.100000000000000000e+01 1.117018065040937131e-04
5.200000000000000000e+01 1.046663976239637202e-04
5.300000000000000000e+01 1.039929051397742247e-04
5.400000000000000000e+01 1.017573330405522708e-04
5.500000000000000000e+01 1.013712634265085413e-04
5.600000000000000000e+01 9.485697352931239592e-05
5.700000000000000000e+01 9.432828234482168526e-05
5.800000000000000000e+01 9.169610552117085959e-05
5.900000000000000000e+01 8.969801083030234717e-05
6.000000000000000000e+01 8.922551802319672641e-05
6.100000000000000000e+01 8.905070920266032605e-05
6.200000000000000000e+01 8.719824235875903921e-05
6.300000000000000000e+01 8.579502445965997935e-05
6.400000000000000000e+01 8.172592570423227053e-05
6.500000000000000000e+01 9.019596628844102609e-05
6.600000000000000000e+01 8.408734152882000527e-05
6.700000000000000000e+01 8.117653172751214223e-05
6.800000000000000000e+01 7.820278524277460644e-05
6.900000000000000000e+01 7.711509543292750703e-05
7.000000000000000000e+01 7.571066294090326900e-05
7.100000000000000000e+01 7.531222974508391911e-05
7.200000000000000000e+01 7.370981323147274484e-05
7.300000000000000000e+01 7.260044636193632066e-05
7.400000000000000000e+01 7.254279019212939216e-05
7.500000000000000000e+01 7.358045998711043730e-05
7.600000000000000000e+01 7.135610011248333883e-05
7.700000000000000000e+01 6.926027158271936429e-05
7.800000000000000000e+01 6.931566501579061387e-05
7.900000000000000000e+01 6.820232482517773695e-05
8.000000000000000000e+01 6.736342022212883477e-05
8.100000000000000000e+01 6.859979196148198802e-05
8.200000000000000000e+01 6.589051625942864718e-05
8.300000000000000000e+01 6.525630844698599733e-05
8.400000000000000000e+01 6.731849563140991828e-05
8.500000000000000000e+01 6.729651206799412786e-05
8.600000000000000000e+01 6.380909041473177090e-05
8.700000000000000000e+01 6.285652218452087987e-05
8.800000000000000000e+01 6.259675109371814041e-05
8.900000000000000000e+01 6.113235883864161831e-05
9.000000000000000000e+01 6.182914611673873790e-05
9.100000000000000000e+01 6.002283981125123034e-05
9.200000000000000000e+01 5.971450151254293135e-05
9.300000000000000000e+01 5.938047491083134073e-05
9.400000000000000000e+01 5.842681830877313200e-05
9.500000000000000000e+01 5.807712893567564645e-05
9.600000000000000000e+01 5.836000942356156447e-05
9.700000000000000000e+01 5.688602998271303932e-05
9.800000000000000000e+01 5.748810755087105720e-05
9.900000000000000000e+01 5.601399991504298439e-05
1.000000000000000000e+02 5.467240198538221102e-05
1.010000000000000000e+02 5.578271964632694783e-05
1.020000000000000000e+02 5.431193788623690371e-05
1.030000000000000000e+02 5.429324191913231990e-05
1.040000000000000000e+02 5.361437147340746657e-05
1.050000000000000000e+02 5.440658407783764347e-05
1.060000000000000000e+02 5.203919469281854932e-05
1.070000000000000000e+02 5.435146252871463752e-05
1.080000000000000000e+02 5.181557434628775128e-05
1.090000000000000000e+02 5.127429718215018300e-05
1.100000000000000000e+02 5.123089425531535568e-05
1.110000000000000000e+02 5.158005012248393988e-05
1.120000000000000000e+02 5.082434141763457459e-05
1.130000000000000000e+02 5.054022771899624813e-05
1.140000000000000000e+02 4.990652437396732945e-05
1.150000000000000000e+02 4.785893019620297026e-05
1.160000000000000000e+02 4.752350440544983435e-05
1.170000000000000000e+02 4.679799075374404610e-05
1.180000000000000000e+02 4.683546140604262004e-05
1.190000000000000000e+02 4.688068042478294226e-05
1.200000000000000000e+02 4.608985739924765460e-05
1.210000000000000000e+02 4.574953720041631744e-05
1.220000000000000000e+02 4.487697778867760290e-05
1.230000000000000000e+02 4.688230108128746778e-05
1.240000000000000000e+02 4.593094559649437157e-05
1.250000000000000000e+02 4.457692207835794415e-05
1.260000000000000000e+02 4.581904080712385051e-05
1.270000000000000000e+02 4.453810685249994466e-05
1.280000000000000000e+02 4.260112359231712690e-05
1.290000000000000000e+02 4.380099314641931849e-05
1.300000000000000000e+02 4.403755316102046666e-05
1.310000000000000000e+02 4.245584550615418441e-05
1.320000000000000000e+02 4.150246925226552721e-05
1.330000000000000000e+02 4.129834266078711126e-05
1.340000000000000000e+02 4.152319585802708471e-05
1.350000000000000000e+02 4.063587058651160603e-05
1.360000000000000000e+02 4.055793694534227305e-05
1.370000000000000000e+02 4.088493933710608786e-05
1.380000000000000000e+02 3.952657276132604593e-05
1.390000000000000000e+02 3.998098449468660620e-05
1.400000000000000000e+02 3.978673133835197408e-05
1.410000000000000000e+02 4.035366573463155030e-05
1.420000000000000000e+02 3.855526045931135132e-05
1.430000000000000000e+02 3.848475381530845916e-05
1.440000000000000000e+02 3.913812257048181697e-05
1.450000000000000000e+02 3.837637305370446403e-05
1.460000000000000000e+02 3.792429684269735268e-05
1.470000000000000000e+02 3.779447472754780406e-05
1.480000000000000000e+02 3.748156490596989132e-05
1.490000000000000000e+02 3.745340697769922379e-05
1.500000000000000000e+02 3.764204149166522286e-05
1.510000000000000000e+02 3.841578958645728344e-05
1.520000000000000000e+02 3.684753646508438611e-05
1.530000000000000000e+02 3.648357216621407573e-05
1.540000000000000000e+02 3.617814886926837840e-05
1.550000000000000000e+02 3.688795212399187298e-05
1.560000000000000000e+02 3.590109166985488092e-05
1.570000000000000000e+02 3.650173713617252440e-05
1.580000000000000000e+02 3.595145498799984013e-05
1.590000000000000000e+02 3.577565270614494652e-05
1.600000000000000000e+02 3.553312027638545653e-05
1.610000000000000000e+02 3.492951014732126813e-05
1.620000000000000000e+02 3.527306974270599436e-05
1.630000000000000000e+02 3.648572823549751958e-05
1.640000000000000000e+02 3.523795315775107915e-05
1.650000000000000000e+02 3.482204187987611969e-05
1.660000000000000000e+02 3.484510491044742454e-05
1.670000000000000000e+02 3.509926793497396199e-05
1.680000000000000000e+02 3.424870099025060908e-05
1.690000000000000000e+02 3.428515492958726771e-05
1.700000000000000000e+02 3.447110141993865262e-05
1.710000000000000000e+02 3.427831796931777241e-05
1.720000000000000000e+02 3.437575293617361631e-05
1.730000000000000000e+02 3.398230316567929526e-05
1.740000000000000000e+02 3.363570480394442676e-05
1.750000000000000000e+02 3.405110182643568710e-05
1.760000000000000000e+02 3.404126180225687694e-05
1.770000000000000000e+02 3.398309217317768997e-05
1.780000000000000000e+02 3.353078379574370746e-05
1.790000000000000000e+02 3.324156429364477281e-05
1.800000000000000000e+02 3.331486276445758007e-05
1.810000000000000000e+02 3.315272287745527947e-05
1.820000000000000000e+02 3.440825108575909741e-05
1.830000000000000000e+02 3.368995920995839904e-05
1.840000000000000000e+02 3.310821648576405045e-05
1.850000000000000000e+02 3.298631373647582359e-05
1.860000000000000000e+02 3.288892893862840617e-05
1.870000000000000000e+02 3.344579560441265556e-05
1.880000000000000000e+02 3.301322036119084646e-05
1.890000000000000000e+02 3.362192933527548489e-05
1.900000000000000000e+02 3.270311103509304808e-05
1.910000000000000000e+02 3.252704457349376286e-05
1.920000000000000000e+02 3.271870959842847936e-05
1.930000000000000000e+02 3.319973216931212918e-05
1.940000000000000000e+02 3.253763146118150441e-05
1.950000000000000000e+02 3.297302213808661560e-05
1.960000000000000000e+02 3.328551049969354054e-05
1.970000000000000000e+02 3.269855360685659622e-05
1.980000000000000000e+02 3.313919889988387019e-05
1.990000000000000000e+02 3.231044604248847437e-05
2.000000000000000000e+02 3.247832033206320563e-05
2.010000000000000000e+02 3.340224061268012645e-05
2.020000000000000000e+02 3.259234245537726341e-05
2.030000000000000000e+02 3.321836181785946588e-05
2.040000000000000000e+02 3.218239327633028879e-05
2.050000000000000000e+02 3.266071442174673940e-05
2.060000000000000000e+02 3.281598038733997852e-05
2.070000000000000000e+02 3.211523924895818281e-05
2.080000000000000000e+02 3.194273041878877315e-05
2.090000000000000000e+02 3.191378586152096970e-05
2.100000000000000000e+02 3.248811897886687712e-05
2.110000000000000000e+02 3.235102218252999205e-05
2.120000000000000000e+02 3.229927033497777527e-05
2.130000000000000000e+02 3.174483212267362918e-05
2.140000000000000000e+02 3.168606328759092161e-05
2.150000000000000000e+02 3.257403502822257460e-05
2.160000000000000000e+02 3.457413944587053867e-05
2.170000000000000000e+02 3.240221562658708034e-05
2.180000000000000000e+02 3.192222913573779220e-05
2.190000000000000000e+02 3.165329235471791869e-05
2.200000000000000000e+02 3.220818218807280204e-05
2.210000000000000000e+02 3.183431613065472189e-05
2.220000000000000000e+02 3.287024529430883346e-05
2.230000000000000000e+02 3.174091258051045842e-05
2.240000000000000000e+02 3.144677557790114057e-05
2.250000000000000000e+02 3.159421782306100310e-05
2.260000000000000000e+02 3.178390604971537451e-05
2.270000000000000000e+02 3.160700233650842554e-05
2.280000000000000000e+02 3.162946416591690943e-05
2.290000000000000000e+02 3.216410205360329902e-05
2.300000000000000000e+02 3.170453393714446405e-05
2.310000000000000000e+02 3.162346746910347118e-05
2.320000000000000000e+02 3.164022478532035751e-05
2.330000000000000000e+02 3.154482420771942338e-05
2.340000000000000000e+02 3.180391579595779895e-05
2.350000000000000000e+02 3.166424332465933811e-05
2.360000000000000000e+02 3.182273886581717684e-05
2.370000000000000000e+02 3.146005760361865949e-05
2.380000000000000000e+02 3.125827022026964042e-05
2.390000000000000000e+02 3.210244581676942490e-05
2.400000000000000000e+02 3.210228571435322348e-05
2.410000000000000000e+02 3.232467016146922358e-05
2.420000000000000000e+02 3.171214684682680993e-05
2.430000000000000000e+02 3.158739074389358857e-05
2.440000000000000000e+02 3.216692987552400288e-05
2.450000000000000000e+02 3.199512545805821605e-05
2.460000000000000000e+02 3.145559951800574474e-05
2.470000000000000000e+02 3.138782746572796594e-05
2.480000000000000000e+02 3.144829421444969282e-05
2.490000000000000000e+02 3.125587575925511095e-05
2.500000000000000000e+02 3.177088353270965707e-05
2.510000000000000000e+02 3.181903895024334816e-05
2.520000000000000000e+02 3.198951152361101364e-05
2.530000000000000000e+02 3.135169406319211066e-05
2.540000000000000000e+02 3.140203344438608353e-05
2.550000000000000000e+02 3.125748273243775911e-05
2.560000000000000000e+02 3.152126375855697255e-05
2.570000000000000000e+02 3.107296777198082237e-05
2.580000000000000000e+02 3.126705983850931438e-05
2.590000000000000000e+02 3.112057291563447589e-05
2.600000000000000000e+02 3.136162790046766354e-05
2.610000000000000000e+02 3.105694510374223775e-05
2.620000000000000000e+02 3.136287965737417959e-05
2.630000000000000000e+02 3.162537382778996800e-05
2.640000000000000000e+02 3.141216671112759934e-05
2.650000000000000000e+02 3.115525062153595758e-05
2.660000000000000000e+02 3.137056778061351315e-05
2.670000000000000000e+02 3.132511197145968103e-05
2.680000000000000000e+02 3.167067076905840718e-05
2.690000000000000000e+02 3.221806908207066646e-05
2.700000000000000000e+02 3.165919342587745014e-05
2.710000000000000000e+02 3.124392281578258247e-05
2.720000000000000000e+02 3.125957778868018863e-05
2.730000000000000000e+02 3.196808593830832528e-05
2.740000000000000000e+02 3.112929489026627173e-05
2.750000000000000000e+02 3.113211386752844274e-05
2.760000000000000000e+02 3.094056100319251445e-05
2.770000000000000000e+02 3.173775832277321216e-05
2.780000000000000000e+02 3.134836537934980119e-05
2.790000000000000000e+02 3.153851104886714652e-05
2.800000000000000000e+02 3.096342968896560315e-05
2.810000000000000000e+02 3.092088058839133108e-05
2.820000000000000000e+02 3.092776071254625615e-05
2.830000000000000000e+02 3.125159609980629179e-05
2.840000000000000000e+02 3.109099188530728940e-05
2.850000000000000000e+02 3.105253340820340359e-05
2.860000000000000000e+02 3.115851508096587801e-05
2.870000000000000000e+02 3.119525914589314167e-05
2.880000000000000000e+02 3.122362654771546607e-05
2.890000000000000000e+02 3.114448541498383507e-05
2.900000000000000000e+02 3.105689655109880533e-05
2.910000000000000000e+02 3.112474542473691946e-05
2.920000000000000000e+02 3.111620712223127697e-05
2.930000000000000000e+02 3.172773531926675547e-05
