0.000000000000000000e+00 2.754928445799479817e-04
1.000000000000000000e+00 9.509835061419048895e-05
2.000000000000000000e+00 9.514949444733120261e-05
3.000000000000000000e+00 3.341089132878116897e-05
4.000000000000000000e+00 3.001626569638480383e-05
5.000000000000000000e+00 1.904724921767479606e-05
6.000000000000000000e+00 3.302603976726956080e-05
7.000000000000000000e+00 2.367316131356613092e-05
8.000000000000000000e+00 3.657580763203601782e-05
9.000000000000000000e+00 3.993558552876108636e-05
1.000000000000000000e+01 2.545769787498414040e-05
1.100000000000000000e+01 2.244320036670563389e-05
1.200000000000000000e+01 4.134089848341302993e-05
1.300000000000000000e+01 2.849615664489410413e-05
1.400000000000000000e+01 2.144954020545290454e-05
1.500000000000000000e+01 1.721985259849849781e-05
1.600000000000000000e+01 2.552094759333939006e-05
1.700000000000000000e+01 2.406011719473650335e-05
1.800000000000000000e+01 2.265636151956838229e-05
1.900000000000000000e+01 1.886431568768480899e-05
2.000000000000000000e+01 2.004668710894967734e-05
2.100000000000000000e+01 1.999478770965012719e-05
2.200000000000000000e+01 1.726585533640773447e-05
2.300000000000000000e+01 1.641264319036875787e-05
2.400000000000000000e+01 1.809684860598919739e-05
2.500000000000000000e+01 2.003139520455643981e-05
2.600000000000000000e+01 2.284704302272166652e-05
2.700000000000000000e+01 2.516262850180791381e-05
2.800000000000000000e+01 2.531090971732120144e-05
2.900000000000000000e+01 2.255869677195525405e-05
3.000000000000000000e+01 2.318537053568424033e-05
3.100000000000000000e+01 2.108991497923165388e-05
3.200000000000000000e+01 1.926998121170083662e-05
3.300000000000000000e+01 2.070855402631140247e-05
3.400000000000000000e+01 1.686104753308341619e-05
3.500000000000000000e+01 1.366022421722859996e-05
3.600000000000000000e+01 1.288720960146574491e-05
3.700000000000000000e+01 1.857636374748769322e-05
3.800000000000000000e+01 1.767771689938244528e-05
3.900000000000000000e+01 1.455964229034649259e-05
4.000000000000000000e+01 1.259098452185365451e-05
4.100000000000000000e+01 1.637106262477482148e-05
4.200000000000000000e+01 1.594023806291696110e-05
4.300000000000000000e+01 1.245231259349065530e-05
4.400000000000000000e+01 1.881527980916495544e-05
4.500000000000000000e+01 1.268612269021971051e-05
4.600000000000000000e+01 1.043151609287417646e-05
4.700000000000000000e+01 1.758062959558898581e-05
4.800000000000000000e+01 9.584951973968750609e-06
4.900000000000000000e+01 1.239629835062041305e-05
5.000000000000000000e+01 1.297305525039678456e-05
5.100000000000000000e+01 1.705271427505731916e-05
5.200000000000000000e+01 1.832109818813670816e-05
5.300000000000000000e+01 1.124656105323158907e-05
5.400000000000000000e+01 9.866964728292880796e-06
5.500000000000000000e+01 6.876299467853536040e-06
5.600000000000000000e+01 1.139657833395604983e-05
5.700000000000000000e+01 1.134576668566167760e-05
5.800000000000000000e+01 1.146491496370358652e-05
5.900000000000000000e+01 1.000763547619346577e-05
6.000000000000000000e+01 9.540700825048540820e-06
6.100000000000000000e+01 1.099648063267586339e-05
6.200000000000000000e+01 9.975528385995891770e-06
6.300000000000000000e+01 8.974645786887861925e-06
6.400000000000000000e+01 1.392636302198871762e-05
6.500000000000000000e+01 8.118485149617430782e-06
6.600000000000000000e+01 7.665761824414286303e-06
6.700000000000000000e+01 9.386326734774321965e-06
6.800000000000000000e+01 1.461759723120044721e-05
6.900000000000000000e+01 1.221120993877938585e-05
7.000000000000000000e+01 9.130902227508273802e-06
7.100000000000000000e+01 7.824016263582133756e-06
7.200000000000000000e+01 8.237824455550061943e-06
7.300000000000000000e+01 9.529368473044912298e-06
7.400000000000000000e+01 1.146693384059002218e-05
7.500000000000000000e+01 1.031241209764095310e-05
7.600000000000000000e+01 1.690056061055514081e-05
7.700000000000000000e+01 1.552776296437733425e-05
7.800000000000000000e+01 9.445852000351787187e-06
7.900000000000000000e+01 9.651770337046973840e-06
8.000000000000000000e+01 9.788549614385887190e-06
8.100000000000000000e+01 8.312993513119641226e-06
8.200000000000000000e+01 9.965021735960677722e-06
8.300000000000000000e+01 1.149245176968103432e-05
8.400000000000000000e+01 1.020307950357877641e-05
8.500000000000000000e+01 9.735987187372606238e-06
8.600000000000000000e+01 9.068344197959258231e-06
8.700000000000000000e+01 7.349402036362991384e-06
8.800000000000000000e+01 6.480362913162434946e-06
8.900000000000000000e+01 6.972197454378020010e-06
9.000000000000000000e+01 8.019188541447259719e-06
9.100000000000000000e+01 7.370437214737644869e-06
9.200000000000000000e+01 6.779991712890431416e-06
9.300000000000000000e+01 8.975065110096289554e-06
9.400000000000000000e+01 1.094849895346774280e-05
9.500000000000000000e+01 6.867110984648792406e-06
9.600000000000000000e+01 8.752790877613024975e-06
9.700000000000000000e+01 7.221743356509581769e-06
9.800000000000000000e+01 7.289292669026563178e-06
9.900000000000000000e+01 7.400080075776649937e-06
1.000000000000000000e+02 8.353291277651290136e-06
1.010000000000000000e+02 6.932994673214223098e-06
1.020000000000000000e+02 7.435703613639918246e-06
1.030000000000000000e+02 5.898069428748180784e-06
1.040000000000000000e+02 7.655748074931946235e-06
1.050000000000000000e+02 1.006141672013391042e-05
1.060000000000000000e+02 9.803410947388273156e-06
1.070000000000000000e+02 6.736021622257549099e-06
1.080000000000000000e+02 6.496342805911684550e-06
1.090000000000000000e+02 7.165172163668522820e-06
1.100000000000000000e+02 7.627475005420287681e-06
1.110000000000000000e+02 9.412688515307586940e-06
1.120000000000000000e+02 7.436970248165563365e-06
1.130000000000000000e+02 6.754166646506935652e-06
1.140000000000000000e+02 6.429606833398557734e-06
1.150000000000000000e+02 7.162414337856313087e-06
1.160000000000000000e+02 6.276784076704257950e-06
1.170000000000000000e+02 6.586569524815649269e-06
1.180000000000000000e+02 6.282573191582494019e-06
1.190000000000000000e+02 6.266714752730272642e-06
1.200000000000000000e+02 7.604695238119614704e-06
1.210000000000000000e+02 7.073745208745302825e-06
1.220000000000000000e+02 5.940427799969612650e-06
1.230000000000000000e+02 6.341932136132480087e-06
1.240000000000000000e+02 9.071609575629278777e-06
1.250000000000000000e+02 6.842726521870041435e-06
1.260000000000000000e+02 5.655862515765455205e-06
1.270000000000000000e+02 6.477613740395588852e-06
1.280000000000000000e+02 7.186262039778664856e-06
1.290000000000000000e+02 5.999637004506799393e-06
1.300000000000000000e+02 6.125680816931548558e-06
1.310000000000000000e+02 6.030316314205073650e-06
1.320000000000000000e+02 6.523137959016409158e-06
1.330000000000000000e+02 6.316516097937743242e-06
1.340000000000000000e+02 6.424914566376995516e-06
1.350000000000000000e+02 6.153947675146561160e-06
1.360000000000000000e+02 9.277727213543016362e-06
1.370000000000000000e+02 8.036424433845168469e-06
1.380000000000000000e+02 5.995745176138855397e-06
1.390000000000000000e+02 5.832867636429690079e-06
1.400000000000000000e+02 5.869864132107929177e-06
1.410000000000000000e+02 5.767623327021535890e-06
1.420000000000000000e+02 6.250641102352394657e-06
1.430000000000000000e+02 8.356710003904698039e-06
1.440000000000000000e+02 6.199963431527678600e-06
1.450000000000000000e+02 7.496106081163886938e-06
1.460000000000000000e+02 7.563745028056083289e-06
1.470000000000000000e+02 6.985821113548093768e-06
1.480000000000000000e+02 7.208063366577252907e-06
1.490000000000000000e+02 6.553232360671144719e-06
1.500000000000000000e+02 6.150122647203771017e-06
1.510000000000000000e+02 6.835075128276604948e-06
1.520000000000000000e+02 5.961112650232114475e-06
1.530000000000000000e+02 6.590639458352262195e-06
1.540000000000000000e+02 5.867412300792187644e-06
1.550000000000000000e+02 5.878018761533445324e-06
1.560000000000000000e+02 6.717939451150476828e-06
1.570000000000000000e+02 5.960569477188183906e-06
1.580000000000000000e+02 6.704630067318470043e-06
1.590000000000000000e+02 6.981069671102095158e-06
1.600000000000000000e+02 5.546818298261083587e-06
1.610000000000000000e+02 6.259041092413702862e-06
1.620000000000000000e+02 7.783982565899003181e-06
1.630000000000000000e+02 6.197964502898882348e-06
1.640000000000000000e+02 5.786579139005086888e-06
1.650000000000000000e+02 5.148475015588249583e-06
1.660000000000000000e+02 5.554969510631187678e-06
1.670000000000000000e+02 5.541875872130593818e-06
1.680000000000000000e+02 6.038908023319589651e-06
1.690000000000000000e+02 5.602800637102242427e-06
1.700000000000000000e+02 6.018330784383806203e-06
1.710000000000000000e+02 5.556183561781172993e-06
1.720000000000000000e+02 7.308275050489529877e-06
1.730000000000000000e+02 6.444463714582841852e-06
1.740000000000000000e+02 5.436552730955499768e-06
1.750000000000000000e+02 5.588035178640759282e-06
1.760000000000000000e+02 5.231716511768797273e-06
1.770000000000000000e+02 5.206160152069171776e-06
1.780000000000000000e+02 5.246234969718903927e-06
1.790000000000000000e+02 5.196737211570702140e-06
1.800000000000000000e+02 5.907883167226658645e-06
1.810000000000000000e+02 5.503106056457504341e-06
1.820000000000000000e+02 5.416165093529551684e-06
1.830000000000000000e+02 5.675107898895145000e-06
1.840000000000000000e+02 5.102916457298973588e-06
1.850000000000000000e+02 5.196272681581718531e-06
1.860000000000000000e+02 5.403728217000799393e-06
1.870000000000000000e+02 6.517965582974418212e-06
1.880000000000000000e+02 5.555164191951915105e-06
1.890000000000000000e+02 5.434158095728931701e-06
1.900000000000000000e+02 5.545914890156915539e-06
1.910000000000000000e+02 5.026266985042152214e-06
1.920000000000000000e+02 5.490109092915248441e-06
1.930000000000000000e+02 5.324218712063925470e-06
1.940000000000000000e+02 5.778270678298671391e-06
1.950000000000000000e+02 5.511314546366507030e-06
1.960000000000000000e+02 5.189529170556328456e-06
1.970000000000000000e+02 5.143230394134118434e-06
1.980000000000000000e+02 5.645105420970909960e-06
1.990000000000000000e+02 5.804410407106829510e-06
2.000000000000000000e+02 6.713650882970778642e-06
2.010000000000000000e+02 5.374934149137163523e-06
2.020000000000000000e+02 5.023570693509355590e-06
2.030000000000000000e+02 5.271247380314997108e-06
2.040000000000000000e+02 4.919895774963155472e-06
2.050000000000000000e+02 4.973791739255888150e-06
2.060000000000000000e+02 5.342681118384579229e-06
2.070000000000000000e+02 5.439402622996946289e-06
2.080000000000000000e+02 5.487113709852391296e-06
2.090000000000000000e+02 5.343917519591278453e-06
2.100000000000000000e+02 5.493081751559366533e-06
2.110000000000000000e+02 5.042968844814993815e-06
2.120000000000000000e+02 5.158010725672692647e-06
2.130000000000000000e+02 5.373661998575934447e-06
2.140000000000000000e+02 5.611015643841453790e-06
2.150000000000000000e+02 4.970092506728520110e-06
2.160000000000000000e+02 5.331536811185721636e-06
2.170000000000000000e+02 4.798660318299829069e-06
2.180000000000000000e+02 5.176752455797011564e-06
2.190000000000000000e+02 4.829112173667095266e-06
2.200000000000000000e+02 4.966238484797106535e-06
2.210000000000000000e+02 5.526834103272137187e-06
2.220000000000000000e+02 5.164454575322302315e-06
2.230000000000000000e+02 5.176969490924338909e-06
2.240000000000000000e+02 5.218521181193482398e-06
2.250000000000000000e+02 5.284332669362233837e-06
2.260000000000000000e+02 5.018480282741379715e-06
2.270000000000000000e+02 5.049283234418159883e-06
2.280000000000000000e+02 5.623707339822461883e-06
2.290000000000000000e+02 5.031059840766094716e-06
2.300000000000000000e+02 4.813163579415011469e-06
2.310000000000000000e+02 4.885848038413122389e-06
2.320000000000000000e+02 5.006616786227424286e-06
2.330000000000000000e+02 5.117262855404501164e-06
2.340000000000000000e+02 4.821999917621590228e-06
2.350000000000000000e+02 5.059544081101337892e-06
2.360000000000000000e+02 5.279806366024967408e-06
2.370000000000000000e+02 4.989440293395062499e-06
2.380000000000000000e+02 5.047179718175667908e-06
2.390000000000000000e+02 4.956006628227690474e-06
2.400000000000000000e+02 5.601612677981952597e-06
2.410000000000000000e+02 4.994878016828628727e-06
2.420000000000000000e+02 5.137964415642398217e-06
2.430000000000000000e+02 4.884232540590833913e-06
2.440000000000000000e+02 4.985174702790332629e-06
2.450000000000000000e+02 5.145109899632495274e-06
2.460000000000000000e+02 4.855975692186598063e-06
2.470000000000000000e+02 5.070943250475175313e-06
2.480000000000000000e+02 4.842420066098647311e-06
2.490000000000000000e+02 5.067028782435230462e-06
2.500000000000000000e+02 5.139846502726629570e-06
2.510000000000000000e+02 4.809631179405872986e-06
2.520000000000000000e+02 5.407122833135092015e-06
2.530000000000000000e+02 4.918974705146147781e-06
2.540000000000000000e+02 5.025593016628579630e-06
2.550000000000000000e+02 4.913485586875320952e-06
2.560000000000000000e+02 4.941074675860920626e-06
2.570000000000000000e+02 4.719518210953453395e-06
2.580000000000000000e+02 4.933364527032645314e-06
2.590000000000000000e+02 4.658710462841619573e-06
2.600000000000000000e+02 4.981001498185951229e-06
2.610000000000000000e+02 4.553583502718735818e-06
2.620000000000000000e+02 5.016793073184522470e-06
2.630000000000000000e+02 4.873415869942450014e-06
2.640000000000000000e+02 5.125887211902949620e-06
2.650000000000000000e+02 4.931379486244077876e-06
2.660000000000000000e+02 4.855861741987102956e-06
2.670000000000000000e+02 4.776770533348101205e-06
2.680000000000000000e+02 6.001068692832757433e-06
2.690000000000000000e+02 5.470419250346160678e-06
2.700000000000000000e+02 5.433850093649813914e-06
2.710000000000000000e+02 5.426336164711777388e-06
2.720000000000000000e+02 4.838031618513022675e-06
2.730000000000000000e+02 4.913533823685059102e-06
2.740000000000000000e+02 4.911025300705702060e-06
2.750000000000000000e+02 4.614190736924193490e-06
2.760000000000000000e+02 4.980005572360508294e-06
2.770000000000000000e+02 4.793696404884925419e-06
2.780000000000000000e+02 5.014200933370051850e-06
2.790000000000000000e+02 4.688595627043215418e-06
2.800000000000000000e+02 4.698917219776069284e-06
2.810000000000000000e+02 4.903094925294879934e-06
2.820000000000000000e+02 4.860751842946289662e-06
2.830000000000000000e+02 4.595629076225058886e-06
2.840000000000000000e+02 4.732784283095949011e-06
2.850000000000000000e+02 4.991421122961027003e-06
2.860000000000000000e+02 4.788470210502954735e-06
2.870000000000000000e+02 4.652044756001157714e-06
2.880000000000000000e+02 5.242061250103822528e-06
2.890000000000000000e+02 4.826475102431387922e-06
2.900000000000000000e+02 4.691803390622941415e-06
2.910000000000000000e+02 4.841707210885096338e-06
2.920000000000000000e+02 4.610208446985885220e-06
2.930000000000000000e+02 4.813288893683132480e-06
2.940000000000000000e+02 4.608939490615891982e-06
2.950000000000000000e+02 4.976881059559636949e-06
2.960000000000000000e+02 5.092015197609027362e-06
2.970000000000000000e+02 5.340871345009004491e-06
2.980000000000000000e+02 4.787796711048115453e-06
2.990000000000000000e+02 4.930136318998750370e-06
3.000000000000000000e+02 4.754331609698185697e-06
3.010000000000000000e+02 4.662344627064829805e-06
3.020000000000000000e+02 4.510369073280069737e-06
3.030000000000000000e+02 4.660821207513289974e-06
3.040000000000000000e+02 4.625843857128639732e-06
3.050000000000000000e+02 4.795117236740292713e-06
3.060000000000000000e+02 4.702683568324849410e-06
3.070000000000000000e+02 4.653314066538958569e-06
3.080000000000000000e+02 4.799171854600128251e-06
3.090000000000000000e+02 4.691496424621154295e-06
3.100000000000000000e+02 4.688781218232912203e-06
3.110000000000000000e+02 4.618437916551044496e-06
3.120000000000000000e+02 4.650275108706219745e-06
3.130000000000000000e+02 4.977737422547522324e-06
3.140000000000000000e+02 4.908395520353231520e-06
3.150000000000000000e+02 4.574032664290091492e-06
3.160000000000000000e+02 4.519965601630448289e-06
3.170000000000000000e+02 4.909234970879786815e-06
3.180000000000000000e+02 4.990329565071198085e-06
3.190000000000000000e+02 4.607180890611756462e-06
3.200000000000000000e+02 4.519836439368064673e-06
3.210000000000000000e+02 4.732851175341061687e-06
3.220000000000000000e+02 4.535334030789099707e-06
3.230000000000000000e+02 4.551016518982166168e-06
3.240000000000000000e+02 4.652294408900838551e-06
3.250000000000000000e+02 4.921379951671159070e-06
3.260000000000000000e+02 4.729830457541205626e-06
3.270000000000000000e+02 4.615481894746418849e-06
3.280000000000000000e+02 4.766160953222929245e-06
3.290000000000000000e+02 4.546273324912047172e-06
3.300000000000000000e+02 4.649415042142952950e-06
3.310000000000000000e+02 4.571585869269746826e-06
3.320000000000000000e+02 4.789084572125979172e-06
3.330000000000000000e+02 4.627337026076427777e-06
3.340000000000000000e+02 4.530119785979972363e-06
3.350000000000000000e+02 4.556967545689729674e-06
3.360000000000000000e+02 4.506435178804057973e-06
3.370000000000000000e+02 4.598224093994610989e-06
3.380000000000000000e+02 4.547760727582599687e-06
3.390000000000000000e+02 4.590402416927791186e-06
3.400000000000000000e+02 4.728981155875330087e-06
3.410000000000000000e+02 4.650437629914933225e-06
3.420000000000000000e+02 4.539871497923059009e-06
3.430000000000000000e+02 4.569236066588733196e-06
3.440000000000000000e+02 4.603547228394271664e-06
3.450000000000000000e+02 4.628029827775616507e-06
3.460000000000000000e+02 4.616216265380309300e-06
3.470000000000000000e+02 4.613672764158171823e-06
3.480000000000000000e+02 4.565426161445058933e-06
3.490000000000000000e+02 4.615234469234984595e-06
3.500000000000000000e+02 4.504770272545917179e-06
3.510000000000000000e+02 4.640004379905716602e-06
3.520000000000000000e+02 4.754810742046797713e-06
3.530000000000000000e+02 4.627476179927195555e-06
3.540000000000000000e+02 4.556643541128124743e-06
3.550000000000000000e+02 4.653137137704589010e-06
3.560000000000000000e+02 4.625661818287481090e-06
3.570000000000000000e+02 4.739817559211864732e-06
3.580000000000000000e+02 4.467820251072668337e-06
3.590000000000000000e+02 4.568695155147356081e-06
3.600000000000000000e+02 4.605298284241818484e-06
3.610000000000000000e+02 4.621815466662685901e-06
3.620000000000000000e+02 4.526370163167180436e-06
3.630000000000000000e+02 4.519434384459729341e-06
3.640000000000000000e+02 4.588948167758708734e-06
3.650000000000000000e+02 4.484989129748384206e-06
3.660000000000000000e+02 4.599838906406776439e-06
3.670000000000000000e+02 4.566493570819099068e-06
3.680000000000000000e+02 4.560871756615517098e-06
3.690000000000000000e+02 4.691146436510664476e-06
3.700000000000000000e+02 4.582258559017662614e-06
3.710000000000000000e+02 4.536488158079265477e-06
