0.000000000000000000e+00 3.551419170086421505e-04
1.000000000000000000e+00 1.009678347442119419e-04
2.000000000000000000e+00 6.836312173500577933e-05
3.000000000000000000e+00 5.365349834074952846e-05
4.000000000000000000e+00 4.681419448267585680e-05
5.000000000000000000e+00 4.222871744735583400e-05
6.000000000000000000e+00 3.068759719578196133e-05
7.000000000000000000e+00 2.998901015083563708e-05
8.000000000000000000e+00 3.087141041120051760e-05
9.000000000000000000e+00 2.752720444864362528e-05
1.000000000000000000e+01 2.746453469467299147e-05
1.100000000000000000e+01 2.148349045220105926e-05
1.200000000000000000e+01 3.152057460802372923e-05
1.300000000000000000e+01 2.302688159176075031e-05
1.400000000000000000e+01 1.612368630899202994e-05
1.500000000000000000e+01 1.784301828104833490e-05
1.600000000000000000e+01 2.026750669453883266e-05
1.700000000000000000e+01 2.585770063812018358e-05
1.800000000000000000e+01 1.975302512468969456e-05
1.900000000000000000e+01 1.725064723544547494e-05
2.000000000000000000e+01 1.783987299668832264e-05
2.100000000000000000e+01 1.795546617004530458e-05
2.200000000000000000e+01 1.707599095830006914e-05
2.300000000000000000e+01 1.475674337373067539e-05
2.400000000000000000e+01 1.359218548722832074e-05
2.500000000000000000e+01 1.270738606917963012e-05
2.600000000000000000e+01 1.453099823991436396e-05
2.700000000000000000e+01 1.361422622786707585e-05
2.800000000000000000e+01 1.874283947141860884e-05
2.900000000000000000e+01 1.427241259312346455e-05
3.000000000000000000e+01 1.624082623360566602e-05
3.100000000000000000e+01 1.058096759616522794e-05
3.200000000000000000e+01 1.349424115282681819e-05
3.300000000000000000e+01 1.199681750063123904e-05
3.400000000000000000e+01 1.285173941519484686e-05
3.500000000000000000e+01 1.937454977319709502e-05
3.600000000000000000e+01 1.636342079755932619e-05
3.700000000000000000e+01 1.423290343955945087e-05
3.800000000000000000e+01 1.483233601044502458e-05
3.900000000000000000e+01 1.234083047503099397e-05
4.000000000000000000e+01 9.266014429312932537e-06
4.100000000000000000e+01 1.334019501473312788e-05
4.200000000000000000e+01 1.167869567713806719e-05
4.300000000000000000e+01 1.538192356859541165e-05
4.400000000000000000e+01 1.214239031705753759e-05
4.500000000000000000e+01 2.374220648473968729e-05
4.600000000000000000e+01 1.752879254218582552e-05
4.700000000000000000e+01 1.170443545654253052e-05
4.800000000000000000e+01 1.277805297404621791e-05
4.900000000000000000e+01 1.064568037861830034e-05
5.000000000000000000e+01 1.441396102620110706e-05
5.100000000000000000e+01 1.549569597719158514e-05
5.200000000000000000e+01 1.021039939165783852e-05
5.300000000000000000e+01 1.561964484645023504e-05
5.400000000000000000e+01 9.429435487222994516e-06
5.500000000000000000e+01 1.663320620685331127e-05
5.600000000000000000e+01 1.622955718637806037e-05
5.700000000000000000e+01 1.560798676737584320e-05
5.800000000000000000e+01 1.116602233687540774e-05
5.900000000000000000e+01 9.037559014814146324e-06
6.000000000000000000e+01 9.100479766174432908e-06
6.100000000000000000e+01 2.194528466200073547e-05
6.200000000000000000e+01 2.104457395847393933e-05
6.300000000000000000e+01 1.018601206690440663e-05
6.400000000000000000e+01 9.005102390682693272e-06
6.500000000000000000e+01 1.090880880235415974e-05
6.600000000000000000e+01 1.081058881292151929e-05
6.700000000000000000e+01 1.188349533678204672e-05
6.800000000000000000e+01 2.510794703207951874e-05
6.900000000000000000e+01 1.350496169741860257e-05
7.000000000000000000e+01 1.127211110477660182e-05
7.100000000000000000e+01 9.662024206978001944e-06
7.200000000000000000e+01 8.196176327795074861e-06
7.300000000000000000e+01 1.136468375894402114e-05
7.400000000000000000e+01 1.028099299600134161e-05
7.500000000000000000e+01 1.049714444023203377e-05
7.600000000000000000e+01 6.829206786901542514e-06
7.700000000000000000e+01 1.785597569173299164e-05
7.800000000000000000e+01 1.059825545400977837e-05
7.900000000000000000e+01 1.161096637333356769e-05
8.000000000000000000e+01 8.618417387019289489e-06
8.100000000000000000e+01 8.755794747690875425e-06
8.200000000000000000e+01 8.935566765598771063e-06
8.300000000000000000e+01 1.047839475056451372e-05
8.400000000000000000e+01 1.115254931171110046e-05
8.500000000000000000e+01 1.305381879068906388e-05
8.600000000000000000e+01 1.147843628423248851e-05
8.700000000000000000e+01 1.025864983594601209e-05
8.800000000000000000e+01 1.439019644916383737e-05
8.900000000000000000e+01 9.255356396907568007e-06
9.000000000000000000e+01 6.924223692286298505e-06
9.100000000000000000e+01 7.348928715028107240e-06
9.200000000000000000e+01 1.022671834777428003e-05
9.300000000000000000e+01 9.071404714555247919e-06
9.400000000000000000e+01 1.217935392347016475e-05
9.500000000000000000e+01 1.270190815449628172e-05
9.600000000000000000e+01 1.345342297500882844e-05
9.700000000000000000e+01 1.108281097980975007e-05
9.800000000000000000e+01 1.081935941930906579e-05
9.900000000000000000e+01 7.598277118995289081e-06
1.000000000000000000e+02 7.784548371623167210e-06
1.010000000000000000e+02 7.739996194823596360e-06
1.020000000000000000e+02 1.481682263388572076e-05
1.030000000000000000e+02 7.272620481506002779e-06
1.040000000000000000e+02 8.958723311309245641e-06
1.050000000000000000e+02 6.627070703503858149e-06
1.060000000000000000e+02 1.340064296701551317e-05
1.070000000000000000e+02 1.141051026105544012e-05
1.080000000000000000e+02 9.050252012510006557e-06
1.090000000000000000e+02 9.492793604237198098e-06
1.100000000000000000e+02 8.650418434133549107e-06
1.110000000000000000e+02 1.029679904270035051e-05
1.120000000000000000e+02 9.740022811545267058e-06
1.130000000000000000e+02 9.271589531786709505e-06
1.140000000000000000e+02 9.716909290125147120e-06
1.150000000000000000e+02 6.949252454667383408e-06
1.160000000000000000e+02 5.622807346413399455e-06
1.170000000000000000e+02 6.867183325291419619e-06
1.180000000000000000e+02 9.866295312526489236e-06
1.190000000000000000e+02 1.672555639596171688e-05
1.200000000000000000e+02 1.443017274321841363e-05
1.210000000000000000e+02 8.535411576289788721e-06
1.220000000000000000e+02 6.720803202114791239e-06
1.230000000000000000e+02 8.064504411282727366e-06
1.240000000000000000e+02 9.940953431786107072e-06
1.250000000000000000e+02 8.505898694525805740e-06
1.260000000000000000e+02 9.211070308796603218e-06
1.270000000000000000e+02 1.850298428629385149e-05
1.280000000000000000e+02 2.005837142563067965e-05
1.290000000000000000e+02 7.762354436927452683e-06
1.300000000000000000e+02 6.714146669478443601e-06
1.310000000000000000e+02 6.466524736781338546e-06
1.320000000000000000e+02 6.374918287709356739e-06
1.330000000000000000e+02 6.129765149547429614e-06
1.340000000000000000e+02 7.794831842821214950e-06
1.350000000000000000e+02 7.041965005191155522e-06
1.360000000000000000e+02 8.173863499911769603e-06
1.370000000000000000e+02 8.301274062275109284e-06
1.380000000000000000e+02 5.529091053849223985e-06
1.390000000000000000e+02 5.815567119471529378e-06
1.400000000000000000e+02 9.823161472695759880e-06
1.410000000000000000e+02 7.314903611905788782e-06
1.420000000000000000e+02 7.265380788152074719e-06
1.430000000000000000e+02 5.247520249011851921e-06
1.440000000000000000e+02 6.266021812430430536e-06
1.450000000000000000e+02 8.173859163916510811e-06
1.460000000000000000e+02 1.050018479824147044e-05
1.470000000000000000e+02 9.968247335182584717e-06
1.480000000000000000e+02 6.266204957439258068e-06
1.490000000000000000e+02 7.580783719010843962e-06
1.500000000000000000e+02 8.433908975215104753e-06
1.510000000000000000e+02 8.120659416014336222e-06
1.520000000000000000e+02 6.176018092278834582e-06
1.530000000000000000e+02 6.682227481997354405e-06
1.540000000000000000e+02 5.513712799474356860e-06
1.550000000000000000e+02 7.105018096978060632e-06
1.560000000000000000e+02 6.126312347726034404e-06
1.570000000000000000e+02 5.265955610346867380e-06
1.580000000000000000e+02 6.177485201293530518e-06
1.590000000000000000e+02 6.083547797258910787e-06
1.600000000000000000e+02 6.344762728099231724e-06
1.610000000000000000e+02 1.023326905460005138e-05
1.620000000000000000e+02 4.512780331832531032e-06
1.630000000000000000e+02 5.413829807580940055e-06
1.640000000000000000e+02 8.654913251699785403e-06
1.650000000000000000e+02 7.889671234342754928e-06
1.660000000000000000e+02 6.202047597394378379e-06
1.670000000000000000e+02 5.886141777326192909e-06
1.680000000000000000e+02 7.682002535852843465e-06
1.690000000000000000e+02 5.460118100895930937e-06
1.700000000000000000e+02 6.827625793017818541e-06
1.710000000000000000e+02 6.694678407997792698e-06
1.720000000000000000e+02 5.543913816525253299e-06
1.730000000000000000e+02 4.882475839142597543e-06
1.740000000000000000e+02 4.614839384945798668e-06
1.750000000000000000e+02 5.443629379465070870e-06
1.760000000000000000e+02 7.593595884607453404e-06
1.770000000000000000e+02 8.562594317774569711e-06
1.780000000000000000e+02 6.798819071355592333e-06
1.790000000000000000e+02 5.761205646745512176e-06
1.800000000000000000e+02 4.841918782710523335e-06
1.810000000000000000e+02 4.437035346981936640e-06
1.820000000000000000e+02 6.365751196339542150e-06
1.830000000000000000e+02 8.172829270256017827e-06
1.840000000000000000e+02 5.403284225094044646e-06
1.850000000000000000e+02 4.524750196898891306e-06
1.860000000000000000e+02 7.561129596808677297e-06
1.870000000000000000e+02 5.689249116505393606e-06
1.880000000000000000e+02 5.243786757398648237e-06
1.890000000000000000e+02 5.696141540396131791e-06
1.900000000000000000e+02 7.964871898009910379e-06
1.910000000000000000e+02 7.686296604934415792e-06
1.920000000000000000e+02 9.602653275270056548e-06
1.930000000000000000e+02 6.077986134064192363e-06
1.940000000000000000e+02 6.206508451496084380e-06
1.950000000000000000e+02 5.102304967771592130e-06
1.960000000000000000e+02 5.582709400066352472e-06
1.970000000000000000e+02 5.043375628284402287e-06
1.980000000000000000e+02 4.334769505230692184e-06
1.990000000000000000e+02 4.720062509113605942e-06
2.000000000000000000e+02 4.912832502350140712e-06
2.010000000000000000e+02 6.161242739284282583e-06
2.020000000000000000e+02 7.099771503317517764e-06
2.030000000000000000e+02 4.726927225415914758e-06
2.040000000000000000e+02 4.970701893710534110e-06
2.050000000000000000e+02 4.320306695587575950e-06
2.060000000000000000e+02 5.754616612840704388e-06
2.070000000000000000e+02 6.776912081422392843e-06
2.080000000000000000e+02 6.412785710672831173e-06
2.090000000000000000e+02 6.005039397823761326e-06
2.100000000000000000e+02 4.826832213693694531e-06
2.110000000000000000e+02 5.752514136405185000e-06
2.120000000000000000e+02 5.146815013087531261e-06
2.130000000000000000e+02 4.335102909605158108e-06
2.140000000000000000e+02 4.138670122177916419e-06
2.150000000000000000e+02 5.784310179506604066e-06
2.160000000000000000e+02 6.125352920812839225e-06
2.170000000000000000e+02 5.142087268382341618e-06
2.180000000000000000e+02 5.592055774479774791e-06
2.190000000000000000e+02 4.581369893364057127e-06
2.200000000000000000e+02 4.179152707871178697e-06
2.210000000000000000e+02 3.860749171594513694e-06
2.220000000000000000e+02 5.116454857248590712e-06
2.230000000000000000e+02 4.112520234505169957e-06
2.240000000000000000e+02 4.067891983720815594e-06
2.250000000000000000e+02 4.791388815116807711e-06
2.260000000000000000e+02 6.905142152769669810e-06
2.270000000000000000e+02 3.828105922608807388e-06
2.280000000000000000e+02 5.253521469422746974e-06
2.290000000000000000e+02 5.001346314390230571e-06
2.300000000000000000e+02 3.976215220414446323e-06
2.310000000000000000e+02 4.502953846255266501e-06
2.320000000000000000e+02 5.661004471331235100e-06
2.330000000000000000e+02 4.337623259805790459e-06
2.340000000000000000e+02 4.529005747425321453e-06
2.350000000000000000e+02 6.735568155405654387e-06
2.360000000000000000e+02 6.252547386827184856e-06
2.370000000000000000e+02 7.621132604516531571e-06
2.380000000000000000e+02 5.346912892366168288e-06
2.390000000000000000e+02 8.283614521469010011e-06
2.400000000000000000e+02 4.755142852813342660e-06
2.410000000000000000e+02 4.299849616307506301e-06
2.420000000000000000e+02 4.166336724684159574e-06
2.430000000000000000e+02 4.392890249160026971e-06
2.440000000000000000e+02 4.451879179527558865e-06
2.450000000000000000e+02 3.562163102771321065e-06
2.460000000000000000e+02 4.135884096108507868e-06
2.470000000000000000e+02 5.099145816230144979e-06
2.480000000000000000e+02 5.000040936630876742e-06
2.490000000000000000e+02 4.480335441334214884e-06
2.500000000000000000e+02 3.968276189229022146e-06
2.510000000000000000e+02 3.248861361512501364e-06
2.520000000000000000e+02 3.693958537641080233e-06
2.530000000000000000e+02 3.854208809197729215e-06
2.540000000000000000e+02 5.735939740554600916e-06
2.550000000000000000e+02 5.347977619652948583e-06
2.560000000000000000e+02 3.464721849466106139e-06
2.570000000000000000e+02 3.891598313921832158e-06
2.580000000000000000e+02 4.864505057895246695e-06
2.590000000000000000e+02 3.685132321015931757e-06
2.600000000000000000e+02 4.001783214536705324e-06
2.610000000000000000e+02 4.059411710008073879e-06
2.620000000000000000e+02 3.663455592258558085e-06
2.630000000000000000e+02 4.020131465008208550e-06
2.640000000000000000e+02 4.216031458674001410e-06
2.650000000000000000e+02 3.754277436677177948e-06
2.660000000000000000e+02 3.692361688029846416e-06
2.670000000000000000e+02 3.564349599420606008e-06
2.680000000000000000e+02 4.885964575669693289e-06
2.690000000000000000e+02 3.275872904033184015e-06
2.700000000000000000e+02 3.281416943984329986e-06
2.710000000000000000e+02 3.234535958615629799e-06
2.720000000000000000e+02 3.712369856240964511e-06
2.730000000000000000e+02 4.577049779533423041e-06
2.740000000000000000e+02 5.401330626070844341e-06
2.750000000000000000e+02 4.420822032151160199e-06
2.760000000000000000e+02 5.176540654915500943e-06
2.770000000000000000e+02 4.784310205330322249e-06
2.780000000000000000e+02 4.918458395761994610e-06
2.790000000000000000e+02 4.028482565915920250e-06
2.800000000000000000e+02 4.023600759193714533e-06
2.810000000000000000e+02 4.991962607498811146e-06
2.820000000000000000e+02 5.135540531003291531e-06
2.830000000000000000e+02 3.552010231415144392e-06
2.840000000000000000e+02 3.509843152188824489e-06
2.850000000000000000e+02 3.575100797513151311e-06
2.860000000000000000e+02 3.913063498928535521e-06
2.870000000000000000e+02 4.079683116400905182e-06
2.880000000000000000e+02 4.244283830332694387e-06
2.890000000000000000e+02 2.715293272983372874e-06
2.900000000000000000e+02 3.782974562193191570e-06
2.910000000000000000e+02 5.738364760444904952e-06
2.920000000000000000e+02 6.820748078554078023e-06
2.930000000000000000e+02 4.728581387641929276e-06
2.940000000000000000e+02 3.979274851723304831e-06
2.950000000000000000e+02 4.560607039735320126e-06
2.960000000000000000e+02 3.495428811239859860e-06
2.970000000000000000e+02 3.580465601517232950e-06
2.980000000000000000e+02 4.926825049305167878e-06
2.990000000000000000e+02 3.636283142010478502e-06
3.000000000000000000e+02 3.849765139481501633e-06
3.010000000000000000e+02 3.797458589138168526e-06
3.020000000000000000e+02 5.386198507176739327e-06
