0.000000000000000000e+00 1.708168888606421878e-03
1.000000000000000000e+00 7.567272435403838305e-05
2.000000000000000000e+00 7.585790189979779437e-05
3.000000000000000000e+00 7.575534815963047488e-05
4.000000000000000000e+00 7.562821273058621349e-05
5.000000000000000000e+00 7.547795324907294800e-05
6.000000000000000000e+00 7.529661940226113593e-05
7.000000000000000000e+00 7.506406182451451380e-05
8.000000000000000000e+00 7.474361730772667697e-05
9.000000000000000000e+00 7.428137441882843651e-05
1.000000000000000000e+01 7.353761240446360413e-05
1.100000000000000000e+01 7.218389834462966576e-05
1.200000000000000000e+01 6.920500837485339489e-05
1.300000000000000000e+01 6.054853204703076471e-05
1.400000000000000000e+01 3.376499124643716311e-05
1.500000000000000000e+01 7.368535820861681292e-06
1.600000000000000000e+01 1.817526377285224617e-06
1.700000000000000000e+01 5.392921923743833921e-07
1.800000000000000000e+01 4.125121407392349417e-07
1.900000000000000000e+01 3.846059241268943089e-07
2.000000000000000000e+01 3.589749126804881331e-07
2.100000000000000000e+01 3.523099730549306864e-07
2.200000000000000000e+01 3.360434273307294412e-07
2.300000000000000000e+01 3.190365989526525800e-07
2.400000000000000000e+01 3.088975098129657949e-07
2.500000000000000000e+01 2.968592306679378216e-07
2.600000000000000000e+01 2.867923813922150564e-07
2.700000000000000000e+01 2.814601404124607998e-07
2.800000000000000000e+01 2.715923368311090080e-07
2.900000000000000000e+01 2.622892070310458058e-07
3.000000000000000000e+01 2.479494452913207217e-07
3.100000000000000000e+01 2.413113392216320154e-07
3.200000000000000000e+01 2.321759084100442403e-07
3.300000000000000000e+01 2.318743940666529189e-07
3.400000000000000000e+01 2.226348936615368780e-07
3.500000000000000000e+01 2.092953614857444985e-07
3.600000000000000000e+01 2.029046117944028143e-07
3.700000000000000000e+01 1.965801414769655357e-07
3.800000000000000000e+01 1.953270804352039252e-07
3.900000000000000000e+01 1.907328684481722947e-07
4.000000000000000000e+01 1.825378510872800006e-07
4.100000000000000000e+01 1.726530122287986287e-07
4.200000000000000000e+01 1.724752290703678952e-07
4.300000000000000000e+01 1.611916182885734271e-07
4.400000000000000000e+01 1.666806539590027295e-07
4.500000000000000000e+01 1.585840201128006272e-07
4.600000000000000000e+01 1.484459781293668433e-07
4.700000000000000000e+01 1.447500498464577208e-07
4.800000000000000000e+01 1.503963329895848390e-07
4.900000000000000000e+01 1.376915547337990780e-07
5.000000000000000000e+01 1.341511118119775891e-07
5.100000000000000000e+01 1.320203183984369422e-07
5.200000000000000000e+01 1.290477480232993528e-07
5.300000000000000000e+01 1.249685341886280063e-07
5.400000000000000000e+01 1.252989694752222326e-07
5.500000000000000000e+01 1.239247573562146882e-07
5.600000000000000000e+01 1.214967229122138961e-07
5.700000000000000000e+01 1.368369707377386913e-07
5.800000000000000000e+01 1.288640317824776695e-07
5.900000000000000000e+01 1.129939070216105693e-07
6.000000000000000000e+01 1.074289509959070801e-07
6.100000000000000000e+01 1.058812522054262763e-07
6.200000000000000000e+01 1.059996712000707643e-07
6.300000000000000000e+01 1.024426526762151160e-07
6.400000000000000000e+01 1.138191399418759373e-07
6.500000000000000000e+01 9.863642461982856182e-08
6.600000000000000000e+01 9.468083597350484904e-08
6.700000000000000000e+01 9.263177825212145509e-08
6.800000000000000000e+01 8.896370692885559609e-08
6.900000000000000000e+01 9.159393883276852156e-08
7.000000000000000000e+01 9.334371981037768086e-08
7.100000000000000000e+01 8.984279900643454335e-08
7.200000000000000000e+01 8.787830074795508403e-08
7.300000000000000000e+01 8.572754489756542277e-08
7.400000000000000000e+01 8.600377500554871245e-08
7.500000000000000000e+01 9.088235334703109535e-08
7.600000000000000000e+01 7.699301579102467514e-08
7.700000000000000000e+01 7.567294218567449919e-08
7.800000000000000000e+01 7.552003696795162748e-08
7.900000000000000000e+01 7.411727563442047063e-08
8.000000000000000000e+01 8.088705265497864727e-08
8.100000000000000000e+01 7.390824084558474545e-08
8.200000000000000000e+01 7.043167368808813779e-08
8.300000000000000000e+01 6.704281552291008984e-08
8.400000000000000000e+01 6.548615269495780701e-08
8.500000000000000000e+01 6.398431184561709424e-08
8.600000000000000000e+01 6.369032987723967628e-08
8.700000000000000000e+01 6.995598302538465008e-08
8.800000000000000000e+01 6.654195717718383826e-08
8.900000000000000000e+01 6.187465679309497381e-08
9.000000000000000000e+01 5.919651427840365057e-08
9.100000000000000000e+01 5.922584389789024470e-08
9.200000000000000000e+01 5.691953179314466039e-08
9.300000000000000000e+01 5.714766850066405247e-08
9.400000000000000000e+01 5.734583789859777904e-08
9.500000000000000000e+01 5.907299008599860572e-08
9.600000000000000000e+01 5.685456400411261152e-08
9.700000000000000000e+01 5.645224932644298880e-08
9.800000000000000000e+01 5.799563101790256758e-08
9.900000000000000000e+01 5.209515006732202558e-08
1.000000000000000000e+02 5.133099555920824664e-08
1.010000000000000000e+02 5.022201506899501526e-08
1.020000000000000000e+02 4.966063590789250596e-08
1.030000000000000000e+02 4.970180856263127458e-08
1.040000000000000000e+02 4.952363037333292981e-08
1.050000000000000000e+02 4.825485935333552804e-08
1.060000000000000000e+02 4.919076518209697744e-08
1.070000000000000000e+02 5.241689961521355865e-08
1.080000000000000000e+02 5.360530784703968828e-08
1.090000000000000000e+02 4.875705688724465431e-08
1.100000000000000000e+02 4.550842218664767555e-08
1.110000000000000000e+02 4.416012908306119344e-08
1.120000000000000000e+02 4.468459617745732299e-08
1.130000000000000000e+02 4.476536805128750317e-08
1.140000000000000000e+02 4.406187261754317417e-08
1.150000000000000000e+02 5.109684131218166546e-08
1.160000000000000000e+02 4.809084127534093299e-08
1.170000000000000000e+02 4.472397338494099045e-08
1.180000000000000000e+02 4.412929143407268236e-08
1.190000000000000000e+02 4.423401147230048036e-08
1.200000000000000000e+02 5.118191261594971303e-08
1.210000000000000000e+02 4.496513292191600836e-08
1.220000000000000000e+02 4.118341436070906516e-08
1.230000000000000000e+02 3.924362838616661977e-08
1.240000000000000000e+02 3.953443193028056648e-08
1.250000000000000000e+02 4.423714962426578900e-08
1.260000000000000000e+02 4.197487489873156666e-08
1.270000000000000000e+02 3.796624311762426122e-08
1.280000000000000000e+02 3.857307603414912103e-08
1.290000000000000000e+02 3.870313701008714319e-08
1.300000000000000000e+02 3.942965882919466487e-08
1.310000000000000000e+02 3.865787668107934848e-08
1.320000000000000000e+02 3.848647596508929638e-08
1.330000000000000000e+02 3.658788778970247200e-08
1.340000000000000000e+02 3.798004006834794825e-08
1.350000000000000000e+02 3.561480713588375143e-08
1.360000000000000000e+02 3.727478688435327768e-08
1.370000000000000000e+02 3.818815532033868623e-08
1.380000000000000000e+02 3.337366813419688400e-08
1.390000000000000000e+02 3.779185114683032319e-08
1.400000000000000000e+02 3.286548560479777933e-08
1.410000000000000000e+02 3.379357477517265849e-08
1.420000000000000000e+02 4.619813263551089057e-08
1.430000000000000000e+02 3.402128336667636568e-08
1.440000000000000000e+02 4.497934948900757619e-08
1.450000000000000000e+02 4.904817928495062942e-08
1.460000000000000000e+02 4.501462554222904710e-08
1.470000000000000000e+02 6.648533305746910069e-08
1.480000000000000000e+02 7.351202656483262335e-08
1.490000000000000000e+02 3.635247578107515612e-08
1.500000000000000000e+02 3.150718655064546349e-08
1.510000000000000000e+02 3.261699847872336089e-08
1.520000000000000000e+02 3.497171976739333147e-08
1.530000000000000000e+02 3.037562790438277908e-08
1.540000000000000000e+02 2.873122966757373226e-08
1.550000000000000000e+02 3.124640581753090955e-08
1.560000000000000000e+02 3.175510192336296849e-08
1.570000000000000000e+02 4.513733608992078311e-08
1.580000000000000000e+02 4.162065795294531744e-08
1.590000000000000000e+02 3.135752529850768462e-08
1.600000000000000000e+02 2.921704041668369278e-08
1.610000000000000000e+02 3.221515085781083514e-08
1.620000000000000000e+02 3.065596854189618011e-08
1.630000000000000000e+02 2.942849137956412082e-08
1.640000000000000000e+02 2.542337851689819675e-08
1.650000000000000000e+02 2.782622836562524621e-08
1.660000000000000000e+02 2.671331632866185020e-08
1.670000000000000000e+02 2.609869971777301725e-08
1.680000000000000000e+02 2.818046571036658753e-08
1.690000000000000000e+02 2.701201493355116072e-08
1.700000000000000000e+02 2.651427993198179020e-08
1.710000000000000000e+02 2.353272754753966181e-08
1.720000000000000000e+02 2.385718728478889462e-08
1.730000000000000000e+02 2.438653108762791220e-08
1.740000000000000000e+02 2.412141673072121023e-08
1.750000000000000000e+02 2.364727692510054473e-08
1.760000000000000000e+02 2.182836594652314350e-08
1.770000000000000000e+02 2.263459115146038247e-08
1.780000000000000000e+02 2.628997975660257732e-08
1.790000000000000000e+02 3.013286291007878568e-08
1.800000000000000000e+02 2.197174860843834644e-08
1.810000000000000000e+02 2.077440877754278013e-08
1.820000000000000000e+02 2.325663205432126471e-08
1.830000000000000000e+02 2.101056489856306877e-08
1.840000000000000000e+02 1.907261581776862512e-08
1.850000000000000000e+02 2.274768430426878787e-08
1.860000000000000000e+02 2.114302184185903464e-08
1.870000000000000000e+02 2.294915264689711557e-08
1.880000000000000000e+02 1.937387479290144545e-08
1.890000000000000000e+02 1.844488921404466171e-08
1.900000000000000000e+02 2.830838336696539500e-08
1.910000000000000000e+02 2.534593020708244451e-08
1.920000000000000000e+02 1.998663957316005691e-08
1.930000000000000000e+02 2.469148846312229090e-08
1.940000000000000000e+02 2.326608100293206810e-08
1.950000000000000000e+02 2.069913033133726016e-08
1.960000000000000000e+02 2.765097360083227482e-08
1.970000000000000000e+02 2.136965441296445580e-08
1.980000000000000000e+02 1.782193615988579535e-08
1.990000000000000000e+02 4.395932888127192027e-08
2.000000000000000000e+02 2.728069841579589165e-08
2.010000000000000000e+02 2.790197594433485050e-08
2.020000000000000000e+02 1.858218166318550354e-08
2.030000000000000000e+02 2.086165736749121474e-08
2.040000000000000000e+02 1.947669314231525745e-08
2.050000000000000000e+02 2.688580286048058767e-08
2.060000000000000000e+02 1.872237069337951558e-08
2.070000000000000000e+02 1.859008388007974879e-08
2.080000000000000000e+02 1.814865340269872103e-08
2.090000000000000000e+02 1.548984798960759685e-08
2.100000000000000000e+02 1.955138251515406000e-08
2.110000000000000000e+02 1.965696194746584836e-08
2.120000000000000000e+02 1.584634511815755833e-08
2.130000000000000000e+02 2.648155354524781193e-08
2.140000000000000000e+02 4.554678084823319310e-08
2.150000000000000000e+02 1.567434684914010686e-08
2.160000000000000000e+02 1.651528977043523386e-08
2.170000000000000000e+02 2.015175980679702276e-08
2.180000000000000000e+02 2.191839727374105621e-08
2.190000000000000000e+02 2.436309955140722843e-08
2.200000000000000000e+02 2.708123376653374597e-08
2.210000000000000000e+02 4.069653001725352459e-08
2.220000000000000000e+02 3.986394208706774106e-08
2.230000000000000000e+02 3.729716189904535091e-08
2.240000000000000000e+02 3.558494616667632434e-08
2.250000000000000000e+02 6.484295602225497630e-08
2.260000000000000000e+02 5.066651536179385832e-08
2.270000000000000000e+02 3.702896111353330952e-08
2.280000000000000000e+02 1.865082580111249848e-08
2.290000000000000000e+02 2.367287075656588569e-08
2.300000000000000000e+02 1.944009035617534884e-08
2.310000000000000000e+02 1.866473104558316639e-08
2.320000000000000000e+02 2.541124087877826190e-08
2.330000000000000000e+02 1.726969535830492954e-08
2.340000000000000000e+02 2.317061721622831406e-08
2.350000000000000000e+02 2.645650541973048878e-08
2.360000000000000000e+02 2.746128252394930328e-08
2.370000000000000000e+02 1.436434894050173981e-08
2.380000000000000000e+02 1.808627356671730791e-08
2.390000000000000000e+02 1.807863255450022033e-08
2.400000000000000000e+02 2.193213162633840318e-08
2.410000000000000000e+02 2.018830092856960420e-08
2.420000000000000000e+02 1.398261361250519850e-08
2.430000000000000000e+02 1.350796052796827013e-08
2.440000000000000000e+02 1.286653573956203491e-08
2.450000000000000000e+02 3.607111543524162593e-08
2.460000000000000000e+02 4.524464155622351490e-08
2.470000000000000000e+02 2.078866448939192381e-08
2.480000000000000000e+02 1.642203719642434143e-08
2.490000000000000000e+02 1.503238426662461914e-08
2.500000000000000000e+02 1.280755062982316347e-08
2.510000000000000000e+02 1.376752475899551751e-08
2.520000000000000000e+02 2.048513450822563885e-08
2.530000000000000000e+02 1.450933444331885821e-08
2.540000000000000000e+02 1.924362566782981929e-08
2.550000000000000000e+02 1.888940614837024329e-08
2.560000000000000000e+02 2.820171652572029835e-08
2.570000000000000000e+02 2.485968140713488934e-08
2.580000000000000000e+02 1.555328108957074039e-08
2.590000000000000000e+02 1.224874173541220231e-08
2.600000000000000000e+02 2.345839809804909803e-08
2.610000000000000000e+02 8.908352245662931293e-08
2.620000000000000000e+02 4.476304273438111424e-08
2.630000000000000000e+02 2.302327614352681038e-08
2.640000000000000000e+02 3.193777436632095629e-08
2.650000000000000000e+02 3.999941659637890453e-08
2.660000000000000000e+02 3.532725302053845177e-08
2.670000000000000000e+02 2.128431236536581957e-08
2.680000000000000000e+02 3.907621684429149998e-08
2.690000000000000000e+02 5.623593293185296008e-08
2.700000000000000000e+02 5.486214661042752046e-08
2.710000000000000000e+02 2.223968480443273326e-08
2.720000000000000000e+02 2.736383463089506644e-08
2.730000000000000000e+02 2.968713067915341741e-08
2.740000000000000000e+02 4.066523869425914371e-08
2.750000000000000000e+02 2.757198700995512809e-08
2.760000000000000000e+02 1.958989360796133337e-08
2.770000000000000000e+02 1.269232145748715864e-08
2.780000000000000000e+02 5.045103039131474520e-08
2.790000000000000000e+02 6.149496643503449862e-08
2.800000000000000000e+02 1.911822244456625235e-08
2.810000000000000000e+02 1.808784628618655548e-08
2.820000000000000000e+02 1.375926028812814461e-08
2.830000000000000000e+02 1.349698664471532164e-08
2.840000000000000000e+02 1.622937263372568114e-08
2.850000000000000000e+02 1.587006311649496188e-08
2.860000000000000000e+02 1.786236432590928870e-08
2.870000000000000000e+02 6.034638053069927357e-08
2.880000000000000000e+02 1.728647974761624941e-07
2.890000000000000000e+02 2.003736567833930997e-07
2.900000000000000000e+02 1.653092679911568247e-07
2.910000000000000000e+02 3.662949175440513419e-08
2.920000000000000000e+02 2.091616635258583549e-08
2.930000000000000000e+02 1.764863898591828452e-08
2.940000000000000000e+02 1.210917571859822883e-08
2.950000000000000000e+02 1.402228061394446009e-08
2.960000000000000000e+02 1.884267903191436408e-08
2.970000000000000000e+02 1.264238228161279349e-08
2.980000000000000000e+02 1.115684524328052044e-08
2.990000000000000000e+02 1.099510443334531350e-08
3.000000000000000000e+02 1.044317085977082645e-08
3.010000000000000000e+02 1.061330024232453094e-08
3.020000000000000000e+02 1.074832380205103438e-08
3.030000000000000000e+02 1.131155385306233003e-08
3.040000000000000000e+02 1.280939824391134633e-08
3.050000000000000000e+02 3.254114494717557433e-08
3.060000000000000000e+02 2.351278280582945322e-08
3.070000000000000000e+02 3.677817853765913033e-08
3.080000000000000000e+02 2.348524042901818284e-08
3.090000000000000000e+02 2.882416568042161968e-08
3.100000000000000000e+02 2.119993607912319787e-08
3.110000000000000000e+02 2.875002379401631475e-08
3.120000000000000000e+02 3.110523655098128244e-08
3.130000000000000000e+02 1.395212829811398122e-08
3.140000000000000000e+02 2.886131309943224477e-08
3.150000000000000000e+02 8.343809363443597805e-08
3.160000000000000000e+02 6.464387041566824811e-08
3.170000000000000000e+02 3.601548402750800111e-08
3.180000000000000000e+02 2.413007277751511177e-08
3.190000000000000000e+02 1.535681291834009110e-08
3.200000000000000000e+02 2.287715773380395594e-08
3.210000000000000000e+02 1.829423576137366372e-08
3.220000000000000000e+02 1.318830512556358671e-08
3.230000000000000000e+02 1.374669265161952972e-08
3.240000000000000000e+02 1.094468181315187814e-08
3.250000000000000000e+02 1.352540384882631926e-08
3.260000000000000000e+02 1.858815701023742003e-08
3.270000000000000000e+02 4.710570285441121572e-08
3.280000000000000000e+02 2.941030877495837004e-08
3.290000000000000000e+02 3.111788956632604537e-08
3.300000000000000000e+02 4.568467820947053157e-08
3.310000000000000000e+02 7.989817947374481866e-08
3.320000000000000000e+02 4.502621935531715528e-08
3.330000000000000000e+02 1.681325740946572792e-08
3.340000000000000000e+02 1.016718959581074068e-08
3.350000000000000000e+02 8.541957846185875445e-09
3.360000000000000000e+02 8.849191717172013346e-09
3.370000000000000000e+02 1.298095928565813326e-08
3.380000000000000000e+02 1.078323437032441902e-08
3.390000000000000000e+02 1.505368520824779066e-08
3.400000000000000000e+02 1.246447273484247209e-08
3.410000000000000000e+02 1.689030066357592487e-08
3.420000000000000000e+02 1.404249858534779518e-08
3.430000000000000000e+02 1.269417676352758135e-08
3.440000000000000000e+02 1.482391650723725872e-08
3.450000000000000000e+02 1.079033966906375951e-08
3.460000000000000000e+02 1.072512694176443433e-08
3.470000000000000000e+02 2.226645471754886502e-08
3.480000000000000000e+02 5.446396224651612626e-08
3.490000000000000000e+02 4.867380674301114776e-08
3.500000000000000000e+02 1.611793222932945617e-08
3.510000000000000000e+02 1.548272369744772430e-08
3.520000000000000000e+02 1.821872553417466201e-08
3.530000000000000000e+02 2.901420324665375701e-08
3.540000000000000000e+02 2.532541708236466393e-07
3.550000000000000000e+02 5.219394860059509114e-08
3.560000000000000000e+02 3.233954224561749544e-08
3.570000000000000000e+02 1.388274803187472501e-08
3.580000000000000000e+02 1.478846530792487754e-08
3.590000000000000000e+02 1.672883780893407507e-08
3.600000000000000000e+02 9.759434655861453425e-09
3.610000000000000000e+02 7.675110294121074847e-09
3.620000000000000000e+02 8.387554470782224495e-09
3.630000000000000000e+02 8.351575529379640146e-09
3.640000000000000000e+02 9.755691719825462053e-09
3.650000000000000000e+02 1.324432731575875131e-08
3.660000000000000000e+02 1.691741842530745476e-08
3.670000000000000000e+02 9.755722946900086064e-09
3.680000000000000000e+02 8.322738148330572068e-09
3.690000000000000000e+02 1.117321338575243638e-08
3.700000000000000000e+02 1.227619245435168919e-08
3.710000000000000000e+02 8.676771787378225328e-09
3.720000000000000000e+02 1.360245314289979065e-08
3.730000000000000000e+02 1.893909128199521559e-08
3.740000000000000000e+02 2.487455833440297360e-08
3.750000000000000000e+02 4.769482436345670393e-08
3.760000000000000000e+02 1.422273143308055225e-08
3.770000000000000000e+02 1.174380398556780881e-08
3.780000000000000000e+02 1.047256267430403639e-08
3.790000000000000000e+02 1.396297694923326392e-08
3.800000000000000000e+02 1.010643220030377391e-08
3.810000000000000000e+02 1.107811349861737566e-08
3.820000000000000000e+02 7.759110627907936375e-09
3.830000000000000000e+02 9.056457544671002658e-09
3.840000000000000000e+02 6.962814012358766878e-09
3.850000000000000000e+02 6.532495502001875667e-09
3.860000000000000000e+02 1.145032981875599369e-08
3.870000000000000000e+02 2.719012501226236438e-08
3.880000000000000000e+02 2.953371818653656463e-08
3.890000000000000000e+02 5.423050105558113148e-08
3.900000000000000000e+02 2.752621465339829044e-08
3.910000000000000000e+02 2.123396592028030220e-08
3.920000000000000000e+02 1.830186518711506790e-08
3.930000000000000000e+02 1.416169151143393459e-08
3.940000000000000000e+02 1.110392184799312130e-08
3.950000000000000000e+02 2.575963653991974495e-08
3.960000000000000000e+02 1.731573229402593291e-08
3.970000000000000000e+02 7.197027667910325128e-09
3.980000000000000000e+02 1.333254659854458273e-08
3.990000000000000000e+02 1.871214726730402998e-08
4.000000000000000000e+02 7.591271056399363190e-09
4.010000000000000000e+02 7.852236418700739495e-09
4.020000000000000000e+02 1.046867793274476763e-08
4.030000000000000000e+02 1.592861436453647691e-08
4.040000000000000000e+02 8.014812531827736891e-09
4.050000000000000000e+02 6.871256850029961245e-09
4.060000000000000000e+02 8.593988027404902526e-09
4.070000000000000000e+02 2.042688241316732943e-08
4.080000000000000000e+02 1.366933243482960429e-08
4.090000000000000000e+02 8.934869876943516831e-09
4.100000000000000000e+02 8.347316856639215784e-09
4.110000000000000000e+02 1.583478556229408053e-08
4.120000000000000000e+02 3.896545124279723640e-08
4.130000000000000000e+02 4.082903919448970039e-08
4.140000000000000000e+02 5.071002607520745036e-08
4.150000000000000000e+02 7.858728840799916093e-08
4.160000000000000000e+02 2.294944144078484252e-08
4.170000000000000000e+02 1.217943856819839309e-08
4.180000000000000000e+02 1.424628694852033631e-08
4.190000000000000000e+02 1.074532892432381192e-08
4.200000000000000000e+02 7.756015880803277277e-09
4.210000000000000000e+02 1.201757197038420904e-08
4.220000000000000000e+02 1.192926747679333183e-08
4.230000000000000000e+02 8.370037152706218257e-09
4.240000000000000000e+02 8.733268274644664966e-09
4.250000000000000000e+02 7.977352584642777296e-09
4.260000000000000000e+02 9.497747426933357056e-09
4.270000000000000000e+02 1.531993132260574150e-08
4.280000000000000000e+02 8.498463297254825622e-09
4.290000000000000000e+02 2.787604865967604520e-08
4.300000000000000000e+02 2.003258593099493745e-08
4.310000000000000000e+02 1.125494213789114566e-08
4.320000000000000000e+02 6.892604209534254610e-09
4.330000000000000000e+02 6.207045567343808798e-09
4.340000000000000000e+02 7.113132275829006329e-09
4.350000000000000000e+02 5.459249435007906821e-09
4.360000000000000000e+02 7.409712885674157551e-09
4.370000000000000000e+02 8.432139989347813538e-09
4.380000000000000000e+02 9.528622349812165530e-09
4.390000000000000000e+02 2.152828809212254409e-08
4.400000000000000000e+02 1.050609547003008694e-07
4.410000000000000000e+02 1.061276012858845560e-07
4.420000000000000000e+02 3.324338427428697522e-08
4.430000000000000000e+02 1.365472899881137470e-08
4.440000000000000000e+02 7.814939207940501736e-09
4.450000000000000000e+02 7.746727991365206311e-09
4.460000000000000000e+02 9.445661211194994790e-09
4.470000000000000000e+02 7.934920912106857822e-09
4.480000000000000000e+02 6.946456959168723728e-09
4.490000000000000000e+02 6.248124474761364502e-09
4.500000000000000000e+02 5.577847935679093910e-09
4.510000000000000000e+02 5.236830086138527120e-09
4.520000000000000000e+02 5.165683627642761210e-09
4.530000000000000000e+02 8.695679329211680763e-09
4.540000000000000000e+02 8.075595499955109655e-09
4.550000000000000000e+02 1.270210768822778367e-08
4.560000000000000000e+02 1.155286624365724408e-08
4.570000000000000000e+02 1.060192582951537829e-08
4.580000000000000000e+02 1.845619864573426722e-08
4.590000000000000000e+02 2.327513690488852552e-08
4.600000000000000000e+02 7.828730256076095918e-09
4.610000000000000000e+02 5.098043100259966386e-09
4.620000000000000000e+02 5.001479846275633699e-09
4.630000000000000000e+02 5.138284147897826190e-09
4.640000000000000000e+02 6.052876150374572922e-09
4.650000000000000000e+02 4.366573543070084358e-09
4.660000000000000000e+02 4.877297058685924164e-09
4.670000000000000000e+02 5.417802387883257368e-09
4.680000000000000000e+02 5.916795964198923755e-09
4.690000000000000000e+02 6.184306249758522159e-09
4.700000000000000000e+02 7.126682116641450647e-09
4.710000000000000000e+02 5.223117176732673289e-09
4.720000000000000000e+02 5.269067314130850327e-09
4.730000000000000000e+02 6.285530397435820369e-09
4.740000000000000000e+02 1.550037921773660681e-08
4.750000000000000000e+02 1.532206126687902108e-08
4.760000000000000000e+02 8.938861981013847995e-09
4.770000000000000000e+02 1.495255891826527452e-08
4.780000000000000000e+02 9.508689886481836966e-09
4.790000000000000000e+02 7.113649069496608826e-09
4.800000000000000000e+02 1.579521336241738175e-08
4.810000000000000000e+02 9.547316842072176580e-08
4.820000000000000000e+02 1.959581837202899736e-08
4.830000000000000000e+02 6.177486741308189748e-09
4.840000000000000000e+02 4.322081169866925323e-09
4.850000000000000000e+02 6.018304974244630787e-09
4.860000000000000000e+02 5.125369338362266770e-09
4.870000000000000000e+02 4.682930426615023214e-09
4.880000000000000000e+02 4.334712844600403908e-09
4.890000000000000000e+02 3.734094702570584651e-09
4.900000000000000000e+02 4.184436428023558732e-09
4.910000000000000000e+02 5.679228330300008737e-09
4.920000000000000000e+02 6.408454438218239375e-09
4.930000000000000000e+02 5.498224787883587782e-09
4.940000000000000000e+02 6.958297547822480844e-09
4.950000000000000000e+02 6.731471761473114064e-09
4.960000000000000000e+02 5.111264383775295803e-09
4.970000000000000000e+02 4.164533996939176883e-09
4.980000000000000000e+02 4.952384053877705524e-09
4.990000000000000000e+02 7.066547914719606536e-09
5.000000000000000000e+02 7.174053773172253053e-09
5.010000000000000000e+02 9.079492300788062779e-09
5.020000000000000000e+02 1.328618324813787946e-08
5.030000000000000000e+02 3.714024992793706463e-08
5.040000000000000000e+02 1.251853370692391173e-08
5.050000000000000000e+02 6.370774161496958098e-09
5.060000000000000000e+02 5.581826000927399245e-09
5.070000000000000000e+02 3.851862066434431240e-09
5.080000000000000000e+02 6.359925595950787763e-09
5.090000000000000000e+02 5.615849067987745013e-09
5.100000000000000000e+02 1.069704681695417322e-08
5.110000000000000000e+02 2.747785230253160994e-08
5.120000000000000000e+02 7.380904525120225547e-09
5.130000000000000000e+02 4.426382485962771208e-09
5.140000000000000000e+02 4.000839899576967406e-09
5.150000000000000000e+02 4.559414122560739238e-09
5.160000000000000000e+02 1.306368345471293224e-08
5.170000000000000000e+02 1.513395327078466077e-08
5.180000000000000000e+02 1.482322801823454281e-08
5.190000000000000000e+02 5.134568385344950988e-08
5.200000000000000000e+02 9.131182594028145889e-09
5.210000000000000000e+02 5.464423119123497790e-09
5.220000000000000000e+02 4.502282936403748487e-09
5.230000000000000000e+02 6.731300667117417422e-09
5.240000000000000000e+02 7.038191549512582737e-09
5.250000000000000000e+02 4.680374628435768568e-09
5.260000000000000000e+02 4.168812021393916071e-09
5.270000000000000000e+02 4.344875641206845356e-09
5.280000000000000000e+02 3.754865293039642860e-09
5.290000000000000000e+02 4.056866261263639732e-09
5.300000000000000000e+02 4.268370750661419870e-09
5.310000000000000000e+02 3.763966164798777933e-09
5.320000000000000000e+02 4.070651560073936837e-09
5.330000000000000000e+02 3.934761925378744455e-09
5.340000000000000000e+02 5.068789747673609691e-09
5.350000000000000000e+02 4.226474130958594981e-09
5.360000000000000000e+02 4.714223184839825887e-09
5.370000000000000000e+02 4.176425115880904416e-09
5.380000000000000000e+02 3.726381602362846178e-09
5.390000000000000000e+02 4.275129306824815859e-09
5.400000000000000000e+02 4.713826548178642778e-09
5.410000000000000000e+02 7.560846002802308800e-09
5.420000000000000000e+02 1.683329334906253566e-08
5.430000000000000000e+02 2.801069729845491888e-08
5.440000000000000000e+02 7.530869853097484121e-09
5.450000000000000000e+02 4.469853332177303540e-09
5.460000000000000000e+02 4.784504124177630107e-09
5.470000000000000000e+02 8.307602806563605160e-09
5.480000000000000000e+02 1.040878979820858480e-08
5.490000000000000000e+02 1.698842168105813977e-08
5.500000000000000000e+02 1.932857236540897429e-08
5.510000000000000000e+02 1.049382768526759321e-08
5.520000000000000000e+02 1.350167317526398016e-08
5.530000000000000000e+02 4.858084308604396388e-09
5.540000000000000000e+02 7.463641784063428965e-09
5.550000000000000000e+02 5.668846171062484154e-09
5.560000000000000000e+02 5.316358066473676851e-09
5.570000000000000000e+02 4.125347854544224812e-09
5.580000000000000000e+02 3.117402899456295944e-09
5.590000000000000000e+02 3.416243929240916322e-09
5.600000000000000000e+02 3.439763919703162730e-09
5.610000000000000000e+02 4.590809584232936706e-09
5.620000000000000000e+02 5.613754719599354152e-09
5.630000000000000000e+02 7.284039480417417428e-09
5.640000000000000000e+02 5.356551251593721918e-09
5.650000000000000000e+02 3.965428671911813845e-09
5.660000000000000000e+02 3.316415458492568851e-09
5.670000000000000000e+02 3.510976299473901413e-09
5.680000000000000000e+02 3.324306530855942221e-09
5.690000000000000000e+02 3.239971614359023728e-09
5.700000000000000000e+02 3.194592870114066131e-09
5.710000000000000000e+02 3.231300876435467799e-09
5.720000000000000000e+02 3.234010803247310420e-09
5.730000000000000000e+02 3.609992972745749174e-09
5.740000000000000000e+02 1.366706819564889048e-08
5.750000000000000000e+02 3.769307117171016328e-09
5.760000000000000000e+02 3.468237772735238340e-09
5.770000000000000000e+02 2.987844097979105902e-09
5.780000000000000000e+02 3.926284629214170103e-09
5.790000000000000000e+02 3.850594409878521534e-09
5.800000000000000000e+02 3.229541175283784532e-09
5.810000000000000000e+02 3.745186647236574589e-09
5.820000000000000000e+02 4.578045866579225939e-09
5.830000000000000000e+02 5.244347243560242121e-09
5.840000000000000000e+02 4.286022114308179702e-09
5.850000000000000000e+02 3.511565106144399119e-09
5.860000000000000000e+02 3.044007054158766342e-09
5.870000000000000000e+02 3.609282742655864335e-09
5.880000000000000000e+02 3.894497964415940669e-09
5.890000000000000000e+02 4.320517043303203019e-09
5.900000000000000000e+02 3.997104618043083492e-09
5.910000000000000000e+02 7.929736161603646590e-09
5.920000000000000000e+02 5.725309495083227890e-09
5.930000000000000000e+02 1.651772362660440885e-08
5.940000000000000000e+02 1.518668420641411814e-08
5.950000000000000000e+02 4.619162603217756160e-09
5.960000000000000000e+02 2.890544123191585795e-09
5.970000000000000000e+02 2.892935879272032661e-09
5.980000000000000000e+02 3.323668673463223277e-09
5.990000000000000000e+02 3.161477300864015061e-09
6.000000000000000000e+02 3.369311528136789124e-09
6.010000000000000000e+02 3.305295311673290576e-09
6.020000000000000000e+02 3.810563067927662290e-09
6.030000000000000000e+02 5.462808647458665476e-09
6.040000000000000000e+02 5.114753508961402430e-09
6.050000000000000000e+02 5.650797518766199818e-09
6.060000000000000000e+02 3.823505144966425097e-09
6.070000000000000000e+02 2.867751391324834737e-09
6.080000000000000000e+02 3.209618654484990559e-09
6.090000000000000000e+02 5.815837115523014430e-09
6.100000000000000000e+02 3.762811661335469562e-09
6.110000000000000000e+02 3.489159124198412051e-09
6.120000000000000000e+02 2.856686618976185966e-09
6.130000000000000000e+02 5.339829016599714377e-09
6.140000000000000000e+02 8.988601428107402612e-09
6.150000000000000000e+02 7.477399944736805926e-09
6.160000000000000000e+02 5.368611560159834511e-09
6.170000000000000000e+02 6.583377739186980647e-09
6.180000000000000000e+02 9.767357377662174982e-09
6.190000000000000000e+02 4.766853008617354271e-09
6.200000000000000000e+02 2.832788580947861278e-09
6.210000000000000000e+02 3.131292597290291817e-09
6.220000000000000000e+02 2.628714530862410887e-09
6.230000000000000000e+02 3.043511642856869906e-09
6.240000000000000000e+02 6.563017361756007839e-09
6.250000000000000000e+02 7.886831129207350887e-09
6.260000000000000000e+02 5.334520456234776713e-09
6.270000000000000000e+02 2.699454363717975232e-09
6.280000000000000000e+02 2.768286407852314559e-09
6.290000000000000000e+02 3.199624896962800486e-09
6.300000000000000000e+02 2.763656284468346456e-09
6.310000000000000000e+02 3.187404063750854486e-09
6.320000000000000000e+02 2.685652038585836840e-09
6.330000000000000000e+02 2.693445687467160630e-09
6.340000000000000000e+02 3.300434662086312897e-09
6.350000000000000000e+02 4.203179423539957748e-09
6.360000000000000000e+02 2.775199358485331108e-09
6.370000000000000000e+02 3.530893438454843175e-09
6.380000000000000000e+02 6.445941690812959780e-09
6.390000000000000000e+02 5.519712027864654243e-09
6.400000000000000000e+02 4.033153347286290596e-09
6.410000000000000000e+02 2.618099947428792891e-09
6.420000000000000000e+02 3.415993304291011552e-09
6.430000000000000000e+02 3.653459538263272198e-09
6.440000000000000000e+02 2.804810719320397774e-09
6.450000000000000000e+02 3.392926024175781275e-09
6.460000000000000000e+02 4.124606235809159828e-09
6.470000000000000000e+02 3.660678432020964833e-09
6.480000000000000000e+02 3.711941041822615124e-09
6.490000000000000000e+02 2.852505378797260573e-09
6.500000000000000000e+02 3.090178519862329639e-09
6.510000000000000000e+02 3.828608881347696060e-09
6.520000000000000000e+02 3.211934645850783388e-09
6.530000000000000000e+02 3.240513584548926579e-09
6.540000000000000000e+02 5.514850429238628935e-09
6.550000000000000000e+02 3.990011940270662094e-09
6.560000000000000000e+02 3.587736887056412299e-09
6.570000000000000000e+02 2.888072527976372358e-09
6.580000000000000000e+02 4.045801761092372040e-09
6.590000000000000000e+02 3.367908601744560901e-09
6.600000000000000000e+02 3.213486689968885781e-09
6.610000000000000000e+02 2.738907008708893201e-09
6.620000000000000000e+02 3.708200792851538567e-09
6.630000000000000000e+02 2.514527077033383136e-09
6.640000000000000000e+02 2.636864104146423141e-09
6.650000000000000000e+02 5.190417012830711390e-09
6.660000000000000000e+02 3.753564994359822209e-09
6.670000000000000000e+02 3.332661064508512065e-09
6.680000000000000000e+02 2.626372442377803061e-09
6.690000000000000000e+02 2.431799683489533420e-09
6.700000000000000000e+02 2.451248017254103293e-09
6.710000000000000000e+02 2.733035638464361858e-09
6.720000000000000000e+02 3.866239610758202641e-09
6.730000000000000000e+02 4.509605892753635243e-09
6.740000000000000000e+02 3.701040574646403086e-09
6.750000000000000000e+02 3.830003744172351041e-09
6.760000000000000000e+02 6.284108487470041854e-09
6.770000000000000000e+02 9.803364063722998736e-09
6.780000000000000000e+02 1.508140925977000899e-08
6.790000000000000000e+02 5.209671051921405097e-09
6.800000000000000000e+02 3.092988048573590609e-09
6.810000000000000000e+02 2.449507227693585138e-09
6.820000000000000000e+02 2.504866898534618629e-09
6.830000000000000000e+02 2.639235079998328765e-09
6.840000000000000000e+02 2.983843069344839178e-09
6.850000000000000000e+02 2.493728114277743742e-09
6.860000000000000000e+02 2.331717808326200293e-09
6.870000000000000000e+02 2.580294504026769171e-09
6.880000000000000000e+02 3.081627528525533390e-09
6.890000000000000000e+02 2.439152037752013216e-09
6.900000000000000000e+02 3.897792348483079346e-09
6.910000000000000000e+02 6.337156363406016242e-09
6.920000000000000000e+02 4.777688143406778774e-09
6.930000000000000000e+02 4.481239381833060625e-09
6.940000000000000000e+02 2.922734972389382244e-09
6.950000000000000000e+02 2.351105768809425437e-09
6.960000000000000000e+02 2.883268215380903976e-09
6.970000000000000000e+02 2.431292442094796333e-09
6.980000000000000000e+02 2.274403802208302880e-09
6.990000000000000000e+02 2.366733635577478686e-09
7.000000000000000000e+02 2.464486054878604566e-09
7.010000000000000000e+02 2.912635255646720452e-09
7.020000000000000000e+02 2.521580345793742745e-09
7.030000000000000000e+02 3.431542982703854858e-09
7.040000000000000000e+02 4.618120496011044670e-09
7.050000000000000000e+02 2.529963172397432537e-09
7.060000000000000000e+02 2.549919128520699011e-09
7.070000000000000000e+02 2.540721471153828884e-09
7.080000000000000000e+02 2.448475332413042067e-09
7.090000000000000000e+02 2.624693591963628369e-09
7.100000000000000000e+02 2.675993184513315054e-09
7.110000000000000000e+02 4.366529280841182623e-09
7.120000000000000000e+02 9.012938486988868798e-09
7.130000000000000000e+02 5.599938746031558840e-09
7.140000000000000000e+02 3.160363350885528967e-09
7.150000000000000000e+02 2.557458017974724212e-09
7.160000000000000000e+02 2.154944647376802075e-09
7.170000000000000000e+02 2.345186172494472681e-09
7.180000000000000000e+02 2.222931762820938466e-09
7.190000000000000000e+02 3.145984415818605901e-09
7.200000000000000000e+02 3.549341352093790673e-09
7.210000000000000000e+02 2.460077350859326537e-09
7.220000000000000000e+02 2.289525813640701670e-09
7.230000000000000000e+02 2.982480075036784977e-09
7.240000000000000000e+02 2.706795449783807245e-09
7.250000000000000000e+02 2.223073019315150771e-09
7.260000000000000000e+02 2.472256716469381563e-09
7.270000000000000000e+02 2.226131968311496411e-09
7.280000000000000000e+02 2.760268988354846402e-09
7.290000000000000000e+02 2.334110349065362035e-09
7.300000000000000000e+02 2.514033317123367912e-09
7.310000000000000000e+02 2.372010326975642374e-09
7.320000000000000000e+02 2.499713365119619666e-09
7.330000000000000000e+02 2.436020460852116398e-09
7.340000000000000000e+02 2.347587490784545183e-09
7.350000000000000000e+02 2.951883459307424888e-09
7.360000000000000000e+02 4.013177465817664075e-09
7.370000000000000000e+02 4.268100711810825162e-09
7.380000000000000000e+02 2.804500595389237537e-09
7.390000000000000000e+02 2.613870382919598315e-09
7.400000000000000000e+02 2.546140724361251009e-09
7.410000000000000000e+02 2.262531914364306729e-09
7.420000000000000000e+02 2.314914959927493474e-09
7.430000000000000000e+02 2.133597521363409822e-09
7.440000000000000000e+02 2.244554773552006628e-09
7.450000000000000000e+02 3.789481677495051501e-09
7.460000000000000000e+02 5.121820651682825545e-09
7.470000000000000000e+02 2.564337218556172247e-09
7.480000000000000000e+02 2.214091848856367302e-09
7.490000000000000000e+02 2.251500600574932004e-09
7.500000000000000000e+02 2.153287879104345151e-09
7.510000000000000000e+02 2.191534876322591988e-09
7.520000000000000000e+02 2.377455731485646553e-09
7.530000000000000000e+02 2.174173697190065071e-09
7.540000000000000000e+02 2.207966314978820455e-09
7.550000000000000000e+02 2.156779232959476201e-09
7.560000000000000000e+02 2.236529618413223042e-09
7.570000000000000000e+02 2.165075310061499356e-09
7.580000000000000000e+02 2.540047607031313751e-09
7.590000000000000000e+02 2.389183203193375010e-09
7.600000000000000000e+02 2.478121285247565599e-09
7.610000000000000000e+02 2.182570094749871699e-09
7.620000000000000000e+02 2.389096137921392853e-09
7.630000000000000000e+02 3.230707901287500477e-09
7.640000000000000000e+02 2.951549237102173453e-09
7.650000000000000000e+02 2.278181715930044217e-09
7.660000000000000000e+02 2.154498771030995905e-09
7.670000000000000000e+02 2.326777001420598721e-09
7.680000000000000000e+02 2.251923280168733209e-09
7.690000000000000000e+02 2.098977424295960659e-09
7.700000000000000000e+02 2.661025764095944857e-09
7.710000000000000000e+02 3.172395637809430048e-09
7.720000000000000000e+02 3.429375746429351523e-09
7.730000000000000000e+02 3.033592569422064351e-09
7.740000000000000000e+02 2.308485010191268207e-09
7.750000000000000000e+02 3.417212623283845529e-09
7.760000000000000000e+02 2.458985095708378216e-09
7.770000000000000000e+02 2.115977591003358279e-09
7.780000000000000000e+02 3.082510301649182693e-09
7.790000000000000000e+02 3.016222741001101496e-09
7.800000000000000000e+02 2.003517084331023745e-09
7.810000000000000000e+02 2.118706488122072426e-09
7.820000000000000000e+02 2.103958400059320170e-09
7.830000000000000000e+02 2.762670924700870624e-09
7.840000000000000000e+02 3.646246663728983459e-09
7.850000000000000000e+02 2.474797748386752424e-09
7.860000000000000000e+02 3.385608777550945060e-09
7.870000000000000000e+02 2.187797723898518368e-09
7.880000000000000000e+02 2.366712916175093034e-09
7.890000000000000000e+02 2.306613977614622982e-09
7.900000000000000000e+02 2.317905200600650204e-09
7.910000000000000000e+02 1.922967378651184757e-09
7.920000000000000000e+02 1.979294467674097938e-09
7.930000000000000000e+02 1.960349019573333143e-09
7.940000000000000000e+02 2.031691990849615834e-09
7.950000000000000000e+02 2.241322443244004648e-09
7.960000000000000000e+02 2.715540845295186694e-09
7.970000000000000000e+02 2.106072232779343148e-09
7.980000000000000000e+02 2.425075189653000154e-09
7.990000000000000000e+02 2.046347491513181199e-09
8.000000000000000000e+02 1.939780546932629274e-09
8.010000000000000000e+02 2.094856255632193367e-09
8.020000000000000000e+02 1.996708491207857732e-09
8.030000000000000000e+02 2.212644079347484674e-09
8.040000000000000000e+02 3.115690790627534394e-09
8.050000000000000000e+02 2.156138962100025750e-09
8.060000000000000000e+02 1.939530486133182650e-09
8.070000000000000000e+02 2.125526028456548492e-09
8.080000000000000000e+02 2.501695194058839228e-09
8.090000000000000000e+02 2.609638628710678123e-09
8.100000000000000000e+02 2.110012991867101447e-09
8.110000000000000000e+02 2.158136666113607292e-09
8.120000000000000000e+02 1.906482445799801193e-09
8.130000000000000000e+02 2.311110514163954713e-09
8.140000000000000000e+02 2.169449362863455089e-09
8.150000000000000000e+02 2.162173529799250294e-09
8.160000000000000000e+02 1.960823080675363530e-09
8.170000000000000000e+02 2.296060936155252601e-09
8.180000000000000000e+02 2.671703096548694714e-09
8.190000000000000000e+02 2.188205014677549754e-09
8.200000000000000000e+02 1.966034927702206329e-09
8.210000000000000000e+02 1.886899606265457262e-09
8.220000000000000000e+02 2.075366197017831983e-09
8.230000000000000000e+02 3.359291375772151090e-09
8.240000000000000000e+02 3.596976904287751467e-09
8.250000000000000000e+02 2.686215350335190150e-09
8.260000000000000000e+02 2.080060778773294576e-09
8.270000000000000000e+02 2.712378944383461603e-09
8.280000000000000000e+02 2.097994030423650966e-09
8.290000000000000000e+02 1.997208516246710567e-09
8.300000000000000000e+02 2.031546552956538121e-09
8.310000000000000000e+02 1.895611247181728876e-09
8.320000000000000000e+02 2.056100882152173980e-09
8.330000000000000000e+02 2.384507096219722123e-09
8.340000000000000000e+02 2.162636914829243760e-09
8.350000000000000000e+02 2.079613913109225370e-09
8.360000000000000000e+02 1.980728441276741408e-09
8.370000000000000000e+02 2.681169902597990386e-09
8.380000000000000000e+02 2.231829883438410327e-09
8.390000000000000000e+02 1.931599658798868366e-09
8.400000000000000000e+02 2.012804998164064627e-09
8.410000000000000000e+02 1.879596850822667754e-09
8.420000000000000000e+02 1.829093262579766830e-09
8.430000000000000000e+02 2.322967382760694000e-09
8.440000000000000000e+02 2.119561547701042718e-09
8.450000000000000000e+02 2.252835063058390884e-09
8.460000000000000000e+02 2.302245625827206087e-09
8.470000000000000000e+02 2.177907130509727113e-09
8.480000000000000000e+02 1.913388643680121879e-09
8.490000000000000000e+02 1.987768854450898091e-09
8.500000000000000000e+02 2.019245722802191362e-09
8.510000000000000000e+02 1.863822946692118783e-09
8.520000000000000000e+02 2.178257609966278934e-09
8.530000000000000000e+02 2.073437418073920192e-09
8.540000000000000000e+02 1.945064819081414552e-09
8.550000000000000000e+02 1.829804465986113405e-09
8.560000000000000000e+02 1.967608903979299629e-09
8.570000000000000000e+02 2.467143732818694960e-09
8.580000000000000000e+02 2.682294161168730282e-09
8.590000000000000000e+02 1.880933217009530234e-09
8.600000000000000000e+02 1.953765801921008966e-09
8.610000000000000000e+02 2.868361593361859766e-09
8.620000000000000000e+02 2.054237212885250966e-09
8.630000000000000000e+02 1.899018006379971383e-09
8.640000000000000000e+02 1.826601546277362738e-09
8.650000000000000000e+02 2.308083314396392387e-09
8.660000000000000000e+02 2.318423312192080326e-09
8.670000000000000000e+02 1.776181770610783741e-09
8.680000000000000000e+02 2.075838660588129103e-09
8.690000000000000000e+02 1.985912160130605952e-09
8.700000000000000000e+02 1.783128113976344763e-09
8.710000000000000000e+02 1.786030169920847931e-09
8.720000000000000000e+02 1.746910188442891782e-09
