0, 4.4674e-01, 1.0303e-01, fsolve flag:5, 2.4773e-07, 794
1, 3.2171e-02, 2.4738e-04, fsolve flag:1, 2.5425e-07, 1051
2, 6.6593e-02, 3.3481e-02, fsolve flag:5, 2.5799e-03, 527
3, 1.1604e-01, 1.5242e-03, fsolve flag:1, 1.0803e-07, 535
4, 1.5844e-01, 4.0691e-02, fsolve flag:5, 4.3081e-03, 527
5, 3.5281e-01, 6.8453e-02, fsolve flag:5, 1.7497e-03, 527
6, 7.8243e-01, 9.8924e-02, fsolve flag:1, 3.4104e-07, 1570
7, 1.5916e-01, 4.5195e-02, fsolve flag:4, 3.2503e-07, 1307
8, 3.8744e-02, 2.2636e-02, fsolve flag:5, 4.5014e-03, 527
9, 1.4147e-01, 1.6359e-03, fsolve flag:5, 1.1921e-07, 792
10, 3.9343e-02, 2.2738e-02, fsolve flag:5, 7.0803e-03, 527
11, 7.7460e-02, 1.9244e-02, fsolve flag:5, 3.2726e-03, 527
12, 4.2726e-02, 2.8542e-04, fsolve flag:1, 1.3784e-07, 1051
13, 2.2670e-01, 4.6874e-03, fsolve flag:4, 2.0117e-07, 2612
14, 4.1163e-01, 1.0902e-01, fsolve flag:1, 2.0955e-07, 793
15, 3.0905e-01, 1.0512e-02, fsolve flag:1, 1.3784e-07, 1322
16, 9.1043e-02, 2.2274e-02, fsolve flag:5, 4.9603e-03, 527
17, 3.5298e-01, 9.4507e-02, fsolve flag:4, 2.5274e-07, 1306
18, 7.1742e-02, 2.6455e-02, fsolve flag:5, 4.8336e-04, 527
19, 5.3612e-01, 8.6526e-02, fsolve flag:5, 8.7137e-03, 527
20, 1.9447e-02, 2.6486e-04, fsolve flag:5, 4.5262e-07, 1051
21, 2.2212e-01, 3.7848e-03, fsolve flag:5, 8.5682e-08, 533
22, 2.2837e-01, 6.2290e-02, fsolve flag:4, 2.5751e-07, 1309
23, 1.9563e-01, 8.2514e-02, fsolve flag:1, 3.3015e-07, 1053
24, 5.2192e-02, 3.9418e-04, fsolve flag:1, 1.6857e-07, 791
25, 1.7850e-01, 3.2261e-02, fsolve flag:4, 7.4793e-04, 2617
26, 2.8970e-01, 9.5308e-03, fsolve flag:1, 1.8626e-07, 1323
27, 3.3730e-01, 1.0183e-01, fsolve flag:5, 1.3489e-04, 527
28, 1.3107e-01, 9.0955e-04, fsolve flag:1, 1.4715e-07, 1049
29, 3.0304e-02, 2.9174e-04, fsolve flag:1, 4.7765e-07, 1050
30, 2.1909e-01, 3.3390e-03, fsolve flag:1, 8.0094e-07, 1049
31, 1.3876e-01, 4.5588e-02, fsolve flag:5, 1.5510e-02, 527
32, 2.8215e-01, 8.9974e-03, fsolve flag:5, 9.5461e-08, 1059
33, 1.5635e-01, 1.8855e-03, fsolve flag:1, 1.3877e-07, 1051
34, 3.2179e-02, 2.2298e-04, fsolve flag:1, 3.4645e-07, 1310
35, 3.2776e-02, 2.2274e-02, fsolve flag:5, 1.1587e-02, 527
36, 4.3097e-01, 8.7336e-02, fsolve flag:4, 3.4133e-07, 1826
37, 1.8162e-01, 2.3154e-03, fsolve flag:1, 1.5041e-07, 1565
38, 6.9545e-01, 1.0293e-01, fsolve flag:1, 1.7043e-07, 1337
39, 3.4901e-02, 2.8190e-02, fsolve flag:5, 1.0104e-03, 527
40, 9.1421e-02, 1.7559e-03, fsolve flag:5, 1.7323e-07, 1050
41, 5.6589e-02, 4.3837e-04, fsolve flag:1, 1.6578e-07, 793
42, 2.6724e-02, 3.0493e-04, fsolve flag:1, 3.1665e-07, 1051
43, 6.5689e-02, 4.5583e-04, fsolve flag:1, 1.9744e-07, 792
44, 2.1886e-02, 2.3922e-04, fsolve flag:4, 5.5204e-07, 1302
45, 3.2210e-01, 8.0072e-02, fsolve flag:5, 3.0338e-07, 529
46, 2.6617e-01, 6.8466e-02, fsolve flag:1, 2.7381e-07, 1568
47, 2.2681e-01, 3.1952e-03, fsolve flag:1, 1.6158e-07, 791
48, 4.2187e-02, 3.3132e-04, fsolve flag:1, 1.6950e-07, 791
49, 1.9796e-01, 3.5305e-02, fsolve flag:5, 1.0607e-03, 527
50, 2.2761e-01, 3.2079e-02, fsolve flag:5, 2.5525e-03, 527
51, 6.8352e-02, 6.4208e-04, fsolve flag:1, 2.0023e-07, 790
52, 9.5075e-02, 5.0672e-02, fsolve flag:5, 3.0198e-07, 791
53, 4.1508e-01, 9.9669e-02, fsolve flag:5, 3.4645e-07, 790
54, 3.3924e-02, 3.1017e-04, fsolve flag:5, 3.1944e-07, 531
55, 1.5987e-01, 2.0324e-03, fsolve flag:1, 2.1607e-07, 792
56, 4.6548e-02, 3.8788e-02, fsolve flag:5, 1.1203e-02, 527
57, 3.7846e-01, 1.0144e-01, fsolve flag:4, 2.6915e-07, 1304
58, 1.4781e-01, 1.5331e-03, fsolve flag:1, 1.8720e-07, 792
59, 2.9800e-01, 5.2790e-03, fsolve flag:5, 1.2702e-03, 1327
60, 6.3819e-02, 5.7419e-04, fsolve flag:4, 1.8883e-07, 1305
61, 2.2490e-01, 3.6118e-03, fsolve flag:1, 1.1176e-07, 1051
62, 5.7490e-02, 1.8216e-03, fsolve flag:1, 3.6601e-07, 793
63, 1.0216e-01, 9.5470e-04, fsolve flag:1, 1.8720e-07, 535
64, 6.8349e-02, 3.1375e-02, fsolve flag:4, 9.3904e-04, 2363
65, 1.6423e-01, 6.4143e-02, fsolve flag:1, 2.6799e-07, 1053
66, 2.2752e-01, 4.5291e-03, fsolve flag:5, 8.7914e-03, 1063
67, 5.4532e-02, 2.9965e-02, fsolve flag:4, 7.0647e-05, 2109
68, 3.8373e-01, 4.2233e-02, fsolve flag:5, 1.6391e-07, 1582
69, 4.9428e-01, 1.0581e-01, fsolve flag:1, 3.7183e-07, 1051
70, 3.1798e-02, 3.1563e-02, fsolve flag:5, 1.9904e-03, 527
71, 5.9252e-02, 3.4630e-04, fsolve flag:5, 3.3015e-07, 533
72, 6.5576e-02, 2.2942e-02, fsolve flag:4, 7.8798e-03, 1314
73, 3.9815e-01, 1.0282e-02, fsolve flag:4, 3.0590e-02, 1565
74, 1.0328e-01, 1.6492e-03, fsolve flag:1, 1.2387e-07, 790
75, 2.6103e-01, 6.8983e-02, fsolve flag:1, 2.8725e-07, 1569
76, 4.7876e-02, 1.9825e-03, fsolve flag:1, 3.5344e-07, 1050
77, 1.4598e-01, 1.3611e-03, fsolve flag:5, 8.1767e-04, 2123
78, 6.2491e-02, 3.8555e-04, fsolve flag:1, 1.5460e-07, 794
79, 7.0971e-01, 7.7558e-02, fsolve flag:5, 6.0734e-04, 527
80, 4.3825e-02, 3.5318e-04, fsolve flag:1, 1.5367e-07, 791
81, 1.3893e-01, 1.9718e-03, fsolve flag:1, 1.1176e-07, 792
82, 3.8862e-01, 2.0508e-02, fsolve flag:5, 6.2286e-02, 1572
83, 1.0383e-01, 1.0713e-03, fsolve flag:1, 1.4668e-07, 1310
84, 5.8383e-02, 3.2851e-02, fsolve flag:4, 6.6937e-05, 2937
85, 3.3153e-01, 1.6017e-02, fsolve flag:1, 1.6764e-07, 1584
86, 7.0443e-02, 9.2591e-04, fsolve flag:1, 1.5087e-07, 1053
87, 8.2996e-02, 6.2223e-04, fsolve flag:5, 1.3132e-07, 531
88, 1.9310e-01, 5.4735e-02, fsolve flag:1, 2.1898e-07, 795
89, 2.6289e-01, 4.9512e-03, fsolve flag:1, 9.1270e-08, 1052
90, 6.4510e-02, 1.0797e-03, fsolve flag:1, 1.4901e-07, 1309
91, 1.3277e-01, 3.4215e-02, fsolve flag:5, 1.9473e-03, 527
92, 3.9821e-02, 2.7342e-04, fsolve flag:1, 1.8813e-07, 1049
93, 1.9804e-01, 4.1327e-03, fsolve flag:1, 9.8720e-08, 1569
94, 4.5678e-02, 5.5639e-04, fsolve flag:1, 5.2154e-07, 793
95, 5.9972e-01, 1.0462e-01, fsolve flag:1, 1.7055e-07, 1053
96, 1.0872e-01, 1.4954e-03, fsolve flag:1, 1.6019e-07, 534
97, 3.5609e-01, 8.8880e-02, fsolve flag:1, 2.3306e-07, 532
98, 8.6391e-02, 2.9676e-03, fsolve flag:1, 4.4797e-07, 792
99, 1.8113e-01, 1.6730e-02, fsolve flag:5, 7.3187e-03, 527
mean err: 2.8233e-02
