0.000000000000000000e+00 1.344378335278867545e-05
1.000000000000000000e+00 6.712919514310648471e-06
2.000000000000000000e+00 6.467080322161617136e-06
3.000000000000000000e+00 5.996303705049322596e-06
4.000000000000000000e+00 5.800108297503891944e-06
5.000000000000000000e+00 5.389023276660355074e-06
6.000000000000000000e+00 5.227921581096448037e-06
7.000000000000000000e+00 4.580958820013947212e-06
8.000000000000000000e+00 3.995292619983142786e-06
9.000000000000000000e+00 3.220927197745434125e-06
1.000000000000000000e+01 2.395297454826548346e-06
1.100000000000000000e+01 1.583404368723245984e-06
1.200000000000000000e+01 1.046159472298338116e-06
1.300000000000000000e+01 8.340828946135475520e-07
1.400000000000000000e+01 6.361956440669382811e-07
1.500000000000000000e+01 5.821617586234603918e-07
1.600000000000000000e+01 4.215839570166851209e-07
1.700000000000000000e+01 3.299496639458589364e-07
1.800000000000000000e+01 2.869394160510960975e-07
1.900000000000000000e+01 2.767859896680045805e-07
2.000000000000000000e+01 2.705661593549394256e-07
2.100000000000000000e+01 2.905865713162709973e-07
2.200000000000000000e+01 2.370882536132645094e-07
2.300000000000000000e+01 2.684814718480238915e-07
2.400000000000000000e+01 2.351109578234852423e-07
2.500000000000000000e+01 2.444064272576660052e-07
2.600000000000000000e+01 2.981946448938209926e-07
2.700000000000000000e+01 2.068660640134823970e-07
2.800000000000000000e+01 2.713141236411136655e-07
2.900000000000000000e+01 2.221174141227611428e-07
3.000000000000000000e+01 2.224739738545595154e-07
3.100000000000000000e+01 2.014098771173379708e-07
3.200000000000000000e+01 1.878186274533314438e-07
3.300000000000000000e+01 1.800357561731841181e-07
3.400000000000000000e+01 1.749503260789144396e-07
3.500000000000000000e+01 2.108669852955353573e-07
3.600000000000000000e+01 2.291352105867939732e-07
3.700000000000000000e+01 1.742243221493169952e-07
3.800000000000000000e+01 1.552045672155580631e-07
3.900000000000000000e+01 1.567208134426049178e-07
4.000000000000000000e+01 1.384290260516412331e-07
4.100000000000000000e+01 1.662683389831224475e-07
4.200000000000000000e+01 1.954098149536635570e-07
4.300000000000000000e+01 1.322356421680268443e-07
4.400000000000000000e+01 1.335385091800567131e-07
4.500000000000000000e+01 1.166908896137636505e-07
4.600000000000000000e+01 1.021328010510335744e-07
4.700000000000000000e+01 1.176456143180333128e-07
4.800000000000000000e+01 9.657946446922341350e-08
4.900000000000000000e+01 1.007855778815037877e-07
5.000000000000000000e+01 8.867429537914986909e-08
5.100000000000000000e+01 8.556688222797391160e-08
5.200000000000000000e+01 8.418436949203398431e-08
5.300000000000000000e+01 8.698949578394807200e-08
5.400000000000000000e+01 8.369180229258011126e-08
5.500000000000000000e+01 8.717470694095647718e-08
5.600000000000000000e+01 8.107734036023532492e-08
5.700000000000000000e+01 7.729296977231807287e-08
5.800000000000000000e+01 7.682543151010422124e-08
5.900000000000000000e+01 6.977781011133280971e-08
6.000000000000000000e+01 6.959869660666255532e-08
6.100000000000000000e+01 6.820127121044988201e-08
6.200000000000000000e+01 6.203318189892956253e-08
6.300000000000000000e+01 6.230774692918959400e-08
6.400000000000000000e+01 6.354325688793172550e-08
6.500000000000000000e+01 6.195320697473984508e-08
6.600000000000000000e+01 5.710521149354551670e-08
6.700000000000000000e+01 6.485210663581704116e-08
6.800000000000000000e+01 6.177953963355144501e-08
6.900000000000000000e+01 5.701538089355835612e-08
7.000000000000000000e+01 5.634983223957755601e-08
7.100000000000000000e+01 6.643399524952937441e-08
7.200000000000000000e+01 6.199080894109237670e-08
7.300000000000000000e+01 5.980741604864142391e-08
7.400000000000000000e+01 5.347439084216880580e-08
7.500000000000000000e+01 5.605865798244558239e-08
7.600000000000000000e+01 5.998985885380703790e-08
7.700000000000000000e+01 6.273031910008999133e-08
7.800000000000000000e+01 5.451572305271163220e-08
7.900000000000000000e+01 5.562244060684091423e-08
8.000000000000000000e+01 6.146198113660266632e-08
8.100000000000000000e+01 5.089467696361767148e-08
8.200000000000000000e+01 5.793322446747746899e-08
8.300000000000000000e+01 5.225319345579387186e-08
8.400000000000000000e+01 5.626813490978152620e-08
8.500000000000000000e+01 5.622101202742473132e-08
8.600000000000000000e+01 5.778823642766521801e-08
8.700000000000000000e+01 5.239670019017524797e-08
8.800000000000000000e+01 5.190271752409233603e-08
8.900000000000000000e+01 5.306092056020378384e-08
9.000000000000000000e+01 4.982924313643905178e-08
9.100000000000000000e+01 4.758741910575599334e-08
9.200000000000000000e+01 6.471393909967225625e-08
9.300000000000000000e+01 4.513556774641510675e-08
9.400000000000000000e+01 4.579715459765190826e-08
9.500000000000000000e+01 4.319960930027705843e-08
9.600000000000000000e+01 5.301104231320863436e-08
9.700000000000000000e+01 6.245502509006557951e-08
9.800000000000000000e+01 4.310429604820170202e-08
9.900000000000000000e+01 5.112318322866334289e-08
1.000000000000000000e+02 4.011924081008562208e-08
1.010000000000000000e+02 5.120628463356028261e-08
1.020000000000000000e+02 4.758851102176938513e-08
1.030000000000000000e+02 5.375913663197913901e-08
1.040000000000000000e+02 4.391519882390003087e-08
1.050000000000000000e+02 4.562416857555219021e-08
1.060000000000000000e+02 4.848511846872660402e-08
1.070000000000000000e+02 4.027375355612358883e-08
1.080000000000000000e+02 4.789215284635225548e-08
1.090000000000000000e+02 4.977306179974446894e-08
1.100000000000000000e+02 4.581158690479966840e-08
1.110000000000000000e+02 4.083402734100906441e-08
1.120000000000000000e+02 3.718385985733711830e-08
1.130000000000000000e+02 3.833204119507447889e-08
1.140000000000000000e+02 3.631896267181571539e-08
1.150000000000000000e+02 4.541468756771887925e-08
1.160000000000000000e+02 3.612264847741894937e-08
1.170000000000000000e+02 3.677667945381891778e-08
1.180000000000000000e+02 3.393969786862519768e-08
1.190000000000000000e+02 5.054206619150804618e-08
1.200000000000000000e+02 3.725084336334310094e-08
1.210000000000000000e+02 3.785191900998550372e-08
1.220000000000000000e+02 3.741817408426565050e-08
1.230000000000000000e+02 3.567691240846761729e-08
1.240000000000000000e+02 3.663985747260902089e-08
1.250000000000000000e+02 4.267850573398565925e-08
1.260000000000000000e+02 3.331843338695948786e-08
1.270000000000000000e+02 3.411868920657392479e-08
1.280000000000000000e+02 3.656169323218559919e-08
1.290000000000000000e+02 3.299235656708332665e-08
1.300000000000000000e+02 3.519308452625003909e-08
1.310000000000000000e+02 3.442810205914969547e-08
1.320000000000000000e+02 3.247836661009202942e-08
1.330000000000000000e+02 3.148110485747774612e-08
1.340000000000000000e+02 3.264328935230693589e-08
1.350000000000000000e+02 3.164339127489522873e-08
1.360000000000000000e+02 3.388638862619265883e-08
1.370000000000000000e+02 3.223161884199902154e-08
1.380000000000000000e+02 3.257618957688014395e-08
1.390000000000000000e+02 3.535942751754678526e-08
1.400000000000000000e+02 3.308917108577141414e-08
1.410000000000000000e+02 4.054427084416149464e-08
1.420000000000000000e+02 3.663496461947427556e-08
1.430000000000000000e+02 3.438844503167345656e-08
1.440000000000000000e+02 3.499967989685379995e-08
1.450000000000000000e+02 3.258496420938117655e-08
1.460000000000000000e+02 3.131046827915964356e-08
1.470000000000000000e+02 3.254492768442168407e-08
1.480000000000000000e+02 3.486029815356409368e-08
1.490000000000000000e+02 2.926521641648777474e-08
1.500000000000000000e+02 2.992709135616486038e-08
1.510000000000000000e+02 3.336477046085868290e-08
1.520000000000000000e+02 2.973518024474382965e-08
1.530000000000000000e+02 3.091588668125937517e-08
1.540000000000000000e+02 2.901953427837728693e-08
1.550000000000000000e+02 2.631220442302996220e-08
1.560000000000000000e+02 2.720649453067660781e-08
1.570000000000000000e+02 2.650353408538724469e-08
1.580000000000000000e+02 2.698147983128996546e-08
1.590000000000000000e+02 2.576347454449544261e-08
1.600000000000000000e+02 2.707584556315967919e-08
1.610000000000000000e+02 2.645322579084260559e-08
1.620000000000000000e+02 2.623721695480247576e-08
1.630000000000000000e+02 2.664663538735777177e-08
1.640000000000000000e+02 2.777554959334789828e-08
1.650000000000000000e+02 2.809612577061220115e-08
1.660000000000000000e+02 2.675669887205135144e-08
1.670000000000000000e+02 2.607699915399087984e-08
1.680000000000000000e+02 2.434714275393891951e-08
1.690000000000000000e+02 2.688522594731634875e-08
1.700000000000000000e+02 2.455812692219299414e-08
1.710000000000000000e+02 2.533536604138253819e-08
1.720000000000000000e+02 2.381758213133673105e-08
1.730000000000000000e+02 2.371382383299724698e-08
1.740000000000000000e+02 2.380460169460781225e-08
1.750000000000000000e+02 2.479781845555401221e-08
1.760000000000000000e+02 2.573058311650630479e-08
1.770000000000000000e+02 2.409410199718828403e-08
1.780000000000000000e+02 2.626782188273233522e-08
1.790000000000000000e+02 2.541805219680939874e-08
1.800000000000000000e+02 2.557094654155626254e-08
1.810000000000000000e+02 2.449213427484705885e-08
1.820000000000000000e+02 2.527197219982090943e-08
1.830000000000000000e+02 2.580549657068261269e-08
1.840000000000000000e+02 2.295613783639405914e-08
1.850000000000000000e+02 2.402481045471763109e-08
1.860000000000000000e+02 2.527685344347206504e-08
1.870000000000000000e+02 2.302856883183313148e-08
1.880000000000000000e+02 2.655626139255201975e-08
1.890000000000000000e+02 2.335428434985599351e-08
1.900000000000000000e+02 2.213292903723371309e-08
1.910000000000000000e+02 2.193560181720786225e-08
1.920000000000000000e+02 2.197019825791943250e-08
1.930000000000000000e+02 2.367320668170563120e-08
1.940000000000000000e+02 2.213444821433649136e-08
1.950000000000000000e+02 2.196019019709995161e-08
1.960000000000000000e+02 2.293119683026635848e-08
1.970000000000000000e+02 2.089206436991833303e-08
1.980000000000000000e+02 2.046048156653397697e-08
1.990000000000000000e+02 2.179952835266981909e-08
2.000000000000000000e+02 2.139093655963690053e-08
2.010000000000000000e+02 2.120496873660516267e-08
2.020000000000000000e+02 2.110523603611834366e-08
2.030000000000000000e+02 2.100907509374997434e-08
2.040000000000000000e+02 2.069148634993057487e-08
2.050000000000000000e+02 2.043000704917708903e-08
2.060000000000000000e+02 2.024090502702539207e-08
2.070000000000000000e+02 2.088677992442978480e-08
2.080000000000000000e+02 2.172216235986280088e-08
2.090000000000000000e+02 2.168609697654188004e-08
2.100000000000000000e+02 2.143404369908724020e-08
2.110000000000000000e+02 2.039006875054492394e-08
2.120000000000000000e+02 2.021191188546299488e-08
2.130000000000000000e+02 1.941724931996207790e-08
2.140000000000000000e+02 1.980417536387309471e-08
2.150000000000000000e+02 1.983298471035590396e-08
2.160000000000000000e+02 2.009863081697693407e-08
2.170000000000000000e+02 2.092084127948513985e-08
2.180000000000000000e+02 2.344016133222491544e-08
2.190000000000000000e+02 2.030283206885914237e-08
2.200000000000000000e+02 1.950705456917749157e-08
2.210000000000000000e+02 1.975791656059961116e-08
2.220000000000000000e+02 1.973683435473524103e-08
2.230000000000000000e+02 2.035264072515587925e-08
2.240000000000000000e+02 2.199768403943685614e-08
2.250000000000000000e+02 1.918209043190797763e-08
2.260000000000000000e+02 1.925274470264706408e-08
2.270000000000000000e+02 1.949264133623754291e-08
2.280000000000000000e+02 2.008713918177525020e-08
2.290000000000000000e+02 1.889419062910062243e-08
2.300000000000000000e+02 1.856156594734075081e-08
2.310000000000000000e+02 1.830125630878682552e-08
2.320000000000000000e+02 1.854133487999995692e-08
2.330000000000000000e+02 1.885079166261737146e-08
2.340000000000000000e+02 1.989414652733720888e-08
2.350000000000000000e+02 1.901590821324793629e-08
2.360000000000000000e+02 1.768816590179843383e-08
2.370000000000000000e+02 1.829285623742945378e-08
2.380000000000000000e+02 1.849598669727101838e-08
2.390000000000000000e+02 1.850202191424039190e-08
2.400000000000000000e+02 2.115616744108183057e-08
2.410000000000000000e+02 2.011689012065365479e-08
2.420000000000000000e+02 1.841655036764308104e-08
2.430000000000000000e+02 1.900082231637066911e-08
2.440000000000000000e+02 1.839035771756067492e-08
2.450000000000000000e+02 1.993495802034281907e-08
2.460000000000000000e+02 1.805420366492819168e-08
2.470000000000000000e+02 1.778266024115354113e-08
2.480000000000000000e+02 1.843058275909184311e-08
2.490000000000000000e+02 1.955577353475256620e-08
2.500000000000000000e+02 1.746811756430601084e-08
2.510000000000000000e+02 1.930887050791178185e-08
2.520000000000000000e+02 1.755075479125483552e-08
2.530000000000000000e+02 1.728407213641017374e-08
2.540000000000000000e+02 1.772512450709199830e-08
2.550000000000000000e+02 1.727135349823415282e-08
2.560000000000000000e+02 1.753389251346991549e-08
2.570000000000000000e+02 1.856256166371784971e-08
2.580000000000000000e+02 1.753792779239911156e-08
2.590000000000000000e+02 1.718960883661112453e-08
2.600000000000000000e+02 1.833933128151853952e-08
2.610000000000000000e+02 1.959747050813763030e-08
2.620000000000000000e+02 1.709956576884759544e-08
2.630000000000000000e+02 1.742517218154478079e-08
2.640000000000000000e+02 1.725656413988290230e-08
2.650000000000000000e+02 1.655168377156027326e-08
2.660000000000000000e+02 1.721300754887524772e-08
2.670000000000000000e+02 1.775513453771189605e-08
2.680000000000000000e+02 1.943586358802871362e-08
2.690000000000000000e+02 1.740765690747601297e-08
2.700000000000000000e+02 1.679537870043718394e-08
2.710000000000000000e+02 1.654313646607137082e-08
2.720000000000000000e+02 1.730702629229070400e-08
2.730000000000000000e+02 1.669875697247755512e-08
2.740000000000000000e+02 1.735622696376214010e-08
2.750000000000000000e+02 1.688061116916321554e-08
2.760000000000000000e+02 1.677271298521023750e-08
2.770000000000000000e+02 1.663147672338561014e-08
2.780000000000000000e+02 1.707359492696564076e-08
2.790000000000000000e+02 1.654792863247812584e-08
2.800000000000000000e+02 1.668643979244472012e-08
2.810000000000000000e+02 1.648018272054861200e-08
2.820000000000000000e+02 1.679445862066401922e-08
2.830000000000000000e+02 1.912811468278150709e-08
2.840000000000000000e+02 1.722783759555190408e-08
2.850000000000000000e+02 1.614316311023023074e-08
2.860000000000000000e+02 1.653399266478868852e-08
2.870000000000000000e+02 1.676115958681935828e-08
2.880000000000000000e+02 1.677639989120326264e-08
2.890000000000000000e+02 1.678518810664880480e-08
2.900000000000000000e+02 1.699802779844607835e-08
2.910000000000000000e+02 1.692725939844365631e-08
2.920000000000000000e+02 1.653542671948988817e-08
2.930000000000000000e+02 1.564863978688804019e-08
2.940000000000000000e+02 1.604339177738469936e-08
2.950000000000000000e+02 1.693703547705294551e-08
2.960000000000000000e+02 1.667842856354816194e-08
2.970000000000000000e+02 1.621512179586969767e-08
2.980000000000000000e+02 1.620329961761720909e-08
2.990000000000000000e+02 1.589692721787934016e-08
3.000000000000000000e+02 1.637068280156827120e-08
3.010000000000000000e+02 1.641718308725575188e-08
3.020000000000000000e+02 1.603451071803598059e-08
3.030000000000000000e+02 1.629345340599487369e-08
3.040000000000000000e+02 1.567394155780801157e-08
3.050000000000000000e+02 1.564279946979142404e-08
3.060000000000000000e+02 1.654512170102378921e-08
3.070000000000000000e+02 1.574608084793785294e-08
3.080000000000000000e+02 1.562537756901550887e-08
3.090000000000000000e+02 1.599567465575805333e-08
3.100000000000000000e+02 1.645945723997588092e-08
3.110000000000000000e+02 1.565843305246379076e-08
3.120000000000000000e+02 1.549247388910226059e-08
3.130000000000000000e+02 1.590016388254339979e-08
3.140000000000000000e+02 1.556020940190130668e-08
3.150000000000000000e+02 1.625957041709204298e-08
3.160000000000000000e+02 1.634663691873348934e-08
3.170000000000000000e+02 1.608252129672852426e-08
3.180000000000000000e+02 1.562675823667323502e-08
3.190000000000000000e+02 1.560123741164657542e-08
3.200000000000000000e+02 1.535568450265607927e-08
3.210000000000000000e+02 1.545635806315938679e-08
3.220000000000000000e+02 1.537798765317061041e-08
3.230000000000000000e+02 1.581993018463968910e-08
3.240000000000000000e+02 1.550225599750781829e-08
3.250000000000000000e+02 1.572873859410488972e-08
3.260000000000000000e+02 1.527768735741806804e-08
3.270000000000000000e+02 1.542281674132491571e-08
3.280000000000000000e+02 1.508931975854741824e-08
3.290000000000000000e+02 1.520210075974744763e-08
3.300000000000000000e+02 1.505796404843379392e-08
3.310000000000000000e+02 1.526107903368143682e-08
3.320000000000000000e+02 1.565693649282883092e-08
3.330000000000000000e+02 1.607961641759025632e-08
3.340000000000000000e+02 1.489721412836208073e-08
3.350000000000000000e+02 1.502117295416454073e-08
3.360000000000000000e+02 1.529982610103961433e-08
3.370000000000000000e+02 1.495980414975799927e-08
3.380000000000000000e+02 1.536087208132750771e-08
3.390000000000000000e+02 1.538619784259806095e-08
3.400000000000000000e+02 1.507684449731015920e-08
3.410000000000000000e+02 1.494650081912926085e-08
3.420000000000000000e+02 1.496336037007409647e-08
3.430000000000000000e+02 1.486072716351232261e-08
3.440000000000000000e+02 1.477389404107778734e-08
3.450000000000000000e+02 1.493945936570308324e-08
3.460000000000000000e+02 1.560100817893125767e-08
3.470000000000000000e+02 1.600827832345826763e-08
3.480000000000000000e+02 1.514376313397997612e-08
3.490000000000000000e+02 1.480788420387287829e-08
3.500000000000000000e+02 1.468175697307343539e-08
3.510000000000000000e+02 1.485690083014909065e-08
3.520000000000000000e+02 1.508642155979575217e-08
3.530000000000000000e+02 1.457620857787193885e-08
3.540000000000000000e+02 1.462645074490425177e-08
3.550000000000000000e+02 1.475725041808078826e-08
3.560000000000000000e+02 1.465629140333636113e-08
3.570000000000000000e+02 1.450496849848504988e-08
3.580000000000000000e+02 1.459991924501053251e-08
3.590000000000000000e+02 1.527240952746812295e-08
3.600000000000000000e+02 1.558443252684636484e-08
3.610000000000000000e+02 1.502554680922626615e-08
3.620000000000000000e+02 1.458123375938349806e-08
3.630000000000000000e+02 1.460664441797173843e-08
3.640000000000000000e+02 1.464313590846949350e-08
3.650000000000000000e+02 1.444757341866837726e-08
3.660000000000000000e+02 1.452538843325337772e-08
3.670000000000000000e+02 1.459522978155330304e-08
3.680000000000000000e+02 1.441481494779662753e-08
3.690000000000000000e+02 1.453217364421943420e-08
3.700000000000000000e+02 1.487344249856837602e-08
3.710000000000000000e+02 1.486283675283461947e-08
3.720000000000000000e+02 1.427630427669900471e-08
3.730000000000000000e+02 1.447230277294022826e-08
3.740000000000000000e+02 1.465889923545988959e-08
3.750000000000000000e+02 1.434838731902033812e-08
3.760000000000000000e+02 1.425420572107148230e-08
3.770000000000000000e+02 1.446219275314331293e-08
3.780000000000000000e+02 1.418276230609987535e-08
3.790000000000000000e+02 1.434088747896057315e-08
3.800000000000000000e+02 1.451308365427823605e-08
3.810000000000000000e+02 1.417755324034329037e-08
3.820000000000000000e+02 1.437810234811571414e-08
3.830000000000000000e+02 1.432561994159644632e-08
3.840000000000000000e+02 1.407897459053816557e-08
3.850000000000000000e+02 1.415417221209788788e-08
3.860000000000000000e+02 1.410191272153785560e-08
3.870000000000000000e+02 1.447173124374721438e-08
3.880000000000000000e+02 1.441657413368483028e-08
3.890000000000000000e+02 1.425439221741281106e-08
3.900000000000000000e+02 1.423036760355315805e-08
3.910000000000000000e+02 1.411160705558263422e-08
3.920000000000000000e+02 1.404905966331760183e-08
3.930000000000000000e+02 1.422108759831376938e-08
3.940000000000000000e+02 1.435629317497000316e-08
3.950000000000000000e+02 1.437228066822205159e-08
3.960000000000000000e+02 1.402399972965981184e-08
3.970000000000000000e+02 1.457926251169615058e-08
3.980000000000000000e+02 1.404300355425127231e-08
3.990000000000000000e+02 1.420834357428801139e-08
4.000000000000000000e+02 1.414771012104304524e-08
4.010000000000000000e+02 1.401414616425757626e-08
4.020000000000000000e+02 1.416563091044039813e-08
4.030000000000000000e+02 1.414621525753084391e-08
4.040000000000000000e+02 1.395464779566341642e-08
4.050000000000000000e+02 1.432813373588503778e-08
4.060000000000000000e+02 1.385807637823805958e-08
4.070000000000000000e+02 1.401685574737972696e-08
4.080000000000000000e+02 1.449293932269452727e-08
4.090000000000000000e+02 1.387151512673515339e-08
4.100000000000000000e+02 1.383485757710946440e-08
4.110000000000000000e+02 1.400322607312651060e-08
4.120000000000000000e+02 1.394457088691370062e-08
4.130000000000000000e+02 1.403637654613894673e-08
4.140000000000000000e+02 1.377605371200854258e-08
4.150000000000000000e+02 1.375934646789235977e-08
4.160000000000000000e+02 1.401981703857635240e-08
4.170000000000000000e+02 1.390004695503269387e-08
4.180000000000000000e+02 1.406177813613877404e-08
4.190000000000000000e+02 1.373711122597040891e-08
4.200000000000000000e+02 1.409649617681489205e-08
4.210000000000000000e+02 1.390320968929495723e-08
4.220000000000000000e+02 1.386061484838633572e-08
4.230000000000000000e+02 1.402905916605637566e-08
4.240000000000000000e+02 1.388903421200051677e-08
4.250000000000000000e+02 1.385502101779146291e-08
4.260000000000000000e+02 1.404096211373400657e-08
4.270000000000000000e+02 1.389513505177550734e-08
4.280000000000000000e+02 1.377570306209351543e-08
4.290000000000000000e+02 1.388891538236975266e-08
4.300000000000000000e+02 1.368336945160229714e-08
4.310000000000000000e+02 1.390187718173552277e-08
4.320000000000000000e+02 1.387879465266176261e-08
4.330000000000000000e+02 1.367491742153704701e-08
4.340000000000000000e+02 1.370493750720319885e-08
4.350000000000000000e+02 1.364135917714861102e-08
4.360000000000000000e+02 1.360678467827386286e-08
4.370000000000000000e+02 1.365771753650485675e-08
4.380000000000000000e+02 1.369082306380043052e-08
4.390000000000000000e+02 1.368148243427454480e-08
4.400000000000000000e+02 1.410899160990929761e-08
4.410000000000000000e+02 1.396298660568974668e-08
4.420000000000000000e+02 1.376780927945207260e-08
4.430000000000000000e+02 1.362039580323546996e-08
4.440000000000000000e+02 1.353013959493505157e-08
4.450000000000000000e+02 1.356535930716802600e-08
4.460000000000000000e+02 1.356250217666387062e-08
4.470000000000000000e+02 1.362500219354422452e-08
4.480000000000000000e+02 1.360096857806017286e-08
4.490000000000000000e+02 1.353689842890284014e-08
4.500000000000000000e+02 1.357459126815305627e-08
4.510000000000000000e+02 1.359943294735554469e-08
4.520000000000000000e+02 1.357372904672027699e-08
4.530000000000000000e+02 1.350817223698372617e-08
4.540000000000000000e+02 1.371803249616183854e-08
4.550000000000000000e+02 1.359988217962687390e-08
4.560000000000000000e+02 1.368770366965447695e-08
4.570000000000000000e+02 1.351262749683952189e-08
4.580000000000000000e+02 1.354467275462048426e-08
4.590000000000000000e+02 1.356319679378772830e-08
4.600000000000000000e+02 1.350258319266965580e-08
4.610000000000000000e+02 1.347314700760397506e-08
4.620000000000000000e+02 1.346291914374957287e-08
4.630000000000000000e+02 1.350858034030652001e-08
4.640000000000000000e+02 1.337193104179450986e-08
4.650000000000000000e+02 1.354731170685046556e-08
4.660000000000000000e+02 1.355331365230763263e-08
4.670000000000000000e+02 1.346323741556707170e-08
4.680000000000000000e+02 1.347749246899152538e-08
4.690000000000000000e+02 1.344666958063443310e-08
4.700000000000000000e+02 1.345063163919381010e-08
4.710000000000000000e+02 1.340234659688900628e-08
4.720000000000000000e+02 1.342583129104786569e-08
4.730000000000000000e+02 1.345901235348253766e-08
4.740000000000000000e+02 1.343243703466934584e-08
4.750000000000000000e+02 1.343643477298361942e-08
4.760000000000000000e+02 1.333881850839256084e-08
4.770000000000000000e+02 1.333762608086186129e-08
4.780000000000000000e+02 1.351404510223066351e-08
4.790000000000000000e+02 1.339066516986218202e-08
4.800000000000000000e+02 1.336907138719100075e-08
4.810000000000000000e+02 1.349621065585989870e-08
4.820000000000000000e+02 1.341916941963274504e-08
4.830000000000000000e+02 1.345221083385348457e-08
4.840000000000000000e+02 1.335222326970286506e-08
4.850000000000000000e+02 1.336742929466577466e-08
4.860000000000000000e+02 1.338703974159059367e-08
4.870000000000000000e+02 1.337683043233233465e-08
4.880000000000000000e+02 1.336814052231394590e-08
4.890000000000000000e+02 1.333078393722906109e-08
4.900000000000000000e+02 1.335590722096182790e-08
4.910000000000000000e+02 1.329888210311277426e-08
4.920000000000000000e+02 1.331843228757643148e-08
4.930000000000000000e+02 1.329096663172028601e-08
4.940000000000000000e+02 1.338108486058361274e-08
4.950000000000000000e+02 1.326020244513148802e-08
4.960000000000000000e+02 1.329019351966011020e-08
4.970000000000000000e+02 1.324756705488577277e-08
4.980000000000000000e+02 1.328378077702569341e-08
4.990000000000000000e+02 1.334945673895125274e-08
5.000000000000000000e+02 1.344382029998000549e-08
5.010000000000000000e+02 1.332696279845140097e-08
5.020000000000000000e+02 1.324690463040154157e-08
5.030000000000000000e+02 1.327344599970267724e-08
5.040000000000000000e+02 1.321042020580749490e-08
5.050000000000000000e+02 1.332248430752393623e-08
5.060000000000000000e+02 1.324150415868406830e-08
5.070000000000000000e+02 1.330087852640826758e-08
5.080000000000000000e+02 1.337009424521948274e-08
5.090000000000000000e+02 1.320908685755016855e-08
5.100000000000000000e+02 1.327363244915000218e-08
5.110000000000000000e+02 1.318049189771029875e-08
5.120000000000000000e+02 1.325679785076272681e-08
5.130000000000000000e+02 1.324334112188766495e-08
5.140000000000000000e+02 1.317391931929190673e-08
5.150000000000000000e+02 1.325474549152199281e-08
5.160000000000000000e+02 1.316645338381252955e-08
5.170000000000000000e+02 1.318410472334102130e-08
5.180000000000000000e+02 1.319297375561858476e-08
5.190000000000000000e+02 1.316666780946956831e-08
5.200000000000000000e+02 1.322243321397308894e-08
5.210000000000000000e+02 1.319640852747958253e-08
5.220000000000000000e+02 1.318757817493166114e-08
5.230000000000000000e+02 1.318192763841870325e-08
5.240000000000000000e+02 1.321436207580937565e-08
5.250000000000000000e+02 1.323771338462326707e-08
5.260000000000000000e+02 1.318109097053412417e-08
5.270000000000000000e+02 1.318286527720591795e-08
5.280000000000000000e+02 1.319183627646842122e-08
5.290000000000000000e+02 1.318586649169108511e-08
5.300000000000000000e+02 1.319870733785502798e-08
5.310000000000000000e+02 1.315990501295099765e-08
5.320000000000000000e+02 1.313860741479377782e-08
5.330000000000000000e+02 1.316413531739435567e-08
5.340000000000000000e+02 1.316415056527771205e-08
5.350000000000000000e+02 1.322628955827129089e-08
5.360000000000000000e+02 1.313741134603576839e-08
5.370000000000000000e+02 1.311382374117623452e-08
5.380000000000000000e+02 1.316196439843973974e-08
5.390000000000000000e+02 1.327851432169777631e-08
5.400000000000000000e+02 1.311681555759496479e-08
5.410000000000000000e+02 1.311981680439531073e-08
5.420000000000000000e+02 1.316029036626831906e-08
5.430000000000000000e+02 1.309481837438597098e-08
5.440000000000000000e+02 1.311586283985594657e-08
5.450000000000000000e+02 1.314237766484844283e-08
5.460000000000000000e+02 1.311921280171069708e-08
5.470000000000000000e+02 1.310599943151599808e-08
5.480000000000000000e+02 1.313620391409122666e-08
5.490000000000000000e+02 1.306711771896199879e-08
5.500000000000000000e+02 1.310213640290031784e-08
5.510000000000000000e+02 1.310938868110770430e-08
5.520000000000000000e+02 1.316241905708919204e-08
5.530000000000000000e+02 1.309030902839620316e-08
5.540000000000000000e+02 1.307666336755137760e-08
5.550000000000000000e+02 1.305473914548710491e-08
5.560000000000000000e+02 1.305547044483562062e-08
5.570000000000000000e+02 1.308909674511707593e-08
5.580000000000000000e+02 1.307379652354751572e-08
5.590000000000000000e+02 1.311932879102697018e-08
5.600000000000000000e+02 1.306473413563301293e-08
5.610000000000000000e+02 1.304553814889377729e-08
5.620000000000000000e+02 1.311244544789705618e-08
5.630000000000000000e+02 1.309454975187834060e-08
5.640000000000000000e+02 1.309854003259791340e-08
5.650000000000000000e+02 1.303324737107542405e-08
5.660000000000000000e+02 1.304426207483781432e-08
5.670000000000000000e+02 1.303271845170643428e-08
5.680000000000000000e+02 1.308166169936942431e-08
5.690000000000000000e+02 1.307276043149641595e-08
5.700000000000000000e+02 1.312159290885101047e-08
5.710000000000000000e+02 1.315316554072120675e-08
5.720000000000000000e+02 1.305082406847508215e-08
5.730000000000000000e+02 1.308371089732312481e-08
5.740000000000000000e+02 1.304516340935490433e-08
5.750000000000000000e+02 1.304450931918688884e-08
5.760000000000000000e+02 1.300945457903074173e-08
5.770000000000000000e+02 1.299463005198011844e-08
5.780000000000000000e+02 1.303134334090024112e-08
5.790000000000000000e+02 1.299264268606258855e-08
5.800000000000000000e+02 1.303847601533891820e-08
5.810000000000000000e+02 1.306431400860434718e-08
5.820000000000000000e+02 1.307542241994466321e-08
5.830000000000000000e+02 1.300169446517485227e-08
5.840000000000000000e+02 1.299718515602593546e-08
5.850000000000000000e+02 1.300919389587535965e-08
5.860000000000000000e+02 1.302727591924354637e-08
5.870000000000000000e+02 1.302879009908365891e-08
5.880000000000000000e+02 1.298611576285730265e-08
5.890000000000000000e+02 1.301363297669646305e-08
5.900000000000000000e+02 1.298487388931681810e-08
5.910000000000000000e+02 1.301794213857353887e-08
5.920000000000000000e+02 1.300154403465695997e-08
5.930000000000000000e+02 1.300737081198708224e-08
5.940000000000000000e+02 1.299320600554502717e-08
5.950000000000000000e+02 1.298712952111676035e-08
5.960000000000000000e+02 1.298624493327397865e-08
5.970000000000000000e+02 1.296176798135716815e-08
5.980000000000000000e+02 1.296686510118873754e-08
5.990000000000000000e+02 1.297867567157674981e-08
6.000000000000000000e+02 1.297706343246835082e-08
6.010000000000000000e+02 1.301278216626411255e-08
6.020000000000000000e+02 1.300683528323105618e-08
6.030000000000000000e+02 1.296563092421142257e-08
6.040000000000000000e+02 1.296502498211601633e-08
6.050000000000000000e+02 1.298996413764976845e-08
6.060000000000000000e+02 1.296543769367825846e-08
6.070000000000000000e+02 1.296941340985667719e-08
6.080000000000000000e+02 1.296565891345183667e-08
6.090000000000000000e+02 1.295648385008254756e-08
6.100000000000000000e+02 1.295977169787684733e-08
6.110000000000000000e+02 1.299089667906784601e-08
6.120000000000000000e+02 1.298385749114551286e-08
6.130000000000000000e+02 1.295957234473747371e-08
6.140000000000000000e+02 1.296040105951104134e-08
6.150000000000000000e+02 1.294435743981581575e-08
6.160000000000000000e+02 1.296329059595507191e-08
6.170000000000000000e+02 1.305020015200492153e-08
6.180000000000000000e+02 1.296723567088790800e-08
6.190000000000000000e+02 1.294452593554753148e-08
6.200000000000000000e+02 1.294009302933473481e-08
6.210000000000000000e+02 1.295856796939264647e-08
6.220000000000000000e+02 1.297401016501306507e-08
6.230000000000000000e+02 1.295897229920930289e-08
6.240000000000000000e+02 1.294548538136155979e-08
6.250000000000000000e+02 1.295436907975559154e-08
6.260000000000000000e+02 1.291907027490994507e-08
6.270000000000000000e+02 1.291759432538935597e-08
6.280000000000000000e+02 1.296355196726118458e-08
6.290000000000000000e+02 1.293689973292566762e-08
6.300000000000000000e+02 1.292781483244503676e-08
6.310000000000000000e+02 1.292961723062060107e-08
6.320000000000000000e+02 1.292920937958213523e-08
6.330000000000000000e+02 1.292007686602398043e-08
6.340000000000000000e+02 1.291852678173993780e-08
6.350000000000000000e+02 1.293109312819697575e-08
6.360000000000000000e+02 1.292712140120140162e-08
6.370000000000000000e+02 1.291331217752397064e-08
6.380000000000000000e+02 1.290683613744361593e-08
6.390000000000000000e+02 1.291530199575441493e-08
6.400000000000000000e+02 1.291478928868317579e-08
6.410000000000000000e+02 1.290767615825744529e-08
6.420000000000000000e+02 1.292600053904186735e-08
6.430000000000000000e+02 1.294773227341075094e-08
6.440000000000000000e+02 1.289668072907432360e-08
6.450000000000000000e+02 1.289999506661162531e-08
6.460000000000000000e+02 1.291491989645796575e-08
6.470000000000000000e+02 1.289492532480606628e-08
6.480000000000000000e+02 1.289556678711078999e-08
6.490000000000000000e+02 1.290519119711087003e-08
6.500000000000000000e+02 1.290363287495996706e-08
6.510000000000000000e+02 1.291839033933929110e-08
6.520000000000000000e+02 1.290105122012663172e-08
6.530000000000000000e+02 1.291598829742661884e-08
6.540000000000000000e+02 1.290921150940809378e-08
6.550000000000000000e+02 1.289139119819483388e-08
6.560000000000000000e+02 1.288436976111447451e-08
6.570000000000000000e+02 1.289480290778788796e-08
6.580000000000000000e+02 1.290361732519093492e-08
6.590000000000000000e+02 1.290092676035568898e-08
6.600000000000000000e+02 1.290673061505104542e-08
6.610000000000000000e+02 1.291956296999424054e-08
6.620000000000000000e+02 1.291065890691898307e-08
6.630000000000000000e+02 1.292032102642612661e-08
6.640000000000000000e+02 1.288807066401146303e-08
6.650000000000000000e+02 1.288076213491121724e-08
6.660000000000000000e+02 1.289523694347261448e-08
6.670000000000000000e+02 1.288418687949792464e-08
6.680000000000000000e+02 1.287720723253518564e-08
6.690000000000000000e+02 1.287820805486825624e-08
6.700000000000000000e+02 1.288380121552611814e-08
6.710000000000000000e+02 1.287851145015386021e-08
6.720000000000000000e+02 1.288730617075542965e-08
6.730000000000000000e+02 1.288922710438798973e-08
6.740000000000000000e+02 1.286432567497569024e-08
6.750000000000000000e+02 1.289220294844434780e-08
6.760000000000000000e+02 1.287844480413678393e-08
6.770000000000000000e+02 1.289725127680052228e-08
6.780000000000000000e+02 1.286965025281494587e-08
6.790000000000000000e+02 1.287209248421217019e-08
6.800000000000000000e+02 1.287348304648174260e-08
6.810000000000000000e+02 1.287212021229327172e-08
6.820000000000000000e+02 1.288694478813513351e-08
6.830000000000000000e+02 1.287172479876062305e-08
6.840000000000000000e+02 1.286649279687136879e-08
6.850000000000000000e+02 1.289349148114471197e-08
6.860000000000000000e+02 1.286337008547192047e-08
6.870000000000000000e+02 1.288353937375061788e-08
6.880000000000000000e+02 1.286116974214818209e-08
6.890000000000000000e+02 1.286956730604522929e-08
6.900000000000000000e+02 1.286900215882606261e-08
6.910000000000000000e+02 1.287490250139323834e-08
6.920000000000000000e+02 1.287046211674069680e-08
6.930000000000000000e+02 1.285839029541517318e-08
6.940000000000000000e+02 1.286055018981218454e-08
6.950000000000000000e+02 1.285321443478894830e-08
6.960000000000000000e+02 1.285981176487211620e-08
6.970000000000000000e+02 1.285915704900324320e-08
6.980000000000000000e+02 1.285518494559937452e-08
6.990000000000000000e+02 1.286877002937395160e-08
7.000000000000000000e+02 1.286440082438816863e-08
7.010000000000000000e+02 1.285672868215104889e-08
7.020000000000000000e+02 1.285025623047789140e-08
7.030000000000000000e+02 1.285655498939551246e-08
7.040000000000000000e+02 1.286333724395730161e-08
7.050000000000000000e+02 1.287423926306998572e-08
7.060000000000000000e+02 1.285283754845044720e-08
7.070000000000000000e+02 1.288154357052094154e-08
7.080000000000000000e+02 1.284741615163213849e-08
7.090000000000000000e+02 1.286557571179708738e-08
7.100000000000000000e+02 1.285389279274961740e-08
7.110000000000000000e+02 1.284736357894500351e-08
7.120000000000000000e+02 1.285919662876899860e-08
7.130000000000000000e+02 1.285817802921378971e-08
7.140000000000000000e+02 1.284184937747582237e-08
7.150000000000000000e+02 1.284252907282117941e-08
7.160000000000000000e+02 1.284458144108149411e-08
7.170000000000000000e+02 1.284646473013017682e-08
7.180000000000000000e+02 1.284804181480797099e-08
7.190000000000000000e+02 1.284290648677226984e-08
7.200000000000000000e+02 1.284634381458687028e-08
7.210000000000000000e+02 1.284459264892856476e-08
7.220000000000000000e+02 1.288081662750368334e-08
7.230000000000000000e+02 1.284371378231157854e-08
7.240000000000000000e+02 1.284656761539921479e-08
7.250000000000000000e+02 1.284279247239496592e-08
7.260000000000000000e+02 1.285237191948004152e-08
7.270000000000000000e+02 1.284213750104467049e-08
7.280000000000000000e+02 1.283756206267340529e-08
7.290000000000000000e+02 1.284110096553768012e-08
7.300000000000000000e+02 1.283683533012647527e-08
7.310000000000000000e+02 1.283773802174433473e-08
7.320000000000000000e+02 1.284970403419837377e-08
7.330000000000000000e+02 1.284639917909069347e-08
7.340000000000000000e+02 1.283987771219455324e-08
7.350000000000000000e+02 1.283594545184358201e-08
7.360000000000000000e+02 1.283913391056205056e-08
7.370000000000000000e+02 1.283385529553421847e-08
7.380000000000000000e+02 1.284161262873511202e-08
7.390000000000000000e+02 1.283742310125708320e-08
7.400000000000000000e+02 1.283903294502205993e-08
7.410000000000000000e+02 1.283588414495185591e-08
7.420000000000000000e+02 1.282670915243472713e-08
7.430000000000000000e+02 1.283459254651634417e-08
7.440000000000000000e+02 1.283476988684342259e-08
7.450000000000000000e+02 1.284091634029783277e-08
7.460000000000000000e+02 1.283807862020151158e-08
7.470000000000000000e+02 1.283045388298642890e-08
7.480000000000000000e+02 1.283603471700800244e-08
7.490000000000000000e+02 1.284190593994521673e-08
7.500000000000000000e+02 1.282754617925637163e-08
7.510000000000000000e+02 1.285443226583579394e-08
7.520000000000000000e+02 1.283627909316988983e-08
7.530000000000000000e+02 1.283597759164337418e-08
7.540000000000000000e+02 1.282591957182064091e-08
7.550000000000000000e+02 1.282574556176985793e-08
7.560000000000000000e+02 1.282422276534715200e-08
7.570000000000000000e+02 1.282660549388645496e-08
7.580000000000000000e+02 1.283065433785005258e-08
7.590000000000000000e+02 1.283910515439638517e-08
7.600000000000000000e+02 1.282279721058807557e-08
7.610000000000000000e+02 1.282953472712305738e-08
7.620000000000000000e+02 1.282263269026668861e-08
7.630000000000000000e+02 1.282577696096412620e-08
7.640000000000000000e+02 1.282574900381192576e-08
7.650000000000000000e+02 1.282341617449674164e-08
7.660000000000000000e+02 1.282528035544440343e-08
7.670000000000000000e+02 1.283528813885403952e-08
7.680000000000000000e+02 1.282720368736948812e-08
7.690000000000000000e+02 1.283178653033822221e-08
7.700000000000000000e+02 1.282282617340912870e-08
7.710000000000000000e+02 1.282217958002029928e-08
7.720000000000000000e+02 1.281952546535228862e-08
7.730000000000000000e+02 1.281658106147276631e-08
7.740000000000000000e+02 1.281986197873919410e-08
7.750000000000000000e+02 1.282503557912409261e-08
7.760000000000000000e+02 1.282075543559554969e-08
7.770000000000000000e+02 1.281977211064894632e-08
7.780000000000000000e+02 1.281923790103592981e-08
7.790000000000000000e+02 1.282005578051037695e-08
7.800000000000000000e+02 1.282454146792807861e-08
7.810000000000000000e+02 1.284054198588015290e-08
7.820000000000000000e+02 1.282773830551421931e-08
7.830000000000000000e+02 1.282078257093854738e-08
7.840000000000000000e+02 1.282256104292423081e-08
7.850000000000000000e+02 1.282246656188957112e-08
7.860000000000000000e+02 1.281846463604328039e-08
7.870000000000000000e+02 1.281578919991685947e-08
7.880000000000000000e+02 1.281931112267011429e-08
7.890000000000000000e+02 1.281748398600370896e-08
7.900000000000000000e+02 1.281396126778808383e-08
7.910000000000000000e+02 1.281607604011457692e-08
7.920000000000000000e+02 1.282102230873399656e-08
7.930000000000000000e+02 1.281811351604096849e-08
7.940000000000000000e+02 1.282972057301944962e-08
7.950000000000000000e+02 1.283540337191166286e-08
7.960000000000000000e+02 1.282501739978521390e-08
7.970000000000000000e+02 1.281498901905201172e-08
7.980000000000000000e+02 1.281848144399612606e-08
7.990000000000000000e+02 1.281452941887152164e-08
8.000000000000000000e+02 1.281696014888152071e-08
8.010000000000000000e+02 1.281494304973410956e-08
8.020000000000000000e+02 1.281488824122427467e-08
8.030000000000000000e+02 1.281436562761773312e-08
8.040000000000000000e+02 1.282077719504706541e-08
8.050000000000000000e+02 1.281968004369223306e-08
8.060000000000000000e+02 1.281205633401062831e-08
8.070000000000000000e+02 1.281300349333887974e-08
8.080000000000000000e+02 1.281856270515271656e-08
8.090000000000000000e+02 1.281397040962128541e-08
8.100000000000000000e+02 1.282350131150355882e-08
8.110000000000000000e+02 1.281301634319842609e-08
8.120000000000000000e+02 1.281623735936333626e-08
8.130000000000000000e+02 1.281100981576666087e-08
8.140000000000000000e+02 1.281544729836465855e-08
8.150000000000000000e+02 1.281066762325293503e-08
8.160000000000000000e+02 1.280878593317158732e-08
8.170000000000000000e+02 1.281242285238356309e-08
8.180000000000000000e+02 1.280886288395834416e-08
8.190000000000000000e+02 1.281164729846588692e-08
8.200000000000000000e+02 1.281478674047283310e-08
8.210000000000000000e+02 1.280733280744186969e-08
8.220000000000000000e+02 1.280952386629785505e-08
8.230000000000000000e+02 1.281206760193122607e-08
8.240000000000000000e+02 1.281263903379902274e-08
8.250000000000000000e+02 1.280623416298271223e-08
8.260000000000000000e+02 1.281087631393124185e-08
8.270000000000000000e+02 1.281270923669635109e-08
8.280000000000000000e+02 1.280824830479486592e-08
8.290000000000000000e+02 1.281373157987846625e-08
8.300000000000000000e+02 1.280526086127078992e-08
8.310000000000000000e+02 1.280809374610851116e-08
8.320000000000000000e+02 1.280832942594478335e-08
8.330000000000000000e+02 1.280926263715308530e-08
8.340000000000000000e+02 1.280769662406061657e-08
8.350000000000000000e+02 1.280585792062907386e-08
8.360000000000000000e+02 1.280707621707740971e-08
8.370000000000000000e+02 1.280437736181302958e-08
8.380000000000000000e+02 1.280706629087376569e-08
8.390000000000000000e+02 1.280535217885758544e-08
8.400000000000000000e+02 1.281415946353155830e-08
8.410000000000000000e+02 1.280894003679318537e-08
8.420000000000000000e+02 1.280639045006860326e-08
8.430000000000000000e+02 1.280368568854832377e-08
8.440000000000000000e+02 1.280450259442932051e-08
8.450000000000000000e+02 1.280533186848822479e-08
8.460000000000000000e+02 1.280435650647605114e-08
8.470000000000000000e+02 1.280613388195622655e-08
8.480000000000000000e+02 1.280532835703740198e-08
8.490000000000000000e+02 1.280598359091271660e-08
8.500000000000000000e+02 1.280500794063387651e-08
8.510000000000000000e+02 1.280666340866661318e-08
8.520000000000000000e+02 1.280520581383352267e-08
8.530000000000000000e+02 1.280317984885184104e-08
8.540000000000000000e+02 1.280390985359416288e-08
8.550000000000000000e+02 1.280229630707059883e-08
8.560000000000000000e+02 1.280502490644549309e-08
