0.000000000000000000e+00 7.983523905501528628e-02
1.000000000000000000e+00 1.405912298105996966e-03
2.000000000000000000e+00 4.039594447915648124e-04
3.000000000000000000e+00 3.652584693195155743e-04
4.000000000000000000e+00 3.631972868846071608e-04
5.000000000000000000e+00 3.625143757313675471e-04
6.000000000000000000e+00 3.621348598705368196e-04
7.000000000000000000e+00 3.626091118716675394e-04
8.000000000000000000e+00 3.624406449343810796e-04
9.000000000000000000e+00 3.622329673950814514e-04
1.000000000000000000e+01 3.620669185300308163e-04
1.100000000000000000e+01 3.623311977520002921e-04
1.200000000000000000e+01 3.626116792224165801e-04
1.300000000000000000e+01 3.638834750096453996e-04
1.400000000000000000e+01 3.628863394848207157e-04
1.500000000000000000e+01 3.616474552474553358e-04
1.600000000000000000e+01 3.619194257250235277e-04
1.700000000000000000e+01 3.636832244576645393e-04
1.800000000000000000e+01 3.626232878607154762e-04
1.900000000000000000e+01 3.611747465305224260e-04
2.000000000000000000e+01 3.624997833086946136e-04
2.100000000000000000e+01 3.642028640348694704e-04
2.200000000000000000e+01 3.613080274044169152e-04
2.300000000000000000e+01 3.606482390929174279e-04
2.400000000000000000e+01 3.629469167322564626e-04
2.500000000000000000e+01 3.617595292656001138e-04
2.600000000000000000e+01 3.609017488715065333e-04
2.700000000000000000e+01 3.611707346699245184e-04
2.800000000000000000e+01 3.605580238386767731e-04
2.900000000000000000e+01 3.611610520102026024e-04
3.000000000000000000e+01 3.609108391580570464e-04
3.100000000000000000e+01 3.634232065320394970e-04
3.200000000000000000e+01 3.611790208662444884e-04
3.300000000000000000e+01 3.594136906711672811e-04
3.400000000000000000e+01 3.608065440098762373e-04
3.500000000000000000e+01 3.597934340765904975e-04
3.600000000000000000e+01 3.585274495516246906e-04
3.700000000000000000e+01 3.594660641179323350e-04
3.800000000000000000e+01 3.616995641945818353e-04
3.900000000000000000e+01 3.623350375188877153e-04
4.000000000000000000e+01 3.586106418128873251e-04
4.100000000000000000e+01 3.592533104178383227e-04
4.200000000000000000e+01 3.591471871241926420e-04
4.300000000000000000e+01 3.548551113175220438e-04
4.400000000000000000e+01 3.546049387220255220e-04
4.500000000000000000e+01 3.542433495418868252e-04
4.600000000000000000e+01 3.582332358103836002e-04
4.700000000000000000e+01 3.616352531636736348e-04
4.800000000000000000e+01 3.585683260271902437e-04
4.900000000000000000e+01 3.619049700844912212e-04
5.000000000000000000e+01 3.566120844684066821e-04
5.100000000000000000e+01 3.487849952876498631e-04
5.200000000000000000e+01 3.488514195421936947e-04
5.300000000000000000e+01 3.480284071600571439e-04
5.400000000000000000e+01 3.443873236909334129e-04
5.500000000000000000e+01 3.504443286175606747e-04
5.600000000000000000e+01 3.406921625799831372e-04
5.700000000000000000e+01 3.391447357208585752e-04
5.800000000000000000e+01 3.327839424639853958e-04
5.900000000000000000e+01 3.247270293364024714e-04
6.000000000000000000e+01 3.179420593165191845e-04
6.100000000000000000e+01 2.970894856236308275e-04
6.200000000000000000e+01 2.719012400490513400e-04
6.300000000000000000e+01 2.588292510662407934e-04
6.400000000000000000e+01 2.043207041768354084e-04
6.500000000000000000e+01 1.844833470618516312e-04
6.600000000000000000e+01 2.046479193456807134e-04
6.700000000000000000e+01 1.382289506781762150e-04
6.800000000000000000e+01 1.242117175585236882e-04
6.900000000000000000e+01 1.149532015936962942e-04
7.000000000000000000e+01 1.394230090615776701e-04
7.100000000000000000e+01 1.161467644484968768e-04
7.200000000000000000e+01 1.118001550861555133e-04
7.300000000000000000e+01 1.124672442317920228e-04
7.400000000000000000e+01 1.168898712853226292e-04
7.500000000000000000e+01 1.229947606851990703e-04
7.600000000000000000e+01 1.099262981380325766e-04
7.700000000000000000e+01 1.118028626520779832e-04
7.800000000000000000e+01 1.144488180512899425e-04
7.900000000000000000e+01 1.116562021252604067e-04
8.000000000000000000e+01 1.113058104835845213e-04
8.100000000000000000e+01 1.110320113981407627e-04
8.200000000000000000e+01 1.102892158789004092e-04
8.300000000000000000e+01 1.145359292290713479e-04
8.400000000000000000e+01 1.111276772022036920e-04
8.500000000000000000e+01 1.096426000132331817e-04
8.600000000000000000e+01 1.113620749322039374e-04
8.700000000000000000e+01 1.150873247538989073e-04
8.800000000000000000e+01 1.197909785005444423e-04
8.900000000000000000e+01 1.142278422035959419e-04
9.000000000000000000e+01 1.084598599058685429e-04
9.100000000000000000e+01 1.108871741516369563e-04
9.200000000000000000e+01 1.072714821180986006e-04
9.300000000000000000e+01 1.116199133436878338e-04
9.400000000000000000e+01 1.081470312539814245e-04
9.500000000000000000e+01 1.110133881135815995e-04
9.600000000000000000e+01 1.165220175470113226e-04
9.700000000000000000e+01 1.094499126019465965e-04
9.800000000000000000e+01 1.085497270312643680e-04
9.900000000000000000e+01 1.109494144425217079e-04
1.000000000000000000e+02 1.149676004812180252e-04
1.010000000000000000e+02 1.132303034188945543e-04
1.020000000000000000e+02 1.074796349221525382e-04
1.030000000000000000e+02 1.076648627594809410e-04
1.040000000000000000e+02 1.073929726438534838e-04
1.050000000000000000e+02 1.087980993475283432e-04
1.060000000000000000e+02 1.068037869511501869e-04
1.070000000000000000e+02 1.069581885911801225e-04
1.080000000000000000e+02 1.079338242098857779e-04
1.090000000000000000e+02 1.084641671355653130e-04
1.100000000000000000e+02 1.069510005304727602e-04
1.110000000000000000e+02 1.109103352509499058e-04
1.120000000000000000e+02 1.102571417389721606e-04
1.130000000000000000e+02 1.080544001085606960e-04
1.140000000000000000e+02 1.123589290554800467e-04
1.150000000000000000e+02 1.128490326341386536e-04
1.160000000000000000e+02 1.070173610975245847e-04
1.170000000000000000e+02 1.060453472518197658e-04
1.180000000000000000e+02 1.117700724820044840e-04
1.190000000000000000e+02 1.089719508710143027e-04
1.200000000000000000e+02 1.121411847060480190e-04
1.210000000000000000e+02 1.086578434579735225e-04
1.220000000000000000e+02 1.067850613747653113e-04
1.230000000000000000e+02 1.127336888070024496e-04
1.240000000000000000e+02 1.145258151007728801e-04
1.250000000000000000e+02 1.082631365062548573e-04
1.260000000000000000e+02 1.106857698863069294e-04
1.270000000000000000e+02 1.148823700852123016e-04
1.280000000000000000e+02 1.079764369916276821e-04
1.290000000000000000e+02 1.090938155169990446e-04
1.300000000000000000e+02 1.079391322565312182e-04
1.310000000000000000e+02 1.070701343991624973e-04
1.320000000000000000e+02 1.140401364602948859e-04
1.330000000000000000e+02 1.094313560247148258e-04
1.340000000000000000e+02 1.070201047385280874e-04
1.350000000000000000e+02 1.067093997048680648e-04
1.360000000000000000e+02 1.066769262111069493e-04
1.370000000000000000e+02 1.074258754073864549e-04
1.380000000000000000e+02 1.103873776227028001e-04
1.390000000000000000e+02 1.056529459655520766e-04
1.400000000000000000e+02 1.080543594832013505e-04
1.410000000000000000e+02 1.101506975501389960e-04
1.420000000000000000e+02 1.124141587933462274e-04
1.430000000000000000e+02 1.068471028928591384e-04
1.440000000000000000e+02 1.049754608961013443e-04
1.450000000000000000e+02 1.079349350449685638e-04
1.460000000000000000e+02 1.058006646336640466e-04
1.470000000000000000e+02 1.056282746348941574e-04
1.480000000000000000e+02 1.053722068202570536e-04
1.490000000000000000e+02 1.286808509436267818e-04
1.500000000000000000e+02 1.098702510542200189e-04
1.510000000000000000e+02 1.072639668859173384e-04
1.520000000000000000e+02 1.072095918616365742e-04
1.530000000000000000e+02 1.101127671485804111e-04
1.540000000000000000e+02 1.151708879217147748e-04
1.550000000000000000e+02 1.057920758892138104e-04
1.560000000000000000e+02 1.055693977610383045e-04
1.570000000000000000e+02 1.082537442758990719e-04
1.580000000000000000e+02 1.061518142205746375e-04
1.590000000000000000e+02 1.047544842297474388e-04
1.600000000000000000e+02 1.066693211454279773e-04
1.610000000000000000e+02 1.093459535346360606e-04
1.620000000000000000e+02 1.067066243624697027e-04
1.630000000000000000e+02 1.060508915060835445e-04
1.640000000000000000e+02 1.062953405527189302e-04
1.650000000000000000e+02 1.066372925344400064e-04
1.660000000000000000e+02 1.062995758283304321e-04
1.670000000000000000e+02 1.101845407938025352e-04
1.680000000000000000e+02 1.062832421779588108e-04
1.690000000000000000e+02 1.055156200141375470e-04
1.700000000000000000e+02 1.074396328181660996e-04
1.710000000000000000e+02 1.050046405465755652e-04
1.720000000000000000e+02 1.214004738794191270e-04
1.730000000000000000e+02 1.088351747868719578e-04
1.740000000000000000e+02 1.099323156375185266e-04
1.750000000000000000e+02 1.059228058143848165e-04
1.760000000000000000e+02 1.075723982568916638e-04
1.770000000000000000e+02 1.084431753724198247e-04
1.780000000000000000e+02 1.085332897368171520e-04
1.790000000000000000e+02 1.055608327870925540e-04
1.800000000000000000e+02 1.050491951611145266e-04
1.810000000000000000e+02 1.052730494604777123e-04
1.820000000000000000e+02 1.200186390880038600e-04
1.830000000000000000e+02 1.051786305016648226e-04
1.840000000000000000e+02 1.039006941351429782e-04
1.850000000000000000e+02 1.082038281312545642e-04
1.860000000000000000e+02 1.126789401721904740e-04
1.870000000000000000e+02 1.040400711597604030e-04
1.880000000000000000e+02 1.038141661991206474e-04
1.890000000000000000e+02 1.041249647616526952e-04
1.900000000000000000e+02 1.047411270456976033e-04
1.910000000000000000e+02 1.057593406596472213e-04
1.920000000000000000e+02 1.091660652255431111e-04
1.930000000000000000e+02 1.046267922277995812e-04
1.940000000000000000e+02 1.090026996779735427e-04
1.950000000000000000e+02 1.066221470834328186e-04
1.960000000000000000e+02 1.047911421877823884e-04
1.970000000000000000e+02 1.085525507544580446e-04
1.980000000000000000e+02 1.054564131793061323e-04
1.990000000000000000e+02 1.055611213995050061e-04
2.000000000000000000e+02 1.180178023076519606e-04
2.010000000000000000e+02 1.055899532304678751e-04
2.020000000000000000e+02 1.081344522198592615e-04
2.030000000000000000e+02 1.060314136057352341e-04
2.040000000000000000e+02 1.160722585512835418e-04
2.050000000000000000e+02 1.104839813819294490e-04
2.060000000000000000e+02 1.086841945620440388e-04
2.070000000000000000e+02 1.106577375896008818e-04
2.080000000000000000e+02 1.107185695755857175e-04
2.090000000000000000e+02 1.175711940625661907e-04
2.100000000000000000e+02 1.130021014545791398e-04
2.110000000000000000e+02 1.109492267643602710e-04
2.120000000000000000e+02 1.088181488065220910e-04
2.130000000000000000e+02 1.050046902753513499e-04
2.140000000000000000e+02 1.053951538255092860e-04
2.150000000000000000e+02 1.043880236568261088e-04
2.160000000000000000e+02 1.034591722760094031e-04
2.170000000000000000e+02 1.049094927965010695e-04
2.180000000000000000e+02 1.051324329204957395e-04
2.190000000000000000e+02 1.098128879687348898e-04
2.200000000000000000e+02 1.055595319132613855e-04
2.210000000000000000e+02 1.033126716247297517e-04
2.220000000000000000e+02 1.092894468824102711e-04
2.230000000000000000e+02 1.065947593088575597e-04
2.240000000000000000e+02 1.052310537792723859e-04
2.250000000000000000e+02 1.043621391403882587e-04
2.260000000000000000e+02 1.063589460336508588e-04
2.270000000000000000e+02 1.044772706092869549e-04
2.280000000000000000e+02 1.163979439520126827e-04
2.290000000000000000e+02 1.073030472315057471e-04
2.300000000000000000e+02 1.031963761051148451e-04
2.310000000000000000e+02 1.035269588599154969e-04
2.320000000000000000e+02 1.049830424762882009e-04
2.330000000000000000e+02 1.054881299007564557e-04
2.340000000000000000e+02 1.037232208050475142e-04
2.350000000000000000e+02 1.064849701422344560e-04
2.360000000000000000e+02 1.048345900535530890e-04
2.370000000000000000e+02 1.043354324997872553e-04
2.380000000000000000e+02 1.037453379540437140e-04
2.390000000000000000e+02 1.067160152368329943e-04
2.400000000000000000e+02 1.055944149528190325e-04
2.410000000000000000e+02 1.087735386266743329e-04
2.420000000000000000e+02 1.059354323206243624e-04
2.430000000000000000e+02 1.059133685371624171e-04
2.440000000000000000e+02 1.029023349429951584e-04
2.450000000000000000e+02 1.035584526352545002e-04
2.460000000000000000e+02 1.035160897282107586e-04
2.470000000000000000e+02 1.029866154294276000e-04
2.480000000000000000e+02 1.045365591375404705e-04
2.490000000000000000e+02 1.037896751388243277e-04
2.500000000000000000e+02 1.071299763285521949e-04
2.510000000000000000e+02 1.068539157991327645e-04
2.520000000000000000e+02 1.085278558182663786e-04
2.530000000000000000e+02 1.054077616566411748e-04
2.540000000000000000e+02 1.033763720164835307e-04
2.550000000000000000e+02 1.034251577503215606e-04
2.560000000000000000e+02 1.051980072950941939e-04
2.570000000000000000e+02 1.057041090284153274e-04
2.580000000000000000e+02 1.092856590539432093e-04
2.590000000000000000e+02 1.038434550031231660e-04
2.600000000000000000e+02 1.048712103383597186e-04
2.610000000000000000e+02 1.043610333998687531e-04
2.620000000000000000e+02 1.082440375534432812e-04
2.630000000000000000e+02 1.058490310802668146e-04
2.640000000000000000e+02 1.114117691205011683e-04
2.650000000000000000e+02 1.175609649721368977e-04
2.660000000000000000e+02 1.046971791903559168e-04
2.670000000000000000e+02 1.057124954824555411e-04
2.680000000000000000e+02 1.047023022275270503e-04
2.690000000000000000e+02 1.037305249187703542e-04
2.700000000000000000e+02 1.079196931228944961e-04
2.710000000000000000e+02 1.025955657762295394e-04
2.720000000000000000e+02 1.031322141188469488e-04
2.730000000000000000e+02 1.031290550610839963e-04
2.740000000000000000e+02 1.037376919781112856e-04
2.750000000000000000e+02 1.078977243137111281e-04
2.760000000000000000e+02 1.041170771244504412e-04
2.770000000000000000e+02 1.199518079614426546e-04
2.780000000000000000e+02 1.037597163688295794e-04
2.790000000000000000e+02 1.067054856406722508e-04
2.800000000000000000e+02 1.037714337349292861e-04
2.810000000000000000e+02 1.037010841064779149e-04
2.820000000000000000e+02 1.041362052056138475e-04
2.830000000000000000e+02 1.050620898284062335e-04
2.840000000000000000e+02 1.040486941042800920e-04
2.850000000000000000e+02 1.084469423346982810e-04
2.860000000000000000e+02 1.030085760204385283e-04
2.870000000000000000e+02 1.026810852453836432e-04
2.880000000000000000e+02 1.034211371761620967e-04
2.890000000000000000e+02 1.076861013597168559e-04
2.900000000000000000e+02 1.031731272493238808e-04
2.910000000000000000e+02 1.051831954854374069e-04
2.920000000000000000e+02 1.034885354204140556e-04
2.930000000000000000e+02 1.056899536510875798e-04
2.940000000000000000e+02 1.046601868918792011e-04
2.950000000000000000e+02 1.053951530530792196e-04
2.960000000000000000e+02 1.064350842145689460e-04
2.970000000000000000e+02 1.066374995084584155e-04
2.980000000000000000e+02 1.034716752434583422e-04
2.990000000000000000e+02 1.036030941826720955e-04
3.000000000000000000e+02 1.027967813522918781e-04
3.010000000000000000e+02 1.041576374440892385e-04
3.020000000000000000e+02 1.034259897617461336e-04
3.030000000000000000e+02 1.052290001427685061e-04
3.040000000000000000e+02 1.025355922513035076e-04
3.050000000000000000e+02 1.039214847876605732e-04
3.060000000000000000e+02 1.058124330938947411e-04
3.070000000000000000e+02 1.028228117476834205e-04
3.080000000000000000e+02 1.058222470542545134e-04
3.090000000000000000e+02 1.033822770388715192e-04
3.100000000000000000e+02 1.057431822882480885e-04
3.110000000000000000e+02 1.030003246844595041e-04
3.120000000000000000e+02 1.023795658081000967e-04
3.130000000000000000e+02 1.031943226437861337e-04
3.140000000000000000e+02 1.031314515995489608e-04
3.150000000000000000e+02 1.042927398752141520e-04
3.160000000000000000e+02 1.056834756570429121e-04
3.170000000000000000e+02 1.056119191186828985e-04
3.180000000000000000e+02 1.071830341204680004e-04
3.190000000000000000e+02 1.075599730078162774e-04
3.200000000000000000e+02 1.075553375826660002e-04
3.210000000000000000e+02 1.064180825561221320e-04
3.220000000000000000e+02 1.032254069647355673e-04
3.230000000000000000e+02 1.065980293045358063e-04
3.240000000000000000e+02 1.074909989940100763e-04
3.250000000000000000e+02 1.029289841978187981e-04
3.260000000000000000e+02 1.057102937061576368e-04
3.270000000000000000e+02 1.025307625916863546e-04
3.280000000000000000e+02 1.021587871508160386e-04
3.290000000000000000e+02 1.022216961773942930e-04
3.300000000000000000e+02 1.039047238843199587e-04
3.310000000000000000e+02 1.071277004209560634e-04
3.320000000000000000e+02 1.041714265796381386e-04
3.330000000000000000e+02 1.054401307282895015e-04
3.340000000000000000e+02 1.031031663448529095e-04
3.350000000000000000e+02 1.033725242325167704e-04
3.360000000000000000e+02 1.066042322467595686e-04
3.370000000000000000e+02 1.037949335434558662e-04
3.380000000000000000e+02 1.039298225986350424e-04
3.390000000000000000e+02 1.035092277554478305e-04
3.400000000000000000e+02 1.053783998439997811e-04
3.410000000000000000e+02 1.035084530508348431e-04
3.420000000000000000e+02 1.025785973629881557e-04
3.430000000000000000e+02 1.035966753205474643e-04
3.440000000000000000e+02 1.039925390783660560e-04
3.450000000000000000e+02 1.030972826899844775e-04
3.460000000000000000e+02 1.044015759245151557e-04
3.470000000000000000e+02 1.047313853235228422e-04
3.480000000000000000e+02 1.020168128628933630e-04
