0.000000000000000000e+00 5.430309690008259388e-02
1.000000000000000000e+00 4.583225665670452587e-03
2.000000000000000000e+00 3.405836122204558732e-03
3.000000000000000000e+00 3.232629756734828764e-03
4.000000000000000000e+00 3.217432631386650532e-03
5.000000000000000000e+00 3.184704533731094484e-03
6.000000000000000000e+00 3.144081373407383098e-03
7.000000000000000000e+00 3.150830575914094055e-03
8.000000000000000000e+00 3.036521041032039670e-03
9.000000000000000000e+00 3.007500334219499055e-03
1.000000000000000000e+01 2.939254773987663976e-03
1.100000000000000000e+01 2.825617886552906927e-03
1.200000000000000000e+01 2.812181946003075757e-03
1.300000000000000000e+01 2.740938242035682783e-03
1.400000000000000000e+01 2.649536126791828417e-03
1.500000000000000000e+01 2.600997331166508136e-03
1.600000000000000000e+01 2.611713493713224699e-03
1.700000000000000000e+01 2.770504517988724852e-03
1.800000000000000000e+01 2.532244854503207677e-03
1.900000000000000000e+01 2.524551219410366490e-03
2.000000000000000000e+01 2.631598972912990806e-03
2.100000000000000000e+01 2.898476617504852030e-03
2.200000000000000000e+01 2.542255701440753347e-03
2.300000000000000000e+01 2.528657886114987503e-03
2.400000000000000000e+01 2.487554417716132411e-03
2.500000000000000000e+01 2.521927161048157211e-03
2.600000000000000000e+01 2.657185762819617644e-03
2.700000000000000000e+01 2.532402957328642578e-03
2.800000000000000000e+01 2.513357388852822689e-03
2.900000000000000000e+01 2.664275235599941703e-03
3.000000000000000000e+01 2.514513309555824454e-03
3.100000000000000000e+01 2.577194812321903419e-03
3.200000000000000000e+01 2.473080531515256617e-03
3.300000000000000000e+01 2.458071546121077221e-03
3.400000000000000000e+01 2.626602481109927521e-03
3.500000000000000000e+01 2.705888793323979035e-03
3.600000000000000000e+01 2.480666390573135326e-03
3.700000000000000000e+01 2.468375494383802209e-03
3.800000000000000000e+01 2.365335707712655500e-03
3.900000000000000000e+01 2.382607785138217155e-03
4.000000000000000000e+01 2.590447387309989698e-03
4.100000000000000000e+01 2.437194694172252398e-03
4.200000000000000000e+01 2.319499850273132324e-03
4.300000000000000000e+01 2.315370964281486879e-03
4.400000000000000000e+01 2.517606600968524434e-03
4.500000000000000000e+01 2.355991848791488472e-03
4.600000000000000000e+01 2.408642895293958228e-03
4.700000000000000000e+01 2.382436900427847230e-03
4.800000000000000000e+01 2.363279546150053381e-03
4.900000000000000000e+01 2.278650926821159869e-03
5.000000000000000000e+01 2.291356707462156601e-03
5.100000000000000000e+01 2.191398312347103694e-03
5.200000000000000000e+01 2.252605765154867823e-03
5.300000000000000000e+01 2.343090613080997791e-03
5.400000000000000000e+01 2.335916209702540002e-03
5.500000000000000000e+01 2.180893770372025007e-03
5.600000000000000000e+01 2.227421628706382790e-03
5.700000000000000000e+01 2.163242661591732036e-03
5.800000000000000000e+01 2.102964580661118715e-03
5.900000000000000000e+01 2.080432158527952598e-03
6.000000000000000000e+01 2.005821996264987254e-03
6.100000000000000000e+01 1.963753059054865972e-03
6.200000000000000000e+01 1.917561039780125509e-03
6.300000000000000000e+01 1.932835301967582384e-03
6.400000000000000000e+01 1.833975700416950409e-03
6.500000000000000000e+01 1.779970851811495764e-03
6.600000000000000000e+01 1.849372657862576432e-03
6.700000000000000000e+01 1.601121552062757109e-03
6.800000000000000000e+01 1.462205991600499036e-03
6.900000000000000000e+01 1.318444937768608639e-03
7.000000000000000000e+01 1.270490514509605481e-03
7.100000000000000000e+01 1.144674321015675886e-03
7.200000000000000000e+01 1.068940728601783284e-03
7.300000000000000000e+01 1.001574491912668452e-03
7.400000000000000000e+01 9.992483499074223709e-04
7.500000000000000000e+01 8.996409569123778403e-04
7.600000000000000000e+01 8.206937319100505220e-04
7.700000000000000000e+01 8.073846770055366669e-04
7.800000000000000000e+01 7.888156973352336131e-04
7.900000000000000000e+01 8.054058080670809449e-04
8.000000000000000000e+01 7.598422091416638874e-04
8.100000000000000000e+01 7.548130612180690372e-04
8.200000000000000000e+01 7.534881056559206104e-04
8.300000000000000000e+01 7.468153641681478513e-04
8.400000000000000000e+01 7.523040172427591672e-04
8.500000000000000000e+01 7.875229087140825238e-04
8.600000000000000000e+01 7.552161075250067622e-04
8.700000000000000000e+01 7.830168351982578698e-04
8.800000000000000000e+01 7.493819732858677260e-04
8.900000000000000000e+01 7.332711147539543520e-04
9.000000000000000000e+01 7.310078029680734234e-04
9.100000000000000000e+01 7.293168523094870201e-04
9.200000000000000000e+01 7.289886850901323772e-04
9.300000000000000000e+01 7.328770317212499183e-04
9.400000000000000000e+01 7.261634068657653015e-04
9.500000000000000000e+01 7.379790041783843534e-04
9.600000000000000000e+01 7.487968949958530686e-04
9.700000000000000000e+01 7.248171998394861010e-04
9.800000000000000000e+01 7.333803711214450464e-04
9.900000000000000000e+01 7.282985189948419473e-04
1.000000000000000000e+02 7.148185206784143236e-04
1.010000000000000000e+02 7.093624830848038786e-04
1.020000000000000000e+02 7.111853045044522811e-04
1.030000000000000000e+02 7.155212707290745707e-04
1.040000000000000000e+02 7.161222639107945025e-04
1.050000000000000000e+02 7.236034829508174301e-04
1.060000000000000000e+02 7.134650482071770066e-04
1.070000000000000000e+02 7.055447882775104382e-04
1.080000000000000000e+02 6.984829390891874332e-04
1.090000000000000000e+02 6.973704846218378847e-04
1.100000000000000000e+02 7.010138373483311945e-04
1.110000000000000000e+02 7.078718266101799352e-04
1.120000000000000000e+02 6.989449954996205172e-04
1.130000000000000000e+02 6.953356136577297161e-04
1.140000000000000000e+02 6.983729572308184285e-04
1.150000000000000000e+02 7.179948807966829959e-04
1.160000000000000000e+02 6.975171707495293532e-04
1.170000000000000000e+02 7.094957957966158699e-04
1.180000000000000000e+02 7.089196913170091926e-04
1.190000000000000000e+02 7.109109169304972777e-04
1.200000000000000000e+02 7.037422994170526060e-04
1.210000000000000000e+02 6.881974833180206806e-04
1.220000000000000000e+02 7.079039890356738501e-04
1.230000000000000000e+02 7.309981247391364022e-04
1.240000000000000000e+02 6.998965159209087324e-04
1.250000000000000000e+02 7.020321864672381378e-04
1.260000000000000000e+02 6.980221951850736897e-04
1.270000000000000000e+02 6.848367040205483210e-04
1.280000000000000000e+02 7.056390606995784857e-04
1.290000000000000000e+02 7.038358899981083999e-04
1.300000000000000000e+02 7.291285829110578584e-04
1.310000000000000000e+02 6.956252365401296685e-04
1.320000000000000000e+02 6.949102336710149099e-04
1.330000000000000000e+02 7.156168044817567920e-04
1.340000000000000000e+02 7.345427520046330728e-04
1.350000000000000000e+02 6.932307508858766721e-04
1.360000000000000000e+02 6.910558413676540310e-04
1.370000000000000000e+02 6.903360136831648971e-04
1.380000000000000000e+02 6.855342838198247519e-04
1.390000000000000000e+02 7.173647121949629007e-04
1.400000000000000000e+02 7.096317997484496033e-04
1.410000000000000000e+02 6.849918777894492290e-04
1.420000000000000000e+02 6.964910986146541317e-04
1.430000000000000000e+02 7.209735491661109930e-04
1.440000000000000000e+02 6.999476284089714779e-04
1.450000000000000000e+02 6.902243445316950813e-04
1.460000000000000000e+02 6.819543438126343107e-04
1.470000000000000000e+02 6.959134535958069008e-04
1.480000000000000000e+02 7.164701578593013443e-04
1.490000000000000000e+02 6.832472588678803645e-04
1.500000000000000000e+02 6.809666587246788333e-04
1.510000000000000000e+02 6.815107347387256700e-04
1.520000000000000000e+02 6.815988593029253129e-04
1.530000000000000000e+02 6.760048444824989181e-04
1.540000000000000000e+02 7.057931176339736577e-04
1.550000000000000000e+02 7.172591502618307947e-04
1.560000000000000000e+02 6.726476143706929499e-04
1.570000000000000000e+02 6.739765142250542067e-04
1.580000000000000000e+02 6.840283160257820856e-04
1.590000000000000000e+02 6.828124911496133648e-04
1.600000000000000000e+02 7.017399566342131948e-04
1.610000000000000000e+02 6.724102554297205821e-04
1.620000000000000000e+02 6.769674384232722943e-04
1.630000000000000000e+02 7.097443411446580953e-04
1.640000000000000000e+02 7.036792509483568445e-04
1.650000000000000000e+02 6.919678789798659269e-04
1.660000000000000000e+02 6.803587515546818173e-04
1.670000000000000000e+02 6.698109826656303573e-04
1.680000000000000000e+02 6.897632160572090458e-04
1.690000000000000000e+02 6.946064802733335373e-04
1.700000000000000000e+02 6.757225924068026692e-04
1.710000000000000000e+02 6.752341278273650462e-04
1.720000000000000000e+02 6.908790240384111644e-04
1.730000000000000000e+02 6.894520429348705145e-04
1.740000000000000000e+02 6.885439872440665644e-04
1.750000000000000000e+02 6.781016365446225318e-04
1.760000000000000000e+02 6.675033978741578373e-04
1.770000000000000000e+02 6.956502358720760169e-04
1.780000000000000000e+02 7.000354782800481636e-04
1.790000000000000000e+02 6.742685882732121555e-04
1.800000000000000000e+02 6.708812909294860306e-04
1.810000000000000000e+02 6.759703836657784222e-04
1.820000000000000000e+02 6.758894538036500869e-04
1.830000000000000000e+02 6.805666092068257894e-04
1.840000000000000000e+02 6.714112462118418346e-04
1.850000000000000000e+02 7.087653130292892109e-04
1.860000000000000000e+02 6.746341845001837048e-04
1.870000000000000000e+02 6.743287106957098279e-04
1.880000000000000000e+02 6.838066484590973101e-04
1.890000000000000000e+02 6.817727874625812302e-04
1.900000000000000000e+02 6.668836104147361776e-04
1.910000000000000000e+02 6.754922347538398243e-04
1.920000000000000000e+02 6.912480655944709283e-04
1.930000000000000000e+02 6.792611831968481135e-04
1.940000000000000000e+02 6.697466412577966809e-04
1.950000000000000000e+02 6.695421875426263610e-04
1.960000000000000000e+02 6.712704520634930460e-04
1.970000000000000000e+02 6.924586253936845012e-04
1.980000000000000000e+02 6.794817693004704491e-04
1.990000000000000000e+02 6.681345704227986465e-04
2.000000000000000000e+02 6.761424168191774997e-04
2.010000000000000000e+02 6.867539927814946162e-04
2.020000000000000000e+02 6.799975120358996844e-04
2.030000000000000000e+02 6.698328866200013547e-04
2.040000000000000000e+02 6.661930409344760063e-04
2.050000000000000000e+02 6.899245700450858587e-04
2.060000000000000000e+02 6.927814191640025050e-04
2.070000000000000000e+02 6.701805961854529316e-04
2.080000000000000000e+02 6.669338980708459669e-04
2.090000000000000000e+02 6.824486138242663678e-04
2.100000000000000000e+02 6.954602445616867240e-04
2.110000000000000000e+02 6.826638467986174659e-04
2.120000000000000000e+02 6.738468492873991682e-04
2.130000000000000000e+02 6.660130966191340476e-04
2.140000000000000000e+02 6.894704880136431381e-04
