0.000000000000000000e+00 8.617032310156673425e-02
1.000000000000000000e+00 7.615054239832413051e-03
2.000000000000000000e+00 6.077196797478409684e-03
3.000000000000000000e+00 5.918486980795380388e-03
4.000000000000000000e+00 5.899565561122379308e-03
5.000000000000000000e+00 5.871811742233898693e-03
6.000000000000000000e+00 5.834911124875104098e-03
7.000000000000000000e+00 5.817606843320567364e-03
8.000000000000000000e+00 5.778230766120960593e-03
9.000000000000000000e+00 5.750921917517924468e-03
1.000000000000000000e+01 5.726419071370143256e-03
1.100000000000000000e+01 5.691111855046236505e-03
1.200000000000000000e+01 5.667109730375054742e-03
1.300000000000000000e+01 5.635526399924784338e-03
1.400000000000000000e+01 5.594228875105667319e-03
1.500000000000000000e+01 5.554678562260714943e-03
1.600000000000000000e+01 5.548207413389281452e-03
1.700000000000000000e+01 5.495276737584300387e-03
1.800000000000000000e+01 5.454297356409893230e-03
1.900000000000000000e+01 5.407715992835708183e-03
2.000000000000000000e+01 5.364964142791891002e-03
2.100000000000000000e+01 5.315575238218645665e-03
2.200000000000000000e+01 5.261228993601190645e-03
2.300000000000000000e+01 5.194465944953347014e-03
2.400000000000000000e+01 5.104221002383411976e-03
2.500000000000000000e+01 4.991009435757834574e-03
2.600000000000000000e+01 4.822866667323426858e-03
2.700000000000000000e+01 4.445396554562017731e-03
2.800000000000000000e+01 3.708704875615589317e-03
2.900000000000000000e+01 2.867360155500214055e-03
3.000000000000000000e+01 2.253590320555525026e-03
3.100000000000000000e+01 1.990461866049340108e-03
3.200000000000000000e+01 1.913076063873106773e-03
3.300000000000000000e+01 1.895982444286182546e-03
3.400000000000000000e+01 1.950495433567334819e-03
3.500000000000000000e+01 1.919535811540676448e-03
3.600000000000000000e+01 1.884329160756752219e-03
3.700000000000000000e+01 1.870875844336210465e-03
3.800000000000000000e+01 1.860740490565528354e-03
3.900000000000000000e+01 1.870399995439849927e-03
4.000000000000000000e+01 1.864661782856832407e-03
4.100000000000000000e+01 1.856104525329626718e-03
4.200000000000000000e+01 1.850966684591446145e-03
4.300000000000000000e+01 1.844618330614461498e-03
4.400000000000000000e+01 1.845203708773352630e-03
4.500000000000000000e+01 1.861107462490585842e-03
4.600000000000000000e+01 1.846350107684122761e-03
4.700000000000000000e+01 1.845262933767822687e-03
4.800000000000000000e+01 1.855506627432956324e-03
4.900000000000000000e+01 1.846531035182490382e-03
5.000000000000000000e+01 1.842657527126877887e-03
5.100000000000000000e+01 1.846405774669908481e-03
5.200000000000000000e+01 1.835162598925817786e-03
5.300000000000000000e+01 1.842153074552422198e-03
5.400000000000000000e+01 1.842346156760625445e-03
5.500000000000000000e+01 1.824860213870047303e-03
5.600000000000000000e+01 1.827059084991672355e-03
5.700000000000000000e+01 1.837180785453347651e-03
5.800000000000000000e+01 1.833123950051138325e-03
5.900000000000000000e+01 1.828975877419417332e-03
6.000000000000000000e+01 1.825344346736574577e-03
6.100000000000000000e+01 1.813722990699409045e-03
6.200000000000000000e+01 1.818922478734403408e-03
6.300000000000000000e+01 1.821883745213039767e-03
6.400000000000000000e+01 1.825899963495010523e-03
6.500000000000000000e+01 1.821214529298743976e-03
6.600000000000000000e+01 1.823166137117423515e-03
6.700000000000000000e+01 1.810603079545899637e-03
6.800000000000000000e+01 1.809521293116092512e-03
6.900000000000000000e+01 1.810638849169521206e-03
7.000000000000000000e+01 1.810187096924181782e-03
7.100000000000000000e+01 1.814554846361551062e-03
7.200000000000000000e+01 1.810087879363169025e-03
7.300000000000000000e+01 1.814672334061012172e-03
7.400000000000000000e+01 1.803649402344007337e-03
7.500000000000000000e+01 1.805461311074994715e-03
7.600000000000000000e+01 1.815624183629142765e-03
7.700000000000000000e+01 1.814686461341198133e-03
7.800000000000000000e+01 1.803798628389681989e-03
7.900000000000000000e+01 1.804560595761576548e-03
8.000000000000000000e+01 1.799213147431892026e-03
8.100000000000000000e+01 1.802010295476934960e-03
8.200000000000000000e+01 1.809696644345585746e-03
8.300000000000000000e+01 1.806439604781593473e-03
8.400000000000000000e+01 1.800329513072814521e-03
8.500000000000000000e+01 1.802498880333513803e-03
8.600000000000000000e+01 1.796868941608339119e-03
8.700000000000000000e+01 1.808128001991511549e-03
8.800000000000000000e+01 1.797083031949380958e-03
8.900000000000000000e+01 1.808281776701451326e-03
9.000000000000000000e+01 1.814433469837869626e-03
9.100000000000000000e+01 1.803862482439427860e-03
9.200000000000000000e+01 1.798073986333813745e-03
9.300000000000000000e+01 1.808382797123583375e-03
9.400000000000000000e+01 1.811223078577816389e-03
9.500000000000000000e+01 1.794164401292585318e-03
9.600000000000000000e+01 1.795145520749759664e-03
9.700000000000000000e+01 1.793532383102498752e-03
9.800000000000000000e+01 1.797450285971746416e-03
9.900000000000000000e+01 1.798940191301334106e-03
1.000000000000000000e+02 1.793499833317562138e-03
1.010000000000000000e+02 1.798306129448701274e-03
1.020000000000000000e+02 1.807945596703485923e-03
1.030000000000000000e+02 1.799615462254705936e-03
1.040000000000000000e+02 1.791089259626147887e-03
1.050000000000000000e+02 1.792695252226802777e-03
1.060000000000000000e+02 1.802499962379337621e-03
1.070000000000000000e+02 1.791523808749807085e-03
1.080000000000000000e+02 1.790844775217574798e-03
1.090000000000000000e+02 1.795713613086584535e-03
1.100000000000000000e+02 1.803663830723302918e-03
1.110000000000000000e+02 1.789665421098980951e-03
1.120000000000000000e+02 1.790621309533837850e-03
1.130000000000000000e+02 1.788686063067602408e-03
1.140000000000000000e+02 1.786828289389782824e-03
1.150000000000000000e+02 1.793285024974753533e-03
1.160000000000000000e+02 1.791612226037418753e-03
1.170000000000000000e+02 1.794923445819736731e-03
1.180000000000000000e+02 1.786420884118434431e-03
1.190000000000000000e+02 1.793933697880096319e-03
1.200000000000000000e+02 1.785541514774384442e-03
1.210000000000000000e+02 1.785586668395572427e-03
1.220000000000000000e+02 1.787286526622421361e-03
1.230000000000000000e+02 1.784343187463332051e-03
1.240000000000000000e+02 1.793281398444405376e-03
1.250000000000000000e+02 1.785043331256001625e-03
1.260000000000000000e+02 1.790829874647781360e-03
1.270000000000000000e+02 1.788706290848050655e-03
1.280000000000000000e+02 1.786204357161518246e-03
1.290000000000000000e+02 1.782938702142965268e-03
1.300000000000000000e+02 1.782799180052309493e-03
1.310000000000000000e+02 1.783187730517359158e-03
1.320000000000000000e+02 1.786607299922786211e-03
1.330000000000000000e+02 1.795223843769493599e-03
1.340000000000000000e+02 1.794719723543172817e-03
1.350000000000000000e+02 1.786819741896630972e-03
1.360000000000000000e+02 1.785081328365578429e-03
1.370000000000000000e+02 1.787788523109413216e-03
1.380000000000000000e+02 1.791157282162927824e-03
1.390000000000000000e+02 1.790433883794313036e-03
1.400000000000000000e+02 1.783587951027401034e-03
1.410000000000000000e+02 1.781109886125572346e-03
1.420000000000000000e+02 1.784597327103055325e-03
1.430000000000000000e+02 1.781281215245669822e-03
1.440000000000000000e+02 1.783286506795881982e-03
1.450000000000000000e+02 1.780955655782778205e-03
1.460000000000000000e+02 1.780664151870032337e-03
1.470000000000000000e+02 1.783628128492799510e-03
1.480000000000000000e+02 1.782357155627124941e-03
1.490000000000000000e+02 1.781160734381894871e-03
1.500000000000000000e+02 1.781232584877398680e-03
1.510000000000000000e+02 1.785041223221590099e-03
1.520000000000000000e+02 1.778869312973571084e-03
1.530000000000000000e+02 1.780736674689746340e-03
1.540000000000000000e+02 1.778467490527343292e-03
1.550000000000000000e+02 1.787901575978973661e-03
1.560000000000000000e+02 1.791386922855854515e-03
1.570000000000000000e+02 1.786275269850540279e-03
1.580000000000000000e+02 1.786433100954331948e-03
1.590000000000000000e+02 1.782143845036910160e-03
1.600000000000000000e+02 1.789463983700648316e-03
1.610000000000000000e+02 1.783284640021790121e-03
1.620000000000000000e+02 1.779262054711175248e-03
1.630000000000000000e+02 1.778896520623297591e-03
1.640000000000000000e+02 1.786100952244157975e-03
1.650000000000000000e+02 1.780532365081644855e-03
1.660000000000000000e+02 1.782787480145399004e-03
1.670000000000000000e+02 1.777892360459365582e-03
1.680000000000000000e+02 1.776726066400493784e-03
1.690000000000000000e+02 1.779975437823744103e-03
1.700000000000000000e+02 1.776265496700262479e-03
1.710000000000000000e+02 1.782566405501800942e-03
1.720000000000000000e+02 1.780626082625190107e-03
1.730000000000000000e+02 1.776986404851849241e-03
1.740000000000000000e+02 1.780443457587533229e-03
1.750000000000000000e+02 1.778035240430002589e-03
1.760000000000000000e+02 1.785057312466859511e-03
1.770000000000000000e+02 1.793697037371361344e-03
1.780000000000000000e+02 1.793568015995362528e-03
1.790000000000000000e+02 1.781261187156460164e-03
1.800000000000000000e+02 1.780443741062870617e-03
1.810000000000000000e+02 1.779845187774847706e-03
1.820000000000000000e+02 1.775919132909304374e-03
1.830000000000000000e+02 1.777615077017721595e-03
1.840000000000000000e+02 1.784642486064439044e-03
1.850000000000000000e+02 1.775223108675744871e-03
1.860000000000000000e+02 1.775746411090266784e-03
1.870000000000000000e+02 1.784279883687754642e-03
1.880000000000000000e+02 1.780080574537628050e-03
1.890000000000000000e+02 1.785670404884184175e-03
1.900000000000000000e+02 1.779394595130417284e-03
1.910000000000000000e+02 1.776771793668567405e-03
1.920000000000000000e+02 1.775258268210425702e-03
1.930000000000000000e+02 1.785422382093318624e-03
1.940000000000000000e+02 1.777065795970096456e-03
1.950000000000000000e+02 1.777909342627442086e-03
1.960000000000000000e+02 1.780224588760400198e-03
1.970000000000000000e+02 1.773707349417675801e-03
1.980000000000000000e+02 1.775930818727607195e-03
1.990000000000000000e+02 1.775376136381385953e-03
2.000000000000000000e+02 1.776816470407470861e-03
2.010000000000000000e+02 1.778316732815864902e-03
2.020000000000000000e+02 1.777534433204406693e-03
2.030000000000000000e+02 1.776706112970764329e-03
2.040000000000000000e+02 1.784667088414217551e-03
2.050000000000000000e+02 1.782676134777740800e-03
2.060000000000000000e+02 1.774351361817281831e-03
2.070000000000000000e+02 1.775590886684579777e-03
2.080000000000000000e+02 1.778877055305347213e-03
2.090000000000000000e+02 1.779388432511648044e-03
2.100000000000000000e+02 1.774450733541036839e-03
2.110000000000000000e+02 1.775307525686398982e-03
2.120000000000000000e+02 1.773530152844025355e-03
2.130000000000000000e+02 1.774828745073657281e-03
2.140000000000000000e+02 1.778757642933821801e-03
2.150000000000000000e+02 1.781702099263064373e-03
2.160000000000000000e+02 1.778283424096167549e-03
2.170000000000000000e+02 1.774691228129818971e-03
2.180000000000000000e+02 1.773061560552462775e-03
2.190000000000000000e+02 1.774366945032928742e-03
2.200000000000000000e+02 1.773670197322817351e-03
2.210000000000000000e+02 1.775230428358144782e-03
2.220000000000000000e+02 1.777472131185076033e-03
2.230000000000000000e+02 1.774958621388234578e-03
2.240000000000000000e+02 1.774311287809877263e-03
2.250000000000000000e+02 1.775024627208070249e-03
2.260000000000000000e+02 1.774068078604990745e-03
2.270000000000000000e+02 1.775886813308448324e-03
2.280000000000000000e+02 1.776100127812107977e-03
2.290000000000000000e+02 1.780356344328017136e-03
2.300000000000000000e+02 1.773127318348633038e-03
2.310000000000000000e+02 1.772816211683821272e-03
2.320000000000000000e+02 1.776300622689952740e-03
2.330000000000000000e+02 1.773335923037887675e-03
2.340000000000000000e+02 1.774227125248561488e-03
2.350000000000000000e+02 1.773419235237715845e-03
2.360000000000000000e+02 1.773745203625118685e-03
2.370000000000000000e+02 1.789450784012310306e-03
2.380000000000000000e+02 1.774658691123087500e-03
2.390000000000000000e+02 1.777953583575291475e-03
2.400000000000000000e+02 1.780373483986046794e-03
2.410000000000000000e+02 1.785484234237687566e-03
2.420000000000000000e+02 1.774613410785787519e-03
2.430000000000000000e+02 1.773182220913043167e-03
2.440000000000000000e+02 1.780901970192404595e-03
2.450000000000000000e+02 1.777104724417408058e-03
2.460000000000000000e+02 1.775845960122434536e-03
2.470000000000000000e+02 1.776684265986378051e-03
2.480000000000000000e+02 1.781740926928327903e-03
2.490000000000000000e+02 1.779287758865797731e-03
2.500000000000000000e+02 1.774178647847392872e-03
2.510000000000000000e+02 1.771964521176785327e-03
2.520000000000000000e+02 1.775650882256684738e-03
2.530000000000000000e+02 1.770926745848977555e-03
2.540000000000000000e+02 1.772871323353063591e-03
2.550000000000000000e+02 1.772957345824102996e-03
2.560000000000000000e+02 1.772445974819019440e-03
2.570000000000000000e+02 1.774913036847496550e-03
2.580000000000000000e+02 1.771200505339923671e-03
2.590000000000000000e+02 1.776735749695236219e-03
2.600000000000000000e+02 1.771411218358570020e-03
2.610000000000000000e+02 1.777301880574608901e-03
2.620000000000000000e+02 1.773109140547021213e-03
2.630000000000000000e+02 1.774128923814490650e-03
2.640000000000000000e+02 1.771761795104988095e-03
2.650000000000000000e+02 1.774080425847586288e-03
2.660000000000000000e+02 1.772318209157654461e-03
2.670000000000000000e+02 1.778142843206043100e-03
2.680000000000000000e+02 1.771872048086236889e-03
2.690000000000000000e+02 1.778285503701190675e-03
2.700000000000000000e+02 1.773893416488685031e-03
2.710000000000000000e+02 1.771602048714536687e-03
2.720000000000000000e+02 1.783230726438015659e-03
2.730000000000000000e+02 1.773397258476877179e-03
2.740000000000000000e+02 1.771273844247708059e-03
2.750000000000000000e+02 1.772565431662405508e-03
2.760000000000000000e+02 1.772236691558060767e-03
2.770000000000000000e+02 1.773635413328330081e-03
2.780000000000000000e+02 1.773584247181282962e-03
2.790000000000000000e+02 1.770631240009809928e-03
2.800000000000000000e+02 1.770949866670547788e-03
2.810000000000000000e+02 1.774696208874340436e-03
2.820000000000000000e+02 1.772097595527751500e-03
2.830000000000000000e+02 1.775192979333722713e-03
2.840000000000000000e+02 1.769809507651602188e-03
2.850000000000000000e+02 1.774380792368552380e-03
2.860000000000000000e+02 1.787126866448056090e-03
2.870000000000000000e+02 1.776069945756358773e-03
2.880000000000000000e+02 1.773418961578836651e-03
2.890000000000000000e+02 1.771113198145757555e-03
2.900000000000000000e+02 1.770532207069560942e-03
2.910000000000000000e+02 1.772141132817202413e-03
2.920000000000000000e+02 1.775376431321817406e-03
2.930000000000000000e+02 1.774931938443531426e-03
2.940000000000000000e+02 1.771625280600914879e-03
2.950000000000000000e+02 1.770012956516093605e-03
2.960000000000000000e+02 1.772328917355087824e-03
2.970000000000000000e+02 1.774453990744017913e-03
2.980000000000000000e+02 1.769659174406397126e-03
2.990000000000000000e+02 1.770968055163846082e-03
3.000000000000000000e+02 1.773404165828454827e-03
3.010000000000000000e+02 1.773333849395798689e-03
3.020000000000000000e+02 1.777719324546437989e-03
3.030000000000000000e+02 1.771653566902917608e-03
3.040000000000000000e+02 1.769485413622767008e-03
3.050000000000000000e+02 1.773959634774336909e-03
3.060000000000000000e+02 1.772887391775817417e-03
3.070000000000000000e+02 1.775364207145946858e-03
3.080000000000000000e+02 1.770623297319547269e-03
3.090000000000000000e+02 1.771610692725681356e-03
3.100000000000000000e+02 1.770979728735519844e-03
3.110000000000000000e+02 1.772708798106274438e-03
3.120000000000000000e+02 1.781154183688914844e-03
3.130000000000000000e+02 1.773369547079049714e-03
3.140000000000000000e+02 1.769598425959643690e-03
3.150000000000000000e+02 1.768369815919059633e-03
3.160000000000000000e+02 1.770728347559099615e-03
3.170000000000000000e+02 1.772632641030995760e-03
3.180000000000000000e+02 1.774921034187125404e-03
3.190000000000000000e+02 1.771223684789349079e-03
3.200000000000000000e+02 1.769296524631034425e-03
3.210000000000000000e+02 1.769865012260181175e-03
3.220000000000000000e+02 1.770838364018420064e-03
3.230000000000000000e+02 1.769755896004543156e-03
3.240000000000000000e+02 1.771291071791252988e-03
3.250000000000000000e+02 1.770015266031391143e-03
3.260000000000000000e+02 1.770238441488713576e-03
3.270000000000000000e+02 1.771013120017586465e-03
3.280000000000000000e+02 1.771590489109855669e-03
3.290000000000000000e+02 1.770013922093056392e-03
3.300000000000000000e+02 1.771129880419004170e-03
3.310000000000000000e+02 1.777190694370535569e-03
3.320000000000000000e+02 1.772507271650263254e-03
3.330000000000000000e+02 1.768577365892247183e-03
3.340000000000000000e+02 1.770507337464824905e-03
3.350000000000000000e+02 1.770845814604531023e-03
3.360000000000000000e+02 1.770565527903595606e-03
3.370000000000000000e+02 1.774239421078849894e-03
3.380000000000000000e+02 1.777835600900413808e-03
3.390000000000000000e+02 1.773887653079732037e-03
3.400000000000000000e+02 1.769255717160889444e-03
3.410000000000000000e+02 1.774646554482964267e-03
3.420000000000000000e+02 1.772848339746212112e-03
3.430000000000000000e+02 1.769240241797292307e-03
3.440000000000000000e+02 1.772298961407433541e-03
3.450000000000000000e+02 1.770079938034298380e-03
3.460000000000000000e+02 1.770263272119424001e-03
3.470000000000000000e+02 1.770178192542630133e-03
3.480000000000000000e+02 1.770140540389611872e-03
3.490000000000000000e+02 1.770544341448064682e-03
3.500000000000000000e+02 1.770791193743833118e-03
3.510000000000000000e+02 1.770083418774011331e-03
3.520000000000000000e+02 1.774210349958886546e-03
3.530000000000000000e+02 1.772351468956483806e-03
3.540000000000000000e+02 1.774342160892143075e-03
3.550000000000000000e+02 1.772696560392344111e-03
3.560000000000000000e+02 1.770717068748384583e-03
3.570000000000000000e+02 1.770799221926264242e-03
3.580000000000000000e+02 1.770030360014298015e-03
3.590000000000000000e+02 1.770224512859546861e-03
3.600000000000000000e+02 1.769559923394778368e-03
3.610000000000000000e+02 1.768879864479454278e-03
3.620000000000000000e+02 1.770465107629948937e-03
3.630000000000000000e+02 1.768925188337641024e-03
3.640000000000000000e+02 1.771460083107539822e-03
3.650000000000000000e+02 1.769125280002385508e-03
3.660000000000000000e+02 1.771642540483015253e-03
3.670000000000000000e+02 1.775861141689868495e-03
3.680000000000000000e+02 1.769747366868570796e-03
3.690000000000000000e+02 1.768782293194473684e-03
3.700000000000000000e+02 1.770998593885078458e-03
3.710000000000000000e+02 1.770789819603181808e-03
3.720000000000000000e+02 1.768013153370101261e-03
3.730000000000000000e+02 1.774331335477454712e-03
3.740000000000000000e+02 1.770889700458010271e-03
3.750000000000000000e+02 1.770038364378171553e-03
3.760000000000000000e+02 1.768395940260287244e-03
3.770000000000000000e+02 1.771179264136044313e-03
3.780000000000000000e+02 1.770653672397673635e-03
3.790000000000000000e+02 1.768809448394965999e-03
3.800000000000000000e+02 1.769047651189435862e-03
3.810000000000000000e+02 1.767970870009740901e-03
3.820000000000000000e+02 1.769077590966605055e-03
3.830000000000000000e+02 1.767995872508465937e-03
3.840000000000000000e+02 1.768411309199505524e-03
3.850000000000000000e+02 1.768373166846828621e-03
3.860000000000000000e+02 1.769650686923146619e-03
3.870000000000000000e+02 1.768806815015354838e-03
3.880000000000000000e+02 1.770302261570531150e-03
3.890000000000000000e+02 1.767071505966291917e-03
3.900000000000000000e+02 1.770161182262381533e-03
3.910000000000000000e+02 1.769999060274866877e-03
3.920000000000000000e+02 1.770793609412764933e-03
3.930000000000000000e+02 1.771343105638984849e-03
3.940000000000000000e+02 1.773998412210206011e-03
3.950000000000000000e+02 1.770663629630391022e-03
3.960000000000000000e+02 1.770277800418053457e-03
3.970000000000000000e+02 1.768821401587788045e-03
3.980000000000000000e+02 1.768905836792996093e-03
3.990000000000000000e+02 1.768587292481906383e-03
4.000000000000000000e+02 1.767549793009404223e-03
4.010000000000000000e+02 1.768138007951238237e-03
4.020000000000000000e+02 1.769904382393214844e-03
4.030000000000000000e+02 1.768703508587740223e-03
4.040000000000000000e+02 1.769917368652235449e-03
4.050000000000000000e+02 1.766816756885057280e-03
4.060000000000000000e+02 1.769200968889734571e-03
4.070000000000000000e+02 1.770886962854478167e-03
4.080000000000000000e+02 1.768113496584119504e-03
4.090000000000000000e+02 1.768253977007016968e-03
4.100000000000000000e+02 1.767943639513860389e-03
4.110000000000000000e+02 1.770633739740823690e-03
4.120000000000000000e+02 1.767666964268639965e-03
4.130000000000000000e+02 1.768048458180195969e-03
4.140000000000000000e+02 1.767789863265678855e-03
4.150000000000000000e+02 1.768068253064823464e-03
4.160000000000000000e+02 1.766909984786355862e-03
4.170000000000000000e+02 1.771979770511625772e-03
4.180000000000000000e+02 1.773621043029773936e-03
4.190000000000000000e+02 1.767782578523054843e-03
4.200000000000000000e+02 1.769543445779572701e-03
4.210000000000000000e+02 1.771943060018388912e-03
4.220000000000000000e+02 1.770247931891378483e-03
4.230000000000000000e+02 1.767432701086065275e-03
4.240000000000000000e+02 1.768628749318165412e-03
4.250000000000000000e+02 1.768828148878495102e-03
4.260000000000000000e+02 1.767880614289226359e-03
4.270000000000000000e+02 1.770474147696795078e-03
4.280000000000000000e+02 1.770800138541946470e-03
4.290000000000000000e+02 1.769159734512983171e-03
4.300000000000000000e+02 1.768179972408451218e-03
4.310000000000000000e+02 1.767457225181679132e-03
4.320000000000000000e+02 1.766844665504198678e-03
4.330000000000000000e+02 1.769610370308102778e-03
4.340000000000000000e+02 1.769598112579560956e-03
4.350000000000000000e+02 1.769303834719787713e-03
4.360000000000000000e+02 1.768573864366655354e-03
4.370000000000000000e+02 1.768572607034861553e-03
4.380000000000000000e+02 1.767600614485189976e-03
4.390000000000000000e+02 1.768349668801350028e-03
4.400000000000000000e+02 1.769400243101568355e-03
4.410000000000000000e+02 1.768636727247423386e-03
4.420000000000000000e+02 1.769700937998879660e-03
4.430000000000000000e+02 1.768255652518330645e-03
4.440000000000000000e+02 1.769874029859878082e-03
4.450000000000000000e+02 1.768159853851911968e-03
4.460000000000000000e+02 1.768074613089243340e-03
4.470000000000000000e+02 1.770178482387353442e-03
4.480000000000000000e+02 1.768911955433858513e-03
4.490000000000000000e+02 1.768283027065158325e-03
4.500000000000000000e+02 1.770387384174553066e-03
4.510000000000000000e+02 1.768975804309887243e-03
4.520000000000000000e+02 1.767682227271538198e-03
4.530000000000000000e+02 1.767097889199404671e-03
4.540000000000000000e+02 1.769375545272701454e-03
4.550000000000000000e+02 1.768389466707009396e-03
4.560000000000000000e+02 1.768813144774379490e-03
4.570000000000000000e+02 1.766906216666223536e-03
4.580000000000000000e+02 1.767647765575056052e-03
4.590000000000000000e+02 1.768884438321588742e-03
4.600000000000000000e+02 1.767376768957509619e-03
4.610000000000000000e+02 1.767027065890670314e-03
4.620000000000000000e+02 1.768702810002858875e-03
4.630000000000000000e+02 1.768245570455872530e-03
4.640000000000000000e+02 1.767430907444112430e-03
4.650000000000000000e+02 1.770359776240804919e-03
4.660000000000000000e+02 1.768349801302765683e-03
4.670000000000000000e+02 1.767577017960483788e-03
4.680000000000000000e+02 1.774099276208777973e-03
4.690000000000000000e+02 1.769904895540536788e-03
4.700000000000000000e+02 1.769385828381850366e-03
4.710000000000000000e+02 1.768210008444719844e-03
4.720000000000000000e+02 1.767430660608296320e-03
4.730000000000000000e+02 1.766507944302718978e-03
4.740000000000000000e+02 1.767879153507743604e-03
4.750000000000000000e+02 1.768724854260396743e-03
4.760000000000000000e+02 1.768002021806248719e-03
4.770000000000000000e+02 1.768861410571422174e-03
4.780000000000000000e+02 1.767559669476362729e-03
4.790000000000000000e+02 1.767997235117995704e-03
4.800000000000000000e+02 1.767303849163560231e-03
4.810000000000000000e+02 1.766806643123797595e-03
4.820000000000000000e+02 1.766080104074500270e-03
4.830000000000000000e+02 1.767848832271678907e-03
4.840000000000000000e+02 1.766528915235362823e-03
4.850000000000000000e+02 1.767346559217674706e-03
4.860000000000000000e+02 1.767334341170829831e-03
4.870000000000000000e+02 1.768309828094133005e-03
4.880000000000000000e+02 1.769462433923038418e-03
4.890000000000000000e+02 1.766878816466745279e-03
4.900000000000000000e+02 1.766899526540440532e-03
4.910000000000000000e+02 1.766913861400650192e-03
4.920000000000000000e+02 1.766972449908577308e-03
4.930000000000000000e+02 1.769689150938876703e-03
4.940000000000000000e+02 1.767123735852189079e-03
4.950000000000000000e+02 1.766649071175733837e-03
4.960000000000000000e+02 1.770907478541138523e-03
4.970000000000000000e+02 1.769439969937644996e-03
4.980000000000000000e+02 1.771497522586224643e-03
4.990000000000000000e+02 1.770264604800375488e-03
5.000000000000000000e+02 1.766763156717645125e-03
5.010000000000000000e+02 1.767124006889599259e-03
5.020000000000000000e+02 1.767219205308981616e-03
5.030000000000000000e+02 1.766656945331624958e-03
5.040000000000000000e+02 1.766384916402883448e-03
5.050000000000000000e+02 1.768957536221135891e-03
5.060000000000000000e+02 1.768263274306026197e-03
5.070000000000000000e+02 1.767956605932648455e-03
5.080000000000000000e+02 1.766324978184657512e-03
5.090000000000000000e+02 1.766427059586392345e-03
5.100000000000000000e+02 1.766273372563516774e-03
5.110000000000000000e+02 1.766977253313841128e-03
5.120000000000000000e+02 1.767010576665482141e-03
5.130000000000000000e+02 1.766569442656194637e-03
5.140000000000000000e+02 1.767763310336281733e-03
5.150000000000000000e+02 1.769104906547672076e-03
5.160000000000000000e+02 1.766938302810175604e-03
5.170000000000000000e+02 1.767789258484130880e-03
5.180000000000000000e+02 1.766341190329069610e-03
5.190000000000000000e+02 1.766868865933578312e-03
5.200000000000000000e+02 1.766138015516632463e-03
5.210000000000000000e+02 1.766726118851459420e-03
5.220000000000000000e+02 1.766367409613566180e-03
5.230000000000000000e+02 1.766548771245327965e-03
5.240000000000000000e+02 1.766986676406794845e-03
5.250000000000000000e+02 1.766639044451443581e-03
5.260000000000000000e+02 1.769536611110139428e-03
5.270000000000000000e+02 1.767465518539859670e-03
5.280000000000000000e+02 1.768834618635326070e-03
5.290000000000000000e+02 1.769463113629524825e-03
5.300000000000000000e+02 1.767141815295520616e-03
5.310000000000000000e+02 1.766267170959409140e-03
5.320000000000000000e+02 1.765535191271026079e-03
5.330000000000000000e+02 1.766447690116084487e-03
5.340000000000000000e+02 1.766592854150425291e-03
5.350000000000000000e+02 1.766274041014920162e-03
5.360000000000000000e+02 1.766752491640166201e-03
5.370000000000000000e+02 1.769807696783174539e-03
5.380000000000000000e+02 1.766001997738318513e-03
5.390000000000000000e+02 1.766692624258817861e-03
5.400000000000000000e+02 1.767081422697852188e-03
5.410000000000000000e+02 1.766284500042823898e-03
5.420000000000000000e+02 1.766523979216683962e-03
5.430000000000000000e+02 1.766343664643652694e-03
5.440000000000000000e+02 1.766797422687541291e-03
5.450000000000000000e+02 1.767236748703455073e-03
5.460000000000000000e+02 1.767159785297288486e-03
5.470000000000000000e+02 1.765210767874042909e-03
5.480000000000000000e+02 1.770366131471100279e-03
5.490000000000000000e+02 1.765963658974366995e-03
5.500000000000000000e+02 1.767727541837674308e-03
5.510000000000000000e+02 1.767275032247137695e-03
5.520000000000000000e+02 1.765393161650864002e-03
5.530000000000000000e+02 1.767054858639820593e-03
5.540000000000000000e+02 1.765584284708437545e-03
5.550000000000000000e+02 1.766473898323091219e-03
5.560000000000000000e+02 1.766341477242000090e-03
5.570000000000000000e+02 1.766010665981847076e-03
5.580000000000000000e+02 1.765469713435597471e-03
5.590000000000000000e+02 1.766236944641960595e-03
5.600000000000000000e+02 1.766981894756808943e-03
5.610000000000000000e+02 1.767854397963780112e-03
5.620000000000000000e+02 1.767001112448262756e-03
5.630000000000000000e+02 1.766187383402734916e-03
5.640000000000000000e+02 1.768104799742666565e-03
5.650000000000000000e+02 1.767082222912764317e-03
5.660000000000000000e+02 1.765563854344906394e-03
5.670000000000000000e+02 1.765972093816878512e-03
5.680000000000000000e+02 1.766292161259487787e-03
5.690000000000000000e+02 1.766351479532099131e-03
5.700000000000000000e+02 1.766699065069549839e-03
5.710000000000000000e+02 1.767290571501464996e-03
5.720000000000000000e+02 1.766786550712911262e-03
5.730000000000000000e+02 1.765820495852828825e-03
5.740000000000000000e+02 1.766907145637293744e-03
5.750000000000000000e+02 1.768499051950348303e-03
5.760000000000000000e+02 1.766244905360231810e-03
5.770000000000000000e+02 1.766543768282629765e-03
5.780000000000000000e+02 1.766411548508543339e-03
5.790000000000000000e+02 1.767014382518190428e-03
5.800000000000000000e+02 1.765571093387042958e-03
5.810000000000000000e+02 1.766044024503880079e-03
5.820000000000000000e+02 1.766290198522405550e-03
5.830000000000000000e+02 1.765565400714207882e-03
5.840000000000000000e+02 1.765358690766347409e-03
5.850000000000000000e+02 1.767365108920341621e-03
5.860000000000000000e+02 1.766626601262307394e-03
5.870000000000000000e+02 1.766294198392303304e-03
5.880000000000000000e+02 1.766795993283632685e-03
5.890000000000000000e+02 1.766868016665941194e-03
5.900000000000000000e+02 1.765758136633263165e-03
5.910000000000000000e+02 1.766353442924343056e-03
5.920000000000000000e+02 1.767948958558792543e-03
5.930000000000000000e+02 1.767526277736223509e-03
5.940000000000000000e+02 1.767204377731599338e-03
5.950000000000000000e+02 1.768413962935040011e-03
5.960000000000000000e+02 1.765922469394430290e-03
5.970000000000000000e+02 1.765483105653112110e-03
5.980000000000000000e+02 1.767039230807084796e-03
5.990000000000000000e+02 1.768141074872049299e-03
6.000000000000000000e+02 1.766057142868298268e-03
6.010000000000000000e+02 1.765750691098042467e-03
6.020000000000000000e+02 1.765237558132211901e-03
6.030000000000000000e+02 1.766626633631852806e-03
6.040000000000000000e+02 1.766013060135859705e-03
6.050000000000000000e+02 1.765330049176796817e-03
6.060000000000000000e+02 1.765729334640048697e-03
6.070000000000000000e+02 1.765339413596710367e-03
6.080000000000000000e+02 1.765573960117868772e-03
6.090000000000000000e+02 1.765557303775161990e-03
6.100000000000000000e+02 1.765994231607586522e-03
6.110000000000000000e+02 1.766343275429157209e-03
6.120000000000000000e+02 1.766081596477200822e-03
6.130000000000000000e+02 1.767216057719377727e-03
6.140000000000000000e+02 1.766312447969825648e-03
6.150000000000000000e+02 1.765633829537935481e-03
6.160000000000000000e+02 1.765683584907757307e-03
6.170000000000000000e+02 1.765477379957705161e-03
6.180000000000000000e+02 1.765974507087315296e-03
6.190000000000000000e+02 1.765262216034464270e-03
6.200000000000000000e+02 1.766733129724958789e-03
6.210000000000000000e+02 1.767284371451941297e-03
6.220000000000000000e+02 1.766474633638626460e-03
6.230000000000000000e+02 1.767312622156677789e-03
6.240000000000000000e+02 1.765887465410093983e-03
6.250000000000000000e+02 1.765469225479013261e-03
6.260000000000000000e+02 1.765664266977397560e-03
6.270000000000000000e+02 1.765486962253887604e-03
6.280000000000000000e+02 1.766197167817693285e-03
6.290000000000000000e+02 1.765953619884368022e-03
6.300000000000000000e+02 1.765762802938997122e-03
6.310000000000000000e+02 1.766519059827242584e-03
6.320000000000000000e+02 1.766087447926958064e-03
6.330000000000000000e+02 1.765494763764931122e-03
6.340000000000000000e+02 1.766061209864889549e-03
6.350000000000000000e+02 1.765245837004230387e-03
6.360000000000000000e+02 1.765137768160713163e-03
6.370000000000000000e+02 1.765316619676710616e-03
6.380000000000000000e+02 1.765769778138806360e-03
6.390000000000000000e+02 1.764940897905655209e-03
6.400000000000000000e+02 1.765716154040219239e-03
6.410000000000000000e+02 1.765689227245665401e-03
6.420000000000000000e+02 1.765258562682458371e-03
6.430000000000000000e+02 1.765419449569730027e-03
6.440000000000000000e+02 1.765474080387908519e-03
6.450000000000000000e+02 1.766315436489968591e-03
6.460000000000000000e+02 1.765538184088807439e-03
6.470000000000000000e+02 1.765332263767852928e-03
6.480000000000000000e+02 1.766587325876490524e-03
6.490000000000000000e+02 1.766968345779082721e-03
6.500000000000000000e+02 1.766521996428787201e-03
6.510000000000000000e+02 1.765751794127237142e-03
6.520000000000000000e+02 1.766180105304538533e-03
6.530000000000000000e+02 1.767255081062613781e-03
6.540000000000000000e+02 1.766711204570072490e-03
6.550000000000000000e+02 1.765589751166767810e-03
6.560000000000000000e+02 1.766858154996366710e-03
6.570000000000000000e+02 1.765107618767341102e-03
6.580000000000000000e+02 1.765056214774178350e-03
6.590000000000000000e+02 1.765394334743177395e-03
6.600000000000000000e+02 1.765267435443266782e-03
6.610000000000000000e+02 1.764883192135076589e-03
6.620000000000000000e+02 1.766270373524551907e-03
6.630000000000000000e+02 1.764766165177791444e-03
6.640000000000000000e+02 1.766254985139350392e-03
6.650000000000000000e+02 1.765865158385632227e-03
6.660000000000000000e+02 1.765710103552208237e-03
6.670000000000000000e+02 1.765838763635867907e-03
6.680000000000000000e+02 1.765021945951610093e-03
6.690000000000000000e+02 1.764947779421346041e-03
6.700000000000000000e+02 1.765075496812153763e-03
6.710000000000000000e+02 1.765317512296671852e-03
6.720000000000000000e+02 1.765741906497284497e-03
6.730000000000000000e+02 1.764937080122634498e-03
6.740000000000000000e+02 1.765208355324357709e-03
6.750000000000000000e+02 1.765893129895192409e-03
6.760000000000000000e+02 1.766056887183468840e-03
6.770000000000000000e+02 1.764982111524090319e-03
6.780000000000000000e+02 1.765496214471753370e-03
6.790000000000000000e+02 1.765507387403067669e-03
6.800000000000000000e+02 1.765885511725904947e-03
6.810000000000000000e+02 1.765291388700515780e-03
6.820000000000000000e+02 1.765023769343056388e-03
6.830000000000000000e+02 1.766530129398030799e-03
6.840000000000000000e+02 1.765750143444667778e-03
6.850000000000000000e+02 1.765161984072944777e-03
6.860000000000000000e+02 1.765086839796566401e-03
6.870000000000000000e+02 1.765441411628469130e-03
6.880000000000000000e+02 1.765744649643396016e-03
6.890000000000000000e+02 1.766614091566889606e-03
6.900000000000000000e+02 1.766354926901746690e-03
6.910000000000000000e+02 1.765078246598588774e-03
6.920000000000000000e+02 1.765948857209976436e-03
6.930000000000000000e+02 1.766097951134544281e-03
6.940000000000000000e+02 1.764771615980277033e-03
6.950000000000000000e+02 1.764904422293034174e-03
6.960000000000000000e+02 1.765288925756511871e-03
6.970000000000000000e+02 1.765222285928309126e-03
6.980000000000000000e+02 1.765427369897975716e-03
6.990000000000000000e+02 1.765603730192216942e-03
7.000000000000000000e+02 1.765293007476035226e-03
7.010000000000000000e+02 1.764834565570273621e-03
7.020000000000000000e+02 1.765208269559671991e-03
7.030000000000000000e+02 1.765759001061096949e-03
7.040000000000000000e+02 1.765081167692156327e-03
7.050000000000000000e+02 1.765023834788839079e-03
7.060000000000000000e+02 1.765320416168133068e-03
7.070000000000000000e+02 1.764693841680017253e-03
7.080000000000000000e+02 1.765330711323907396e-03
7.090000000000000000e+02 1.764961046313023082e-03
7.100000000000000000e+02 1.765305967097932117e-03
7.110000000000000000e+02 1.765006667995744393e-03
7.120000000000000000e+02 1.764589077283754484e-03
7.130000000000000000e+02 1.764796729470877266e-03
7.140000000000000000e+02 1.765517908485772372e-03
7.150000000000000000e+02 1.764887023926190596e-03
7.160000000000000000e+02 1.765549661512954812e-03
7.170000000000000000e+02 1.764945827736196828e-03
7.180000000000000000e+02 1.766336219550233757e-03
7.190000000000000000e+02 1.765054121451981343e-03
7.200000000000000000e+02 1.764891926536665519e-03
7.210000000000000000e+02 1.766521757048548262e-03
7.220000000000000000e+02 1.765438840927278366e-03
7.230000000000000000e+02 1.764998764644770289e-03
7.240000000000000000e+02 1.765282419609479504e-03
7.250000000000000000e+02 1.765400769540045271e-03
7.260000000000000000e+02 1.764904351466114324e-03
7.270000000000000000e+02 1.764942920278790269e-03
7.280000000000000000e+02 1.765133188665141128e-03
7.290000000000000000e+02 1.765717234164070060e-03
7.300000000000000000e+02 1.764874010095984422e-03
7.310000000000000000e+02 1.765569092558799420e-03
7.320000000000000000e+02 1.765368715945623114e-03
7.330000000000000000e+02 1.764959377685767182e-03
7.340000000000000000e+02 1.764920120571245163e-03
7.350000000000000000e+02 1.764928180736461630e-03
7.360000000000000000e+02 1.764833643986291967e-03
7.370000000000000000e+02 1.765713119505018429e-03
7.380000000000000000e+02 1.765074785261281287e-03
7.390000000000000000e+02 1.764778336164676440e-03
7.400000000000000000e+02 1.764784831091765430e-03
7.410000000000000000e+02 1.764980116709298020e-03
7.420000000000000000e+02 1.764946646416271081e-03
7.430000000000000000e+02 1.765077428787394792e-03
7.440000000000000000e+02 1.765726880592894191e-03
7.450000000000000000e+02 1.764817645591474716e-03
7.460000000000000000e+02 1.764989510938399456e-03
7.470000000000000000e+02 1.765633886871446250e-03
7.480000000000000000e+02 1.765402116512347196e-03
7.490000000000000000e+02 1.765051272723990212e-03
7.500000000000000000e+02 1.764846787459008626e-03
7.510000000000000000e+02 1.765396164471083260e-03
7.520000000000000000e+02 1.765623676319846500e-03
7.530000000000000000e+02 1.764951083906045153e-03
7.540000000000000000e+02 1.764901042892608445e-03
7.550000000000000000e+02 1.764597351422993047e-03
7.560000000000000000e+02 1.764886525764185025e-03
7.570000000000000000e+02 1.764968867940118220e-03
7.580000000000000000e+02 1.765322869143677326e-03
7.590000000000000000e+02 1.765069663912308779e-03
7.600000000000000000e+02 1.764846806365633807e-03
7.610000000000000000e+02 1.764791333728036671e-03
7.620000000000000000e+02 1.764702360413625964e-03
7.630000000000000000e+02 1.764943540197711587e-03
