0.000000000000000000e+00 1.708168888606421878e-03
1.000000000000000000e+00 7.567272435403838305e-05
2.000000000000000000e+00 7.585790189979779437e-05
3.000000000000000000e+00 7.575534815963047488e-05
4.000000000000000000e+00 7.562821273058621349e-05
5.000000000000000000e+00 7.547795324907294800e-05
6.000000000000000000e+00 7.529661940226113593e-05
7.000000000000000000e+00 7.506406182451451380e-05
8.000000000000000000e+00 7.474361730772667697e-05
9.000000000000000000e+00 7.428137441882843651e-05
1.000000000000000000e+01 7.353761240446360413e-05
1.100000000000000000e+01 7.218389834462966576e-05
1.200000000000000000e+01 6.920500837485339489e-05
1.300000000000000000e+01 6.054853204703076471e-05
1.400000000000000000e+01 3.376499124643716311e-05
1.500000000000000000e+01 7.368535820861681292e-06
1.600000000000000000e+01 1.817526377285224617e-06
1.700000000000000000e+01 5.392921923743833921e-07
1.800000000000000000e+01 4.125121407392349417e-07
1.900000000000000000e+01 3.846059241268943089e-07
2.000000000000000000e+01 3.589749126804881331e-07
2.100000000000000000e+01 3.523099730549306864e-07
2.200000000000000000e+01 3.360434273307294412e-07
2.300000000000000000e+01 3.190365989526525800e-07
2.400000000000000000e+01 3.088975098129657949e-07
2.500000000000000000e+01 2.968592306679378216e-07
2.600000000000000000e+01 2.867923813922150564e-07
2.700000000000000000e+01 2.814601404124607998e-07
2.800000000000000000e+01 2.715923368311090080e-07
2.900000000000000000e+01 2.622892070310458058e-07
3.000000000000000000e+01 2.479494452913207217e-07
3.100000000000000000e+01 2.413113392216320154e-07
3.200000000000000000e+01 2.321759084100442403e-07
3.300000000000000000e+01 2.318743940666529189e-07
3.400000000000000000e+01 2.226348936615368780e-07
3.500000000000000000e+01 2.092953614857444985e-07
3.600000000000000000e+01 2.029046117944028143e-07
3.700000000000000000e+01 1.965801414769655357e-07
3.800000000000000000e+01 1.953270804352039252e-07
3.900000000000000000e+01 1.907328684481722947e-07
4.000000000000000000e+01 1.825378510872800006e-07
4.100000000000000000e+01 1.726530122287986287e-07
4.200000000000000000e+01 1.724752290703678952e-07
4.300000000000000000e+01 1.611916182885734271e-07
4.400000000000000000e+01 1.666806539590027295e-07
4.500000000000000000e+01 1.585840201128006272e-07
4.600000000000000000e+01 1.484459781293668433e-07
4.700000000000000000e+01 1.447500498464577208e-07
4.800000000000000000e+01 1.503963329895848390e-07
4.900000000000000000e+01 1.376915547337990780e-07
5.000000000000000000e+01 1.341511118119775891e-07
5.100000000000000000e+01 1.320203183984369422e-07
5.200000000000000000e+01 1.290477480232993528e-07
5.300000000000000000e+01 1.249685341886280063e-07
5.400000000000000000e+01 1.252989694752222326e-07
5.500000000000000000e+01 1.239247573562146882e-07
5.600000000000000000e+01 1.214967229122138961e-07
5.700000000000000000e+01 1.368369707377386913e-07
5.800000000000000000e+01 1.288640317824776695e-07
5.900000000000000000e+01 1.178604623489284393e-07
6.000000000000000000e+01 1.072774218384461179e-07
6.100000000000000000e+01 1.076554245327456566e-07
6.200000000000000000e+01 1.065521125885030825e-07
6.300000000000000000e+01 1.178985251721380986e-07
6.400000000000000000e+01 9.742375303054170860e-08
6.500000000000000000e+01 1.005451745099630289e-07
6.600000000000000000e+01 9.785713136324497021e-08
6.700000000000000000e+01 9.440885334945829656e-08
6.800000000000000000e+01 9.340713237586235994e-08
6.900000000000000000e+01 9.458612871825553572e-08
7.000000000000000000e+01 8.785154163699743058e-08
7.100000000000000000e+01 8.971308391293168773e-08
7.200000000000000000e+01 9.420911015958756719e-08
7.300000000000000000e+01 8.132828781372408556e-08
7.400000000000000000e+01 8.095604736214065044e-08
7.500000000000000000e+01 7.917806935425821076e-08
7.600000000000000000e+01 7.592097812505539670e-08
7.700000000000000000e+01 7.479245987152843504e-08
7.800000000000000000e+01 7.436462254551396376e-08
7.900000000000000000e+01 7.238401032346694506e-08
8.000000000000000000e+01 7.070891350930106229e-08
8.100000000000000000e+01 6.887827189863815837e-08
8.200000000000000000e+01 6.866388910076268833e-08
8.300000000000000000e+01 7.642408483407950758e-08
8.400000000000000000e+01 7.072263774956118422e-08
8.500000000000000000e+01 6.628355218924709476e-08
8.600000000000000000e+01 6.415558091834966116e-08
8.700000000000000000e+01 6.332150659789792335e-08
8.800000000000000000e+01 6.075697601813980447e-08
8.900000000000000000e+01 6.454637016478390042e-08
9.000000000000000000e+01 5.905290550146755152e-08
9.100000000000000000e+01 6.105225261640920613e-08
9.200000000000000000e+01 6.102812545459063077e-08
9.300000000000000000e+01 5.582421985762113483e-08
9.400000000000000000e+01 5.556643056017982741e-08
9.500000000000000000e+01 5.562199478326369937e-08
9.600000000000000000e+01 5.810550305171372522e-08
9.700000000000000000e+01 6.059129936411158051e-08
9.800000000000000000e+01 5.308363610456426901e-08
9.900000000000000000e+01 5.172777283649823155e-08
1.000000000000000000e+02 5.216322423723513555e-08
1.010000000000000000e+02 5.536292083025051652e-08
1.020000000000000000e+02 5.116572681286914558e-08
1.030000000000000000e+02 4.975178901696597397e-08
1.040000000000000000e+02 4.806697765278522287e-08
1.050000000000000000e+02 4.820238399716690682e-08
1.060000000000000000e+02 4.786599838000225299e-08
1.070000000000000000e+02 4.752511294292904092e-08
1.080000000000000000e+02 5.279218329063711721e-08
1.090000000000000000e+02 5.150968932490696864e-08
1.100000000000000000e+02 4.697955666847681897e-08
1.110000000000000000e+02 4.730681719358279500e-08
1.120000000000000000e+02 5.090437035869105949e-08
1.130000000000000000e+02 4.794189619855716880e-08
1.140000000000000000e+02 4.296145227092074377e-08
1.150000000000000000e+02 4.365412337412600018e-08
1.160000000000000000e+02 4.491906225430818914e-08
1.170000000000000000e+02 4.354374305040201077e-08
1.180000000000000000e+02 4.351078246724545113e-08
1.190000000000000000e+02 4.161726065268427312e-08
1.200000000000000000e+02 4.271748156926237139e-08
1.210000000000000000e+02 4.073949036879935199e-08
1.220000000000000000e+02 4.225010584089197314e-08
1.230000000000000000e+02 4.078495765783260779e-08
1.240000000000000000e+02 4.086845041392247910e-08
1.250000000000000000e+02 3.939341887171406625e-08
1.260000000000000000e+02 4.177545891954235793e-08
1.270000000000000000e+02 4.032705898705119228e-08
1.280000000000000000e+02 3.811313075849325532e-08
1.290000000000000000e+02 4.078835017942852455e-08
1.300000000000000000e+02 5.726118489534569961e-08
1.310000000000000000e+02 5.980720391420063105e-08
1.320000000000000000e+02 4.676918320567851444e-08
1.330000000000000000e+02 3.714322797851028148e-08
1.340000000000000000e+02 3.687299091158727252e-08
1.350000000000000000e+02 3.786728644547272837e-08
1.360000000000000000e+02 4.378649753922010425e-08
1.370000000000000000e+02 3.747804818157270424e-08
1.380000000000000000e+02 3.640724600090280679e-08
1.390000000000000000e+02 3.745627249398646696e-08
1.400000000000000000e+02 3.888901509664928477e-08
1.410000000000000000e+02 4.242351807077333676e-08
1.420000000000000000e+02 3.439509842287952082e-08
1.430000000000000000e+02 3.236890065493988867e-08
1.440000000000000000e+02 3.514643742932298989e-08
1.450000000000000000e+02 3.309939507023473549e-08
1.460000000000000000e+02 3.478834118220206079e-08
