28, tensor([0.0045]), 7.82310962677002e-08, 522, 7.636845111846924e-08
43, tensor([0.0022]), 1.4528632164001465e-07, 522, 1.3224780559539795e-07
47, tensor([0.0016]), 1.1175870895385742e-07, 521, 8.940696716308594e-08
57, tensor([0.0027]), 1.0803341865539551e-07, 520, 9.033828973770142e-08
74, tensor([0.0049]), 1.043081283569336e-07, 521, 5.774199962615967e-08
92, tensor([0.0006]), 7.729977369308472e-08, 521, 5.029141902923584e-08
mean err: 0.0001645523152546957
28, tensor([0.0045]), 7.82310962677002e-08, 522, 7.636845111846924e-08
43, tensor([0.0022]), 1.4528632164001465e-07, 522, 1.3224780559539795e-07
47, tensor([0.0016]), 1.1175870895385742e-07, 521, 8.940696716308594e-08
57, tensor([0.0027]), 1.0803341865539551e-07, 520, 9.033828973770142e-08
74, tensor([0.0049]), 1.043081283569336e-07, 521, 5.774199962615967e-08
92, tensor([0.0006]), 7.729977369308472e-08, 521, 5.029141902923584e-08
mean err: 0.0001645523152546957
