3, tensor([0.0014]), 2.384185791015625e-07, 521
17, tensor([0.0009]), 1.1920928955078125e-07, 524
36, tensor([0.0024]), 1.4901161193847656e-07, 522
41, tensor([0.0018]), 1.7881393432617188e-07, 523
3, tensor([0.0014]), 2.384185791015625e-07, 521
17, tensor([0.0009]), 1.1920928955078125e-07, 524
36, tensor([0.0024]), 1.4901161193847656e-07, 522
41, tensor([0.0018]), 1.7881393432617188e-07, 523
3, tensor([0.0014]), 2.384185791015625e-07, 521
17, tensor([0.0009]), 1.1920928955078125e-07, 524
36, tensor([0.0024]), 1.4901161193847656e-07, 522
41, tensor([0.0018]), 1.7881393432617188e-07, 523
mean err: 6.564294744748622e-05
3, tensor([0.0014]), 2.384185791015625e-07, 521
3, tensor([0.0014]), 2.384185791015625e-07, 521
17, tensor([0.0009]), 1.1920928955078125e-07, 524
36, tensor([0.0024]), 1.4901161193847656e-07, 522
41, tensor([0.0018]), 1.7881393432617188e-07, 523
mean err: 6.564294744748622e-05
3, tensor([0.0014]), 2.384185791015625e-07, 521
17, tensor([0.0009]), 1.1920928955078125e-07, 524
3, tensor([0.0014]), 2.384185791015625e-07, 521
17, tensor([0.0009]), 1.1920928955078125e-07, 524
36, tensor([0.0024]), 1.4901161193847656e-07, 522
41, tensor([0.0018]), 1.7881393432617188e-07, 523
mean err: 6.564294744748622e-05
3, tensor([0.0014]), 2.384185791015625e-07, 521
17, tensor([0.0009]), 1.1920928955078125e-07, 524
36, tensor([0.0024]), 1.4901161193847656e-07, 522
41, tensor([0.0018]), 1.7881393432617188e-07, 523
mean err: 6.564294744748622e-05
3, tensor([0.0014]), 2.384185791015625e-07, 521
17, tensor([0.0009]), 1.1920928955078125e-07, 524
36, tensor([0.0024]), 1.4901161193847656e-07, 522
41, tensor([0.0018]), 1.7881393432617188e-07, 523
mean err: 6.564294744748622e-05
3, tensor([0.0014]), 2.384185791015625e-07, 521
17, tensor([0.0009]), 1.1920928955078125e-07, 524
36, tensor([0.0024]), 1.4901161193847656e-07, 522
41, tensor([0.0018]), 1.7881393432617188e-07, 523
mean err: 6.564294744748622e-05
3, tensor([0.0014]), 2.384185791015625e-07, 521
17, tensor([0.0009]), 1.1920928955078125e-07, 524
36, tensor([0.0024]), 1.4901161193847656e-07, 522
41, tensor([0.0018]), 1.7881393432617188e-07, 523
mean err: 6.564294744748622e-05
3, tensor([0.0014]), 2.384185791015625e-07, 521
mean err: 1.4471644135483075e-05
