0.000000000000000000e+00 1.343153896167499997e-04
1.000000000000000000e+00 9.172114475942695069e-05
2.000000000000000000e+00 5.834504399565244918e-05
3.000000000000000000e+00 3.884643886403487572e-05
4.000000000000000000e+00 3.097677606121204783e-05
5.000000000000000000e+00 2.505592612270262886e-05
6.000000000000000000e+00 2.186187773605300180e-05
7.000000000000000000e+00 2.426665040344530881e-05
8.000000000000000000e+00 1.577610288572932736e-05
9.000000000000000000e+00 1.508154938979030022e-05
1.000000000000000000e+01 1.632469099581506275e-05
1.100000000000000000e+01 1.447609206696660097e-05
1.200000000000000000e+01 1.155548342255752720e-05
1.300000000000000000e+01 1.265396807476833206e-05
1.400000000000000000e+01 1.102313977577916479e-05
1.500000000000000000e+01 9.828638902956393468e-06
1.600000000000000000e+01 1.008105536471024496e-05
1.700000000000000000e+01 1.102552848803075973e-05
1.800000000000000000e+01 1.073699570791916168e-05
1.900000000000000000e+01 9.153184564244863886e-06
2.000000000000000000e+01 7.675707675627321962e-06
2.100000000000000000e+01 9.230741147701807304e-06
2.200000000000000000e+01 1.049575001416547942e-05
2.300000000000000000e+01 8.422289578534716565e-06
2.400000000000000000e+01 1.165461947229434532e-05
2.500000000000000000e+01 1.134917719758249173e-05
2.600000000000000000e+01 1.341348799700860327e-05
2.700000000000000000e+01 7.874533420810925894e-06
2.800000000000000000e+01 8.725552853556507333e-06
2.900000000000000000e+01 7.447425166930917233e-06
3.000000000000000000e+01 8.618324453075539043e-06
3.100000000000000000e+01 1.055479606591767947e-05
3.200000000000000000e+01 1.019943586760958834e-05
3.300000000000000000e+01 7.459899677169906262e-06
3.400000000000000000e+01 7.738911824190892682e-06
3.500000000000000000e+01 9.936383331003295012e-06
3.600000000000000000e+01 8.832794615666830925e-06
3.700000000000000000e+01 8.139150295728651350e-06
3.800000000000000000e+01 6.349747023121592809e-06
3.900000000000000000e+01 8.919565436403809926e-06
4.000000000000000000e+01 7.102990630052440347e-06
4.100000000000000000e+01 6.952500504418072653e-06
4.200000000000000000e+01 6.509642168914592268e-06
4.300000000000000000e+01 6.932924534084716418e-06
4.400000000000000000e+01 6.766162643459673582e-06
4.500000000000000000e+01 7.586642931990535055e-06
4.600000000000000000e+01 9.328656212681017156e-06
4.700000000000000000e+01 7.823012300375861171e-06
4.800000000000000000e+01 6.933797494282480424e-06
4.900000000000000000e+01 6.666198097184531205e-06
5.000000000000000000e+01 5.386858381633599862e-06
5.100000000000000000e+01 6.223497293519204968e-06
5.200000000000000000e+01 7.248270287159891043e-06
5.300000000000000000e+01 7.995464392222681937e-06
5.400000000000000000e+01 7.460924471269358536e-06
5.500000000000000000e+01 6.532953034787370122e-06
5.600000000000000000e+01 6.507436731632582088e-06
5.700000000000000000e+01 5.902385947747430736e-06
5.800000000000000000e+01 6.693747598415966912e-06
5.900000000000000000e+01 8.632619050480974543e-06
6.000000000000000000e+01 6.281832848860090255e-06
6.100000000000000000e+01 5.173601336493694510e-06
6.200000000000000000e+01 7.100095678150013554e-06
6.300000000000000000e+01 6.931496005121295386e-06
6.400000000000000000e+01 6.757511610176352758e-06
6.500000000000000000e+01 6.883668696525842076e-06
6.600000000000000000e+01 5.715149761130098451e-06
6.700000000000000000e+01 5.389347824723119712e-06
6.800000000000000000e+01 6.074543184225824893e-06
6.900000000000000000e+01 5.956990556461210220e-06
7.000000000000000000e+01 5.702803961524349103e-06
7.100000000000000000e+01 5.507063628976576425e-06
7.200000000000000000e+01 5.434482747305141509e-06
7.300000000000000000e+01 5.661162976320057812e-06
7.400000000000000000e+01 4.604786050463164763e-06
7.500000000000000000e+01 7.143150850702404476e-06
7.600000000000000000e+01 6.383682483990807955e-06
7.700000000000000000e+01 5.712762488357795236e-06
7.800000000000000000e+01 6.434279940200463935e-06
7.900000000000000000e+01 5.101030591500074339e-06
8.000000000000000000e+01 5.333258442419467715e-06
8.100000000000000000e+01 6.471428410412788725e-06
8.200000000000000000e+01 5.962992064076398485e-06
8.300000000000000000e+01 6.655197882429604924e-06
8.400000000000000000e+01 5.910294111616118534e-06
8.500000000000000000e+01 4.725186060585745229e-06
8.600000000000000000e+01 4.066074855996382507e-06
8.700000000000000000e+01 5.574415065208265346e-06
8.800000000000000000e+01 6.298103757852945097e-06
8.900000000000000000e+01 6.153327398972217311e-06
9.000000000000000000e+01 6.703371346458434649e-06
9.100000000000000000e+01 4.744262198254656147e-06
9.200000000000000000e+01 4.322833766270952519e-06
9.300000000000000000e+01 5.894887004567866940e-06
9.400000000000000000e+01 6.884100391680901958e-06
9.500000000000000000e+01 5.158039729396746857e-06
9.600000000000000000e+01 5.049143616901726184e-06
9.700000000000000000e+01 4.689023677470869573e-06
9.800000000000000000e+01 5.600842217553011671e-06
9.900000000000000000e+01 5.799384225901794224e-06
1.000000000000000000e+02 5.085695598759893359e-06
1.010000000000000000e+02 4.748747027863019395e-06
1.020000000000000000e+02 4.842151704860683014e-06
1.030000000000000000e+02 4.839026459670928140e-06
1.040000000000000000e+02 4.599379042885630923e-06
1.050000000000000000e+02 4.279164926419024313e-06
1.060000000000000000e+02 5.677174295755974440e-06
1.070000000000000000e+02 5.788369598580531362e-06
1.080000000000000000e+02 4.689829029939264386e-06
1.090000000000000000e+02 4.512662058001019210e-06
1.100000000000000000e+02 4.477636979361116944e-06
1.110000000000000000e+02 6.940972416302325551e-06
1.120000000000000000e+02 4.986337568191542022e-06
1.130000000000000000e+02 4.871214368895967388e-06
1.140000000000000000e+02 3.867954732110449466e-06
1.150000000000000000e+02 4.103176565252536480e-06
1.160000000000000000e+02 6.211369948015708420e-06
1.170000000000000000e+02 6.617679929676895060e-06
1.180000000000000000e+02 4.570317370588838889e-06
1.190000000000000000e+02 5.467018817616348915e-06
1.200000000000000000e+02 5.802849605560026846e-06
1.210000000000000000e+02 4.277216883781446171e-06
1.220000000000000000e+02 5.360200102546593426e-06
1.230000000000000000e+02 5.005898904794991296e-06
1.240000000000000000e+02 4.828640694662100503e-06
1.250000000000000000e+02 5.386390147629735694e-06
1.260000000000000000e+02 3.685430525594645067e-06
1.270000000000000000e+02 3.981656274367292885e-06
1.280000000000000000e+02 4.853126945383498379e-06
1.290000000000000000e+02 4.201354659759897904e-06
1.300000000000000000e+02 6.331866172416115097e-06
1.310000000000000000e+02 6.345602728395750324e-06
1.320000000000000000e+02 3.672286224572516746e-06
1.330000000000000000e+02 4.701384649546468499e-06
1.340000000000000000e+02 4.037584292629888725e-06
1.350000000000000000e+02 4.985766847192148041e-06
1.360000000000000000e+02 4.157679686848613746e-06
1.370000000000000000e+02 4.426846661364472642e-06
1.380000000000000000e+02 3.624915972727875035e-06
1.390000000000000000e+02 3.955993464374806906e-06
1.400000000000000000e+02 4.781589425397406004e-06
1.410000000000000000e+02 3.553757242439164005e-06
1.420000000000000000e+02 3.597375446692935777e-06
1.430000000000000000e+02 4.746747180039958202e-06
1.440000000000000000e+02 3.972645811485199251e-06
1.450000000000000000e+02 3.894257205194982548e-06
1.460000000000000000e+02 3.252197296117529530e-06
1.470000000000000000e+02 4.858063444161181131e-06
1.480000000000000000e+02 4.259977982049402183e-06
1.490000000000000000e+02 3.474408800050994648e-06
1.500000000000000000e+02 4.082149245597104940e-06
1.510000000000000000e+02 4.451191170921201474e-06
1.520000000000000000e+02 4.149584031376536885e-06
1.530000000000000000e+02 3.462924924262637504e-06
1.540000000000000000e+02 4.573076015052440890e-06
1.550000000000000000e+02 3.699624189135328852e-06
1.560000000000000000e+02 4.647923663221101829e-06
1.570000000000000000e+02 3.364757656233303455e-06
1.580000000000000000e+02 4.022209049218905826e-06
1.590000000000000000e+02 4.412771281885921741e-06
1.600000000000000000e+02 3.167607029378581319e-06
1.610000000000000000e+02 4.799805879857572602e-06
1.620000000000000000e+02 3.913782685942794564e-06
1.630000000000000000e+02 3.429261509175554313e-06
1.640000000000000000e+02 3.417578023822364922e-06
1.650000000000000000e+02 3.535584157042581296e-06
1.660000000000000000e+02 3.594129446094792211e-06
1.670000000000000000e+02 3.596810684065221350e-06
1.680000000000000000e+02 3.810031632792619043e-06
1.690000000000000000e+02 3.535512319114231049e-06
1.700000000000000000e+02 3.850486836962254755e-06
1.710000000000000000e+02 3.431747391552134794e-06
1.720000000000000000e+02 4.174899650935395255e-06
1.730000000000000000e+02 3.798179569043417439e-06
1.740000000000000000e+02 3.199841505776778286e-06
1.750000000000000000e+02 3.720021970015234980e-06
1.760000000000000000e+02 3.652586280217223476e-06
1.770000000000000000e+02 4.786570012562730683e-06
1.780000000000000000e+02 4.041994688216539537e-06
1.790000000000000000e+02 3.414999723279916723e-06
1.800000000000000000e+02 3.392067755477772026e-06
1.810000000000000000e+02 3.301439526439222876e-06
1.820000000000000000e+02 4.214612846199431015e-06
1.830000000000000000e+02 2.994348745063144158e-06
1.840000000000000000e+02 3.245587857572460225e-06
1.850000000000000000e+02 4.189513475367224508e-06
1.860000000000000000e+02 3.319779658590419309e-06
1.870000000000000000e+02 3.556842630074337553e-06
1.880000000000000000e+02 3.299011905701305138e-06
1.890000000000000000e+02 2.722438366453591669e-06
1.900000000000000000e+02 2.950887042592805953e-06
1.910000000000000000e+02 3.201441601606488286e-06
1.920000000000000000e+02 3.586123377993309027e-06
1.930000000000000000e+02 3.062634582669981879e-06
1.940000000000000000e+02 3.961215394269039705e-06
1.950000000000000000e+02 3.972308737955658885e-06
1.960000000000000000e+02 3.331516607963681656e-06
1.970000000000000000e+02 2.776260214141024939e-06
1.980000000000000000e+02 2.816571728527187585e-06
1.990000000000000000e+02 3.876371564258465788e-06
2.000000000000000000e+02 3.312314057663894357e-06
2.010000000000000000e+02 3.239728563671186831e-06
2.020000000000000000e+02 3.371341747688521051e-06
2.030000000000000000e+02 3.300134571483315844e-06
2.040000000000000000e+02 3.206549581096063163e-06
2.050000000000000000e+02 3.697818639231018013e-06
2.060000000000000000e+02 3.224835060209102938e-06
2.070000000000000000e+02 3.641171595377135863e-06
2.080000000000000000e+02 3.274267064981161985e-06
2.090000000000000000e+02 3.536962941849289770e-06
2.100000000000000000e+02 3.511348411941604718e-06
2.110000000000000000e+02 3.235942930026616202e-06
2.120000000000000000e+02 3.404850105450074301e-06
2.130000000000000000e+02 4.245075882568371591e-06
2.140000000000000000e+02 2.815692472944381388e-06
2.150000000000000000e+02 2.610574670035115719e-06
2.160000000000000000e+02 2.697599719132204216e-06
2.170000000000000000e+02 2.628668422001491982e-06
2.180000000000000000e+02 3.206345585142531280e-06
2.190000000000000000e+02 3.059263207343785394e-06
2.200000000000000000e+02 4.228875288739816794e-06
2.210000000000000000e+02 2.774563316689443310e-06
2.220000000000000000e+02 2.866181330959586275e-06
2.230000000000000000e+02 2.802771648470413875e-06
2.240000000000000000e+02 2.499076907681996742e-06
2.250000000000000000e+02 2.586357378189993405e-06
2.260000000000000000e+02 3.110202201441254330e-06
2.270000000000000000e+02 2.469793600628405404e-06
2.280000000000000000e+02 2.885736306814681316e-06
2.290000000000000000e+02 2.891221689244902805e-06
2.300000000000000000e+02 3.072358434035593384e-06
2.310000000000000000e+02 2.848116376754225663e-06
2.320000000000000000e+02 2.771097127336929681e-06
2.330000000000000000e+02 3.106517070792893684e-06
2.340000000000000000e+02 2.678053294838877727e-06
2.350000000000000000e+02 2.625300608354530899e-06
2.360000000000000000e+02 2.401925949530344518e-06
2.370000000000000000e+02 2.720914532582229966e-06
2.380000000000000000e+02 2.800259289484455542e-06
2.390000000000000000e+02 2.454872371274491015e-06
2.400000000000000000e+02 2.909227046768458032e-06
2.410000000000000000e+02 2.895033613677556564e-06
2.420000000000000000e+02 2.827797578855976085e-06
2.430000000000000000e+02 2.924480696392614570e-06
2.440000000000000000e+02 3.132052288808635441e-06
2.450000000000000000e+02 2.461241043487941542e-06
2.460000000000000000e+02 3.154667326933081654e-06
2.470000000000000000e+02 2.195694981446496377e-06
2.480000000000000000e+02 2.407466174798295243e-06
2.490000000000000000e+02 2.822859078651355741e-06
2.500000000000000000e+02 2.398146965115991387e-06
2.510000000000000000e+02 2.180507308871832336e-06
2.520000000000000000e+02 2.659238727562289133e-06
2.530000000000000000e+02 2.708936228752327608e-06
2.540000000000000000e+02 2.474819966392594488e-06
2.550000000000000000e+02 2.782349067736850299e-06
2.560000000000000000e+02 2.696496843490438874e-06
2.570000000000000000e+02 2.327720214403871262e-06
2.580000000000000000e+02 2.777330625543894777e-06
2.590000000000000000e+02 2.165058609657192451e-06
2.600000000000000000e+02 3.467807771774135163e-06
2.610000000000000000e+02 2.649181528354342568e-06
2.620000000000000000e+02 2.152441970742802494e-06
2.630000000000000000e+02 2.184100637522602451e-06
2.640000000000000000e+02 2.288584737293101353e-06
2.650000000000000000e+02 2.180994134519221520e-06
2.660000000000000000e+02 2.287769772430399858e-06
2.670000000000000000e+02 2.229941698886779850e-06
2.680000000000000000e+02 2.759074300148943044e-06
2.690000000000000000e+02 2.286767417687844681e-06
2.700000000000000000e+02 2.220365994909916299e-06
2.710000000000000000e+02 2.802032235566110406e-06
2.720000000000000000e+02 2.357645488257106193e-06
2.730000000000000000e+02 2.158242331064397235e-06
2.740000000000000000e+02 2.216912737746992684e-06
2.750000000000000000e+02 2.111433701780608604e-06
2.760000000000000000e+02 2.397138440948138177e-06
2.770000000000000000e+02 2.015655944362888703e-06
2.780000000000000000e+02 2.303102142452121581e-06
2.790000000000000000e+02 2.701432080276290704e-06
2.800000000000000000e+02 2.600792218881464078e-06
2.810000000000000000e+02 2.170295343146319376e-06
2.820000000000000000e+02 2.932835979896485134e-06
2.830000000000000000e+02 2.490549842620325724e-06
2.840000000000000000e+02 2.152148463297183463e-06
2.850000000000000000e+02 2.131425344801252583e-06
2.860000000000000000e+02 2.046301452595907133e-06
2.870000000000000000e+02 2.889364717892638516e-06
2.880000000000000000e+02 3.012870825489474433e-06
2.890000000000000000e+02 2.576510832366971659e-06
2.900000000000000000e+02 2.463263506474236974e-06
2.910000000000000000e+02 2.331131578090854021e-06
2.920000000000000000e+02 1.967958230327716557e-06
2.930000000000000000e+02 2.120289925944829712e-06
2.940000000000000000e+02 2.037244644801437066e-06
2.950000000000000000e+02 2.714437236684047481e-06
2.960000000000000000e+02 2.861543497163436456e-06
2.970000000000000000e+02 2.784343491246987258e-06
2.980000000000000000e+02 2.394896326661280049e-06
2.990000000000000000e+02 2.384954863783064903e-06
3.000000000000000000e+02 2.694576732423344403e-06
3.010000000000000000e+02 2.259623641438743617e-06
3.020000000000000000e+02 1.830277645995131770e-06
3.030000000000000000e+02 2.160841436745476754e-06
3.040000000000000000e+02 2.056299879198785710e-06
3.050000000000000000e+02 2.079980589251115398e-06
3.060000000000000000e+02 2.125953807392532320e-06
3.070000000000000000e+02 1.993014752195631110e-06
3.080000000000000000e+02 2.112209057140929348e-06
3.090000000000000000e+02 2.363163268739200401e-06
3.100000000000000000e+02 2.193015304084114651e-06
3.110000000000000000e+02 2.045489000993478227e-06
3.120000000000000000e+02 2.133106296214952747e-06
3.130000000000000000e+02 2.078550478850441859e-06
3.140000000000000000e+02 2.085333393536105442e-06
3.150000000000000000e+02 2.237373258920547932e-06
3.160000000000000000e+02 2.236202421868847931e-06
3.170000000000000000e+02 2.335556690388561483e-06
3.180000000000000000e+02 2.097259492583841002e-06
3.190000000000000000e+02 2.322455709490226622e-06
3.200000000000000000e+02 2.097102595482303943e-06
3.210000000000000000e+02 2.305315512962343484e-06
3.220000000000000000e+02 2.380431537019183237e-06
3.230000000000000000e+02 2.449572394509075099e-06
3.240000000000000000e+02 2.166578869409138978e-06
3.250000000000000000e+02 1.934808849618047231e-06
3.260000000000000000e+02 2.038199829331101303e-06
3.270000000000000000e+02 1.980014911205325531e-06
3.280000000000000000e+02 2.276050094588330159e-06
