0, 3.1963e-01, 3.5016e-01, fsolve flag:4, 8.0724e-04, 1568
1, 8.7197e-03, 6.9159e-05, fsolve flag:1, 3.4645e-07, 535
2, 3.9905e-02, 3.2028e-01, fsolve flag:1, 4.7745e-07, 1320
3, 4.8387e-02, 5.5482e-04, fsolve flag:5, 2.5425e-07, 790
4, 1.1606e-01, 3.2619e-01, fsolve flag:1, 3.8079e-07, 802
5, 3.1850e-01, 3.3560e-01, fsolve flag:4, 5.3190e-03, 1572
6, 6.3915e-01, 3.4925e-01, fsolve flag:5, 4.0245e-07, 806
7, 1.0348e-01, 3.2658e-01, fsolve flag:5, 4.2142e-07, 1315
8, 2.9876e-02, 2.9423e-01, fsolve flag:4, 1.2004e-03, 2090
9, 1.0226e-01, 1.3998e-03, fsolve flag:1, 1.3877e-07, 1049
10, 2.5900e-02, 2.8126e-01, fsolve flag:1, 4.8801e-07, 1058
11, 5.9662e-02, 2.9828e-01, fsolve flag:1, 3.6089e-07, 1061
12, 7.9606e-03, 5.0291e-05, fsolve flag:1, 1.6857e-07, 1051
13, 2.0757e-01, 4.5752e-03, fsolve flag:4, 5.0339e-04, 1837
14, 2.5378e-01, 3.4883e-01, fsolve flag:1, 3.4901e-07, 1058
15, 2.9668e-01, 1.0005e-02, fsolve flag:1, 2.3097e-07, 809
16, 5.0503e-02, 3.2410e-01, fsolve flag:4, 1.6770e-03, 1573
17, 2.4230e-01, 3.4937e-01, fsolve flag:5, 4.2981e-07, 1057
18, 5.0080e-02, 3.1467e-01, fsolve flag:4, 4.7870e-07, 2095
19, 4.4575e-01, 3.5075e-01, fsolve flag:4, 4.8034e-03, 2100
20, 1.2115e-02, 2.5134e-01, fsolve flag:1, 4.5728e-07, 1060
21, 1.4368e-01, 3.5144e-03, fsolve flag:1, 1.3039e-07, 1575
22, 1.9885e-01, 3.3093e-01, fsolve flag:1, 4.2689e-07, 1319
23, 1.3483e-01, 3.4109e-01, fsolve flag:1, 4.2203e-07, 1576
24, 1.7509e-02, 1.2652e-04, fsolve flag:1, 1.7323e-07, 1050
25, 1.2785e-01, 3.2431e-01, fsolve flag:4, 8.9018e-03, 1574
26, 2.6942e-01, 9.5180e-03, fsolve flag:1, 1.6764e-07, 1065
27, 2.2737e-01, 3.4459e-01, fsolve flag:4, 4.5565e-07, 2350
28, 1.0470e-01, 1.3224e-03, fsolve flag:5, 1.5460e-07, 808
29, 1.7816e-02, 2.9195e-01, fsolve flag:5, 2.4477e-04, 1315
30, 1.7400e-01, 5.7386e-03, fsolve flag:1, 9.0135e-08, 1580
31, 1.0505e-01, 3.1541e-01, fsolve flag:4, 1.2595e-02, 1829
32, 2.2361e-01, 1.1393e-02, fsolve flag:5, 1.0431e-07, 811
33, 1.0929e-01, 2.1234e-03, fsolve flag:1, 1.2945e-07, 1320
34, 7.2281e-03, 3.7875e-05, fsolve flag:5, 3.1292e-07, 1050
35, 1.7338e-02, 2.9371e-01, fsolve flag:5, 9.0906e-03, 1053
36, 3.8634e-01, 3.4203e-01, fsolve flag:5, 5.1549e-07, 1061
37, 1.4377e-01, 3.9153e-03, fsolve flag:1, 1.9744e-07, 1323
38, 7.0997e-01, 1.4745e-01, fsolve flag:5, 2.6450e-07, 821
39, 1.9156e-02, 3.1090e-01, fsolve flag:5, 1.6709e-03, 1320
40, 6.7827e-03, 9.2250e-05, fsolve flag:1, 2.2724e-07, 534
41, 1.5405e-02, 1.1664e-04, fsolve flag:1, 2.1281e-07, 1566
42, 1.5319e-02, 2.7365e-01, fsolve flag:4, 7.4799e-06, 1577
43, 1.1605e-02, 7.4569e-05, fsolve flag:1, 1.8068e-07, 792
44, 1.6003e-02, 1.4915e-01, fsolve flag:4, 4.1483e-03, 1319
45, 2.5127e-01, 3.4181e-01, fsolve flag:4, 2.5254e-03, 1575
46, 1.9934e-01, 3.3391e-01, fsolve flag:4, 1.0096e-03, 1828
47, 1.8218e-01, 6.5280e-03, fsolve flag:5, 4.3470e-04, 2362
48, 5.8899e-03, 4.5245e-05, fsolve flag:1, 2.2911e-07, 790
49, 1.6391e-01, 3.1812e-01, fsolve flag:5, 7.9214e-03, 1052
50, 1.6369e-01, 3.3218e-01, fsolve flag:5, 4.4389e-07, 1059
51, 1.5264e-02, 1.2826e-04, fsolve flag:1, 1.7136e-07, 1049
52, 5.4232e-02, 3.2329e-01, fsolve flag:1, 4.5483e-07, 1319
53, 3.0761e-01, 3.4265e-01, fsolve flag:5, 2.6575e-02, 527
54, 2.1179e-02, 2.8814e-01, fsolve flag:1, 4.4960e-07, 1577
55, 9.1430e-02, 1.4937e-03, fsolve flag:4, 2.2957e-07, 1303
56, 3.4513e-02, 2.8175e-01, fsolve flag:1, 5.1231e-07, 1320
57, 2.4549e-01, 3.4968e-01, fsolve flag:5, 4.8382e-07, 539
58, 9.2675e-02, 1.1613e-03, fsolve flag:1, 1.8999e-07, 791
59, 2.3997e-01, 1.1337e-02, fsolve flag:1, 1.1362e-07, 1597
60, 6.8944e-03, 6.8063e-05, fsolve flag:5, 1.9372e-07, 531
61, 1.5598e-01, 3.4148e-03, fsolve flag:5, 4.1468e-03, 2626
62, 4.4281e-02, 2.8734e-01, fsolve flag:1, 4.7218e-07, 1060
63, 4.3459e-02, 4.6992e-04, fsolve flag:4, 2.7195e-07, 1304
64, 4.0050e-02, 3.2117e-01, fsolve flag:1, 4.0294e-07, 805
65, 1.2299e-01, 3.3562e-01, fsolve flag:5, 1.3067e-03, 1324
66, 2.0947e-01, 5.4894e-03, fsolve flag:5, 1.6764e-07, 806
67, 3.0252e-02, 3.1838e-01, fsolve flag:1, 3.7358e-07, 1056
68, 3.6084e-01, 3.7027e-02, fsolve flag:1, 1.3039e-07, 1581
69, 3.6241e-01, 3.5051e-01, fsolve flag:1, 4.2090e-07, 1064
70, 1.4472e-02, 3.1378e-01, fsolve flag:1, 4.5355e-07, 1319
71, 3.2261e-02, 2.0304e-04, fsolve flag:5, 2.8498e-07, 1050
72, 4.7202e-02, 2.9136e-01, fsolve flag:1, 4.9686e-07, 1323
73, 3.9006e-01, 1.7310e-02, fsolve flag:1, 1.7509e-07, 1063
74, 2.1503e-02, 1.9941e-04, fsolve flag:1, 1.4715e-07, 533
75, 2.1335e-01, 3.3408e-01, fsolve flag:1, 4.0443e-07, 1579
76, 3.3833e-02, 2.6559e-01, fsolve flag:4, 4.9360e-07, 2092
77, 1.3721e-01, 1.5781e-03, fsolve flag:5, 9.9013e-03, 1832
78, 2.6086e-02, 1.6485e-04, fsolve flag:1, 1.7416e-07, 1307
79, 6.1569e-01, 3.4899e-01, fsolve flag:4, 1.6268e-03, 1580
80, 7.8385e-03, 6.0045e-05, fsolve flag:1, 2.0117e-07, 1049
81, 6.2996e-02, 8.6905e-04, fsolve flag:5, 1.5274e-07, 790
82, 3.5569e-01, 3.6239e-02, fsolve flag:5, 1.0803e-07, 812
83, 6.1536e-02, 7.1407e-04, fsolve flag:5, 2.5518e-07, 535
84, 2.9818e-02, 3.2238e-01, fsolve flag:1, 3.9162e-07, 1060
85, 3.0171e-01, 1.4901e-02, fsolve flag:1, 1.2666e-07, 1064
86, 3.2167e-02, 3.3874e-04, fsolve flag:1, 1.6420e-07, 792
87, 3.7878e-02, 3.1656e-04, fsolve flag:1, 1.8859e-07, 794
88, 1.6614e-01, 3.2681e-01, fsolve flag:1, 3.3376e-07, 1834
89, 1.9865e-01, 6.7485e-03, fsolve flag:5, 8.3711e-03, 1839
90, 1.6195e-02, 2.8940e-04, fsolve flag:1, 1.7695e-07, 1052
91, 1.0721e-01, 3.1078e-01, fsolve flag:4, 4.3158e-03, 1572
92, 7.8212e-03, 5.0235e-05, fsolve flag:1, 2.7195e-07, 534
93, 1.3307e-01, 5.8867e-03, fsolve flag:1, 9.9652e-08, 1327
94, 3.7049e-02, 2.6356e-01, fsolve flag:5, 1.9357e-04, 1053
95, 4.6050e-01, 3.5100e-01, fsolve flag:4, 1.9387e-03, 1586
96, 2.3917e-02, 2.5205e-04, fsolve flag:1, 2.1979e-07, 1307
97, 2.4095e-01, 3.4154e-01, fsolve flag:1, 4.7003e-07, 1060
98, 6.8253e-02, 2.7516e-01, fsolve flag:4, 3.1897e-03, 2095
99, 1.4480e-01, 3.1056e-01, fsolve flag:5, 3.6974e-07, 1319
mean err: 1.7074e-01
