0.000000000000000000e+00 3.864359176158905229e-01
1.000000000000000000e+00 2.476605327924092659e-01
2.000000000000000000e+00 2.472941184043884189e-01
3.000000000000000000e+00 2.475142443180084195e-01
4.000000000000000000e+00 2.509775873025258397e-01
5.000000000000000000e+00 2.484090145428975438e-01
6.000000000000000000e+00 2.473578242460886534e-01
7.000000000000000000e+00 2.526239037513732799e-01
8.000000000000000000e+00 2.469920603434244688e-01
9.000000000000000000e+00 2.461926317214965798e-01
1.000000000000000000e+01 2.470356508096059056e-01
1.100000000000000000e+01 2.467729870478312104e-01
1.200000000000000000e+01 2.481019421418508009e-01
1.300000000000000000e+01 2.456560361385345392e-01
1.400000000000000000e+01 2.465282217661539654e-01
1.500000000000000000e+01 2.463412582874298096e-01
1.600000000000000000e+01 2.475974957148233957e-01
1.700000000000000000e+01 2.470899879932403620e-01
1.800000000000000000e+01 2.468661022186279252e-01
1.900000000000000000e+01 2.467031725247701146e-01
2.000000000000000000e+01 2.487246763706207342e-01
2.100000000000000000e+01 2.455122633775075336e-01
2.200000000000000000e+01 2.461252073446909550e-01
2.300000000000000000e+01 2.466293501853942804e-01
2.400000000000000000e+01 2.469941242535909076e-01
2.500000000000000000e+01 2.471350395679473844e-01
2.600000000000000000e+01 2.461097892125447550e-01
2.700000000000000000e+01 2.480037105083465476e-01
2.800000000000000000e+01 2.474811708927154574e-01
2.900000000000000000e+01 2.544260406494140425e-01
3.000000000000000000e+01 2.552502997716267763e-01
3.100000000000000000e+01 2.470084301630655899e-01
3.200000000000000000e+01 2.458796513080596935e-01
3.300000000000000000e+01 2.464311250050862656e-01
3.400000000000000000e+01 2.463301356633504358e-01
3.500000000000000000e+01 2.458762955665588501e-01
3.600000000000000000e+01 2.459367259343465117e-01
3.700000000000000000e+01 2.459611451625823841e-01
3.800000000000000000e+01 2.462906340758005685e-01
3.900000000000000000e+01 2.468079976240793727e-01
4.000000000000000000e+01 2.456033658981323364e-01
4.100000000000000000e+01 2.458013868331909157e-01
4.200000000000000000e+01 2.456203552087148079e-01
4.300000000000000000e+01 2.460410475730895885e-01
4.400000000000000000e+01 2.459177704652150409e-01
4.500000000000000000e+01 2.455601135889689257e-01
4.600000000000000000e+01 2.455758416652679410e-01
4.700000000000000000e+01 2.480499649047851474e-01
4.800000000000000000e+01 2.464690856138865016e-01
4.900000000000000000e+01 2.458244733015696182e-01
5.000000000000000000e+01 2.459995086987813440e-01
5.100000000000000000e+01 2.473523914813995361e-01
5.200000000000000000e+01 2.466318464279174671e-01
5.300000000000000000e+01 2.465363844235738122e-01
5.400000000000000000e+01 2.460506316026051798e-01
5.500000000000000000e+01 2.461166540781656864e-01
5.600000000000000000e+01 2.461052596569061335e-01
5.700000000000000000e+01 2.457582092285156283e-01
5.800000000000000000e+01 2.470146791140238329e-01
5.900000000000000000e+01 2.465680027008056718e-01
6.000000000000000000e+01 2.457224901517232329e-01
6.100000000000000000e+01 2.463220214843749867e-01
6.200000000000000000e+01 2.465382448832194040e-01
6.300000000000000000e+01 2.469277850786844863e-01
6.400000000000000000e+01 2.461905880769093835e-01
6.500000000000000000e+01 2.456687235832214489e-01
6.600000000000000000e+01 2.452636337280273415e-01
6.700000000000000000e+01 2.462326327959696581e-01
6.800000000000000000e+01 2.463047977288564117e-01
6.900000000000000000e+01 2.465076593557993523e-01
7.000000000000000000e+01 2.459261329968770449e-01
7.100000000000000000e+01 2.454660908381144091e-01
7.200000000000000000e+01 2.456638292471567675e-01
7.300000000000000000e+01 2.453452722231546923e-01
7.400000000000000000e+01 2.455026745796203558e-01
7.500000000000000000e+01 2.452577447891235440e-01
7.600000000000000000e+01 2.457000768184661732e-01
7.700000000000000000e+01 2.471681912740071596e-01
7.800000000000000000e+01 2.458145181337992313e-01
7.900000000000000000e+01 2.458644445737203088e-01
8.000000000000000000e+01 2.461263346672058205e-01
8.100000000000000000e+01 2.450334616502126139e-01
8.200000000000000000e+01 2.455590828259786029e-01
8.300000000000000000e+01 2.455601986249287827e-01
8.400000000000000000e+01 2.460181272029876576e-01
8.500000000000000000e+01 2.461232300599416056e-01
8.600000000000000000e+01 2.464428802331288526e-01
8.700000000000000000e+01 2.455084121227264493e-01
8.800000000000000000e+01 2.473059860865275128e-01
8.900000000000000000e+01 2.460645103454589810e-01
9.000000000000000000e+01 2.462073421478271351e-01
9.100000000000000000e+01 2.455413742860158288e-01
9.200000000000000000e+01 2.454283436139424734e-01
9.300000000000000000e+01 2.459620471795400110e-01
9.400000000000000000e+01 2.452684915065765359e-01
9.500000000000000000e+01 2.451305170853932680e-01
9.600000000000000000e+01 2.461658898989359523e-01
9.700000000000000000e+01 2.463307881355285556e-01
9.800000000000000000e+01 2.457205601533254125e-01
9.900000000000000000e+01 2.455610926946004136e-01
1.000000000000000000e+02 2.452793196837107226e-01
1.010000000000000000e+02 2.452368764082590857e-01
1.020000000000000000e+02 2.453915437062581251e-01
1.030000000000000000e+02 2.456442737579345725e-01
1.040000000000000000e+02 2.475561833381652865e-01
1.050000000000000000e+02 2.457227357228597142e-01
1.060000000000000000e+02 2.454805497328440278e-01
1.070000000000000000e+02 2.450638099511464330e-01
1.080000000000000000e+02 2.449603203932444184e-01
1.090000000000000000e+02 2.453893172740936324e-01
1.100000000000000000e+02 2.461355400085449285e-01
1.110000000000000000e+02 2.455978457132975135e-01
1.120000000000000000e+02 2.455440199375152621e-01
1.130000000000000000e+02 2.453232669830322232e-01
1.140000000000000000e+02 2.452436999479929713e-01
1.150000000000000000e+02 2.451949004332224513e-01
1.160000000000000000e+02 2.451039389769236188e-01
1.170000000000000000e+02 2.455992742379506377e-01
1.180000000000000000e+02 2.453618852297465014e-01
1.190000000000000000e+02 2.452438759803771962e-01
1.200000000000000000e+02 2.449988345305124937e-01
1.210000000000000000e+02 2.455695366859436124e-01
1.220000000000000000e+02 2.452696585655212425e-01
1.230000000000000000e+02 2.449804015954335501e-01
1.240000000000000000e+02 2.455660859743754032e-01
1.250000000000000000e+02 2.452962319056193052e-01
1.260000000000000000e+02 2.456755777200063107e-01
1.270000000000000000e+02 2.461082637310028076e-01
1.280000000000000000e+02 2.451621544361114458e-01
1.290000000000000000e+02 2.453512732187906886e-01
1.300000000000000000e+02 2.451991009712219116e-01
1.310000000000000000e+02 2.456406303246816136e-01
1.320000000000000000e+02 2.449471799532572380e-01
1.330000000000000000e+02 2.450708341598510642e-01
1.340000000000000000e+02 2.448823396364847860e-01
1.350000000000000000e+02 2.450831107298533096e-01
1.360000000000000000e+02 2.458035043875376469e-01
1.370000000000000000e+02 2.450465508302052953e-01
1.380000000000000000e+02 2.448997290929158521e-01
1.390000000000000000e+02 2.450614035129547175e-01
1.400000000000000000e+02 2.454389051596323756e-01
1.410000000000000000e+02 2.451638682683308923e-01
1.420000000000000000e+02 2.449803133805592836e-01
1.430000000000000000e+02 2.451937202612559097e-01
1.440000000000000000e+02 2.456987329324086533e-01
1.450000000000000000e+02 2.450608845551808801e-01
1.460000000000000000e+02 2.453837692737579346e-01
1.470000000000000000e+02 2.450536497433980221e-01
1.480000000000000000e+02 2.452962410449981701e-01
1.490000000000000000e+02 2.449119706948598152e-01
1.500000000000000000e+02 2.448984241485595570e-01
1.510000000000000000e+02 2.459570026397704945e-01
1.520000000000000000e+02 2.449686598777771063e-01
1.530000000000000000e+02 2.449744919935862297e-01
1.540000000000000000e+02 2.450543169180552094e-01
1.550000000000000000e+02 2.450706795851389508e-01
1.560000000000000000e+02 2.451837921142578092e-01
1.570000000000000000e+02 2.456464052200317272e-01
1.580000000000000000e+02 2.448878971735636290e-01
1.590000000000000000e+02 2.450391391913096240e-01
1.600000000000000000e+02 2.452348192532857185e-01
1.610000000000000000e+02 2.449951958656310935e-01
1.620000000000000000e+02 2.448335631688435821e-01
1.630000000000000000e+02 2.448923552036285367e-01
1.640000000000000000e+02 2.451763780911763446e-01
1.650000000000000000e+02 2.450411748886108521e-01
1.660000000000000000e+02 2.451453157265981175e-01
1.670000000000000000e+02 2.451142470041910715e-01
1.680000000000000000e+02 2.455004084110259943e-01
1.690000000000000000e+02 2.448346233367919844e-01
1.700000000000000000e+02 2.450838903586069761e-01
1.710000000000000000e+02 2.454964601993560869e-01
1.720000000000000000e+02 2.449272954463958818e-01
1.730000000000000000e+02 2.448647153377533081e-01
1.740000000000000000e+02 2.452195425828297970e-01
1.750000000000000000e+02 2.453031126658121730e-01
1.760000000000000000e+02 2.452160894870757946e-01
1.770000000000000000e+02 2.450580565134684308e-01
1.780000000000000000e+02 2.447322785854339489e-01
1.790000000000000000e+02 2.448551535606384166e-01
1.800000000000000000e+02 2.454499208927154452e-01
1.810000000000000000e+02 2.457903095086415579e-01
1.820000000000000000e+02 2.456871871153513687e-01
1.830000000000000000e+02 2.451414048671722301e-01
1.840000000000000000e+02 2.447971208890279138e-01
1.850000000000000000e+02 2.448938186963399155e-01
1.860000000000000000e+02 2.454309161504109604e-01
1.870000000000000000e+02 2.449218022823333729e-01
1.880000000000000000e+02 2.449238411585489827e-01
1.890000000000000000e+02 2.448065018653869662e-01
1.900000000000000000e+02 2.451151919364929210e-01
1.910000000000000000e+02 2.450495016574859575e-01
1.920000000000000000e+02 2.448014263312021932e-01
1.930000000000000000e+02 2.447688702742258637e-01
1.940000000000000000e+02 2.448239990075429251e-01
1.950000000000000000e+02 2.450304861863454309e-01
1.960000000000000000e+02 2.449084881941477332e-01
1.970000000000000000e+02 2.448519404729207483e-01
1.980000000000000000e+02 2.448716970284779970e-01
1.990000000000000000e+02 2.448715714613596550e-01
2.000000000000000000e+02 2.447834861278533891e-01
2.010000000000000000e+02 2.452750217914581310e-01
2.020000000000000000e+02 2.448016413052876705e-01
2.030000000000000000e+02 2.446551664670308379e-01
2.040000000000000000e+02 2.452165122826894250e-01
2.050000000000000000e+02 2.447616823514302542e-01
2.060000000000000000e+02 2.448922725518544452e-01
2.070000000000000000e+02 2.447001643975575680e-01
2.080000000000000000e+02 2.446795936425527063e-01
2.090000000000000000e+02 2.447991553942362453e-01
2.100000000000000000e+02 2.452023204167683990e-01
2.110000000000000000e+02 2.448005294799804610e-01
2.120000000000000000e+02 2.446672860781351766e-01
2.130000000000000000e+02 2.450312693913777595e-01
2.140000000000000000e+02 2.448435163497924838e-01
2.150000000000000000e+02 2.449222493171691883e-01
2.160000000000000000e+02 2.451154617468516150e-01
2.170000000000000000e+02 2.447610453764597627e-01
2.180000000000000000e+02 2.447848292191823205e-01
2.190000000000000000e+02 2.446798801422119252e-01
2.200000000000000000e+02 2.453777798016865963e-01
2.210000000000000000e+02 2.448927426338195767e-01
2.220000000000000000e+02 2.446182179450988869e-01
2.230000000000000000e+02 2.447329441706339592e-01
2.240000000000000000e+02 2.447373211383819525e-01
2.250000000000000000e+02 2.446497861544291164e-01
2.260000000000000000e+02 2.450901552041371556e-01
2.270000000000000000e+02 2.446930627028147398e-01
2.280000000000000000e+02 2.446674501895904630e-01
2.290000000000000000e+02 2.446761453151702903e-01
2.300000000000000000e+02 2.446858696142832357e-01
2.310000000000000000e+02 2.447771664460500207e-01
2.320000000000000000e+02 2.449096186955769805e-01
2.330000000000000000e+02 2.450508062044779445e-01
2.340000000000000000e+02 2.447926195462544752e-01
2.350000000000000000e+02 2.455731439590454201e-01
2.360000000000000000e+02 2.453489144643147823e-01
2.370000000000000000e+02 2.448150209585825687e-01
2.380000000000000000e+02 2.447208841641743959e-01
2.390000000000000000e+02 2.447078545888264900e-01
2.400000000000000000e+02 2.447121795018513957e-01
2.410000000000000000e+02 2.447630349795023585e-01
2.420000000000000000e+02 2.446897101402282781e-01
2.430000000000000000e+02 2.448298923174540287e-01
2.440000000000000000e+02 2.447600364685058594e-01
2.450000000000000000e+02 2.446448870499928763e-01
2.460000000000000000e+02 2.447308615843455104e-01
2.470000000000000000e+02 2.445072269439697299e-01
2.480000000000000000e+02 2.447761718432108491e-01
2.490000000000000000e+02 2.447131180763244540e-01
2.500000000000000000e+02 2.446299978097279948e-01
2.510000000000000000e+02 2.447779452800750710e-01
2.520000000000000000e+02 2.447425691286722882e-01
2.530000000000000000e+02 2.446557438373565541e-01
2.540000000000000000e+02 2.445945000648498402e-01
2.550000000000000000e+02 2.446720222632090269e-01
2.560000000000000000e+02 2.445325203736623265e-01
2.570000000000000000e+02 2.446101188659667858e-01
2.580000000000000000e+02 2.444484321276346739e-01
2.590000000000000000e+02 2.444307080904642715e-01
2.600000000000000000e+02 2.444209893544515011e-01
2.610000000000000000e+02 2.443747846285502234e-01
2.620000000000000000e+02 2.443918899695078639e-01
2.630000000000000000e+02 2.445034317175547312e-01
2.640000000000000000e+02 2.446394113699595085e-01
2.650000000000000000e+02 2.444888599713643529e-01
2.660000000000000000e+02 2.446434772014617898e-01
2.670000000000000000e+02 2.444360081354776948e-01
2.680000000000000000e+02 2.445267502466837439e-01
2.690000000000000000e+02 2.442502125104268340e-01
2.700000000000000000e+02 2.443172486623128303e-01
2.710000000000000000e+02 2.443021003405252967e-01
2.720000000000000000e+02 2.442588329315185658e-01
2.730000000000000000e+02 2.442617285251617310e-01
2.740000000000000000e+02 2.442719344298044937e-01
2.750000000000000000e+02 2.442372278372446637e-01
2.760000000000000000e+02 2.441569093863169282e-01
2.770000000000000000e+02 2.444341063499450573e-01
2.780000000000000000e+02 2.444622973601023319e-01
2.790000000000000000e+02 2.442112656434377027e-01
2.800000000000000000e+02 2.442067086696624867e-01
2.810000000000000000e+02 2.441484701633453436e-01
2.820000000000000000e+02 2.442207105954488089e-01
2.830000000000000000e+02 2.445792261759440200e-01
2.840000000000000000e+02 2.442702376842498802e-01
2.850000000000000000e+02 2.441910946369171276e-01
2.860000000000000000e+02 2.441476098696390706e-01
2.870000000000000000e+02 2.441711024443308509e-01
2.880000000000000000e+02 2.442112270991007583e-01
2.890000000000000000e+02 2.444275585810343487e-01
2.900000000000000000e+02 2.440457022190093972e-01
2.910000000000000000e+02 2.441265734036763557e-01
2.920000000000000000e+02 2.442321825027465865e-01
2.930000000000000000e+02 2.441955268383026179e-01
2.940000000000000000e+02 2.442584864298502634e-01
2.950000000000000000e+02 2.442262514432271270e-01
2.960000000000000000e+02 2.442759847640991189e-01
2.970000000000000000e+02 2.443690391381581617e-01
2.980000000000000000e+02 2.441673362255096513e-01
2.990000000000000000e+02 2.443539686997731608e-01
3.000000000000000000e+02 2.444666675726572536e-01
3.010000000000000000e+02 2.442170882225036532e-01
3.020000000000000000e+02 2.442434167861938510e-01
3.030000000000000000e+02 2.441878946622212665e-01
3.040000000000000000e+02 2.441446363925933727e-01
3.050000000000000000e+02 2.441647370656331306e-01
3.060000000000000000e+02 2.441069316864013794e-01
3.070000000000000000e+02 2.441248758633931537e-01
3.080000000000000000e+02 2.440554877122243227e-01
3.090000000000000000e+02 2.441503008206685477e-01
3.100000000000000000e+02 2.441645296414693134e-01
3.110000000000000000e+02 2.442793877919514911e-01
3.120000000000000000e+02 2.441515195369720337e-01
3.130000000000000000e+02 2.440808773040771540e-01
3.140000000000000000e+02 2.440682975451151648e-01
3.150000000000000000e+02 2.442062385876973551e-01
3.160000000000000000e+02 2.441142658392588261e-01
3.170000000000000000e+02 2.442310067017873232e-01
3.180000000000000000e+02 2.441161092122395848e-01
3.190000000000000000e+02 2.442188163598378592e-01
3.200000000000000000e+02 2.441403992970784531e-01
3.210000000000000000e+02 2.440966991583506385e-01
3.220000000000000000e+02 2.440918028354644720e-01
3.230000000000000000e+02 2.440761542320251387e-01
3.240000000000000000e+02 2.441089280446370469e-01
3.250000000000000000e+02 2.442028490702311261e-01
3.260000000000000000e+02 2.442517773310343421e-01
3.270000000000000000e+02 2.440999233722686845e-01
3.280000000000000000e+02 2.441504299640655518e-01
3.290000000000000000e+02 2.440441147486368811e-01
3.300000000000000000e+02 2.441061766942342059e-01
3.310000000000000000e+02 2.441590662797292199e-01
3.320000000000000000e+02 2.440724190076192235e-01
3.330000000000000000e+02 2.442220290501912472e-01
3.340000000000000000e+02 2.443028891086578280e-01
3.350000000000000000e+02 2.440590918064117487e-01
3.360000000000000000e+02 2.440272243817647180e-01
3.370000000000000000e+02 2.440933318932851093e-01
3.380000000000000000e+02 2.440372657775878862e-01
3.390000000000000000e+02 2.440628965695698926e-01
3.400000000000000000e+02 2.440091900030771921e-01
3.410000000000000000e+02 2.441798702875773164e-01
3.420000000000000000e+02 2.443447124958038341e-01
3.430000000000000000e+02 2.442955295244852720e-01
3.440000000000000000e+02 2.441623361905415901e-01
3.450000000000000000e+02 2.440276829401651915e-01
3.460000000000000000e+02 2.440690835316975948e-01
3.470000000000000000e+02 2.440589074293772476e-01
3.480000000000000000e+02 2.442343684037526497e-01
3.490000000000000000e+02 2.441276677449544241e-01
3.500000000000000000e+02 2.441054058074951238e-01
3.510000000000000000e+02 2.440636269251505452e-01
3.520000000000000000e+02 2.441487725575764989e-01
3.530000000000000000e+02 2.440400735537211208e-01
3.540000000000000000e+02 2.440951470534006851e-01
3.550000000000000000e+02 2.440517322222391650e-01
3.560000000000000000e+02 2.442994463443756148e-01
3.570000000000000000e+02 2.440855709711710619e-01
3.580000000000000000e+02 2.441505960623423233e-01
3.590000000000000000e+02 2.440511882305145264e-01
3.600000000000000000e+02 2.440871091683705640e-01
3.610000000000000000e+02 2.442037860552469797e-01
3.620000000000000000e+02 2.440563758214314705e-01
3.630000000000000000e+02 2.441010046005248901e-01
3.640000000000000000e+02 2.440885682900746645e-01
3.650000000000000000e+02 2.440891702969869015e-01
3.660000000000000000e+02 2.440100169181823597e-01
3.670000000000000000e+02 2.440812567869822258e-01
3.680000000000000000e+02 2.440547784169515011e-01
3.690000000000000000e+02 2.440345446268717411e-01
3.700000000000000000e+02 2.440404804547627871e-01
3.710000000000000000e+02 2.440790434678395682e-01
3.720000000000000000e+02 2.440218083063761256e-01
3.730000000000000000e+02 2.440921684106190925e-01
3.740000000000000000e+02 2.440545149644215983e-01
3.750000000000000000e+02 2.442461613814035926e-01
3.760000000000000000e+02 2.440335690975189153e-01
3.770000000000000000e+02 2.440449659029642615e-01
3.780000000000000000e+02 2.440798588593800778e-01
3.790000000000000000e+02 2.440231100718180390e-01
3.800000000000000000e+02 2.440282551447550408e-01
3.810000000000000000e+02 2.440179534753163793e-01
3.820000000000000000e+02 2.440305860837300722e-01
3.830000000000000000e+02 2.441514809926350893e-01
3.840000000000000000e+02 2.440179642041524211e-01
3.850000000000000000e+02 2.440308006604512414e-01
3.860000000000000000e+02 2.440888583660125732e-01
3.870000000000000000e+02 2.441186149915059445e-01
3.880000000000000000e+02 2.440475134054819750e-01
3.890000000000000000e+02 2.440462807814280100e-01
3.900000000000000000e+02 2.441002980868021699e-01
3.910000000000000000e+02 2.440330100059509288e-01
3.920000000000000000e+02 2.441000358263651637e-01
3.930000000000000000e+02 2.440349988142649362e-01
3.940000000000000000e+02 2.440006645520528261e-01
3.950000000000000000e+02 2.440638049443562829e-01
3.960000000000000000e+02 2.441415544350941935e-01
3.970000000000000000e+02 2.440844519933064727e-01
3.980000000000000000e+02 2.440142003695170148e-01
3.990000000000000000e+02 2.440666878223419212e-01
4.000000000000000000e+02 2.440676554044087787e-01
4.010000000000000000e+02 2.440648992856343513e-01
4.020000000000000000e+02 2.440268607934316103e-01
4.030000000000000000e+02 2.440078147252400798e-01
4.040000000000000000e+02 2.440246609846750958e-01
4.050000000000000000e+02 2.440418978532155336e-01
4.060000000000000000e+02 2.440558358033498021e-01
4.070000000000000000e+02 2.440256754557291741e-01
4.080000000000000000e+02 2.439934221903483080e-01
4.090000000000000000e+02 2.440272923310597697e-01
4.100000000000000000e+02 2.440763155619303515e-01
4.110000000000000000e+02 2.440356020132700698e-01
4.120000000000000000e+02 2.440975081920623846e-01
4.130000000000000000e+02 2.440924290815989217e-01
4.140000000000000000e+02 2.440199100971222057e-01
4.150000000000000000e+02 2.440108585357665949e-01
4.160000000000000000e+02 2.440437587102254335e-01
4.170000000000000000e+02 2.440283679962158281e-01
4.180000000000000000e+02 2.440120299657185798e-01
4.190000000000000000e+02 2.440088514486948579e-01
4.200000000000000000e+02 2.440188431739807040e-01
4.210000000000000000e+02 2.440312623977661244e-01
4.220000000000000000e+02 2.440351446469624930e-01
4.230000000000000000e+02 2.440228430430094464e-01
4.240000000000000000e+02 2.440742051601410001e-01
4.250000000000000000e+02 2.440052497386932251e-01
4.260000000000000000e+02 2.439752097924550445e-01
4.270000000000000000e+02 2.440033117930094364e-01
4.280000000000000000e+02 2.440164152781168494e-01
4.290000000000000000e+02 2.439890134334564142e-01
4.300000000000000000e+02 2.440276189645131377e-01
4.310000000000000000e+02 2.439966169993082745e-01
4.320000000000000000e+02 2.440060993035634285e-01
4.330000000000000000e+02 2.440070907274881906e-01
4.340000000000000000e+02 2.440310494105021044e-01
4.350000000000000000e+02 2.439882449309031254e-01
4.360000000000000000e+02 2.440160850683848193e-01
4.370000000000000000e+02 2.439790395895640174e-01
4.380000000000000000e+02 2.440255908171335975e-01
4.390000000000000000e+02 2.440186500549316462e-01
4.400000000000000000e+02 2.439979883035023889e-01
4.410000000000000000e+02 2.440660806496938173e-01
4.420000000000000000e+02 2.440039741992950373e-01
4.430000000000000000e+02 2.440245660146077578e-01
4.440000000000000000e+02 2.439898351828257150e-01
4.450000000000000000e+02 2.440246335665385014e-01
4.460000000000000000e+02 2.439892903963724879e-01
4.470000000000000000e+02 2.439974983533223507e-01
4.480000000000000000e+02 2.440071042378743615e-01
4.490000000000000000e+02 2.439746149381001872e-01
4.500000000000000000e+02 2.439877688884735107e-01
4.510000000000000000e+02 2.440241432189941273e-01
4.520000000000000000e+02 2.439887555440266864e-01
4.530000000000000000e+02 2.441550338268280163e-01
4.540000000000000000e+02 2.440067307154337450e-01
4.550000000000000000e+02 2.441372887293497829e-01
4.560000000000000000e+02 2.440903480847676499e-01
4.570000000000000000e+02 2.440120581785837905e-01
4.580000000000000000e+02 2.439862271149953188e-01
4.590000000000000000e+02 2.440863891442616729e-01
4.600000000000000000e+02 2.439776158332824796e-01
4.610000000000000000e+02 2.439823957284291689e-01
4.620000000000000000e+02 2.439834113915761438e-01
4.630000000000000000e+02 2.441043567657470714e-01
4.640000000000000000e+02 2.439623355865478405e-01
4.650000000000000000e+02 2.440373424688974946e-01
4.660000000000000000e+02 2.440406342347462842e-01
4.670000000000000000e+02 2.439594233036041226e-01
4.680000000000000000e+02 2.440480307737986354e-01
4.690000000000000000e+02 2.439940845966339089e-01
4.700000000000000000e+02 2.439812954266866174e-01
4.710000000000000000e+02 2.439763220151265344e-01
4.720000000000000000e+02 2.440359135468800900e-01
4.730000000000000000e+02 2.440920297304789155e-01
4.740000000000000000e+02 2.440381916364033899e-01
4.750000000000000000e+02 2.440651917457580533e-01
4.760000000000000000e+02 2.439572123686472582e-01
4.770000000000000000e+02 2.439964107672373539e-01
4.780000000000000000e+02 2.440028655529022095e-01
4.790000000000000000e+02 2.439694587389628078e-01
4.800000000000000000e+02 2.439806322256724003e-01
4.810000000000000000e+02 2.440271449089050360e-01
4.820000000000000000e+02 2.439981333414713571e-01
4.830000000000000000e+02 2.439852905273437456e-01
4.840000000000000000e+02 2.439588483174641997e-01
4.850000000000000000e+02 2.439833652973175115e-01
4.860000000000000000e+02 2.439665826161702411e-01
4.870000000000000000e+02 2.439614053567250584e-01
4.880000000000000000e+02 2.440195214748382690e-01
4.890000000000000000e+02 2.441007502873738522e-01
4.900000000000000000e+02 2.440730909506479973e-01
4.910000000000000000e+02 2.439626804987589381e-01
4.920000000000000000e+02 2.439722363154093465e-01
4.930000000000000000e+02 2.440295247236887732e-01
4.940000000000000000e+02 2.439778228600819887e-01
4.950000000000000000e+02 2.440044144789377811e-01
4.960000000000000000e+02 2.439747313658396366e-01
4.970000000000000000e+02 2.440064946810404367e-01
4.980000000000000000e+02 2.439935819307963161e-01
4.990000000000000000e+02 2.439811289310455378e-01
5.000000000000000000e+02 2.439902019500732322e-01
5.010000000000000000e+02 2.439793845017751150e-01
5.020000000000000000e+02 2.440075985590616781e-01
5.030000000000000000e+02 2.439810609817504861e-01
5.040000000000000000e+02 2.440321270624796479e-01
5.050000000000000000e+02 2.439707545439402381e-01
5.060000000000000000e+02 2.439827275276184038e-01
5.070000000000000000e+02 2.439703146616617746e-01
5.080000000000000000e+02 2.439710990587870276e-01
5.090000000000000000e+02 2.439672537644704264e-01
5.100000000000000000e+02 2.439773686726887936e-01
5.110000000000000000e+02 2.439650249481201127e-01
5.120000000000000000e+02 2.439783974488576312e-01
5.130000000000000000e+02 2.439829357465108373e-01
5.140000000000000000e+02 2.439727346102396610e-01
5.150000000000000000e+02 2.439688666661580518e-01
5.160000000000000000e+02 2.439834288756052572e-01
5.170000000000000000e+02 2.440118336677551403e-01
5.180000000000000000e+02 2.439727838834126750e-01
5.190000000000000000e+02 2.440019782384236779e-01
5.200000000000000000e+02 2.439760450522104884e-01
5.210000000000000000e+02 2.439628171920776301e-01
5.220000000000000000e+02 2.439640283584594838e-01
5.230000000000000000e+02 2.439747603734334358e-01
5.240000000000000000e+02 2.439666934808095433e-01
5.250000000000000000e+02 2.439645596345265677e-01
5.260000000000000000e+02 2.439674250284830648e-01
5.270000000000000000e+02 2.439607616265614953e-01
5.280000000000000000e+02 2.439863936106363984e-01
5.290000000000000000e+02 2.439751529693603427e-01
5.300000000000000000e+02 2.439556825160980325e-01
5.310000000000000000e+02 2.440063850084940589e-01
5.320000000000000000e+02 2.439505648612975974e-01
5.330000000000000000e+02 2.439921728769938181e-01
5.340000000000000000e+02 2.439884706338246723e-01
5.350000000000000000e+02 2.439550264676411950e-01
5.360000000000000000e+02 2.439640601476033566e-01
5.370000000000000000e+02 2.439537477493286255e-01
5.380000000000000000e+02 2.439769907792409265e-01
5.390000000000000000e+02 2.439444907506307103e-01
5.400000000000000000e+02 2.439469969272613503e-01
5.410000000000000000e+02 2.439541288216908743e-01
5.420000000000000000e+02 2.439700333277384503e-01
5.430000000000000000e+02 2.439689842859903979e-01
5.440000000000000000e+02 2.439589162667592237e-01
5.450000000000000000e+02 2.439543501536051429e-01
5.460000000000000000e+02 2.439553836981455393e-01
5.470000000000000000e+02 2.439513119061788027e-01
5.480000000000000000e+02 2.439532951513926073e-01
5.490000000000000000e+02 2.439712937672932902e-01
5.500000000000000000e+02 2.439610505104065075e-01
5.510000000000000000e+02 2.439540775616963753e-01
5.520000000000000000e+02 2.439797826608021969e-01
5.530000000000000000e+02 2.439863693714141857e-01
5.540000000000000000e+02 2.439477105935414503e-01
5.550000000000000000e+02 2.439681541919708208e-01
5.560000000000000000e+02 2.439671953519185477e-01
5.570000000000000000e+02 2.439609555403391417e-01
5.580000000000000000e+02 2.439648310343424387e-01
5.590000000000000000e+02 2.439549756050109763e-01
5.600000000000000000e+02 2.439705228805542081e-01
5.610000000000000000e+02 2.439471141497294160e-01
5.620000000000000000e+02 2.439607258637746245e-01
5.630000000000000000e+02 2.439587283134460327e-01
5.640000000000000000e+02 2.439817595481872659e-01
5.650000000000000000e+02 2.439478115240732714e-01
