0.000000000000000000e+00 4.800151477563350849e-04
1.000000000000000000e+00 1.032989933809368345e-04
2.000000000000000000e+00 3.988756099615333783e-06
3.000000000000000000e+00 4.860180408176801762e-07
4.000000000000000000e+00 7.771337696857035961e-08
5.000000000000000000e+00 3.227348658141798510e-06
6.000000000000000000e+00 3.548502525971006746e-07
7.000000000000000000e+00 7.784730179793258030e-08
8.000000000000000000e+00 5.980489276498484203e-06
9.000000000000000000e+00 1.720858861824855576e-05
1.000000000000000000e+01 2.749974416784081331e-06
1.100000000000000000e+01 2.890920317908469875e-07
1.200000000000000000e+01 7.165715229503297061e-08
1.300000000000000000e+01 2.846019534036752476e-08
1.400000000000000000e+01 1.638337671253540387e-08
1.500000000000000000e+01 2.030184764097319369e-08
1.600000000000000000e+01 2.650973145444187559e-08
1.700000000000000000e+01 1.080024498848377754e-08
1.800000000000000000e+01 9.118926750649839150e-09
1.900000000000000000e+01 8.451831071385113700e-09
2.000000000000000000e+01 1.325355976339263667e-08
2.100000000000000000e+01 2.487437753177083401e-06
2.200000000000000000e+01 9.096443059220978824e-05
2.300000000000000000e+01 2.091042716967771734e-05
2.400000000000000000e+01 1.135391465660439237e-06
2.500000000000000000e+01 6.138591022268552663e-08
2.600000000000000000e+01 1.049692722994542007e-08
2.700000000000000000e+01 3.681261595264545114e-09
2.800000000000000000e+01 2.244712227283677839e-09
2.900000000000000000e+01 1.766749804796818990e-09
3.000000000000000000e+01 1.317274308122673802e-09
3.100000000000000000e+01 1.359500316582906227e-09
3.200000000000000000e+01 1.011338277153653039e-09
3.300000000000000000e+01 9.429734959184147662e-10
3.400000000000000000e+01 9.977551687834824992e-10
3.500000000000000000e+01 7.741136224461383251e-10
3.600000000000000000e+01 7.417057617591592688e-10
3.700000000000000000e+01 8.136686599264574091e-10
3.800000000000000000e+01 6.454568217535112933e-10
3.900000000000000000e+01 5.839822947151038712e-10
4.000000000000000000e+01 9.054244210154723607e-10
4.100000000000000000e+01 6.212689900306769388e-10
4.200000000000000000e+01 7.096842249132327618e-10
4.300000000000000000e+01 5.495695612483388976e-10
4.400000000000000000e+01 4.633604822591163401e-10
4.500000000000000000e+01 5.807223673824823329e-10
4.600000000000000000e+01 5.051471098821966666e-10
4.700000000000000000e+01 4.817198751938268519e-10
4.800000000000000000e+01 1.025612956341463582e-09
4.900000000000000000e+01 1.785687670505475622e-09
5.000000000000000000e+01 1.109809781642308344e-09
5.100000000000000000e+01 8.545503412306787734e-10
5.200000000000000000e+01 7.404839893393391177e-10
5.300000000000000000e+01 6.575584087528898809e-10
5.400000000000000000e+01 1.270851355828283398e-09
5.500000000000000000e+01 7.965633603797286996e-10
5.600000000000000000e+01 8.681114431489367133e-10
5.700000000000000000e+01 4.915221676295501765e-09
5.800000000000000000e+01 6.983680062992721381e-08
5.900000000000000000e+01 2.738146294220003885e-07
6.000000000000000000e+01 9.851253744951678727e-07
6.100000000000000000e+01 1.761324545960755559e-06
6.200000000000000000e+01 7.767118504537342803e-07
6.300000000000000000e+01 1.774292165464932738e-06
6.400000000000000000e+01 4.590572993516635473e-07
6.500000000000000000e+01 4.982869895036913252e-08
6.600000000000000000e+01 7.104340841015819062e-09
6.700000000000000000e+01 4.912868880223554440e-09
6.800000000000000000e+01 1.463029687276647965e-09
6.900000000000000000e+01 4.542217290271562755e-09
7.000000000000000000e+01 3.072461389000083960e-09
7.100000000000000000e+01 2.289334932168755724e-09
7.200000000000000000e+01 1.632614902018286078e-09
7.300000000000000000e+01 2.166000412428678930e-09
7.400000000000000000e+01 3.538617210868144776e-10
7.500000000000000000e+01 5.888340140821251547e-10
7.600000000000000000e+01 5.960793663861689399e-10
7.700000000000000000e+01 1.156680501530881704e-09
7.800000000000000000e+01 9.953800491211990087e-08
7.900000000000000000e+01 1.172565421584415077e-06
8.000000000000000000e+01 7.973383683308601173e-05
8.100000000000000000e+01 1.376314897410694763e-05
8.200000000000000000e+01 1.986590969847572002e-06
8.300000000000000000e+01 6.074140216908418044e-07
8.400000000000000000e+01 3.735070690476644195e-07
8.500000000000000000e+01 9.201918367107132905e-08
8.600000000000000000e+01 1.884525898212222567e-08
8.700000000000000000e+01 4.741892612529536402e-09
8.800000000000000000e+01 2.849568908945367485e-09
8.900000000000000000e+01 1.851844845624775370e-09
9.000000000000000000e+01 1.349859174853395136e-09
9.100000000000000000e+01 1.067294008393913468e-09
9.200000000000000000e+01 6.908155272478861853e-10
9.300000000000000000e+01 5.255579558071102974e-10
9.400000000000000000e+01 4.215013456775969794e-10
9.500000000000000000e+01 3.092966196886272402e-10
9.600000000000000000e+01 2.716949297317020653e-10
9.700000000000000000e+01 2.299077657543572921e-10
9.800000000000000000e+01 1.982914691354656201e-10
9.900000000000000000e+01 1.703486889775242340e-10
1.000000000000000000e+02 1.561449267850367718e-10
1.010000000000000000e+02 1.450360433406675572e-10
1.020000000000000000e+02 1.397900611912440728e-10
1.030000000000000000e+02 1.334935912782003897e-10
1.040000000000000000e+02 1.288074895459146057e-10
1.050000000000000000e+02 1.264869746146954573e-10
1.060000000000000000e+02 1.256581535312293955e-10
1.070000000000000000e+02 1.246806417478940110e-10
1.080000000000000000e+02 1.244068261754850517e-10
1.090000000000000000e+02 1.217486448097973203e-10
1.100000000000000000e+02 1.229480830341788034e-10
1.110000000000000000e+02 1.192482065822725054e-10
1.120000000000000000e+02 1.176296126895464125e-10
1.130000000000000000e+02 1.227539795881495255e-10
1.140000000000000000e+02 1.217290244918863453e-10
1.150000000000000000e+02 1.178818440929823798e-10
1.160000000000000000e+02 1.152951659221719784e-10
1.170000000000000000e+02 1.152587109737805688e-10
1.180000000000000000e+02 1.159177706090108640e-10
1.190000000000000000e+02 1.158969148927081650e-10
1.200000000000000000e+02 1.186743061346994157e-10
1.210000000000000000e+02 1.180591643863552419e-10
1.220000000000000000e+02 1.248779608851204506e-10
1.230000000000000000e+02 1.192845824035675617e-10
1.240000000000000000e+02 1.152666358412222191e-10
1.250000000000000000e+02 1.133211703144328247e-10
1.260000000000000000e+02 1.222969867105930325e-10
1.270000000000000000e+02 1.247160050491765831e-10
1.280000000000000000e+02 1.142026890865465877e-10
1.290000000000000000e+02 1.152213669746096762e-10
1.300000000000000000e+02 1.286022953665696773e-10
1.310000000000000000e+02 1.308684838684796397e-10
1.320000000000000000e+02 1.311688437254298318e-10
1.330000000000000000e+02 3.257424675660414123e-10
1.340000000000000000e+02 1.689636388468549972e-10
1.350000000000000000e+02 3.983650516855630098e-10
1.360000000000000000e+02 6.891273444698730138e-10
1.370000000000000000e+02 7.671437575415113749e-10
1.380000000000000000e+02 2.789333862881851918e-10
1.390000000000000000e+02 1.476993268573227152e-10
1.400000000000000000e+02 4.623118862424168016e-10
1.410000000000000000e+02 2.835889223535819568e-09
1.420000000000000000e+02 5.200039668074005218e-09
1.430000000000000000e+02 6.994491187021502975e-09
1.440000000000000000e+02 8.622119807369689090e-09
1.450000000000000000e+02 8.438865225194018692e-10
1.460000000000000000e+02 2.424657497723382450e-09
1.470000000000000000e+02 2.545016174335522078e-09
1.480000000000000000e+02 1.213919140096083208e-09
1.490000000000000000e+02 1.510562145783441312e-09
1.500000000000000000e+02 1.706452015734911660e-07
1.510000000000000000e+02 4.398825813865695030e-08
1.520000000000000000e+02 5.333042967076209167e-09
1.530000000000000000e+02 4.174591805572051467e-09
1.540000000000000000e+02 2.626210057385924421e-09
1.550000000000000000e+02 3.416666337700868219e-09
1.560000000000000000e+02 1.412917013493637348e-08
1.570000000000000000e+02 1.486535706402802483e-09
1.580000000000000000e+02 2.278087658457906475e-09
1.590000000000000000e+02 1.263614267420464552e-07
1.600000000000000000e+02 3.254121199020532006e-07
1.610000000000000000e+02 6.029790127788595861e-07
1.620000000000000000e+02 9.234011393338942725e-07
1.630000000000000000e+02 2.592897353750549453e-07
1.640000000000000000e+02 8.042827861565939927e-08
1.650000000000000000e+02 4.369871768385713765e-09
1.660000000000000000e+02 8.466855504012207377e-09
1.670000000000000000e+02 1.066029234758263800e-09
1.680000000000000000e+02 2.990021656899239267e-10
1.690000000000000000e+02 2.717517040458477456e-10
1.700000000000000000e+02 3.169875376242105256e-10
1.710000000000000000e+02 3.720517086297813533e-10
1.720000000000000000e+02 7.185412312350145498e-10
1.730000000000000000e+02 1.154913042561600299e-09
1.740000000000000000e+02 1.632159264533435404e-09
1.750000000000000000e+02 1.789875439588868261e-09
1.760000000000000000e+02 8.492856927026572468e-09
1.770000000000000000e+02 2.476957503042126404e-08
1.780000000000000000e+02 5.521836093943888247e-08
1.790000000000000000e+02 3.396805680107755813e-06
1.800000000000000000e+02 2.585786161025380461e-06
1.810000000000000000e+02 9.260768391555464435e-07
1.820000000000000000e+02 1.097564085974049969e-07
1.830000000000000000e+02 7.591010685733494263e-08
1.840000000000000000e+02 2.100453006078259548e-08
1.850000000000000000e+02 8.160922401901494172e-09
1.860000000000000000e+02 2.562359771657036575e-09
1.870000000000000000e+02 2.054866960761027320e-09
1.880000000000000000e+02 9.437589754300184649e-10
1.890000000000000000e+02 4.597366985673929613e-10
1.900000000000000000e+02 8.273719446158313577e-10
1.910000000000000000e+02 3.293716057972563052e-10
1.920000000000000000e+02 2.819023465388320951e-10
1.930000000000000000e+02 2.014660693703695012e-10
1.940000000000000000e+02 2.112911633693313168e-10
1.950000000000000000e+02 2.147019609659640578e-10
1.960000000000000000e+02 2.460107289029249910e-10
1.970000000000000000e+02 1.747937745043405681e-10
1.980000000000000000e+02 2.259576537744072875e-10
1.990000000000000000e+02 2.555414204893469151e-10
2.000000000000000000e+02 3.001088099560543072e-10
2.010000000000000000e+02 4.011158773972555295e-10
2.020000000000000000e+02 2.106295315009302857e-10
2.030000000000000000e+02 1.776924515844547583e-10
2.040000000000000000e+02 2.041015232724802006e-10
2.050000000000000000e+02 1.744649039961476888e-10
2.060000000000000000e+02 1.938639795287362963e-10
2.070000000000000000e+02 2.945376919199951271e-10
2.080000000000000000e+02 2.877856133097649898e-10
2.090000000000000000e+02 6.358033840883231982e-10
2.100000000000000000e+02 4.524897483189395341e-10
2.110000000000000000e+02 7.051658917483970288e-10
2.120000000000000000e+02 2.332447564204577699e-09
2.130000000000000000e+02 2.683728370966231011e-08
2.140000000000000000e+02 6.424556338786294843e-07
2.150000000000000000e+02 5.673056216023523524e-07
2.160000000000000000e+02 8.066857175375717765e-09
2.170000000000000000e+02 1.359198298652465806e-09
2.180000000000000000e+02 8.633718202375770549e-10
2.190000000000000000e+02 7.476962563545637551e-10
2.200000000000000000e+02 3.888291436117697201e-10
2.210000000000000000e+02 2.448480131303814455e-10
2.220000000000000000e+02 1.038945964869003058e-09
2.230000000000000000e+02 3.331907052567505152e-09
2.240000000000000000e+02 1.905008964489605638e-09
2.250000000000000000e+02 4.134685706279390755e-10
2.260000000000000000e+02 7.109487732460689073e-09
