0.000000000000000000e+00 4.761141997212411242e-02
1.000000000000000000e+00 3.453626490443287549e-03
2.000000000000000000e+00 2.446801999508948014e-03
3.000000000000000000e+00 2.362532637307925270e-03
4.000000000000000000e+00 2.344669145368880308e-03
5.000000000000000000e+00 2.354014726928236115e-03
6.000000000000000000e+00 2.321800128031333964e-03
7.000000000000000000e+00 2.317861153148646162e-03
8.000000000000000000e+00 2.303672603750661976e-03
9.000000000000000000e+00 2.280470808501682857e-03
1.000000000000000000e+01 2.239381138298143694e-03
1.100000000000000000e+01 2.218309673353855652e-03
1.200000000000000000e+01 2.208352079651235492e-03
1.300000000000000000e+01 2.246780939757746752e-03
1.400000000000000000e+01 2.164200295424801180e-03
1.500000000000000000e+01 2.160611440235538777e-03
1.600000000000000000e+01 2.157907362268747260e-03
1.700000000000000000e+01 2.168484133041322787e-03
1.800000000000000000e+01 2.135721434260466275e-03
1.900000000000000000e+01 2.227840692616622504e-03
2.000000000000000000e+01 2.151798456714002026e-03
2.100000000000000000e+01 2.124287206993647360e-03
2.200000000000000000e+01 2.123421209486232517e-03
2.300000000000000000e+01 2.131299675670579076e-03
2.400000000000000000e+01 2.091072143747649010e-03
2.500000000000000000e+01 2.081531086784392352e-03
2.600000000000000000e+01 2.069508822202373310e-03
2.700000000000000000e+01 2.081769189945918610e-03
2.800000000000000000e+01 2.047415633145937067e-03
2.900000000000000000e+01 2.088742701459951525e-03
3.000000000000000000e+01 2.047359921743588471e-03
3.100000000000000000e+01 1.990311513769642097e-03
3.200000000000000000e+01 2.004153524391382151e-03
3.300000000000000000e+01 2.150780397011921741e-03
3.400000000000000000e+01 1.899929575419147731e-03
3.500000000000000000e+01 1.880515636018587327e-03
3.600000000000000000e+01 1.939491582442505035e-03
3.700000000000000000e+01 1.841726129930152268e-03
3.800000000000000000e+01 1.706758157752367435e-03
3.900000000000000000e+01 1.484131673894503647e-03
4.000000000000000000e+01 1.299980953045856268e-03
4.100000000000000000e+01 9.827157480088962501e-04
4.200000000000000000e+01 7.011913781654664866e-04
4.300000000000000000e+01 4.394855055518341581e-04
4.400000000000000000e+01 2.754387933997637762e-04
4.500000000000000000e+01 1.939952638285324005e-04
4.600000000000000000e+01 1.635906977721534770e-04
4.700000000000000000e+01 1.373768765020308479e-04
4.800000000000000000e+01 1.180756128792942141e-04
4.900000000000000000e+01 1.175921151339621328e-04
5.000000000000000000e+01 1.006679713300848497e-04
5.100000000000000000e+01 9.807712489065028769e-05
5.200000000000000000e+01 9.923328762697647962e-05
5.300000000000000000e+01 1.017334249387610010e-04
5.400000000000000000e+01 8.738487466068119234e-05
5.500000000000000000e+01 8.404266374275068212e-05
5.600000000000000000e+01 9.462084297462814255e-05
5.700000000000000000e+01 8.215191850170551360e-05
5.800000000000000000e+01 8.071708530380876888e-05
5.900000000000000000e+01 7.575511342897798422e-05
6.000000000000000000e+01 7.112433503342045923e-05
6.100000000000000000e+01 6.746623553963795883e-05
6.200000000000000000e+01 7.490567432960492007e-05
6.300000000000000000e+01 6.546476065880594403e-05
6.400000000000000000e+01 6.090560403740668193e-05
6.500000000000000000e+01 6.131729707798296415e-05
6.600000000000000000e+01 5.732432940320127135e-05
6.700000000000000000e+01 5.893329697167054142e-05
6.800000000000000000e+01 5.301070903293817903e-05
6.900000000000000000e+01 5.301185947602515830e-05
7.000000000000000000e+01 5.173067242177697896e-05
7.100000000000000000e+01 5.151290755752768925e-05
7.200000000000000000e+01 4.945918096256008366e-05
7.300000000000000000e+01 5.229023619809812431e-05
7.400000000000000000e+01 5.135359510721399699e-05
7.500000000000000000e+01 5.097037512234058103e-05
7.600000000000000000e+01 4.858391772564282665e-05
7.700000000000000000e+01 4.472472614351413397e-05
7.800000000000000000e+01 4.000583897923371582e-05
7.900000000000000000e+01 4.009321298155493584e-05
8.000000000000000000e+01 3.620895686355236459e-05
8.100000000000000000e+01 3.801655174074779225e-05
8.200000000000000000e+01 3.388223973925475282e-05
8.300000000000000000e+01 3.017601292536880046e-05
8.400000000000000000e+01 3.501709048115635403e-05
8.500000000000000000e+01 3.140993133651143502e-05
8.600000000000000000e+01 3.138031472298575820e-05
8.700000000000000000e+01 3.555303627936756819e-05
8.800000000000000000e+01 2.706492426001917362e-05
8.900000000000000000e+01 2.691298206222042001e-05
9.000000000000000000e+01 2.765179666099845137e-05
9.100000000000000000e+01 2.526228191710322440e-05
9.200000000000000000e+01 2.173244687408479569e-05
9.300000000000000000e+01 2.865687632346199527e-05
9.400000000000000000e+01 2.160534808646534952e-05
9.500000000000000000e+01 2.018479627935184479e-05
9.600000000000000000e+01 2.015604810298803515e-05
9.700000000000000000e+01 2.404760895478122529e-05
9.800000000000000000e+01 1.921717354112175596e-05
9.900000000000000000e+01 2.250862946847378672e-05
1.000000000000000000e+02 1.755531877279281711e-05
1.010000000000000000e+02 1.975733180434942172e-05
1.020000000000000000e+02 1.483208318657680280e-05
1.030000000000000000e+02 1.872350067992232316e-05
1.040000000000000000e+02 1.791602306203233133e-05
1.050000000000000000e+02 2.159682618292234598e-05
1.060000000000000000e+02 1.588336388965834198e-05
1.070000000000000000e+02 1.656324846667615880e-05
1.080000000000000000e+02 1.596142819342136868e-05
1.090000000000000000e+02 1.513050883602539372e-05
1.100000000000000000e+02 1.257578807311608352e-05
1.110000000000000000e+02 1.361119186435614637e-05
1.120000000000000000e+02 1.449648027541417852e-05
1.130000000000000000e+02 1.188154694722088398e-05
1.140000000000000000e+02 1.309071868010609329e-05
1.150000000000000000e+02 1.407718008091786717e-05
1.160000000000000000e+02 1.109128599882550924e-05
1.170000000000000000e+02 1.083016739228085618e-05
1.180000000000000000e+02 1.122771616150587577e-05
1.190000000000000000e+02 1.111666486512787459e-05
1.200000000000000000e+02 1.417268058538784880e-05
1.210000000000000000e+02 1.209441653963772745e-05
1.220000000000000000e+02 9.688169607257254303e-06
1.230000000000000000e+02 1.112332247468206891e-05
1.240000000000000000e+02 9.245061123533470997e-06
1.250000000000000000e+02 1.115552845487102965e-05
1.260000000000000000e+02 1.547060813875591193e-05
1.270000000000000000e+02 1.464794978170852615e-05
1.280000000000000000e+02 1.074983513081777318e-05
1.290000000000000000e+02 9.316108968645217151e-06
1.300000000000000000e+02 9.349009980013939591e-06
1.310000000000000000e+02 7.587780260351691022e-06
1.320000000000000000e+02 8.141281205228253983e-06
1.330000000000000000e+02 1.034142426547295951e-05
1.340000000000000000e+02 7.071377925125425290e-06
1.350000000000000000e+02 6.605093778097753280e-06
1.360000000000000000e+02 7.556403507557050685e-06
1.370000000000000000e+02 6.598219536389822691e-06
1.380000000000000000e+02 7.815817352891664846e-06
1.390000000000000000e+02 8.265761496685203704e-06
1.400000000000000000e+02 7.561008897688524802e-06
1.410000000000000000e+02 6.718293113824845361e-06
1.420000000000000000e+02 7.159370800961007551e-06
1.430000000000000000e+02 6.844763276825541465e-06
1.440000000000000000e+02 5.841404350592854870e-06
1.450000000000000000e+02 5.324620629108755637e-06
1.460000000000000000e+02 5.770364393336376858e-06
1.470000000000000000e+02 8.639602658571977155e-06
1.480000000000000000e+02 7.873212039258075277e-06
1.490000000000000000e+02 6.973158601966194880e-06
1.500000000000000000e+02 6.948457493286111122e-06
1.510000000000000000e+02 4.526642111918844369e-06
1.520000000000000000e+02 4.229503559931899515e-06
1.530000000000000000e+02 7.063248442382045477e-06
1.540000000000000000e+02 5.177101947792386959e-06
1.550000000000000000e+02 4.511889796245036247e-06
1.560000000000000000e+02 4.419916739443319758e-06
1.570000000000000000e+02 4.379974455293630508e-06
1.580000000000000000e+02 4.365122520718747574e-06
1.590000000000000000e+02 4.511392743588847303e-06
1.600000000000000000e+02 6.726785531526023388e-06
1.610000000000000000e+02 5.635286227772169823e-06
1.620000000000000000e+02 6.476635274618632856e-06
1.630000000000000000e+02 4.683576555060158092e-06
1.640000000000000000e+02 3.853930219592364969e-06
1.650000000000000000e+02 6.583873433182946681e-06
1.660000000000000000e+02 4.660640332857497281e-06
1.670000000000000000e+02 5.660147285970693539e-06
1.680000000000000000e+02 4.599580149276208830e-06
1.690000000000000000e+02 4.461926272822647730e-06
1.700000000000000000e+02 4.277348104047790989e-06
1.710000000000000000e+02 3.998749536110617898e-06
1.720000000000000000e+02 3.406132834730367901e-06
1.730000000000000000e+02 3.471176204031234319e-06
1.740000000000000000e+02 4.280849738015119919e-06
1.750000000000000000e+02 4.703189948774226746e-06
1.760000000000000000e+02 3.954841599506162794e-06
1.770000000000000000e+02 5.301786432629777166e-06
1.780000000000000000e+02 2.959161038340181868e-06
1.790000000000000000e+02 2.858963654281138857e-06
1.800000000000000000e+02 3.568024604657396533e-06
1.810000000000000000e+02 3.368647418186628976e-06
1.820000000000000000e+02 4.478862591271424873e-06
1.830000000000000000e+02 3.682522564623915581e-06
1.840000000000000000e+02 3.249722009889501161e-06
1.850000000000000000e+02 2.859083309904919803e-06
1.860000000000000000e+02 2.985850834781751086e-06
1.870000000000000000e+02 2.424486851785936129e-06
1.880000000000000000e+02 5.940949624638651582e-06
1.890000000000000000e+02 3.976802074081045265e-06
1.900000000000000000e+02 3.345072918406043639e-06
1.910000000000000000e+02 2.829856079207049396e-06
1.920000000000000000e+02 3.434577663869980003e-06
1.930000000000000000e+02 2.128896431818643297e-06
1.940000000000000000e+02 1.926900012341319728e-06
1.950000000000000000e+02 3.949064936853665094e-06
1.960000000000000000e+02 2.402467932491702210e-06
1.970000000000000000e+02 2.053501952654560167e-06
1.980000000000000000e+02 2.369839183493347244e-06
1.990000000000000000e+02 4.877359278671607310e-06
2.000000000000000000e+02 2.891836949441722265e-06
2.010000000000000000e+02 3.679100108174691682e-06
2.020000000000000000e+02 2.555241622574308783e-06
2.030000000000000000e+02 4.928297364429587230e-06
2.040000000000000000e+02 2.176324689238973734e-06
2.050000000000000000e+02 3.941371292842192700e-06
2.060000000000000000e+02 3.666560156222543998e-06
2.070000000000000000e+02 1.957968439684574256e-06
2.080000000000000000e+02 2.463127097752713405e-06
2.090000000000000000e+02 1.980339022336380298e-06
2.100000000000000000e+02 1.509838224776408070e-06
2.110000000000000000e+02 2.674389818994915459e-06
2.120000000000000000e+02 2.405625183966334439e-06
2.130000000000000000e+02 1.899013852932515730e-06
2.140000000000000000e+02 2.185279684957846518e-06
2.150000000000000000e+02 2.264418826775502047e-06
2.160000000000000000e+02 2.629138506953779510e-06
2.170000000000000000e+02 3.473621037524149971e-06
2.180000000000000000e+02 1.969899364352110537e-06
2.190000000000000000e+02 2.207714135984463810e-06
2.200000000000000000e+02 2.019963097056777467e-06
2.210000000000000000e+02 3.198797558766491561e-06
2.220000000000000000e+02 2.058434641971971833e-06
2.230000000000000000e+02 1.660035581880003908e-06
2.240000000000000000e+02 1.501825391393440086e-06
2.250000000000000000e+02 2.118977601790919045e-06
2.260000000000000000e+02 1.624682329319678538e-06
2.270000000000000000e+02 2.904984992524142624e-06
2.280000000000000000e+02 1.694901976806876211e-06
2.290000000000000000e+02 4.171197477488956580e-06
2.300000000000000000e+02 1.760641494633004333e-06
2.310000000000000000e+02 3.289856851927153276e-06
2.320000000000000000e+02 2.191067291556552009e-06
2.330000000000000000e+02 5.979139856684919110e-06
2.340000000000000000e+02 2.303829114043411093e-06
2.350000000000000000e+02 1.474850153944294327e-06
2.360000000000000000e+02 1.935629200084007231e-06
2.370000000000000000e+02 1.209104335812511216e-06
2.380000000000000000e+02 1.883875000642083399e-06
2.390000000000000000e+02 4.650996241479358226e-06
2.400000000000000000e+02 3.876146738418654468e-06
2.410000000000000000e+02 1.359204293606771473e-06
2.420000000000000000e+02 1.305247834870342760e-06
2.430000000000000000e+02 1.293156687387696370e-06
2.440000000000000000e+02 1.270058563331820982e-06
2.450000000000000000e+02 1.720145410264995773e-06
2.460000000000000000e+02 1.275894939041806471e-06
2.470000000000000000e+02 1.771546739918190843e-06
2.480000000000000000e+02 1.154951548902015926e-06
2.490000000000000000e+02 1.206898170338530448e-06
2.500000000000000000e+02 1.392403423324730016e-06
2.510000000000000000e+02 2.654211528613757353e-06
2.520000000000000000e+02 1.995945593943739894e-06
2.530000000000000000e+02 1.035621316515237768e-06
2.540000000000000000e+02 1.157007846635815730e-06
2.550000000000000000e+02 2.395090713176571887e-06
2.560000000000000000e+02 2.215091300942245349e-06
2.570000000000000000e+02 1.727615701440533237e-06
2.580000000000000000e+02 1.488470172826031641e-06
2.590000000000000000e+02 1.737577952420394689e-06
2.600000000000000000e+02 1.050174153553643250e-06
2.610000000000000000e+02 1.138188159298610767e-06
2.620000000000000000e+02 1.540557492219984283e-06
2.630000000000000000e+02 1.937422607560314651e-06
2.640000000000000000e+02 9.638761926983543423e-07
2.650000000000000000e+02 1.513395905700039757e-06
2.660000000000000000e+02 1.372567686915455513e-06
2.670000000000000000e+02 1.564762164293830653e-06
2.680000000000000000e+02 3.676096381481867458e-06
2.690000000000000000e+02 2.075615405417910765e-06
2.700000000000000000e+02 1.180363183626095754e-06
2.710000000000000000e+02 1.271039252948552246e-06
2.720000000000000000e+02 2.040269395974301574e-06
2.730000000000000000e+02 1.889218859514644264e-06
2.740000000000000000e+02 1.606848324925654520e-06
2.750000000000000000e+02 1.912716445156727101e-06
2.760000000000000000e+02 1.095066242035956811e-06
2.770000000000000000e+02 1.044189462307768140e-06
2.780000000000000000e+02 1.550193236725242976e-06
2.790000000000000000e+02 1.800372959845415545e-06
2.800000000000000000e+02 1.689704367890953891e-06
2.810000000000000000e+02 9.546365411336088890e-07
2.820000000000000000e+02 1.081928191646141141e-06
2.830000000000000000e+02 1.952783734599265897e-06
2.840000000000000000e+02 2.301159017657723599e-06
2.850000000000000000e+02 9.884636243080524516e-07
2.860000000000000000e+02 1.639156649432757486e-06
2.870000000000000000e+02 8.164551605841316145e-07
2.880000000000000000e+02 9.435494871261672454e-07
2.890000000000000000e+02 1.297908321436103070e-06
2.900000000000000000e+02 9.115687803994627737e-07
2.910000000000000000e+02 1.323575397950975248e-06
2.920000000000000000e+02 8.343449212736347371e-07
2.930000000000000000e+02 2.913472160966354004e-06
2.940000000000000000e+02 4.540153798114522739e-06
2.950000000000000000e+02 1.213821220415826716e-06
2.960000000000000000e+02 7.676548995234643017e-07
2.970000000000000000e+02 7.290993007830068244e-07
2.980000000000000000e+02 3.878438450280098902e-06
2.990000000000000000e+02 3.563233735172703362e-06
3.000000000000000000e+02 1.304299551293002790e-06
3.010000000000000000e+02 1.089026504914951519e-06
3.020000000000000000e+02 1.055101088541722880e-06
3.030000000000000000e+02 7.904930240758507326e-07
3.040000000000000000e+02 8.551181679357196442e-07
3.050000000000000000e+02 7.939065410061009061e-07
3.060000000000000000e+02 1.457970211615764256e-06
3.070000000000000000e+02 8.449374426919700463e-07
3.080000000000000000e+02 7.106220707823987595e-07
3.090000000000000000e+02 7.839902363302024308e-07
3.100000000000000000e+02 8.117555276443638350e-07
3.110000000000000000e+02 7.251179979415912693e-07
3.120000000000000000e+02 7.605646183078894341e-07
3.130000000000000000e+02 7.773885121701910515e-07
3.140000000000000000e+02 1.055491675535789498e-06
3.150000000000000000e+02 1.179038206642027421e-06
3.160000000000000000e+02 8.872600834594432722e-07
3.170000000000000000e+02 8.158171517730977150e-07
3.180000000000000000e+02 7.440213412384656176e-07
3.190000000000000000e+02 9.166827242961576137e-07
3.200000000000000000e+02 1.060589389234114404e-06
3.210000000000000000e+02 1.932536496451044582e-06
3.220000000000000000e+02 1.269481510247663045e-06
3.230000000000000000e+02 1.257685110958633804e-06
3.240000000000000000e+02 8.645544541895814381e-07
3.250000000000000000e+02 7.858120304219492232e-07
3.260000000000000000e+02 8.657237404024883117e-07
3.270000000000000000e+02 8.753611828199310934e-07
3.280000000000000000e+02 2.315578773562179032e-06
3.290000000000000000e+02 9.964264077092153442e-06
3.300000000000000000e+02 2.434855973560618957e-06
3.310000000000000000e+02 1.110515456668423717e-06
3.320000000000000000e+02 6.434014231635767044e-07
3.330000000000000000e+02 6.861083877506036654e-07
3.340000000000000000e+02 7.962081934676907940e-07
3.350000000000000000e+02 7.538308405188116481e-07
3.360000000000000000e+02 7.251353409556833758e-07
3.370000000000000000e+02 6.562512761752583561e-07
3.380000000000000000e+02 7.046583780823165715e-07
3.390000000000000000e+02 7.046910989413522944e-07
3.400000000000000000e+02 6.258790358603870406e-07
3.410000000000000000e+02 9.171105883520304400e-07
3.420000000000000000e+02 1.250367452198429340e-06
3.430000000000000000e+02 8.306952707358332326e-07
3.440000000000000000e+02 1.170973940637692150e-06
3.450000000000000000e+02 8.807852701193395658e-07
3.460000000000000000e+02 7.095535789482325328e-07
3.470000000000000000e+02 9.071635740389987462e-07
3.480000000000000000e+02 9.803487689762186452e-07
3.490000000000000000e+02 1.212729166180919646e-06
3.500000000000000000e+02 7.734021457907502838e-07
3.510000000000000000e+02 6.742432271704155520e-07
3.520000000000000000e+02 6.556720420024834377e-07
3.530000000000000000e+02 7.712664266857385008e-07
3.540000000000000000e+02 7.721032022018995742e-07
3.550000000000000000e+02 8.857876953853707643e-07
3.560000000000000000e+02 7.659966153564987567e-07
3.570000000000000000e+02 7.592319112558560427e-07
3.580000000000000000e+02 6.596088586387196480e-07
3.590000000000000000e+02 6.621756488831784437e-07
3.600000000000000000e+02 7.698531529833544567e-07
3.610000000000000000e+02 7.318771787316341778e-07
3.620000000000000000e+02 7.959544171256661377e-07
3.630000000000000000e+02 1.489708989637573983e-06
3.640000000000000000e+02 1.611658500328698737e-06
3.650000000000000000e+02 6.075457682779926250e-07
3.660000000000000000e+02 1.022908797345079339e-06
3.670000000000000000e+02 7.227418381641057734e-07
3.680000000000000000e+02 6.393504062674735839e-07
3.690000000000000000e+02 7.895432849295060199e-07
3.700000000000000000e+02 6.187137467883304893e-07
3.710000000000000000e+02 6.214559761307234106e-07
3.720000000000000000e+02 9.199806480594801140e-07
3.730000000000000000e+02 9.263567982818906820e-07
3.740000000000000000e+02 6.215606668744183123e-07
3.750000000000000000e+02 8.506484620512285426e-07
3.760000000000000000e+02 1.009691161757042751e-06
3.770000000000000000e+02 7.568416442364531391e-07
3.780000000000000000e+02 7.527607028649204608e-07
3.790000000000000000e+02 7.045046705994199002e-07
3.800000000000000000e+02 7.392407241537104071e-07
3.810000000000000000e+02 8.028085541642052472e-07
3.820000000000000000e+02 1.830477879778874746e-06
3.830000000000000000e+02 1.059471834607992500e-06
