0, 6.5756e-03, 1.5756e-01, fsolve flag:5, 2.0777e-02, 527
1, 4.0691e-03, 1.9536e-01, fsolve flag:5, 4.7387e-02, 527
2, 1.5022e-02, 2.7729e-01, fsolve flag:1, 4.1071e-07, 1308
3, 5.0191e-03, 1.7026e-01, fsolve flag:5, 2.4969e-02, 527
4, 2.6153e-03, 5.8044e-06, fsolve flag:1, 3.3714e-07, 524
5, 4.3092e-02, 3.2012e-01, fsolve flag:1, 3.9712e-07, 790
6, 6.7191e-03, 1.3745e-01, fsolve flag:5, 1.8644e-02, 527
7, 4.9061e-03, 8.6479e-05, fsolve flag:1, 8.7544e-08, 523
8, 2.4712e-03, 5.4260e-05, fsolve flag:1, 2.1025e-07, 525
9, 1.9233e-03, 1.8135e-05, fsolve flag:1, 2.6263e-07, 525
10, 2.0340e-03, 4.0353e-05, fsolve flag:1, 1.6950e-07, 782
11, 1.0332e-02, 1.5753e-01, fsolve flag:5, 6.4755e-03, 527
12, 1.8662e-03, 2.9394e-05, fsolve flag:1, 1.3108e-07, 781
13, 5.9684e-03, 1.6721e-01, fsolve flag:4, 2.4632e-02, 1339
14, 1.4126e-03, 7.6297e-06, fsolve flag:1, 3.4645e-07, 525
15, 2.3012e-03, 2.3023e-05, fsolve flag:1, 1.1537e-07, 524
16, 8.4262e-03, 1.3630e-01, fsolve flag:4, 7.7805e-03, 1832
17, 3.1240e-03, 4.3793e-05, fsolve flag:1, 2.0768e-07, 784
18, 5.0779e-02, 3.2521e-01, fsolve flag:1, 4.4610e-07, 797
19, 3.9495e-03, 8.7184e-05, fsolve flag:1, 9.4995e-08, 525
20, 1.8656e-03, 3.5125e-05, fsolve flag:1, 1.5087e-07, 784
21, 1.5813e-03, 6.8629e-06, fsolve flag:1, 3.5111e-07, 783
22, 1.7764e-03, 1.0171e-05, fsolve flag:1, 3.6135e-07, 784
23, 3.8250e-02, 3.1307e-01, fsolve flag:1, 4.4005e-07, 1050
24, 2.1095e-03, 6.1080e-05, fsolve flag:1, 1.5274e-07, 524
25, 4.3339e-03, 2.7515e-05, fsolve flag:1, 6.8039e-07, 524
26, 3.7807e-03, 3.5283e-05, fsolve flag:1, 1.2061e-07, 524
27, 7.3633e-03, 1.5726e-01, fsolve flag:5, 1.7713e-02, 527
28, 1.6166e-03, 9.4524e-06, fsolve flag:1, 4.0047e-07, 526
29, 1.0154e-02, 1.4428e-01, fsolve flag:5, 1.2645e-03, 790
30, 1.3415e-02, 2.6109e-01, fsolve flag:4, 9.8653e-05, 1589
31, 1.8862e-01, 3.5201e-01, fsolve flag:4, 1.1203e-03, 1573
32, 1.5296e-03, 8.9552e-06, fsolve flag:1, 3.1851e-07, 524
33, 2.7950e-03, 2.6530e-05, fsolve flag:1, 1.5646e-07, 523
34, 2.1139e-03, 1.3785e-05, fsolve flag:1, 3.6228e-07, 524
35, 4.7548e-03, 1.6914e-01, fsolve flag:5, 2.6668e-02, 527
36, 2.8826e-03, 3.2617e-05, fsolve flag:1, 2.2724e-07, 524
37, 6.4766e-02, 3.4308e-01, fsolve flag:1, 4.5694e-07, 1053
38, 1.2225e-02, 2.3770e-01, fsolve flag:1, 6.9663e-07, 1053
39, 1.9824e-03, 9.7988e-06, fsolve flag:1, 4.5169e-07, 524
40, 2.9457e-03, 3.2242e-01, fsolve flag:5, 3.4385e-02, 527
41, 2.9733e-03, 2.7079e-05, fsolve flag:1, 5.7183e-07, 525
42, 8.0887e-03, 1.4883e-01, fsolve flag:4, 6.8597e-03, 1311
43, 3.0712e-03, 1.1112e-05, fsolve flag:1, 5.0408e-07, 526
44, 2.0958e-02, 2.8455e-01, fsolve flag:1, 4.3772e-07, 1052
45, 1.6025e-03, 7.9877e-06, fsolve flag:1, 3.8976e-07, 525
46, 1.1101e-02, 1.5067e-01, fsolve flag:4, 2.2442e-03, 1871
47, 4.5088e-02, 3.1169e-01, fsolve flag:4, 8.3361e-04, 1841
48, 8.6172e-02, 3.2576e-01, fsolve flag:1, 4.7247e-07, 791
49, 2.0984e-03, 1.9410e-05, fsolve flag:1, 1.4761e-07, 782
50, 2.3967e-01, 3.5361e-01, fsolve flag:4, 1.9503e-03, 1569
51, 5.1230e-03, 1.7227e-01, fsolve flag:5, 1.6937e-02, 527
52, 1.7650e-03, 2.7834e-05, fsolve flag:1, 1.5274e-07, 526
53, 5.4762e-03, 1.6977e-01, fsolve flag:5, 1.7568e-02, 527
54, 1.8667e-02, 2.8933e-01, fsolve flag:4, 2.7863e-04, 1571
55, 1.6737e-03, 9.4848e-06, fsolve flag:1, 3.4366e-07, 526
56, 6.4412e-03, 1.6519e-01, fsolve flag:5, 4.1253e-02, 527
57, 1.8391e-03, 6.9721e-06, fsolve flag:1, 3.9395e-07, 525
58, 2.8831e-03, 1.1101e-05, fsolve flag:1, 4.2282e-07, 524
59, 4.5648e-03, 8.1772e-05, fsolve flag:1, 9.0338e-08, 525
60, 6.9249e-02, 3.3438e-01, fsolve flag:5, 1.2938e-03, 1063
61, 4.6425e-03, 2.1427e-01, fsolve flag:5, 4.4636e-02, 527
62, 2.5247e-03, 3.7064e-05, fsolve flag:1, 3.0105e-07, 523
63, 5.9190e-03, 1.6257e-01, fsolve flag:4, 2.7371e-02, 1310
64, 2.1151e-03, 2.4758e-05, fsolve flag:1, 2.8685e-07, 523
65, 1.9000e-03, 9.4895e-06, fsolve flag:1, 3.7800e-07, 524
66, 2.0803e-02, 2.8803e-01, fsolve flag:1, 4.5425e-07, 795
67, 1.8523e-03, 4.8831e-01, fsolve flag:4, 6.2193e-02, 1354
68, 1.7045e-03, 8.7971e-06, fsolve flag:1, 3.5268e-07, 524
69, 2.8099e-03, 3.0113e-05, fsolve flag:1, 2.8475e-07, 782
70, 5.5417e-03, 1.6573e-01, fsolve flag:5, 3.6361e-02, 527
71, 3.7418e-03, 1.8509e-01, fsolve flag:5, 3.1265e-02, 1052
72, 1.6213e-03, 8.6577e-06, fsolve flag:1, 4.8056e-07, 523
73, 6.5923e-03, 3.4504e-05, fsolve flag:1, 4.9407e-07, 525
74, 1.5060e-03, 1.3759e-05, fsolve flag:1, 3.8184e-07, 525
75, 1.6151e-03, 1.1991e-05, fsolve flag:1, 4.5233e-07, 525
76, 2.4632e-03, 4.0217e-05, fsolve flag:1, 1.5541e-07, 524
77, 1.5217e-02, 2.5179e-01, fsolve flag:5, 1.3330e-04, 1312
78, 1.9810e-03, 9.0416e-06, fsolve flag:1, 3.7067e-07, 525
79, 1.7686e-03, 8.0148e-06, fsolve flag:1, 3.9581e-07, 527
80, 1.8354e-02, 2.1797e-01, fsolve flag:1, 5.8068e-07, 1050
81, 2.8505e-03, 3.2256e-01, fsolve flag:5, 4.3902e-02, 527
82, 7.0576e-03, 1.6206e-01, fsolve flag:5, 5.6017e-03, 1054
83, 1.2793e-02, 1.5280e-01, fsolve flag:5, 8.1309e-03, 527
84, 9.0093e-03, 1.5065e-01, fsolve flag:4, 8.8280e-03, 1305
85, 1.0704e-02, 1.4447e-01, fsolve flag:5, 1.0982e-02, 527
86, 3.2189e-02, 3.0690e-01, fsolve flag:1, 4.4564e-07, 535
87, 1.0413e-02, 1.4869e-01, fsolve flag:5, 3.4470e-03, 794
88, 7.4545e-03, 1.4692e-01, fsolve flag:5, 1.5377e-02, 527
89, 1.7529e-01, 3.5285e-01, fsolve flag:4, 2.4762e-04, 1834
90, 1.0790e-02, 2.4481e-01, fsolve flag:5, 1.6503e-04, 1307
91, 1.7903e-03, 1.5435e-05, fsolve flag:1, 3.7346e-07, 525
92, 9.2418e-03, 2.6262e-01, fsolve flag:5, 3.0678e-02, 527
93, 2.2111e-03, 3.2809e-05, fsolve flag:1, 1.6764e-07, 525
94, 1.0255e-02, 1.4416e-01, fsolve flag:5, 1.1631e-02, 527
95, 2.7040e-03, 2.2631e-05, fsolve flag:1, 1.1548e-07, 524
96, 2.4969e-03, 2.0969e-05, fsolve flag:1, 2.8952e-07, 785
97, 1.7450e-01, 3.5233e-01, fsolve flag:5, 1.3571e-04, 2094
98, 6.2078e-03, 2.0078e-05, fsolve flag:1, 4.1071e-07, 524
99, 5.7025e-02, 3.2231e-01, fsolve flag:1, 4.5856e-07, 794
mean err: 1.2239e-01
