0, 3.2065e-01, 3.5052e-01, fsolve flag:5, 7.3208e-04, 1594
1, 8.5639e-03, 5.4485e-05, fsolve flag:1, 2.9709e-07, 524
2, 3.9564e-02, 3.2069e-01, fsolve flag:1, 4.7451e-07, 794
3, 4.7860e-02, 5.4623e-04, fsolve flag:1, 1.3970e-07, 525
4, 1.1612e-01, 3.2657e-01, fsolve flag:1, 3.7951e-07, 793
5, 3.1865e-01, 3.3601e-01, fsolve flag:4, 5.1893e-03, 1573
6, 6.4078e-01, 3.4958e-01, fsolve flag:5, 6.2049e-07, 533
7, 1.0364e-01, 3.2703e-01, fsolve flag:1, 4.7486e-07, 1054
8, 2.9478e-02, 2.9475e-01, fsolve flag:5, 1.1766e-03, 1832
9, 1.0189e-01, 1.3934e-03, fsolve flag:1, 1.3877e-07, 527
10, 2.5467e-02, 2.8179e-01, fsolve flag:1, 4.5635e-07, 1048
11, 5.9299e-02, 2.9876e-01, fsolve flag:1, 4.6066e-07, 792
12, 7.6931e-03, 4.3415e-05, fsolve flag:1, 1.5646e-07, 525
13, 2.0734e-01, 4.6119e-03, fsolve flag:4, 4.5983e-04, 2102
14, 2.5516e-01, 3.4916e-01, fsolve flag:1, 4.9593e-07, 532
15, 2.9650e-01, 1.0008e-02, fsolve flag:1, 1.8068e-07, 799
16, 5.0558e-02, 3.2437e-01, fsolve flag:4, 1.6203e-03, 1569
17, 2.4333e-01, 3.4970e-01, fsolve flag:1, 4.7911e-07, 536
18, 4.9884e-02, 3.1511e-01, fsolve flag:1, 4.4238e-07, 1053
19, 4.4671e-01, 3.5043e-01, fsolve flag:5, 5.1875e-03, 1585
20, 1.1914e-02, 2.5204e-01, fsolve flag:1, 4.6473e-07, 535
21, 1.4297e-01, 3.5055e-03, fsolve flag:1, 1.0617e-07, 791
22, 1.9891e-01, 3.3131e-01, fsolve flag:1, 5.4750e-07, 538
23, 1.3537e-01, 3.3925e-01, fsolve flag:5, 2.7115e-03, 1314
24, 1.7168e-02, 1.2106e-04, fsolve flag:1, 1.9232e-07, 524
25, 1.2789e-01, 3.2828e-01, fsolve flag:1, 3.8702e-07, 536
26, 2.6916e-01, 9.5170e-03, fsolve flag:1, 1.8254e-07, 798
27, 2.2828e-01, 3.4580e-01, fsolve flag:4, 1.0217e-04, 1574
28, 1.0442e-01, 1.3231e-03, fsolve flag:1, 1.6997e-07, 796
29, 1.7517e-02, 2.9243e-01, fsolve flag:4, 2.2813e-04, 1570
30, 1.7353e-01, 5.9017e-03, fsolve flag:1, 1.1176e-07, 803
31, 1.0494e-01, 3.2116e-01, fsolve flag:4, 1.4049e-02, 1570
32, 2.2296e-01, 1.1380e-02, fsolve flag:1, 1.0524e-07, 801
33, 1.0886e-01, 2.1161e-03, fsolve flag:1, 1.7043e-07, 795
34, 7.0612e-03, 3.5882e-05, fsolve flag:1, 4.4331e-07, 522
35, 1.6669e-02, 2.9071e-01, fsolve flag:4, 8.6705e-03, 1573
36, 3.8686e-01, 3.4238e-01, fsolve flag:1, 5.1642e-07, 794
37, 1.4337e-01, 3.9025e-03, fsolve flag:1, 1.2666e-07, 798
38, 7.1005e-01, 1.4797e-01, fsolve flag:1, 2.6263e-07, 1067
39, 1.8779e-02, 3.1141e-01, fsolve flag:5, 1.6426e-03, 1316
40, 6.3471e-03, 6.8147e-05, fsolve flag:1, 2.7940e-07, 525
41, 1.5144e-02, 1.1280e-04, fsolve flag:1, 1.5274e-07, 783
42, 1.4884e-02, 2.7418e-01, fsolve flag:4, 8.0164e-06, 1586
43, 1.1158e-02, 6.7337e-05, fsolve flag:1, 2.1979e-07, 526
44, 1.5935e-02, 1.5098e-01, fsolve flag:4, 3.6743e-03, 1371
45, 2.5180e-01, 3.4429e-01, fsolve flag:1, 5.1153e-07, 794
46, 1.9959e-01, 3.3612e-01, fsolve flag:1, 3.9139e-07, 794
47, 1.8171e-01, 6.6295e-03, fsolve flag:1, 1.2666e-07, 1053
48, 5.5682e-03, 3.6947e-05, fsolve flag:1, 1.6764e-07, 524
49, 1.6398e-01, 3.1840e-01, fsolve flag:4, 7.9018e-03, 1565
50, 1.6386e-01, 3.3256e-01, fsolve flag:1, 4.3921e-07, 1047
51, 1.4859e-02, 1.2055e-04, fsolve flag:1, 2.0489e-07, 525
52, 5.4167e-02, 3.2369e-01, fsolve flag:1, 5.1549e-07, 792
53, 3.0873e-01, 3.5041e-01, fsolve flag:4, 8.4788e-04, 1833
54, 2.0746e-02, 2.8866e-01, fsolve flag:1, 4.1164e-07, 1052
55, 9.0895e-02, 1.4928e-03, fsolve flag:1, 1.8626e-07, 523
56, 3.3800e-02, 2.8225e-01, fsolve flag:1, 4.7474e-07, 792
57, 2.4655e-01, 3.4996e-01, fsolve flag:1, 4.6007e-07, 796
58, 9.2181e-02, 1.1550e-03, fsolve flag:1, 1.4622e-07, 524
59, 2.3927e-01, 1.1330e-02, fsolve flag:1, 9.6858e-08, 1068
60, 6.6486e-03, 4.8530e-05, fsolve flag:1, 2.6263e-07, 525
61, 1.5529e-01, 3.4034e-03, fsolve flag:5, 4.1563e-03, 2629
62, 4.3908e-02, 2.8784e-01, fsolve flag:1, 5.6811e-07, 793
63, 4.3015e-02, 4.6625e-04, fsolve flag:1, 2.1979e-07, 525
64, 3.9903e-02, 3.2158e-01, fsolve flag:1, 4.6368e-07, 1049
65, 1.2297e-01, 3.3802e-01, fsolve flag:1, 4.2771e-07, 793
66, 2.0924e-01, 5.4872e-03, fsolve flag:1, 1.6950e-07, 799
67, 3.0109e-02, 3.1723e-01, fsolve flag:4, 1.3038e-03, 1574
68, 3.6047e-01, 3.6982e-02, fsolve flag:1, 9.6858e-08, 800
69, 3.6348e-01, 3.5083e-01, fsolve flag:1, 4.7614e-07, 535
70, 1.4225e-02, 3.1423e-01, fsolve flag:1, 4.3027e-07, 538
71, 3.2083e-02, 2.0185e-04, fsolve flag:1, 3.5018e-07, 783
72, 4.6681e-02, 2.9185e-01, fsolve flag:1, 3.7765e-07, 535
73, 3.8982e-01, 1.7942e-02, fsolve flag:1, 1.7509e-07, 1321
74, 2.0788e-02, 1.9214e-04, fsolve flag:1, 1.1548e-07, 523
75, 2.1371e-01, 3.3444e-01, fsolve flag:1, 4.3528e-07, 794
76, 3.3522e-02, 2.6615e-01, fsolve flag:1, 4.7497e-07, 796
77, 1.3717e-01, 1.5810e-03, fsolve flag:4, 1.0051e-02, 1830
78, 2.5745e-02, 1.5968e-04, fsolve flag:1, 1.8906e-07, 523
79, 6.1693e-01, 3.4933e-01, fsolve flag:4, 1.5866e-03, 1576
80, 7.5021e-03, 5.3906e-05, fsolve flag:1, 1.9930e-07, 524
81, 6.2370e-02, 8.5929e-04, fsolve flag:1, 2.1499e-07, 526
82, 3.5514e-01, 3.6158e-02, fsolve flag:5, 1.1362e-07, 544
83, 6.1210e-02, 7.1617e-04, fsolve flag:1, 1.7695e-07, 524
84, 2.9695e-02, 3.2280e-01, fsolve flag:1, 4.4866e-07, 536
85, 3.0131e-01, 1.4872e-02, fsolve flag:1, 8.9407e-08, 795
86, 3.1973e-02, 3.2950e-04, fsolve flag:1, 1.5553e-07, 523
87, 3.7571e-02, 3.1326e-04, fsolve flag:1, 1.9930e-07, 524
88, 1.6601e-01, 3.2720e-01, fsolve flag:1, 4.9148e-07, 1050
89, 1.9789e-01, 7.5979e-03, fsolve flag:4, 6.0058e-04, 2111
90, 1.5959e-02, 2.7410e-04, fsolve flag:1, 1.8836e-07, 268
91, 1.0699e-01, 3.1106e-01, fsolve flag:4, 4.2237e-03, 1567
92, 7.6298e-03, 4.6958e-05, fsolve flag:1, 1.5600e-07, 524
93, 1.3258e-01, 6.0411e-03, fsolve flag:1, 1.0431e-07, 799
94, 3.6791e-02, 2.6430e-01, fsolve flag:4, 1.8425e-04, 1566
95, 4.6173e-01, 3.5123e-01, fsolve flag:4, 1.8962e-03, 1832
96, 2.3263e-02, 2.4261e-04, fsolve flag:1, 1.6182e-07, 524
97, 2.4209e-01, 3.4189e-01, fsolve flag:1, 4.4680e-07, 534
98, 6.7776e-02, 2.7619e-01, fsolve flag:4, 3.2297e-03, 1829
99, 1.4463e-01, 3.1099e-01, fsolve flag:1, 4.9314e-07, 795
mean err: 1.7115e-01
