0, 2.1800e-01, 1.1440e-03, fsolve flag:1, 1.9930e-07, 525
1, 5.6681e-02, 9.0860e-04, fsolve flag:1, 3.0547e-07, 526
2, 2.3053e-02, 1.2038e-04, fsolve flag:1, 2.7628e-07, 525
3, 2.0228e-01, 7.8171e-03, fsolve flag:1, 1.1269e-07, 535
4, 7.7289e-02, 5.9957e-04, fsolve flag:1, 3.1572e-07, 785
5, 2.3184e-01, 2.3613e-03, fsolve flag:1, 3.2783e-07, 781
6, 4.5784e-01, 3.7332e-03, fsolve flag:1, 2.4773e-07, 1580
7, 6.5019e-02, 4.0061e-04, fsolve flag:1, 2.8053e-07, 784
8, 1.9840e-02, 1.0178e-04, fsolve flag:1, 3.3248e-07, 524
9, 2.2521e-01, 8.0551e-03, fsolve flag:1, 1.3225e-07, 534
10, 1.5879e-02, 1.1632e-04, fsolve flag:1, 4.0629e-07, 524
11, 3.9318e-02, 3.0075e-04, fsolve flag:1, 4.7218e-07, 526
12, 7.6131e-02, 1.1009e-03, fsolve flag:1, 1.5274e-07, 525
13, 3.2305e-01, 1.0379e-02, fsolve flag:1, 1.7375e-07, 794
14, 1.6732e-01, 5.9282e-04, fsolve flag:1, 1.4028e-07, 786
15, 4.2118e-01, 1.6759e-02, fsolve flag:1, 1.5832e-07, 800
16, 2.9026e-02, 1.5323e-04, fsolve flag:1, 3.0268e-07, 785
17, 1.6298e-01, 6.8299e-04, fsolve flag:1, 2.0303e-07, 524
18, 3.2798e-02, 2.2648e-04, fsolve flag:1, 3.1944e-07, 523
19, 3.1989e-01, 2.3370e-03, fsolve flag:1, 1.9185e-07, 786
20, 7.2315e-03, 5.8184e-05, fsolve flag:1, 4.8988e-07, 781
21, 3.6325e-01, 2.1335e-02, fsolve flag:1, 7.2876e-08, 795
22, 1.3717e-01, 1.0051e-03, fsolve flag:1, 2.8405e-07, 528
23, 8.8470e-02, 5.2653e-04, fsolve flag:1, 3.2503e-07, 783
24, 9.1400e-02, 1.6057e-03, fsolve flag:1, 1.6205e-07, 789
25, 8.4393e-02, 3.9063e-04, fsolve flag:1, 2.6892e-07, 524
26, 4.0522e-01, 1.7720e-02, fsolve flag:1, 1.2759e-07, 799
27, 1.4895e-01, 8.3199e-04, fsolve flag:1, 2.9854e-07, 526
28, 2.0114e-01, 3.8454e-03, fsolve flag:1, 1.5367e-07, 792
29, 9.9265e-03, 4.8931e-05, fsolve flag:1, 4.5914e-07, 783
30, 3.3699e-01, 1.8754e-02, fsolve flag:1, 1.0151e-07, 1054
31, 6.9515e-02, 6.9621e-04, fsolve flag:1, 2.2305e-07, 786
32, 4.3393e-01, 2.9767e-02, fsolve flag:1, 8.9407e-08, 796
33, 2.4990e-01, 8.8796e-03, fsolve flag:1, 1.2480e-07, 1053
34, 5.7308e-02, 8.6326e-04, fsolve flag:1, 3.1665e-07, 524
35, 9.2269e-03, 6.4958e-05, fsolve flag:1, 2.7474e-07, 525
36, 2.8341e-01, 1.8847e-03, fsolve flag:1, 2.9197e-07, 786
37, 2.7955e-01, 1.1079e-02, fsolve flag:1, 1.3784e-07, 797
38, 7.8130e-01, 9.0186e-02, fsolve flag:1, 1.6019e-07, 802
39, 1.0250e-02, 6.5582e-05, fsolve flag:1, 2.2119e-07, 526
40, 1.6534e-01, 8.6756e-03, fsolve flag:1, 1.5181e-07, 793
41, 1.0020e-01, 1.7647e-03, fsolve flag:1, 1.4249e-07, 538
42, 8.5558e-03, 5.5142e-05, fsolve flag:1, 3.0920e-07, 526
43, 1.1707e-01, 1.9359e-03, fsolve flag:1, 1.7229e-07, 526
44, 1.0543e-02, 7.3640e-05, fsolve flag:1, 4.8615e-07, 525
45, 1.7290e-01, 1.9382e-03, fsolve flag:1, 1.5041e-07, 527
46, 1.3379e-01, 1.2822e-03, fsolve flag:1, 1.5041e-07, 786
47, 3.4822e-01, 1.8696e-02, fsolve flag:1, 1.2759e-07, 1060
48, 7.6069e-02, 1.3068e-03, fsolve flag:1, 1.9046e-07, 526
49, 1.1258e-01, 1.6072e-03, fsolve flag:1, 2.1590e-07, 526
50, 1.0568e-01, 1.1385e-03, fsolve flag:1, 2.7660e-07, 524
51, 1.2174e-01, 2.7760e-03, fsolve flag:1, 1.4156e-07, 1052
52, 3.3714e-02, 1.8758e-04, fsolve flag:1, 2.2911e-07, 783
53, 2.1443e-01, 1.0589e-03, fsolve flag:1, 2.6263e-07, 525
54, 1.3132e-02, 7.5167e-05, fsolve flag:1, 6.2835e-07, 524
55, 2.6760e-01, 9.5947e-03, fsolve flag:1, 1.1548e-07, 1050
56, 2.0702e-02, 3.8961e-04, fsolve flag:1, 3.3528e-07, 783
57, 1.6490e-01, 9.4860e-04, fsolve flag:1, 1.4435e-07, 784
58, 2.4258e-01, 6.9861e-03, fsolve flag:1, 1.4156e-07, 793
59, 4.5690e-01, 2.7087e-02, fsolve flag:1, 8.9407e-08, 798
60, 1.1493e-01, 2.4259e-03, fsolve flag:1, 1.8626e-07, 792
61, 3.6234e-01, 2.2700e-02, fsolve flag:1, 9.5461e-08, 797
62, 2.9105e-02, 2.7186e-04, fsolve flag:1, 3.5297e-07, 525
63, 1.7610e-01, 4.3586e-03, fsolve flag:1, 1.7881e-07, 1051
64, 2.4802e-02, 1.9169e-04, fsolve flag:1, 3.4412e-07, 785
65, 8.1126e-02, 8.7081e-04, fsolve flag:1, 1.4284e-07, 528
66, 3.2264e-01, 1.1475e-02, fsolve flag:1, 1.6019e-07, 798
67, 1.8490e-02, 1.1526e-04, fsolve flag:1, 2.7008e-07, 782
68, 5.2589e-01, 9.9490e-02, fsolve flag:1, 1.0803e-07, 1070
69, 2.4905e-01, 2.1678e-03, fsolve flag:1, 2.3589e-07, 527
70, 8.0370e-03, 4.8736e-05, fsolve flag:1, 4.6287e-07, 525
71, 9.9062e-02, 1.4311e-03, fsolve flag:1, 3.6275e-07, 790
72, 3.0180e-02, 3.3509e-04, fsolve flag:1, 4.6846e-07, 784
73, 5.3021e-01, 3.8197e-02, fsolve flag:1, 1.4901e-07, 1053
74, 1.8564e-01, 9.2684e-03, fsolve flag:1, 1.5832e-07, 790
75, 1.5017e-01, 1.2468e-03, fsolve flag:1, 2.3283e-07, 525
76, 2.1843e-02, 2.8084e-04, fsolve flag:1, 3.7812e-07, 525
77, 2.0440e-01, 3.3925e-03, fsolve flag:1, 3.9116e-07, 1057
78, 1.0788e-01, 1.6174e-03, fsolve flag:1, 1.7695e-07, 788
79, 4.4909e-01, 2.4095e-03, fsolve flag:1, 1.5134e-07, 784
80, 7.8052e-02, 1.4696e-03, fsolve flag:1, 1.8068e-07, 527
81, 2.3974e-01, 1.1070e-02, fsolve flag:1, 1.4435e-07, 791
82, 5.5302e-01, 1.1380e-01, fsolve flag:1, 9.2201e-08, 807
83, 1.7203e-01, 5.1554e-03, fsolve flag:1, 1.3039e-07, 794
84, 1.7597e-02, 1.0615e-04, fsolve flag:1, 4.0652e-07, 523
85, 4.7424e-01, 5.1571e-02, fsolve flag:1, 7.8697e-08, 1062
86, 1.2033e-01, 3.6299e-03, fsolve flag:1, 1.4342e-07, 794
87, 1.4208e-01, 2.7168e-03, fsolve flag:1, 1.4808e-07, 791
88, 1.1522e-01, 9.2185e-04, fsolve flag:1, 2.0815e-07, 784
89, 4.1153e-01, 2.8448e-02, fsolve flag:1, 9.0338e-08, 801
90, 1.1433e-01, 4.2293e-03, fsolve flag:1, 1.4529e-07, 789
91, 7.3391e-02, 6.3085e-04, fsolve flag:1, 3.8696e-07, 526
92, 7.1226e-02, 1.0607e-03, fsolve flag:1, 1.6112e-07, 525
93, 3.2146e-01, 2.2038e-02, fsolve flag:1, 1.0058e-07, 792
94, 2.5099e-02, 1.7744e-04, fsolve flag:1, 3.9628e-07, 782
95, 3.2105e-01, 2.2506e-03, fsolve flag:1, 1.2666e-07, 784
96, 1.9447e-01, 5.8405e-03, fsolve flag:1, 9.7789e-08, 1053
97, 1.6207e-01, 8.1704e-04, fsolve flag:1, 1.7991e-07, 1327
98, 4.6344e-02, 4.0604e-04, fsolve flag:1, 3.1653e-07, 528
99, 9.8438e-02, 6.1798e-04, fsolve flag:1, 2.6170e-07, 785
mean err: 8.1433e-03
