0.000000000000000000e+00 7.528362028277826726e-04
1.000000000000000000e+00 1.830679613030123721e-04
2.000000000000000000e+00 1.573555612375889825e-04
3.000000000000000000e+00 1.220414565234382941e-04
4.000000000000000000e+00 5.396562523610810185e-05
5.000000000000000000e+00 1.906278882336305870e-06
6.000000000000000000e+00 4.210452582841218816e-07
7.000000000000000000e+00 1.212559656318397696e-07
8.000000000000000000e+00 6.977913512839652882e-08
9.000000000000000000e+00 4.981534359744281090e-08
1.000000000000000000e+01 5.067972746852158092e-08
1.100000000000000000e+01 3.458886575874318223e-08
1.200000000000000000e+01 2.988120555804322291e-08
1.300000000000000000e+01 5.635834385137385971e-08
1.400000000000000000e+01 2.212389815029482693e-08
1.500000000000000000e+01 2.590052598988962869e-08
1.600000000000000000e+01 1.209964383541402708e-08
1.700000000000000000e+01 1.882384629914539602e-08
1.800000000000000000e+01 1.715424766639479350e-07
1.900000000000000000e+01 3.477691133706519646e-08
2.000000000000000000e+01 7.927466682007427369e-09
2.100000000000000000e+01 6.159479066026111950e-08
2.200000000000000000e+01 1.072462035592114312e-07
2.300000000000000000e+01 1.149516800176750099e-07
2.400000000000000000e+01 5.020653576429132941e-07
2.500000000000000000e+01 3.113494599451782727e-08
2.600000000000000000e+01 2.792852989099399053e-09
2.700000000000000000e+01 2.806288311110196275e-09
2.800000000000000000e+01 3.001951009976804316e-09
2.900000000000000000e+01 1.143334822497495077e-08
3.000000000000000000e+01 7.321034212749138733e-09
3.100000000000000000e+01 1.268645024831565249e-08
3.200000000000000000e+01 2.285284347391761982e-08
3.300000000000000000e+01 3.727624990125245699e-07
3.400000000000000000e+01 1.494456241852914081e-07
3.500000000000000000e+01 7.204790397522102739e-09
3.600000000000000000e+01 5.675723517733978298e-09
3.700000000000000000e+01 2.972602230159156643e-09
3.800000000000000000e+01 4.498560421911837355e-08
3.900000000000000000e+01 3.641034377925495233e-08
4.000000000000000000e+01 7.733711758852372003e-08
4.100000000000000000e+01 5.311659123472111846e-08
4.200000000000000000e+01 1.541256245513479323e-07
4.300000000000000000e+01 1.237655640877852849e-08
4.400000000000000000e+01 3.275109250176988655e-08
4.500000000000000000e+01 6.193713896460107764e-07
4.600000000000000000e+01 1.065190752581428693e-07
4.700000000000000000e+01 5.447560860159538841e-08
4.800000000000000000e+01 7.408118535598341141e-09
4.900000000000000000e+01 1.095113283649625177e-08
5.000000000000000000e+01 1.583029429940484320e-08
5.100000000000000000e+01 4.354642596374558872e-08
5.200000000000000000e+01 6.507744586827955170e-09
5.300000000000000000e+01 1.304901242290060832e-08
5.400000000000000000e+01 3.219522149573794551e-07
5.500000000000000000e+01 8.390962320370611122e-07
5.600000000000000000e+01 5.652128949856498687e-07
5.700000000000000000e+01 2.694544761355791159e-08
5.800000000000000000e+01 4.356003823188387844e-09
5.900000000000000000e+01 5.164166257343656547e-09
6.000000000000000000e+01 5.392922963916216276e-09
6.100000000000000000e+01 2.722305593032872896e-09
6.200000000000000000e+01 4.538116746476846525e-09
6.300000000000000000e+01 3.003577160901495602e-09
6.400000000000000000e+01 3.258484294974212133e-09
6.500000000000000000e+01 1.869104091265402609e-09
6.600000000000000000e+01 2.492945556771162756e-09
6.700000000000000000e+01 1.803618646534026593e-09
6.800000000000000000e+01 3.010444309757887302e-09
6.900000000000000000e+01 1.458767260228083798e-09
7.000000000000000000e+01 1.462940897648496201e-08
7.100000000000000000e+01 2.988971048938036579e-07
7.200000000000000000e+01 2.472955444656759304e-07
7.300000000000000000e+01 2.391522200214908938e-07
7.400000000000000000e+01 9.921162634234106103e-07
7.500000000000000000e+01 5.263242232491696011e-07
7.600000000000000000e+01 2.513701921031550955e-08
7.700000000000000000e+01 7.294503403563536096e-09
7.800000000000000000e+01 5.379492853796916672e-09
7.900000000000000000e+01 3.202520527704190716e-09
8.000000000000000000e+01 1.891305670469510716e-09
8.100000000000000000e+01 2.644517276768478901e-09
8.200000000000000000e+01 6.222690764560283339e-09
8.300000000000000000e+01 1.524894878154210692e-09
8.400000000000000000e+01 1.280103784187029484e-09
8.500000000000000000e+01 1.544050031624142443e-09
8.600000000000000000e+01 1.541094193575869892e-09
8.700000000000000000e+01 1.110033317913508420e-08
8.800000000000000000e+01 7.067120802004606185e-09
8.900000000000000000e+01 8.762628789023810153e-08
9.000000000000000000e+01 1.492045766310747394e-07
9.100000000000000000e+01 1.915077350160791089e-07
9.200000000000000000e+01 5.341923737620416743e-08
9.300000000000000000e+01 3.377156562915862871e-09
9.400000000000000000e+01 2.867760838493382382e-09
9.500000000000000000e+01 1.102720173950058146e-09
9.600000000000000000e+01 2.571822714392642339e-09
9.700000000000000000e+01 3.612488692411746776e-09
9.800000000000000000e+01 1.591413221587210162e-06
9.900000000000000000e+01 4.328173313627219412e-07
1.000000000000000000e+02 1.279714190295111170e-08
1.010000000000000000e+02 2.893639021246793751e-09
1.020000000000000000e+02 2.067824494780162965e-09
1.030000000000000000e+02 2.073863180757384573e-09
1.040000000000000000e+02 3.176249442956680642e-09
1.050000000000000000e+02 2.198022823822334583e-09
1.060000000000000000e+02 1.722890509806884998e-09
1.070000000000000000e+02 2.461771629412719851e-09
1.080000000000000000e+02 2.531322907132005831e-09
1.090000000000000000e+02 5.865602176603260861e-09
1.100000000000000000e+02 4.080363812521947103e-09
1.110000000000000000e+02 2.456572579658059088e-09
1.120000000000000000e+02 3.631242197526904755e-09
1.130000000000000000e+02 7.495222292387210326e-08
1.140000000000000000e+02 3.800036244278037625e-07
1.150000000000000000e+02 2.890056784748076642e-07
1.160000000000000000e+02 6.868997918670505852e-08
1.170000000000000000e+02 9.023939524691360651e-08
1.180000000000000000e+02 1.065957642313424802e-08
1.190000000000000000e+02 7.329904806293548652e-09
1.200000000000000000e+02 4.645236544222696510e-09
1.210000000000000000e+02 3.733273551163206614e-08
1.220000000000000000e+02 2.377394152038873937e-08
1.230000000000000000e+02 2.849584750491307090e-08
1.240000000000000000e+02 1.418025636401232592e-09
1.250000000000000000e+02 3.969737015696380635e-09
1.260000000000000000e+02 3.578115880874300021e-08
1.270000000000000000e+02 5.441597581105979845e-07
1.280000000000000000e+02 1.456037668527600377e-07
1.290000000000000000e+02 8.822130173014416704e-09
1.300000000000000000e+02 1.937458684881710651e-08
1.310000000000000000e+02 3.087851814203988796e-08
1.320000000000000000e+02 6.994432575737949128e-09
1.330000000000000000e+02 2.987446864003012495e-09
1.340000000000000000e+02 2.474773432581597670e-08
1.350000000000000000e+02 4.031300489256580355e-09
1.360000000000000000e+02 3.222434511157710112e-08
1.370000000000000000e+02 1.769683631359220470e-07
1.380000000000000000e+02 7.812912136138855234e-08
1.390000000000000000e+02 1.550616678730957264e-07
1.400000000000000000e+02 1.116595119035398998e-07
1.410000000000000000e+02 1.399220467868327394e-08
1.420000000000000000e+02 4.739561794438847241e-09
1.430000000000000000e+02 8.350724771697667684e-09
1.440000000000000000e+02 1.108516800246968035e-07
1.450000000000000000e+02 3.677257908642410032e-07
1.460000000000000000e+02 1.510447356865223529e-07
1.470000000000000000e+02 5.762189937357108554e-08
1.480000000000000000e+02 1.079983294982525473e-07
1.490000000000000000e+02 4.039289360627261046e-09
1.500000000000000000e+02 2.913206741666882329e-09
1.510000000000000000e+02 2.120292749850063560e-09
1.520000000000000000e+02 2.841812840303954927e-09
1.530000000000000000e+02 4.420082648679681519e-09
1.540000000000000000e+02 1.718264759804019331e-08
1.550000000000000000e+02 7.201520205672118232e-08
1.560000000000000000e+02 3.462446798826961592e-08
1.570000000000000000e+02 5.966984461447972818e-08
1.580000000000000000e+02 5.509859608932490717e-07
1.590000000000000000e+02 1.595248003712802527e-07
1.600000000000000000e+02 2.385528320348672359e-08
1.610000000000000000e+02 7.360887545928957253e-09
1.620000000000000000e+02 2.783266357772020415e-09
1.630000000000000000e+02 2.248777200644721217e-09
1.640000000000000000e+02 3.094715768606568408e-08
1.650000000000000000e+02 2.374644535192114868e-08
1.660000000000000000e+02 2.458512843247601928e-09
1.670000000000000000e+02 1.035815671849672208e-09
1.680000000000000000e+02 9.294871737213407885e-10
1.690000000000000000e+02 2.167299768768260405e-09
1.700000000000000000e+02 1.887874610315841047e-08
1.710000000000000000e+02 1.605665891740946347e-08
1.720000000000000000e+02 9.575177682157193173e-10
1.730000000000000000e+02 3.220107435382098101e-09
1.740000000000000000e+02 1.182689909582800528e-08
1.750000000000000000e+02 6.720964778786457207e-07
1.760000000000000000e+02 8.647182123584512697e-07
1.770000000000000000e+02 8.921191164702722622e-08
1.780000000000000000e+02 1.358556028049832915e-08
1.790000000000000000e+02 4.300237257947395797e-09
1.800000000000000000e+02 4.645699806578680873e-09
1.810000000000000000e+02 2.727170244444240051e-09
1.820000000000000000e+02 1.862602842085401522e-09
1.830000000000000000e+02 1.348710783308632235e-09
1.840000000000000000e+02 1.394862524910037758e-09
1.850000000000000000e+02 1.412185648101383631e-09
1.860000000000000000e+02 1.544087140036115603e-09
1.870000000000000000e+02 1.342721461201627473e-09
1.880000000000000000e+02 1.894162466977296798e-09
1.890000000000000000e+02 3.311219696948721773e-09
1.900000000000000000e+02 1.902086032406118569e-09
1.910000000000000000e+02 9.498907504867041242e-10
1.920000000000000000e+02 1.786255598642523653e-09
1.930000000000000000e+02 8.298077603773669310e-10
1.940000000000000000e+02 8.164819235145791970e-10
1.950000000000000000e+02 1.966053487797194335e-09
1.960000000000000000e+02 1.704737210743975330e-08
1.970000000000000000e+02 6.767365343683596044e-08
1.980000000000000000e+02 4.321190747784585860e-08
1.990000000000000000e+02 1.415093149553321489e-08
2.000000000000000000e+02 7.854218313746589177e-09
2.010000000000000000e+02 2.409094718055995627e-09
2.020000000000000000e+02 1.711363591719043274e-08
2.030000000000000000e+02 2.739483151122257942e-07
2.040000000000000000e+02 4.596931964059832443e-08
2.050000000000000000e+02 8.206578282340789318e-08
2.060000000000000000e+02 1.480853956709798449e-07
2.070000000000000000e+02 1.315383338503190512e-08
2.080000000000000000e+02 4.173564977000237434e-09
2.090000000000000000e+02 1.266301777344743750e-09
2.100000000000000000e+02 4.921587289242493105e-09
2.110000000000000000e+02 4.328408202214862316e-09
2.120000000000000000e+02 3.638267840678414645e-09
2.130000000000000000e+02 1.708631452782107188e-09
2.140000000000000000e+02 5.760733456744212483e-09
2.150000000000000000e+02 2.087828229963306837e-08
2.160000000000000000e+02 1.511138592375929506e-08
2.170000000000000000e+02 6.891258664738906510e-08
2.180000000000000000e+02 1.931595646709262979e-07
2.190000000000000000e+02 2.674675394368628725e-08
2.200000000000000000e+02 3.405381075484547940e-09
2.210000000000000000e+02 5.932845845569694011e-09
2.220000000000000000e+02 1.328988031135634786e-08
2.230000000000000000e+02 1.921656223839383896e-07
2.240000000000000000e+02 2.396541573326378292e-08
2.250000000000000000e+02 3.283840805488163071e-08
2.260000000000000000e+02 2.253397201064037775e-08
2.270000000000000000e+02 1.124425285556435920e-09
2.280000000000000000e+02 8.788794529842121538e-10
2.290000000000000000e+02 7.415662274731924735e-10
2.300000000000000000e+02 1.933302681275190193e-09
2.310000000000000000e+02 8.511592601492708184e-09
2.320000000000000000e+02 2.219500182970233043e-08
2.330000000000000000e+02 6.280659317626159448e-08
2.340000000000000000e+02 2.215596494901346263e-08
2.350000000000000000e+02 7.922761127623558404e-09
2.360000000000000000e+02 2.139540805876952985e-08
2.370000000000000000e+02 3.892780643158239179e-08
2.380000000000000000e+02 2.476012787983762553e-08
2.390000000000000000e+02 3.866993104736491048e-09
2.400000000000000000e+02 4.727661329370135504e-08
2.410000000000000000e+02 1.479684626987333603e-07
2.420000000000000000e+02 1.144492285073162666e-08
2.430000000000000000e+02 1.404106626681772029e-08
2.440000000000000000e+02 1.180287888523645858e-07
2.450000000000000000e+02 2.280075738826982676e-08
2.460000000000000000e+02 9.822626370357840178e-09
2.470000000000000000e+02 2.554257222318410086e-09
2.480000000000000000e+02 4.206802252053970405e-09
2.490000000000000000e+02 2.290369918143310849e-08
2.500000000000000000e+02 1.292369304896295602e-09
2.510000000000000000e+02 1.044877495199654643e-09
2.520000000000000000e+02 2.310462525669371385e-09
2.530000000000000000e+02 4.929717038882551225e-09
2.540000000000000000e+02 1.836455261979905458e-09
2.550000000000000000e+02 4.872116072996299634e-08
2.560000000000000000e+02 1.283207895526573068e-06
2.570000000000000000e+02 9.385032241944183491e-08
2.580000000000000000e+02 5.041965015718166413e-09
2.590000000000000000e+02 1.637039552737843777e-09
2.600000000000000000e+02 1.304329507364515995e-09
2.610000000000000000e+02 1.309899769911625889e-09
2.620000000000000000e+02 1.199235554135820670e-09
2.630000000000000000e+02 1.069680293593300727e-09
2.640000000000000000e+02 9.401185412550643580e-10
2.650000000000000000e+02 8.462964655790830221e-10
2.660000000000000000e+02 7.788398441120189273e-10
2.670000000000000000e+02 7.055840409589396926e-10
2.680000000000000000e+02 7.034579431992629772e-10
2.690000000000000000e+02 7.423668067964030531e-10
2.700000000000000000e+02 7.116303929258282297e-10
2.710000000000000000e+02 6.583592686278490641e-10
2.720000000000000000e+02 6.487189999253317514e-10
2.730000000000000000e+02 6.137839054630546192e-10
2.740000000000000000e+02 7.925973549516921740e-10
2.750000000000000000e+02 8.353573601805374670e-10
2.760000000000000000e+02 5.399697494827107862e-10
2.770000000000000000e+02 6.922474462168159289e-10
2.780000000000000000e+02 7.063839453480446087e-10
2.790000000000000000e+02 7.016114720168074225e-10
2.800000000000000000e+02 5.428715506217881363e-10
2.810000000000000000e+02 6.006364043711980995e-10
2.820000000000000000e+02 5.887813725283562381e-10
2.830000000000000000e+02 4.672284228941997475e-10
2.840000000000000000e+02 4.254706022850987620e-10
2.850000000000000000e+02 6.452862459725927337e-10
2.860000000000000000e+02 5.472145969678275346e-10
2.870000000000000000e+02 8.948457423535893147e-10
2.880000000000000000e+02 3.345642898755733553e-09
2.890000000000000000e+02 9.497714832769524439e-09
2.900000000000000000e+02 1.028727380039870204e-08
2.910000000000000000e+02 6.470956119187023568e-10
2.920000000000000000e+02 1.229929980662007353e-09
2.930000000000000000e+02 9.416747831247890283e-10
2.940000000000000000e+02 5.266443407497263680e-10
2.950000000000000000e+02 1.588460424647457530e-09
2.960000000000000000e+02 2.710154194246865501e-07
2.970000000000000000e+02 8.726074752139713774e-08
2.980000000000000000e+02 2.124514780540383209e-08
2.990000000000000000e+02 1.896226395683807408e-09
3.000000000000000000e+02 9.878303686475329019e-10
3.010000000000000000e+02 9.081918631829101994e-10
3.020000000000000000e+02 8.139417286633343812e-10
3.030000000000000000e+02 7.789375347703500332e-10
3.040000000000000000e+02 5.532017446181605360e-10
3.050000000000000000e+02 8.343273211982938567e-10
3.060000000000000000e+02 9.364181687160923095e-10
3.070000000000000000e+02 7.488368927470204635e-10
3.080000000000000000e+02 1.658164966986668919e-09
3.090000000000000000e+02 1.002381254731461721e-09
3.100000000000000000e+02 8.723922541535261634e-10
3.110000000000000000e+02 1.751692320396382853e-09
3.120000000000000000e+02 8.847008166224374990e-10
3.130000000000000000e+02 3.869609977803081243e-09
3.140000000000000000e+02 1.320675128274555393e-08
3.150000000000000000e+02 1.413821280027665116e-08
3.160000000000000000e+02 4.219741456314690051e-08
3.170000000000000000e+02 5.066464777707378864e-09
3.180000000000000000e+02 6.062386151722204721e-09
3.190000000000000000e+02 1.276190908737761093e-09
3.200000000000000000e+02 1.487163917862312748e-09
3.210000000000000000e+02 6.979645082563881244e-10
3.220000000000000000e+02 4.762516815375335300e-08
3.230000000000000000e+02 6.986352753248789844e-08
3.240000000000000000e+02 5.012686057655970954e-09
3.250000000000000000e+02 1.100922764535497732e-09
3.260000000000000000e+02 3.919050083004269393e-10
3.270000000000000000e+02 7.369762458950274088e-10
3.280000000000000000e+02 1.801862061608978887e-09
3.290000000000000000e+02 1.532351284956709188e-07
3.300000000000000000e+02 2.098257274818955242e-07
3.310000000000000000e+02 3.449379973543682281e-08
3.320000000000000000e+02 2.914737629696361639e-09
3.330000000000000000e+02 8.479320281519348230e-10
3.340000000000000000e+02 5.366970751151289785e-10
3.350000000000000000e+02 4.028981369631837192e-10
3.360000000000000000e+02 4.089335605356619410e-10
3.370000000000000000e+02 3.530030677896435851e-10
3.380000000000000000e+02 3.175765862995937903e-10
3.390000000000000000e+02 2.856252021658412175e-10
3.400000000000000000e+02 4.084017277277283530e-10
3.410000000000000000e+02 3.717445100349943730e-10
3.420000000000000000e+02 3.463150764470368635e-10
3.430000000000000000e+02 2.799079097938519749e-10
3.440000000000000000e+02 2.604230249937434632e-10
3.450000000000000000e+02 2.820164737094058602e-10
3.460000000000000000e+02 2.742202436974246953e-10
3.470000000000000000e+02 2.793453433048860851e-10
3.480000000000000000e+02 2.683711971139479155e-10
3.490000000000000000e+02 2.504911362263960401e-10
3.500000000000000000e+02 2.855203239302680729e-10
3.510000000000000000e+02 2.294935699914499057e-10
3.520000000000000000e+02 6.570641240904744625e-10
3.530000000000000000e+02 7.935961933723652457e-09
3.540000000000000000e+02 5.844986280619692602e-08
3.550000000000000000e+02 1.832477519799735747e-08
3.560000000000000000e+02 1.037910407609101599e-08
3.570000000000000000e+02 3.754820780381201043e-09
3.580000000000000000e+02 9.420032986458934169e-10
3.590000000000000000e+02 2.612531278328169742e-10
3.600000000000000000e+02 2.112900107631962477e-10
3.610000000000000000e+02 2.731238446364783150e-10
3.620000000000000000e+02 7.504497740754316495e-10
3.630000000000000000e+02 6.581442563446619043e-10
3.640000000000000000e+02 1.485923012937656405e-09
3.650000000000000000e+02 7.245439206599370495e-10
3.660000000000000000e+02 5.296664790655042078e-09
3.670000000000000000e+02 6.277162894461674204e-10
3.680000000000000000e+02 4.736121062303062799e-08
3.690000000000000000e+02 5.181164708025753408e-08
3.700000000000000000e+02 1.609877320308917012e-08
3.710000000000000000e+02 1.374250813136086026e-08
3.720000000000000000e+02 4.922092433486926289e-09
3.730000000000000000e+02 6.501694934615738907e-10
3.740000000000000000e+02 1.896831006420891187e-10
3.750000000000000000e+02 1.926173646286622866e-10
3.760000000000000000e+02 2.139202547161309958e-10
3.770000000000000000e+02 4.975929964131801103e-10
3.780000000000000000e+02 1.690203891486290402e-10
3.790000000000000000e+02 1.718183383022303582e-10
3.800000000000000000e+02 3.930013955409275729e-10
3.810000000000000000e+02 2.835797684815608202e-09
3.820000000000000000e+02 6.552945497946131728e-08
3.830000000000000000e+02 6.036788304163843312e-08
3.840000000000000000e+02 1.120543364724379467e-08
3.850000000000000000e+02 4.616856489651665142e-09
3.860000000000000000e+02 4.246598455319578791e-10
3.870000000000000000e+02 1.856415020299369258e-10
3.880000000000000000e+02 5.439434926742753560e-10
3.890000000000000000e+02 1.094620456392172217e-09
3.900000000000000000e+02 4.599054409277129608e-10
3.910000000000000000e+02 3.605930085545983606e-10
3.920000000000000000e+02 2.562956732625150856e-10
3.930000000000000000e+02 2.854099500428938998e-10
3.940000000000000000e+02 3.302770083293052553e-10
3.950000000000000000e+02 1.050651829331975731e-09
3.960000000000000000e+02 1.058418348785853794e-09
3.970000000000000000e+02 2.834559199065917082e-10
3.980000000000000000e+02 2.467089384592287182e-10
3.990000000000000000e+02 2.074091195347952458e-10
4.000000000000000000e+02 2.057845533092345675e-10
4.010000000000000000e+02 3.823728237044991153e-09
4.020000000000000000e+02 8.692996856005242218e-09
4.030000000000000000e+02 3.726377887719874592e-08
4.040000000000000000e+02 4.121253740794022048e-08
4.050000000000000000e+02 1.293012475334568075e-08
4.060000000000000000e+02 2.311690644977587319e-09
4.070000000000000000e+02 2.101175735583915378e-10
4.080000000000000000e+02 2.109760303202583550e-10
4.090000000000000000e+02 2.879595581694089904e-10
4.100000000000000000e+02 1.779362647180984925e-10
4.110000000000000000e+02 3.465319062457714314e-10
4.120000000000000000e+02 3.482886026327869656e-10
4.130000000000000000e+02 2.200193146159039869e-10
4.140000000000000000e+02 2.060861185946250171e-10
4.150000000000000000e+02 1.125851441481122555e-08
4.160000000000000000e+02 1.541406454159051940e-08
4.170000000000000000e+02 2.781012086176454501e-09
4.180000000000000000e+02 1.772542706310825120e-10
4.190000000000000000e+02 1.631736430341380346e-10
4.200000000000000000e+02 6.983578251569471661e-10
4.210000000000000000e+02 2.023419661340709395e-09
4.220000000000000000e+02 1.087824553246531988e-09
4.230000000000000000e+02 3.541343525415506244e-10
4.240000000000000000e+02 2.658484954739481154e-08
4.250000000000000000e+02 1.348592474866765270e-08
4.260000000000000000e+02 4.809593987543753681e-10
4.270000000000000000e+02 2.210266745641509208e-10
4.280000000000000000e+02 2.785181636249420267e-10
4.290000000000000000e+02 1.985180478437344548e-10
4.300000000000000000e+02 4.803594721382869060e-10
4.310000000000000000e+02 1.195247968223325891e-09
4.320000000000000000e+02 6.443454345650173407e-10
4.330000000000000000e+02 1.528113913890053047e-09
4.340000000000000000e+02 1.477664342446166364e-09
4.350000000000000000e+02 2.835436006732001732e-08
4.360000000000000000e+02 2.232680574873933585e-08
4.370000000000000000e+02 4.045897432545164523e-10
4.380000000000000000e+02 2.448206966004621701e-10
4.390000000000000000e+02 9.458346900421566768e-10
4.400000000000000000e+02 1.794263930942682424e-10
4.410000000000000000e+02 1.314204870657509586e-10
4.420000000000000000e+02 1.585509128940717563e-10
4.430000000000000000e+02 1.404734677614644306e-09
4.440000000000000000e+02 7.498290113736453035e-10
4.450000000000000000e+02 1.005744158403496466e-08
4.460000000000000000e+02 9.351974430866072911e-08
4.470000000000000000e+02 7.121928222927024883e-09
4.480000000000000000e+02 1.853717195712656526e-09
4.490000000000000000e+02 2.920443382641736386e-10
4.500000000000000000e+02 4.238143472514052783e-10
4.510000000000000000e+02 1.962348014893259321e-10
4.520000000000000000e+02 1.546042341682334044e-10
4.530000000000000000e+02 1.477245133056144360e-10
4.540000000000000000e+02 2.043390495280466697e-10
4.550000000000000000e+02 2.589787694002313658e-10
4.560000000000000000e+02 1.576658822572795088e-10
4.570000000000000000e+02 1.691339016927541841e-10
4.580000000000000000e+02 2.772079181678358948e-10
4.590000000000000000e+02 1.481942492317979517e-10
4.600000000000000000e+02 1.385421023993817270e-10
4.610000000000000000e+02 1.493768403557397664e-10
4.620000000000000000e+02 1.529892417314455730e-10
4.630000000000000000e+02 1.667750412647838147e-10
4.640000000000000000e+02 1.417707089257964263e-10
4.650000000000000000e+02 1.643637131527914838e-10
4.660000000000000000e+02 2.202757987492130029e-10
4.670000000000000000e+02 1.893534247783644807e-10
4.680000000000000000e+02 2.729633079520862126e-10
4.690000000000000000e+02 1.287567225625877758e-10
4.700000000000000000e+02 9.377579767136062702e-09
4.710000000000000000e+02 1.220397107836493922e-08
4.720000000000000000e+02 5.666451516485792402e-09
4.730000000000000000e+02 6.310363403432318290e-10
4.740000000000000000e+02 1.384220003808994981e-10
4.750000000000000000e+02 3.363057779751610382e-10
4.760000000000000000e+02 6.807540724970176903e-09
4.770000000000000000e+02 2.373550212099946715e-09
4.780000000000000000e+02 3.176841320635462531e-10
4.790000000000000000e+02 1.189863260014344252e-09
4.800000000000000000e+02 9.456312137178949749e-10
4.810000000000000000e+02 1.661286505328286273e-09
4.820000000000000000e+02 7.910925365520373563e-10
4.830000000000000000e+02 2.738064570165873869e-08
4.840000000000000000e+02 2.213050698329708910e-08
4.850000000000000000e+02 3.469571351012299973e-09
4.860000000000000000e+02 3.961577237854441962e-09
4.870000000000000000e+02 5.534927238695908553e-10
4.880000000000000000e+02 2.071588848790525536e-10
4.890000000000000000e+02 2.289627233569768294e-10
4.900000000000000000e+02 6.320977292100272526e-10
4.910000000000000000e+02 2.993935787634005642e-10
4.920000000000000000e+02 5.250850162390641521e-10
4.930000000000000000e+02 5.235434118296421667e-10
4.940000000000000000e+02 9.135886218200396085e-10
4.950000000000000000e+02 1.434819664330482980e-10
4.960000000000000000e+02 1.723028951536919539e-10
4.970000000000000000e+02 1.580908528691827965e-10
4.980000000000000000e+02 1.176847323457885013e-10
4.990000000000000000e+02 1.195861370891711657e-10
5.000000000000000000e+02 1.615945433730685891e-10
5.010000000000000000e+02 7.788741443308028997e-10
5.020000000000000000e+02 8.491705539145749093e-10
5.030000000000000000e+02 5.147218094445618206e-10
5.040000000000000000e+02 2.322525949237792557e-09
5.050000000000000000e+02 7.518293529500545354e-09
5.060000000000000000e+02 1.528901824088323101e-08
5.070000000000000000e+02 7.006505342718087323e-09
5.080000000000000000e+02 9.513780756935635258e-10
5.090000000000000000e+02 3.320787021216108454e-10
5.100000000000000000e+02 1.071601149579597376e-10
5.110000000000000000e+02 9.433667929456847347e-11
5.120000000000000000e+02 1.889704783301887863e-10
5.130000000000000000e+02 1.088935591816454546e-10
5.140000000000000000e+02 9.637112015971494015e-11
5.150000000000000000e+02 1.794638560675490127e-10
5.160000000000000000e+02 3.729397967875080146e-10
5.170000000000000000e+02 2.439050938882667816e-09
5.180000000000000000e+02 2.366229575143550035e-09
5.190000000000000000e+02 1.204055898919860538e-09
5.200000000000000000e+02 1.145138942294391832e-10
5.210000000000000000e+02 1.194043661550861505e-10
5.220000000000000000e+02 1.135437254316863956e-10
5.230000000000000000e+02 3.361748319527675589e-09
5.240000000000000000e+02 6.985173751806897609e-09
5.250000000000000000e+02 7.004311450126499312e-10
5.260000000000000000e+02 3.109977244613207635e-10
5.270000000000000000e+02 8.818823495022637980e-10
5.280000000000000000e+02 1.719147880151489102e-09
5.290000000000000000e+02 4.675486663304523642e-09
5.300000000000000000e+02 6.540351180295640085e-09
5.310000000000000000e+02 2.623890512356223273e-09
5.320000000000000000e+02 1.711985298304905869e-09
5.330000000000000000e+02 4.841266897129226274e-10
5.340000000000000000e+02 1.967147728966376764e-10
5.350000000000000000e+02 4.067683672542808800e-10
5.360000000000000000e+02 1.832354641550581259e-09
5.370000000000000000e+02 4.388234575755755494e-10
5.380000000000000000e+02 1.448846384232756576e-10
5.390000000000000000e+02 3.615946480839619696e-10
5.400000000000000000e+02 1.630977249822101822e-09
5.410000000000000000e+02 2.115975386367109920e-08
5.420000000000000000e+02 8.976011748911964719e-09
5.430000000000000000e+02 8.307884155099240227e-10
5.440000000000000000e+02 1.569917281024445429e-10
5.450000000000000000e+02 1.101187250468382467e-10
5.460000000000000000e+02 8.795538439653082763e-11
5.470000000000000000e+02 8.176767115451976711e-11
5.480000000000000000e+02 1.060076309614429016e-10
5.490000000000000000e+02 9.299776415618424028e-11
5.500000000000000000e+02 8.187460417928808178e-11
5.510000000000000000e+02 7.908177899731365274e-11
5.520000000000000000e+02 7.816134599812403805e-11
5.530000000000000000e+02 1.202247251064617185e-10
5.540000000000000000e+02 2.333573801310378383e-10
5.550000000000000000e+02 4.298794591385167160e-10
5.560000000000000000e+02 3.152116582372877327e-09
5.570000000000000000e+02 2.559572752640970696e-09
5.580000000000000000e+02 3.849149868479285653e-10
5.590000000000000000e+02 1.158983111885567214e-10
5.600000000000000000e+02 1.720314086279448671e-10
5.610000000000000000e+02 3.703282054694208812e-10
5.620000000000000000e+02 4.035886157542861815e-10
5.630000000000000000e+02 2.731257759883033648e-10
5.640000000000000000e+02 9.263835736535417780e-11
5.650000000000000000e+02 7.297270935286587992e-11
5.660000000000000000e+02 1.482308489423538159e-09
5.670000000000000000e+02 1.890404239149732904e-10
5.680000000000000000e+02 2.607075519579469706e-10
5.690000000000000000e+02 1.774995166561600407e-09
5.700000000000000000e+02 1.034704931228022819e-09
5.710000000000000000e+02 4.109822140339131437e-09
5.720000000000000000e+02 2.920353395863694927e-09
5.730000000000000000e+02 2.668226201397336384e-09
5.740000000000000000e+02 4.249081387244644589e-10
5.750000000000000000e+02 7.789091125715592687e-10
5.760000000000000000e+02 2.103203045412733093e-10
5.770000000000000000e+02 9.382731140506882666e-11
5.780000000000000000e+02 2.591571612717083804e-10
5.790000000000000000e+02 1.218053903926638516e-09
5.800000000000000000e+02 3.871476282863399353e-09
5.810000000000000000e+02 7.592466400334587976e-10
5.820000000000000000e+02 8.588685965619626944e-11
5.830000000000000000e+02 6.530467954291022701e-11
5.840000000000000000e+02 1.006591187121194191e-09
5.850000000000000000e+02 2.443041659099575775e-10
5.860000000000000000e+02 1.719136302831908072e-10
5.870000000000000000e+02 1.249787458682907752e-10
5.880000000000000000e+02 1.653569781188183543e-10
5.890000000000000000e+02 8.532356939448976229e-10
5.900000000000000000e+02 8.568385514839208081e-09
5.910000000000000000e+02 2.023375394392501970e-09
5.920000000000000000e+02 7.775493685775559501e-11
5.930000000000000000e+02 1.799925539367231691e-10
5.940000000000000000e+02 7.900024977099512314e-10
5.950000000000000000e+02 7.756048839060332868e-09
5.960000000000000000e+02 1.153763897997552237e-09
5.970000000000000000e+02 1.719582231715480906e-10
5.980000000000000000e+02 1.642714425444201491e-10
5.990000000000000000e+02 6.478165181536935037e-11
6.000000000000000000e+02 5.851882858060186275e-11
6.010000000000000000e+02 5.716657152140979593e-11
6.020000000000000000e+02 5.854732245486588145e-11
6.030000000000000000e+02 6.688593231664766459e-11
6.040000000000000000e+02 1.497002395863440559e-10
6.050000000000000000e+02 1.328002642234587519e-10
6.060000000000000000e+02 1.062453692397335533e-10
6.070000000000000000e+02 1.021214036744715318e-09
6.080000000000000000e+02 1.304888744763747417e-09
6.090000000000000000e+02 3.358420396444003169e-10
6.100000000000000000e+02 2.146222365557165593e-10
6.110000000000000000e+02 6.156568627774312640e-10
6.120000000000000000e+02 7.253224006239568050e-09
6.130000000000000000e+02 8.420118593017229172e-09
6.140000000000000000e+02 2.089859337325639068e-09
6.150000000000000000e+02 2.030504965977031473e-10
6.160000000000000000e+02 5.579850170098524477e-11
6.170000000000000000e+02 5.323107117853334920e-11
6.180000000000000000e+02 5.486224993697553717e-11
6.190000000000000000e+02 5.924430514849297310e-11
6.200000000000000000e+02 5.379726016186944827e-11
6.210000000000000000e+02 6.482193839915983960e-11
6.220000000000000000e+02 9.569889556441633025e-11
6.230000000000000000e+02 9.916474488088649813e-11
6.240000000000000000e+02 1.282816152431802986e-10
6.250000000000000000e+02 9.241726666054669473e-11
6.260000000000000000e+02 5.205658662635467193e-11
6.270000000000000000e+02 5.801606585467298807e-11
6.280000000000000000e+02 5.355488581566591043e-11
6.290000000000000000e+02 5.004378913134666428e-11
6.300000000000000000e+02 7.729496415383652510e-11
6.310000000000000000e+02 8.110818005927620318e-11
6.320000000000000000e+02 1.166333161735890895e-10
6.330000000000000000e+02 6.623894762663770215e-09
6.340000000000000000e+02 2.499224292121937331e-09
6.350000000000000000e+02 1.063127268783426148e-10
6.360000000000000000e+02 5.548576139071301996e-11
6.370000000000000000e+02 5.192640791201554103e-11
6.380000000000000000e+02 5.719505320631552494e-11
6.390000000000000000e+02 5.484508498961467920e-11
6.400000000000000000e+02 5.555982534884402569e-11
6.410000000000000000e+02 6.490078744458654628e-11
6.420000000000000000e+02 5.085685592483955233e-11
6.430000000000000000e+02 6.942339260631100497e-11
6.440000000000000000e+02 4.933956945146333061e-11
6.450000000000000000e+02 1.388460823786588220e-10
6.460000000000000000e+02 9.731271359662666751e-11
6.470000000000000000e+02 5.134517823519564740e-11
6.480000000000000000e+02 6.835657953597099911e-11
6.490000000000000000e+02 5.802721559037112723e-11
6.500000000000000000e+02 6.036233428344149361e-10
6.510000000000000000e+02 4.130934075893989901e-10
6.520000000000000000e+02 2.812467068012900498e-10
6.530000000000000000e+02 8.935459829977203878e-10
6.540000000000000000e+02 3.259994039303776590e-10
6.550000000000000000e+02 3.940094822319139559e-10
6.560000000000000000e+02 1.724307052187684689e-10
6.570000000000000000e+02 2.091455704489983108e-09
6.580000000000000000e+02 4.148197478161488776e-10
6.590000000000000000e+02 8.097239109351706102e-10
6.600000000000000000e+02 8.041363531364999840e-10
6.610000000000000000e+02 2.005200594257422983e-10
6.620000000000000000e+02 5.728129199774297077e-11
6.630000000000000000e+02 5.595664233569051403e-11
6.640000000000000000e+02 8.976426130964386267e-11
6.650000000000000000e+02 3.156940923772958774e-10
6.660000000000000000e+02 7.170147151934971101e-09
6.670000000000000000e+02 4.630394381143723342e-10
6.680000000000000000e+02 2.284099792937384371e-10
6.690000000000000000e+02 8.958812955592076375e-11
6.700000000000000000e+02 5.015607994288646489e-11
6.710000000000000000e+02 4.859539936319404204e-11
6.720000000000000000e+02 5.492312661308000478e-11
6.730000000000000000e+02 4.903213807695741147e-11
6.740000000000000000e+02 4.927226108683381602e-11
6.750000000000000000e+02 5.934169890150239955e-11
6.760000000000000000e+02 4.521952438327328687e-11
6.770000000000000000e+02 5.353007743247284353e-11
6.780000000000000000e+02 5.797877375886596847e-11
6.790000000000000000e+02 1.021304830184139595e-10
6.800000000000000000e+02 9.413554137045711737e-11
6.810000000000000000e+02 4.562810121723233732e-10
6.820000000000000000e+02 4.128198757162116334e-09
6.830000000000000000e+02 1.531793784891210186e-09
6.840000000000000000e+02 1.370427979924527771e-10
6.850000000000000000e+02 6.399196736003820195e-11
6.860000000000000000e+02 5.176318939759737974e-11
6.870000000000000000e+02 5.864069170484156485e-11
6.880000000000000000e+02 5.082336252967180653e-11
6.890000000000000000e+02 4.938520443768242056e-11
6.900000000000000000e+02 4.670393449325204541e-11
6.910000000000000000e+02 5.331378174896369945e-11
6.920000000000000000e+02 1.017584067704975216e-10
6.930000000000000000e+02 4.864436756791453694e-11
6.940000000000000000e+02 4.557456935547391312e-11
6.950000000000000000e+02 5.074252909928810784e-11
6.960000000000000000e+02 6.234765692654241433e-11
6.970000000000000000e+02 1.418555926860839210e-10
6.980000000000000000e+02 6.148313649977058833e-11
6.990000000000000000e+02 8.336109773380820992e-11
7.000000000000000000e+02 9.664196760134668907e-11
7.010000000000000000e+02 2.419995598664915459e-10
7.020000000000000000e+02 3.186030181095057247e-10
7.030000000000000000e+02 4.641640019075459708e-10
7.040000000000000000e+02 1.483541057128854227e-09
7.050000000000000000e+02 7.903448678007571870e-10
7.060000000000000000e+02 7.990824772691869537e-10
7.070000000000000000e+02 3.225426609847587931e-10
7.080000000000000000e+02 1.001188016955760721e-10
7.090000000000000000e+02 6.770058163263811310e-11
7.100000000000000000e+02 1.313958607845906026e-10
7.110000000000000000e+02 4.265312705555477302e-11
7.120000000000000000e+02 2.912987726028720364e-10
7.130000000000000000e+02 7.939863257349550741e-10
7.140000000000000000e+02 9.517043599774460063e-10
7.150000000000000000e+02 1.039998295746337647e-10
7.160000000000000000e+02 9.819715557591710849e-11
7.170000000000000000e+02 1.616619241799662347e-10
7.180000000000000000e+02 1.741614174836556642e-10
7.190000000000000000e+02 9.267345230902755921e-11
7.200000000000000000e+02 5.657551451828287470e-11
7.210000000000000000e+02 1.008512687180655260e-10
7.220000000000000000e+02 2.922934026689068067e-10
7.230000000000000000e+02 8.547510447064933101e-11
7.240000000000000000e+02 1.388128555518614913e-10
7.250000000000000000e+02 1.664692399113285345e-10
7.260000000000000000e+02 8.022019225213045677e-11
7.270000000000000000e+02 1.072381707424242228e-09
7.280000000000000000e+02 6.793170022489121407e-09
7.290000000000000000e+02 2.713263150976087978e-09
7.300000000000000000e+02 1.687948968194742378e-10
7.310000000000000000e+02 5.379758170144708870e-11
7.320000000000000000e+02 4.352624086534428136e-11
7.330000000000000000e+02 4.439762224789967098e-11
7.340000000000000000e+02 4.223781708816957018e-11
7.350000000000000000e+02 4.361265671555006231e-11
7.360000000000000000e+02 4.237521394114171454e-11
7.370000000000000000e+02 4.246006717124552941e-11
7.380000000000000000e+02 4.178882104471822061e-11
7.390000000000000000e+02 4.159216870247102450e-11
7.400000000000000000e+02 4.331890913884290788e-11
7.410000000000000000e+02 4.184600326056723987e-11
7.420000000000000000e+02 4.382482241495909814e-11
7.430000000000000000e+02 4.162581045578457679e-11
7.440000000000000000e+02 4.247045236420620743e-11
7.450000000000000000e+02 4.252537854692799687e-11
7.460000000000000000e+02 4.049916403899115944e-11
7.470000000000000000e+02 4.149854351463144997e-11
7.480000000000000000e+02 4.180300757916665316e-11
7.490000000000000000e+02 4.085468714766295571e-11
7.500000000000000000e+02 5.289368326207047426e-11
7.510000000000000000e+02 4.219690130699862492e-11
7.520000000000000000e+02 4.103826700540162760e-11
7.530000000000000000e+02 5.005531827187038056e-11
7.540000000000000000e+02 5.790895311210008536e-11
7.550000000000000000e+02 1.012828140656359873e-10
7.560000000000000000e+02 5.995073728861087925e-11
7.570000000000000000e+02 2.069395725789960784e-10
7.580000000000000000e+02 1.072113121778078415e-10
7.590000000000000000e+02 3.962037419190976399e-11
7.600000000000000000e+02 4.307970153064677063e-11
7.610000000000000000e+02 5.307301903922411159e-11
7.620000000000000000e+02 2.184220661437954724e-10
7.630000000000000000e+02 4.212540131721804128e-09
7.640000000000000000e+02 8.255009802961277798e-10
7.650000000000000000e+02 1.444437301345057865e-10
7.660000000000000000e+02 6.971654718141145817e-11
7.670000000000000000e+02 5.814931156341028362e-11
7.680000000000000000e+02 4.509366046995676079e-11
7.690000000000000000e+02 4.158034979866391117e-11
7.700000000000000000e+02 4.327963245670627396e-11
7.710000000000000000e+02 4.307220358053980569e-11
7.720000000000000000e+02 3.986959427664502919e-11
7.730000000000000000e+02 3.972689950204371611e-11
7.740000000000000000e+02 4.000465867999887797e-11
7.750000000000000000e+02 3.981825537115494439e-11
7.760000000000000000e+02 3.919845209320123377e-11
7.770000000000000000e+02 4.069645755625449138e-11
7.780000000000000000e+02 3.946329839426347293e-11
7.790000000000000000e+02 4.174884353656238398e-11
7.800000000000000000e+02 4.156536528300918832e-11
7.810000000000000000e+02 4.565409359848266950e-11
7.820000000000000000e+02 4.095540922473956273e-11
7.830000000000000000e+02 4.148081504493137862e-11
7.840000000000000000e+02 4.143805520851550421e-11
7.850000000000000000e+02 4.317324918413315678e-11
7.860000000000000000e+02 1.028411352400511674e-10
7.870000000000000000e+02 1.196050576583286711e-10
7.880000000000000000e+02 6.474938423713045356e-11
7.890000000000000000e+02 5.137865566492896117e-11
7.900000000000000000e+02 8.174281613990492528e-11
7.910000000000000000e+02 2.947245163391136398e-10
7.920000000000000000e+02 1.401275344299568675e-09
7.930000000000000000e+02 2.551141221691343434e-10
7.940000000000000000e+02 5.737087281906322164e-11
7.950000000000000000e+02 4.936604648944660565e-11
7.960000000000000000e+02 5.407035984132206733e-11
7.970000000000000000e+02 4.885507106091598867e-11
7.980000000000000000e+02 5.088002023631770249e-11
7.990000000000000000e+02 4.333412712895914896e-11
8.000000000000000000e+02 4.191820425393837944e-11
8.010000000000000000e+02 3.991536019179051009e-11
8.020000000000000000e+02 4.956754081858063367e-11
8.030000000000000000e+02 8.550975771383331260e-11
8.040000000000000000e+02 2.002877398620723647e-10
8.050000000000000000e+02 4.076553092393644760e-10
8.060000000000000000e+02 2.671556096487116681e-10
8.070000000000000000e+02 7.818663728697930899e-11
8.080000000000000000e+02 4.601545463986018543e-11
8.090000000000000000e+02 4.036770523943741122e-11
8.100000000000000000e+02 6.052238635108894862e-11
8.110000000000000000e+02 1.400835392400004610e-10
8.120000000000000000e+02 4.988939420268892601e-11
8.130000000000000000e+02 1.054382162661082851e-10
8.140000000000000000e+02 1.539034231929549980e-10
8.150000000000000000e+02 1.762059844485634378e-10
8.160000000000000000e+02 1.354405874752689083e-10
8.170000000000000000e+02 1.009959935203543470e-10
8.180000000000000000e+02 2.914308304427498410e-10
8.190000000000000000e+02 1.174522851348379488e-10
8.200000000000000000e+02 5.301793274301658465e-11
8.210000000000000000e+02 5.264699993634974487e-11
8.220000000000000000e+02 4.226182742317425931e-11
8.230000000000000000e+02 3.830672952885157227e-11
8.240000000000000000e+02 4.366316590138668720e-11
8.250000000000000000e+02 6.656888920408043131e-11
8.260000000000000000e+02 2.383844197826959830e-10
8.270000000000000000e+02 4.531396530399663414e-11
8.280000000000000000e+02 1.374423300426309980e-09
8.290000000000000000e+02 4.628473915121207613e-10
8.300000000000000000e+02 4.388946520742747247e-11
8.310000000000000000e+02 5.110062192311426036e-11
8.320000000000000000e+02 4.241129362942381199e-11
8.330000000000000000e+02 3.868825588275927062e-11
8.340000000000000000e+02 3.875805867838743566e-11
8.350000000000000000e+02 3.802675695877128153e-11
8.360000000000000000e+02 4.211106641269112089e-11
8.370000000000000000e+02 4.007818631881107787e-11
8.380000000000000000e+02 3.790853023220530734e-11
8.390000000000000000e+02 3.843956247472291919e-11
8.400000000000000000e+02 3.767457580835720202e-11
8.410000000000000000e+02 3.842489887145063235e-11
8.420000000000000000e+02 3.849226500722917391e-11
8.430000000000000000e+02 3.894212114112947821e-11
8.440000000000000000e+02 5.166739103702166446e-11
8.450000000000000000e+02 4.858912634469975469e-11
8.460000000000000000e+02 4.625411003476535697e-11
8.470000000000000000e+02 2.733045106012700989e-10
8.480000000000000000e+02 4.621189813675697019e-10
8.490000000000000000e+02 2.655951111285733559e-10
8.500000000000000000e+02 7.304210878449615678e-11
8.510000000000000000e+02 6.846833684434182455e-11
8.520000000000000000e+02 4.839388673849590489e-11
8.530000000000000000e+02 4.253275023318871428e-11
8.540000000000000000e+02 3.730466433534667880e-11
8.550000000000000000e+02 3.969857965236637154e-11
8.560000000000000000e+02 5.121092695997487128e-11
8.570000000000000000e+02 3.816286891973760126e-11
8.580000000000000000e+02 3.965760768850536954e-11
8.590000000000000000e+02 1.667408027732596505e-10
8.600000000000000000e+02 2.027282999568037576e-10
8.610000000000000000e+02 1.642374968110270113e-10
8.620000000000000000e+02 3.573997511190363888e-11
8.630000000000000000e+02 4.401701723235419120e-11
8.640000000000000000e+02 2.828154233594619462e-10
8.650000000000000000e+02 4.289071075745646544e-10
8.660000000000000000e+02 7.037212056512151708e-11
8.670000000000000000e+02 4.234067193376390616e-11
8.680000000000000000e+02 5.662963629871999869e-11
8.690000000000000000e+02 3.943466673297295942e-11
8.700000000000000000e+02 3.593733558607164922e-11
8.710000000000000000e+02 3.912233406722179502e-11
8.720000000000000000e+02 4.158709775365836326e-11
8.730000000000000000e+02 4.418565040536831925e-11
8.740000000000000000e+02 4.280650241325473162e-11
8.750000000000000000e+02 3.913179316444969602e-11
8.760000000000000000e+02 5.606120531096816218e-11
8.770000000000000000e+02 2.632848018845678897e-10
8.780000000000000000e+02 1.104599786760802790e-10
8.790000000000000000e+02 9.832352528285673885e-11
8.800000000000000000e+02 2.248431680066520725e-10
8.810000000000000000e+02 8.182089346522229978e-11
8.820000000000000000e+02 4.216352926238806985e-11
8.830000000000000000e+02 4.328648580444981858e-11
8.840000000000000000e+02 5.627642836512965666e-11
8.850000000000000000e+02 5.288959931590619439e-11
8.860000000000000000e+02 3.545366292197058498e-11
8.870000000000000000e+02 6.681305788700146177e-11
8.880000000000000000e+02 5.004816708579157954e-11
8.890000000000000000e+02 3.699751574956420873e-11
8.900000000000000000e+02 4.440177175735370021e-11
8.910000000000000000e+02 6.452886723724159804e-11
8.920000000000000000e+02 4.280038009129605781e-10
8.930000000000000000e+02 1.469703853404046939e-10
8.940000000000000000e+02 9.316726202386132625e-11
8.950000000000000000e+02 4.980234548142125077e-11
8.960000000000000000e+02 3.734450825501559690e-11
8.970000000000000000e+02 3.574647195190736214e-11
8.980000000000000000e+02 5.697468835699161337e-11
8.990000000000000000e+02 5.467667670934029380e-11
9.000000000000000000e+02 5.064553471904581267e-11
9.010000000000000000e+02 3.900826878607356647e-11
9.020000000000000000e+02 5.471932113663957604e-11
9.030000000000000000e+02 4.790933582692018298e-11
9.040000000000000000e+02 1.249948906786751371e-10
9.050000000000000000e+02 4.909256932217496285e-11
9.060000000000000000e+02 4.516296333531132287e-11
9.070000000000000000e+02 4.728832844641706902e-11
9.080000000000000000e+02 1.880969567259182242e-10
9.090000000000000000e+02 4.451110877148728812e-11
9.100000000000000000e+02 4.075312908537853732e-11
9.110000000000000000e+02 9.283045742022018769e-11
9.120000000000000000e+02 1.585274361598211823e-10
9.130000000000000000e+02 1.687180836980045969e-10
9.140000000000000000e+02 3.806069598703300372e-11
9.150000000000000000e+02 3.558310321204434702e-11
9.160000000000000000e+02 5.255903108274467344e-11
9.170000000000000000e+02 5.244238358840924294e-11
9.180000000000000000e+02 4.298589894765473398e-10
9.190000000000000000e+02 1.899216864998071404e-10
9.200000000000000000e+02 8.171033760272211810e-11
9.210000000000000000e+02 3.701995750358301995e-11
9.220000000000000000e+02 3.609161880125589177e-11
9.230000000000000000e+02 4.047760848857863702e-11
9.240000000000000000e+02 4.453634797777272698e-11
9.250000000000000000e+02 4.414430506452401616e-11
9.260000000000000000e+02 3.750608635651796926e-11
9.270000000000000000e+02 4.286873375503280977e-11
9.280000000000000000e+02 4.359781202267493379e-11
9.290000000000000000e+02 8.782773715778873538e-11
9.300000000000000000e+02 1.369509919213905774e-10
9.310000000000000000e+02 4.333813248821556521e-11
9.320000000000000000e+02 3.409413834186632801e-11
9.330000000000000000e+02 4.688138080186540170e-11
9.340000000000000000e+02 7.091505964094110117e-11
9.350000000000000000e+02 1.005064513116811478e-10
9.360000000000000000e+02 4.744430565510507655e-11
9.370000000000000000e+02 3.736989891133150107e-11
9.380000000000000000e+02 4.259163441050291747e-11
9.390000000000000000e+02 3.293154273075981064e-10
9.400000000000000000e+02 3.829413216863847057e-10
9.410000000000000000e+02 1.276631246546295175e-10
9.420000000000000000e+02 7.447169895232886484e-11
9.430000000000000000e+02 4.748119597175832136e-11
9.440000000000000000e+02 3.502842800035412829e-11
9.450000000000000000e+02 3.945060254578390303e-11
9.460000000000000000e+02 3.384504449100068561e-11
9.470000000000000000e+02 3.670829801873719331e-11
9.480000000000000000e+02 3.499593794085329977e-11
9.490000000000000000e+02 4.057822499113602949e-11
9.500000000000000000e+02 3.734631090096242984e-11
9.510000000000000000e+02 3.703578683431819832e-11
9.520000000000000000e+02 4.142585608102403884e-11
9.530000000000000000e+02 3.360323655062264216e-11
9.540000000000000000e+02 4.063099368894137194e-11
9.550000000000000000e+02 7.023282441155272890e-11
9.560000000000000000e+02 1.753289931569530855e-10
9.570000000000000000e+02 2.921096836175172020e-10
9.580000000000000000e+02 7.156298074407449785e-11
9.590000000000000000e+02 3.835040947299187695e-11
9.600000000000000000e+02 3.556008367920654479e-11
9.610000000000000000e+02 4.816651849334846961e-11
9.620000000000000000e+02 3.704396331537807508e-11
9.630000000000000000e+02 3.850193624755185647e-11
9.640000000000000000e+02 3.871664568505707489e-11
9.650000000000000000e+02 5.998978286127544121e-11
9.660000000000000000e+02 8.893305621334186443e-11
9.670000000000000000e+02 4.676961243490311177e-11
9.680000000000000000e+02 3.883755815008741548e-11
9.690000000000000000e+02 1.407851152430684610e-10
9.700000000000000000e+02 6.624332208832468414e-10
9.710000000000000000e+02 1.208373494441155788e-10
9.720000000000000000e+02 3.401255637391640688e-11
9.730000000000000000e+02 3.304634215768718487e-11
9.740000000000000000e+02 3.292512475688960800e-11
9.750000000000000000e+02 3.367002898659687173e-11
9.760000000000000000e+02 3.281389716123908083e-11
9.770000000000000000e+02 3.389895935856474682e-11
9.780000000000000000e+02 3.968400141915599901e-11
9.790000000000000000e+02 3.360157575149503107e-11
9.800000000000000000e+02 3.305653696611602397e-11
9.810000000000000000e+02 4.327259421065198713e-11
9.820000000000000000e+02 3.716748264674936617e-11
9.830000000000000000e+02 3.326251446519650252e-11
9.840000000000000000e+02 3.372982404632683630e-11
9.850000000000000000e+02 1.726049823548270569e-10
9.860000000000000000e+02 8.886453987795477482e-11
9.870000000000000000e+02 1.272587227145943332e-10
9.880000000000000000e+02 5.522120019082918337e-11
9.890000000000000000e+02 4.945295987318178398e-11
9.900000000000000000e+02 6.816532400454738430e-11
9.910000000000000000e+02 3.705088429892560932e-11
9.920000000000000000e+02 3.563236006751147928e-11
9.930000000000000000e+02 3.368359551948865776e-11
9.940000000000000000e+02 3.941935429724761801e-11
9.950000000000000000e+02 4.233007317259114525e-11
9.960000000000000000e+02 6.749857661681571449e-11
9.970000000000000000e+02 1.182437550450842900e-10
9.980000000000000000e+02 9.502326256548589039e-11
9.990000000000000000e+02 9.391651851643545890e-11
1.000000000000000000e+03 1.090910315735216473e-10
1.001000000000000000e+03 1.309331509216771342e-10
1.002000000000000000e+03 2.327888480622790605e-10
1.003000000000000000e+03 6.594874062170894714e-11
1.004000000000000000e+03 3.543039442077145087e-11
1.005000000000000000e+03 3.447587863706034657e-11
1.006000000000000000e+03 3.426442085350169869e-11
1.007000000000000000e+03 3.184574987733238600e-11
1.008000000000000000e+03 3.227965421367127734e-11
1.009000000000000000e+03 3.204486141465794584e-11
1.010000000000000000e+03 3.325147692895928086e-11
1.011000000000000000e+03 4.426800211948326310e-11
1.012000000000000000e+03 3.477579274320063147e-11
1.013000000000000000e+03 3.337520857928017772e-11
1.014000000000000000e+03 3.462247662218546282e-11
1.015000000000000000e+03 5.697898393664131410e-11
1.016000000000000000e+03 4.853325576523050817e-11
1.017000000000000000e+03 9.991013967449848100e-11
1.018000000000000000e+03 6.306095904916198463e-11
1.019000000000000000e+03 4.184842791753223852e-11
1.020000000000000000e+03 6.152471983488387562e-11
1.021000000000000000e+03 3.551865413549893972e-10
1.022000000000000000e+03 3.393561399620857497e-11
1.023000000000000000e+03 3.175824411904184607e-11
1.024000000000000000e+03 3.732037242670969612e-11
1.025000000000000000e+03 3.236666389328654113e-11
1.026000000000000000e+03 3.229648440770366294e-11
1.027000000000000000e+03 4.805839704166027175e-11
1.028000000000000000e+03 4.855690177941526134e-11
1.029000000000000000e+03 1.707818238523829733e-10
1.030000000000000000e+03 3.753870247170001646e-11
1.031000000000000000e+03 3.211469039043323554e-11
1.032000000000000000e+03 3.185292668015033887e-11
1.033000000000000000e+03 3.360256984047647673e-11
1.034000000000000000e+03 3.342988172161915442e-11
1.035000000000000000e+03 3.181522284875315432e-11
1.036000000000000000e+03 3.921251457728773712e-11
1.037000000000000000e+03 3.082094482973524624e-10
1.038000000000000000e+03 1.046111119280043754e-09
1.039000000000000000e+03 1.132084473019771890e-10
1.040000000000000000e+03 3.393518395223468160e-11
1.041000000000000000e+03 3.149049184771686246e-11
1.042000000000000000e+03 3.182721022374593863e-11
1.043000000000000000e+03 3.208229568483231007e-11
1.044000000000000000e+03 3.156975791673825796e-11
1.045000000000000000e+03 3.116426447051942040e-11
1.046000000000000000e+03 3.213492153957352635e-11
1.047000000000000000e+03 3.101615473725506445e-11
1.048000000000000000e+03 3.253622150259803025e-11
1.049000000000000000e+03 3.137480866350335445e-11
1.050000000000000000e+03 3.151350804050537250e-11
1.051000000000000000e+03 3.083314479625362587e-11
1.052000000000000000e+03 3.213109706041434103e-11
1.053000000000000000e+03 3.069155897853181438e-11
1.054000000000000000e+03 3.194328809397906522e-11
1.055000000000000000e+03 3.249030832687203106e-11
1.056000000000000000e+03 3.187659152048570064e-11
1.057000000000000000e+03 3.320300225835080700e-11
1.058000000000000000e+03 3.288548081628916152e-11
1.059000000000000000e+03 3.387849648645710647e-11
1.060000000000000000e+03 3.124701511774718051e-11
1.061000000000000000e+03 3.140541768796112852e-11
1.062000000000000000e+03 3.343511385881969524e-11
1.063000000000000000e+03 3.317630992206906360e-11
1.064000000000000000e+03 4.867320120184158650e-11
1.065000000000000000e+03 3.630388266858328183e-11
1.066000000000000000e+03 6.019443970621362724e-11
1.067000000000000000e+03 9.138317073238780155e-11
1.068000000000000000e+03 3.882484097983505985e-11
1.069000000000000000e+03 3.352104958086312746e-11
1.070000000000000000e+03 3.316297915342184670e-11
1.071000000000000000e+03 3.471600429477950923e-11
1.072000000000000000e+03 5.095411258266330082e-11
1.073000000000000000e+03 4.706191225529711665e-11
1.074000000000000000e+03 3.821991265630687531e-11
1.075000000000000000e+03 9.534256850657389844e-11
1.076000000000000000e+03 1.657009508896094321e-10
1.077000000000000000e+03 2.106618828601684334e-10
1.078000000000000000e+03 9.292516585759282855e-11
1.079000000000000000e+03 3.616655714665956772e-11
1.080000000000000000e+03 3.058726349846432775e-11
1.081000000000000000e+03 3.079193908549726451e-11
1.082000000000000000e+03 2.994509228271765538e-11
1.083000000000000000e+03 3.119799307011080539e-11
1.084000000000000000e+03 3.737316109455737299e-11
1.085000000000000000e+03 3.306165560901944754e-11
1.086000000000000000e+03 3.440802914273956623e-11
1.087000000000000000e+03 4.610167480938924165e-11
1.088000000000000000e+03 1.643491507142054674e-10
1.089000000000000000e+03 1.015350054958894889e-10
1.090000000000000000e+03 4.864914047863207607e-11
1.091000000000000000e+03 3.072682571850891562e-11
1.092000000000000000e+03 3.167732120551057915e-11
1.093000000000000000e+03 3.014542497985964757e-11
1.094000000000000000e+03 3.037507333883572145e-11
1.095000000000000000e+03 3.135284142015431936e-11
1.096000000000000000e+03 4.739119322678061328e-11
1.097000000000000000e+03 1.504231580707656987e-10
1.098000000000000000e+03 5.348604238809383765e-11
1.099000000000000000e+03 3.272191970726100213e-11
1.100000000000000000e+03 3.124068001694380462e-11
1.101000000000000000e+03 3.427536352617847538e-11
1.102000000000000000e+03 3.245056678148161612e-11
1.103000000000000000e+03 3.571831293832625607e-11
1.104000000000000000e+03 5.385840513557855894e-11
1.105000000000000000e+03 9.355309697454934606e-11
1.106000000000000000e+03 5.444754171288672696e-11
1.107000000000000000e+03 8.491061416575876143e-11
1.108000000000000000e+03 3.777352471795896177e-11
1.109000000000000000e+03 6.349016701659497959e-11
1.110000000000000000e+03 6.067427182918714501e-11
1.111000000000000000e+03 3.328585084478013134e-11
1.112000000000000000e+03 2.984484614295170851e-11
1.113000000000000000e+03 2.997579399372771371e-11
1.114000000000000000e+03 3.185545933447485840e-11
1.115000000000000000e+03 6.416632974690602052e-11
1.116000000000000000e+03 5.861852482711151834e-11
1.117000000000000000e+03 4.632638984431070181e-11
1.118000000000000000e+03 3.178679872677567919e-11
1.119000000000000000e+03 3.009238961291048571e-11
1.120000000000000000e+03 3.008268504937952255e-11
1.121000000000000000e+03 3.687336151502977113e-11
1.122000000000000000e+03 8.164801438444212984e-11
1.123000000000000000e+03 2.444767609398686771e-10
1.124000000000000000e+03 8.558649519772375863e-11
1.125000000000000000e+03 3.823056873938185772e-11
1.126000000000000000e+03 3.182231828284370893e-11
1.127000000000000000e+03 3.049747387060670919e-11
1.128000000000000000e+03 3.115767222997995215e-11
1.129000000000000000e+03 3.230223469915897872e-11
1.130000000000000000e+03 3.230035763938504865e-11
1.131000000000000000e+03 3.349623601505440843e-11
1.132000000000000000e+03 3.394977466982372639e-11
1.133000000000000000e+03 4.578551917923264452e-11
1.134000000000000000e+03 2.977480960136651065e-11
1.135000000000000000e+03 1.146995932851970180e-10
1.136000000000000000e+03 6.745731559798451654e-11
1.137000000000000000e+03 5.042974114587548502e-11
1.138000000000000000e+03 6.806427264544064978e-11
1.139000000000000000e+03 3.300632051144730377e-11
1.140000000000000000e+03 2.955761992026677013e-11
1.141000000000000000e+03 3.479337727302238782e-11
1.142000000000000000e+03 4.233233612460484791e-11
1.143000000000000000e+03 4.432243982863809928e-11
1.144000000000000000e+03 3.178918137394809530e-11
1.145000000000000000e+03 3.473659016601300699e-11
1.146000000000000000e+03 2.982127730507005250e-11
1.147000000000000000e+03 3.768259939591114350e-11
1.148000000000000000e+03 1.818207647264107823e-10
1.149000000000000000e+03 3.582610882841132955e-10
1.150000000000000000e+03 4.387010029784285757e-11
1.151000000000000000e+03 3.039534568795657791e-11
1.152000000000000000e+03 2.889599006124123788e-11
1.153000000000000000e+03 2.899417605449971076e-11
1.154000000000000000e+03 2.955662313863602788e-11
1.155000000000000000e+03 2.978129869827986781e-11
1.156000000000000000e+03 2.905819866982688269e-11
1.157000000000000000e+03 3.177082602257329600e-11
1.158000000000000000e+03 3.014549944655659456e-11
1.159000000000000000e+03 3.219442148170862995e-11
1.160000000000000000e+03 3.059128368671853181e-11
1.161000000000000000e+03 2.929256409752831333e-11
1.162000000000000000e+03 2.879022572694838693e-11
1.163000000000000000e+03 2.945154427388576790e-11
1.164000000000000000e+03 2.989370034177147055e-11
1.165000000000000000e+03 3.048943885311854233e-11
1.166000000000000000e+03 3.030024700264364515e-11
1.167000000000000000e+03 4.174963225749522952e-11
1.168000000000000000e+03 5.345725524086161802e-11
1.169000000000000000e+03 1.263291229133551404e-10
1.170000000000000000e+03 3.101072716410620770e-11
1.171000000000000000e+03 3.692597008334478832e-11
1.172000000000000000e+03 3.098801453314176867e-11
1.173000000000000000e+03 3.084920164309347971e-11
1.174000000000000000e+03 3.222186936300765538e-11
1.175000000000000000e+03 3.844091503665832162e-11
1.176000000000000000e+03 3.475927846367855589e-11
1.177000000000000000e+03 3.835200061733771220e-11
1.178000000000000000e+03 4.021880798721615104e-11
1.179000000000000000e+03 1.224142965430192491e-10
1.180000000000000000e+03 1.221607165627156108e-10
1.181000000000000000e+03 4.185025782554091048e-10
1.182000000000000000e+03 8.935785265889948281e-11
1.183000000000000000e+03 3.170980115513260673e-11
1.184000000000000000e+03 2.831008007778570410e-11
1.185000000000000000e+03 2.889127953869053160e-11
1.186000000000000000e+03 2.848321290418785531e-11
1.187000000000000000e+03 2.838835743225502924e-11
1.188000000000000000e+03 2.900933837982746355e-11
1.189000000000000000e+03 2.819084829929936531e-11
1.190000000000000000e+03 2.853179965328676405e-11
1.191000000000000000e+03 2.899551696551616859e-11
1.192000000000000000e+03 2.941025855989021802e-11
1.193000000000000000e+03 3.025233518484609275e-11
1.194000000000000000e+03 2.926972532355415458e-11
1.195000000000000000e+03 2.817556115803429362e-11
1.196000000000000000e+03 2.829570240211307413e-11
1.197000000000000000e+03 3.408186276367856669e-11
1.198000000000000000e+03 2.883696710050631330e-11
1.199000000000000000e+03 2.856333601127450351e-11
1.200000000000000000e+03 2.933130818956711619e-11
1.201000000000000000e+03 3.077472331662344512e-11
1.202000000000000000e+03 2.852082271173130040e-11
1.203000000000000000e+03 2.847330941642219808e-11
1.204000000000000000e+03 3.000071549985717811e-11
1.205000000000000000e+03 3.166640011727980149e-11
1.206000000000000000e+03 2.834197450005508993e-11
1.207000000000000000e+03 2.871115067165208632e-11
1.208000000000000000e+03 2.914414155035083155e-11
1.209000000000000000e+03 2.858516150296017589e-11
1.210000000000000000e+03 1.037986516435188282e-10
1.211000000000000000e+03 3.547483031510612864e-11
1.212000000000000000e+03 3.152183287341531949e-11
1.213000000000000000e+03 5.760330036065736323e-11
1.214000000000000000e+03 3.999761363270571623e-11
1.215000000000000000e+03 4.689887886816081975e-11
1.216000000000000000e+03 4.607716068574609147e-11
1.217000000000000000e+03 3.032924310895868864e-11
1.218000000000000000e+03 3.089938293223219804e-11
1.219000000000000000e+03 3.539361037583489756e-11
1.220000000000000000e+03 3.774718010273599315e-11
1.221000000000000000e+03 2.900433073010441996e-11
1.222000000000000000e+03 3.002762139145412773e-11
1.223000000000000000e+03 9.553359592658434738e-11
1.224000000000000000e+03 5.210717962211481000e-10
1.225000000000000000e+03 1.447454969634789382e-10
1.226000000000000000e+03 3.991536535626382310e-11
1.227000000000000000e+03 2.978900743450918374e-11
1.228000000000000000e+03 2.809560840731165942e-11
1.229000000000000000e+03 2.767071753685335241e-11
1.230000000000000000e+03 2.809466341099215164e-11
1.231000000000000000e+03 2.836922114079408322e-11
1.232000000000000000e+03 2.785396709645278644e-11
1.233000000000000000e+03 2.782155774955765543e-11
1.234000000000000000e+03 2.786478959493273703e-11
1.235000000000000000e+03 2.766955375777856971e-11
1.236000000000000000e+03 2.801350996784123308e-11
1.237000000000000000e+03 2.918625111349652666e-11
1.238000000000000000e+03 2.788206073401232791e-11
1.239000000000000000e+03 2.762861042429465807e-11
1.240000000000000000e+03 3.216499682256237644e-11
1.241000000000000000e+03 2.810003280833006881e-11
1.242000000000000000e+03 2.891540901850700430e-11
1.243000000000000000e+03 2.803412242594321197e-11
1.244000000000000000e+03 3.142255267358947042e-11
1.245000000000000000e+03 3.101440740172874551e-11
1.246000000000000000e+03 2.879707533355138756e-11
1.247000000000000000e+03 2.778358685054980142e-11
1.248000000000000000e+03 2.817096026626355173e-11
1.249000000000000000e+03 2.869801283348024355e-11
1.250000000000000000e+03 3.084749989250535906e-11
1.251000000000000000e+03 3.383131972909195861e-11
1.252000000000000000e+03 4.050868164894955570e-11
1.253000000000000000e+03 3.572283531566643789e-11
1.254000000000000000e+03 2.830623995783528047e-11
1.255000000000000000e+03 2.792675030774208307e-11
1.256000000000000000e+03 2.985137155943567262e-11
1.257000000000000000e+03 3.071596547369451173e-11
1.258000000000000000e+03 2.765995721584504773e-11
1.259000000000000000e+03 3.104166033160846690e-11
1.260000000000000000e+03 5.518263516593741937e-11
1.261000000000000000e+03 1.272635364113477753e-10
1.262000000000000000e+03 3.493231842796791014e-11
1.263000000000000000e+03 2.790786805024468309e-11
1.264000000000000000e+03 2.773295014518842545e-11
1.265000000000000000e+03 2.837732296707116343e-11
1.266000000000000000e+03 2.875198536925369655e-11
1.267000000000000000e+03 3.742096151597090052e-11
1.268000000000000000e+03 3.918551228209060272e-11
1.269000000000000000e+03 4.125028793710792441e-11
1.270000000000000000e+03 3.865833851294580248e-11
1.271000000000000000e+03 3.262502464583931072e-11
1.272000000000000000e+03 2.886568031427881477e-11
1.273000000000000000e+03 2.906102994698844480e-11
1.274000000000000000e+03 1.143380710279414445e-10
1.275000000000000000e+03 4.703321770411938942e-11
1.276000000000000000e+03 2.890034224490607367e-11
1.277000000000000000e+03 2.779905699166921402e-11
1.278000000000000000e+03 2.817388606322762669e-11
1.279000000000000000e+03 2.772880651600431964e-11
1.280000000000000000e+03 2.791794258469997017e-11
1.281000000000000000e+03 3.116418002621089287e-11
1.282000000000000000e+03 2.710231720858218179e-11
1.283000000000000000e+03 2.974242848324667329e-11
1.284000000000000000e+03 3.452730945737256256e-11
1.285000000000000000e+03 3.419977519612546820e-11
1.286000000000000000e+03 4.572629702230602526e-11
1.287000000000000000e+03 7.482897489310117271e-11
1.288000000000000000e+03 3.696498308190593952e-11
1.289000000000000000e+03 8.157778164882945696e-11
1.290000000000000000e+03 5.154504454534815237e-11
1.291000000000000000e+03 3.048860936412879063e-11
1.292000000000000000e+03 3.908782255152976957e-11
1.293000000000000000e+03 3.019523245913366589e-11
1.294000000000000000e+03 2.847050600616543365e-11
1.295000000000000000e+03 3.147935647874175964e-11
1.296000000000000000e+03 3.465986478554939950e-11
1.297000000000000000e+03 2.839509454994591068e-11
1.298000000000000000e+03 3.137049723062547691e-11
1.299000000000000000e+03 2.908673911560723855e-11
1.300000000000000000e+03 3.174993997649349590e-11
1.301000000000000000e+03 3.594445128862082682e-11
1.302000000000000000e+03 4.728757620518689638e-11
1.303000000000000000e+03 7.832512782630493906e-11
1.304000000000000000e+03 1.293145422515057019e-10
1.305000000000000000e+03 3.140428306278781655e-11
1.306000000000000000e+03 2.815541625224630090e-11
1.307000000000000000e+03 2.766338737896134152e-11
1.308000000000000000e+03 2.738112208902556051e-11
1.309000000000000000e+03 2.809910914184975360e-11
1.310000000000000000e+03 2.855408262200143286e-11
1.311000000000000000e+03 3.196296534833233887e-11
1.312000000000000000e+03 2.912488973820043554e-11
1.313000000000000000e+03 3.358519416476458926e-11
1.314000000000000000e+03 2.947533706762310820e-11
1.315000000000000000e+03 3.779623478952121051e-11
1.316000000000000000e+03 3.878740608934860971e-11
1.317000000000000000e+03 3.539137250654849882e-11
1.318000000000000000e+03 2.912951490442946973e-11
1.319000000000000000e+03 3.650984468666932138e-11
1.320000000000000000e+03 3.211868795536382195e-11
1.321000000000000000e+03 3.575765605927917991e-11
1.322000000000000000e+03 5.456070831212429834e-11
1.323000000000000000e+03 7.042597463436656806e-11
1.324000000000000000e+03 4.055376183659390009e-11
1.325000000000000000e+03 2.861101475056057440e-11
1.326000000000000000e+03 2.790038544802732270e-11
1.327000000000000000e+03 3.191011084945139237e-11
1.328000000000000000e+03 2.801572111059703257e-11
1.329000000000000000e+03 2.807249600531526178e-11
1.330000000000000000e+03 2.974668595710737052e-11
1.331000000000000000e+03 2.891138431175277076e-11
1.332000000000000000e+03 2.767734164859086897e-11
1.333000000000000000e+03 3.150898535620988433e-11
1.334000000000000000e+03 4.251938354642318717e-11
1.335000000000000000e+03 4.852617096525444557e-11
1.336000000000000000e+03 3.148713113801539289e-11
1.337000000000000000e+03 3.161026729286101492e-11
1.338000000000000000e+03 1.119744037848062218e-10
1.339000000000000000e+03 6.421050714558664971e-11
1.340000000000000000e+03 3.984233340714229531e-11
1.341000000000000000e+03 3.240576315505365959e-11
1.342000000000000000e+03 2.743015357731459175e-11
1.343000000000000000e+03 2.687583276483958320e-11
1.344000000000000000e+03 2.718534101113712173e-11
1.345000000000000000e+03 2.994773965380559585e-11
1.346000000000000000e+03 3.141116135157229383e-11
1.347000000000000000e+03 3.451347506208450133e-11
1.348000000000000000e+03 3.204187293111154109e-11
1.349000000000000000e+03 3.978735395211828510e-11
1.350000000000000000e+03 8.364876905417270157e-11
1.351000000000000000e+03 3.284678260782814550e-11
1.352000000000000000e+03 3.296069726850024531e-11
1.353000000000000000e+03 3.270545786791933906e-11
1.354000000000000000e+03 2.718583297524553167e-11
1.355000000000000000e+03 2.709386887913518100e-11
1.356000000000000000e+03 2.744930531999896459e-11
1.357000000000000000e+03 3.085649421351011751e-11
1.358000000000000000e+03 2.981867890367247199e-11
1.359000000000000000e+03 2.717604925814708510e-11
1.360000000000000000e+03 2.704204598528639195e-11
1.361000000000000000e+03 3.294409456456989290e-11
1.362000000000000000e+03 2.849700182777560019e-11
1.363000000000000000e+03 2.890925353186555854e-11
1.364000000000000000e+03 4.059114092996202786e-11
1.365000000000000000e+03 2.725934642456547302e-11
1.366000000000000000e+03 2.983150795769607712e-11
1.367000000000000000e+03 7.628276454070083736e-11
1.368000000000000000e+03 3.624597910342054662e-11
1.369000000000000000e+03 3.258959809130569654e-11
1.370000000000000000e+03 3.006276765805009971e-11
1.371000000000000000e+03 2.743945456818020967e-11
1.372000000000000000e+03 2.882435753546629808e-11
1.373000000000000000e+03 2.925997976179422607e-11
1.374000000000000000e+03 3.534530706990633700e-11
1.375000000000000000e+03 2.751576269066611883e-11
1.376000000000000000e+03 3.909360965940831883e-11
1.377000000000000000e+03 2.971595906841731890e-11
1.378000000000000000e+03 4.540679260344612300e-11
1.379000000000000000e+03 5.916820628323289657e-11
1.380000000000000000e+03 3.275542086661005476e-11
1.381000000000000000e+03 3.244560996093576299e-11
1.382000000000000000e+03 3.487715999953747234e-11
1.383000000000000000e+03 3.226188788082033880e-11
1.384000000000000000e+03 2.893671491253397318e-11
1.385000000000000000e+03 3.236044416344413233e-11
1.386000000000000000e+03 3.083049128463545069e-11
1.387000000000000000e+03 2.819359224317253454e-11
1.388000000000000000e+03 3.067345015170070153e-11
1.389000000000000000e+03 2.868266573302518812e-11
1.390000000000000000e+03 3.512879180823221741e-11
1.391000000000000000e+03 6.972788690986847746e-11
1.392000000000000000e+03 5.509167539463904724e-11
1.393000000000000000e+03 5.116961793040019151e-11
1.394000000000000000e+03 3.397007862085202789e-11
1.395000000000000000e+03 2.808967390539850948e-11
1.396000000000000000e+03 2.768256833036572383e-11
1.397000000000000000e+03 2.700346661324050387e-11
1.398000000000000000e+03 2.746398763651136391e-11
1.399000000000000000e+03 2.689016690453290103e-11
1.400000000000000000e+03 2.737672699076362787e-11
1.401000000000000000e+03 3.054708814114609923e-11
1.402000000000000000e+03 2.679626520141812335e-11
1.403000000000000000e+03 2.788881711691686362e-11
1.404000000000000000e+03 3.427225223372500939e-11
1.405000000000000000e+03 3.533777424109031849e-11
1.406000000000000000e+03 3.142980403652367357e-11
1.407000000000000000e+03 2.745454969054341820e-11
1.408000000000000000e+03 3.055620571509656908e-11
1.409000000000000000e+03 2.937848635281827530e-11
1.410000000000000000e+03 6.373985602697260070e-11
1.411000000000000000e+03 1.509864293117035366e-10
1.412000000000000000e+03 3.483008435277670581e-11
1.413000000000000000e+03 2.771811297163116743e-11
1.414000000000000000e+03 2.685399665133623411e-11
1.415000000000000000e+03 2.672639057316181960e-11
1.416000000000000000e+03 2.701303341018019783e-11
1.417000000000000000e+03 2.686611505324614571e-11
1.418000000000000000e+03 3.270104925771297197e-11
1.419000000000000000e+03 3.207591435017768477e-11
1.420000000000000000e+03 3.010509195321725318e-11
1.421000000000000000e+03 2.675531163384504588e-11
1.422000000000000000e+03 2.659438093576286069e-11
1.423000000000000000e+03 2.688014482295187229e-11
1.424000000000000000e+03 3.096918938957854664e-11
1.425000000000000000e+03 2.842419236643143761e-11
1.426000000000000000e+03 2.824676063300666187e-11
1.427000000000000000e+03 2.786968863563903243e-11
1.428000000000000000e+03 2.756207808191479505e-11
1.429000000000000000e+03 3.698390672108812415e-11
1.430000000000000000e+03 2.737301370543798513e-11
1.431000000000000000e+03 2.678662056681636651e-11
1.432000000000000000e+03 3.354004305400830265e-11
1.433000000000000000e+03 3.102969507172258857e-11
1.434000000000000000e+03 2.977726014555209108e-11
1.435000000000000000e+03 3.490603953894772511e-11
1.436000000000000000e+03 3.023827550406258782e-11
1.437000000000000000e+03 2.934129479321226900e-11
1.438000000000000000e+03 4.572758403485977038e-11
1.439000000000000000e+03 5.502466858281418665e-11
1.440000000000000000e+03 3.352786945613841269e-11
1.441000000000000000e+03 2.805260743753961025e-11
1.442000000000000000e+03 2.757072538187730982e-11
1.443000000000000000e+03 3.189864331132626400e-11
1.444000000000000000e+03 2.834330596907322064e-11
1.445000000000000000e+03 3.201240992461569914e-11
1.446000000000000000e+03 2.776590887623258891e-11
1.447000000000000000e+03 3.131956419037841797e-11
1.448000000000000000e+03 2.749133015874936140e-11
1.449000000000000000e+03 3.077941969588442138e-11
1.450000000000000000e+03 4.432814008422938746e-11
1.451000000000000000e+03 2.778532415899109678e-11
1.452000000000000000e+03 2.718288898936395389e-11
1.453000000000000000e+03 2.748719276368341567e-11
1.454000000000000000e+03 3.037449083899432342e-11
1.455000000000000000e+03 2.931164528338965423e-11
1.456000000000000000e+03 3.745578019137215026e-11
1.457000000000000000e+03 4.661531148176749261e-11
1.458000000000000000e+03 2.772465093899073370e-11
1.459000000000000000e+03 2.778177234846935439e-11
1.460000000000000000e+03 2.838874689726874211e-11
1.461000000000000000e+03 3.036510304359566687e-11
1.462000000000000000e+03 2.780784305467533723e-11
1.463000000000000000e+03 3.019094485526337181e-11
1.464000000000000000e+03 3.335047559442161973e-11
1.465000000000000000e+03 3.546966269450965703e-11
1.466000000000000000e+03 3.165869064678769806e-11
1.467000000000000000e+03 6.282118505029939414e-11
1.468000000000000000e+03 3.718701333681770019e-11
1.469000000000000000e+03 2.766788360952146550e-11
1.470000000000000000e+03 2.691038105736837877e-11
1.471000000000000000e+03 3.050318359247621773e-11
1.472000000000000000e+03 2.928089623873027164e-11
1.473000000000000000e+03 2.799042440452608463e-11
1.474000000000000000e+03 2.731870057844501927e-11
1.475000000000000000e+03 2.676634422709669327e-11
1.476000000000000000e+03 3.228129706340783648e-11
1.477000000000000000e+03 2.923485264043783765e-11
1.478000000000000000e+03 2.759832766345261547e-11
1.479000000000000000e+03 4.194678891541038027e-11
1.480000000000000000e+03 3.641483881396118838e-11
1.481000000000000000e+03 4.231510405794876465e-11
1.482000000000000000e+03 2.693118859474661680e-11
1.483000000000000000e+03 2.998172987736652541e-11
1.484000000000000000e+03 2.793233306454429584e-11
1.485000000000000000e+03 3.359552742817140851e-11
1.486000000000000000e+03 3.037499679621390052e-11
1.487000000000000000e+03 2.777798471011751732e-11
1.488000000000000000e+03 4.434037315592426373e-11
1.489000000000000000e+03 3.615287664429893936e-11
1.490000000000000000e+03 2.770239015569442478e-11
1.491000000000000000e+03 2.706840842964042313e-11
1.492000000000000000e+03 2.790056149938760490e-11
1.493000000000000000e+03 2.712506389743822302e-11
1.494000000000000000e+03 2.832978129046419124e-11
1.495000000000000000e+03 3.113608411085066436e-11
1.496000000000000000e+03 4.142077093778699325e-11
1.497000000000000000e+03 3.305731936610447504e-11
1.498000000000000000e+03 2.742872659307896129e-11
1.499000000000000000e+03 3.059939727366684163e-11
1.500000000000000000e+03 3.908219345313202919e-11
1.501000000000000000e+03 3.273401984810254967e-11
1.502000000000000000e+03 2.859528042027260661e-11
1.503000000000000000e+03 2.673957169238314432e-11
1.504000000000000000e+03 2.708077827099941474e-11
1.505000000000000000e+03 2.752273691701223485e-11
1.506000000000000000e+03 3.039565266121654563e-11
1.507000000000000000e+03 2.879129596573306411e-11
1.508000000000000000e+03 5.471989782785197766e-11
1.509000000000000000e+03 4.612110821176544679e-11
1.510000000000000000e+03 2.786412727567499551e-11
1.511000000000000000e+03 2.672422248686761317e-11
1.512000000000000000e+03 2.890975696008130295e-11
1.513000000000000000e+03 2.720745134016781410e-11
1.514000000000000000e+03 2.657438551541445907e-11
1.515000000000000000e+03 2.690003857319025417e-11
1.516000000000000000e+03 3.010802800168531482e-11
1.517000000000000000e+03 2.928622843494799030e-11
1.518000000000000000e+03 2.792390170487250332e-11
1.519000000000000000e+03 3.674149463031129423e-11
1.520000000000000000e+03 2.902885819548890806e-11
1.521000000000000000e+03 2.810599876560094874e-11
1.522000000000000000e+03 2.877524088069520615e-11
1.523000000000000000e+03 3.213249685731309900e-11
