0.000000000000000000e+00 1.375002841465175207e-01
1.000000000000000000e+00 1.047136448905803228e-02
2.000000000000000000e+00 8.710282581159845688e-03
3.000000000000000000e+00 9.340984025038778435e-03
4.000000000000000000e+00 9.156200167490169059e-03
5.000000000000000000e+00 8.784737897804007281e-03
6.000000000000000000e+00 9.089367999695240757e-03
7.000000000000000000e+00 8.881830290192738175e-03
8.000000000000000000e+00 8.852043084334581396e-03
9.000000000000000000e+00 8.809071464929730047e-03
1.000000000000000000e+01 8.532417687820269964e-03
1.100000000000000000e+01 9.542499174131080508e-03
1.200000000000000000e+01 9.421322634443641056e-03
1.300000000000000000e+01 8.687645761528983018e-03
1.400000000000000000e+01 8.837211353238672018e-03
1.500000000000000000e+01 8.817215386079624642e-03
1.600000000000000000e+01 9.581959509523585786e-03
1.700000000000000000e+01 8.862447913270444372e-03
1.800000000000000000e+01 8.869728108402341257e-03
1.900000000000000000e+01 8.858591737225651047e-03
2.000000000000000000e+01 8.770036307396367192e-03
2.100000000000000000e+01 8.857406623428687106e-03
2.200000000000000000e+01 9.217317204456777074e-03
2.300000000000000000e+01 8.686361217405647386e-03
2.400000000000000000e+01 8.852789195952937701e-03
2.500000000000000000e+01 9.604660473996773362e-03
2.600000000000000000e+01 8.581242046784610250e-03
2.700000000000000000e+01 8.561587677104399302e-03
2.800000000000000000e+01 8.792248601093888977e-03
2.900000000000000000e+01 8.593566261697559855e-03
3.000000000000000000e+01 8.709705370711163033e-03
3.100000000000000000e+01 8.450796577380969427e-03
3.200000000000000000e+01 8.695296134101226579e-03
3.300000000000000000e+01 8.950161124812439778e-03
3.400000000000000000e+01 8.729629288427531025e-03
3.500000000000000000e+01 8.797776116989553669e-03
3.600000000000000000e+01 8.564964728429913174e-03
3.700000000000000000e+01 8.647744578775018107e-03
3.800000000000000000e+01 8.370257646311074842e-03
3.900000000000000000e+01 8.669619937427342285e-03
4.000000000000000000e+01 8.873989176936446927e-03
4.100000000000000000e+01 8.664423035224900344e-03
4.200000000000000000e+01 8.861741883447394469e-03
4.300000000000000000e+01 8.505206339759752848e-03
4.400000000000000000e+01 8.364262111717835416e-03
4.500000000000000000e+01 8.629523345734923384e-03
4.600000000000000000e+01 8.442652440862730145e-03
4.700000000000000000e+01 8.868715207790955554e-03
4.800000000000000000e+01 8.694516844116151333e-03
4.900000000000000000e+01 8.491081208921969284e-03
5.000000000000000000e+01 8.353788807289675225e-03
5.100000000000000000e+01 8.301135600777342222e-03
5.200000000000000000e+01 8.322214888175949107e-03
5.300000000000000000e+01 8.453601121436804880e-03
5.400000000000000000e+01 8.374737808480858803e-03
5.500000000000000000e+01 8.283116883831098676e-03
5.600000000000000000e+01 8.392472943523899415e-03
5.700000000000000000e+01 8.351260446943342686e-03
5.800000000000000000e+01 8.356370346155017961e-03
5.900000000000000000e+01 8.338047302095219840e-03
6.000000000000000000e+01 8.436227287165819905e-03
6.100000000000000000e+01 8.354032388888299118e-03
6.200000000000000000e+01 8.316575211938469908e-03
6.300000000000000000e+01 8.266242698300629160e-03
6.400000000000000000e+01 8.506906143156810901e-03
6.500000000000000000e+01 8.319756563287228693e-03
6.600000000000000000e+01 8.303879073355346224e-03
6.700000000000000000e+01 8.487283339491114020e-03
6.800000000000000000e+01 8.288977021584287633e-03
6.900000000000000000e+01 8.538484392920509328e-03
7.000000000000000000e+01 8.272911969106644739e-03
7.100000000000000000e+01 8.300671505276113402e-03
7.200000000000000000e+01 8.270541107049212554e-03
7.300000000000000000e+01 8.311294001759960554e-03
7.400000000000000000e+01 8.365813730051741004e-03
7.500000000000000000e+01 8.373213687445969083e-03
7.600000000000000000e+01 8.447179762879387238e-03
7.700000000000000000e+01 8.481913933064789274e-03
7.800000000000000000e+01 8.335508825257419846e-03
7.900000000000000000e+01 8.327979722525923750e-03
8.000000000000000000e+01 8.323153841774909995e-03
8.100000000000000000e+01 8.481739502167328845e-03
8.200000000000000000e+01 8.302169927628711560e-03
8.300000000000000000e+01 8.291973167797551253e-03
8.400000000000000000e+01 8.309678605291992773e-03
8.500000000000000000e+01 8.307216840330510985e-03
8.600000000000000000e+01 8.289442909881473281e-03
8.700000000000000000e+01 8.284601097693666469e-03
8.800000000000000000e+01 8.258459699572995999e-03
8.900000000000000000e+01 8.303107408573850642e-03
9.000000000000000000e+01 8.697024686262011875e-03
9.100000000000000000e+01 8.606573089491576650e-03
9.200000000000000000e+01 8.290852973004803061e-03
9.300000000000000000e+01 8.312195184407756079e-03
9.400000000000000000e+01 8.586125908186659564e-03
9.500000000000000000e+01 8.280885376734659076e-03
9.600000000000000000e+01 8.345916238613425991e-03
9.700000000000000000e+01 8.290226844837888381e-03
9.800000000000000000e+01 8.521448099054395806e-03
9.900000000000000000e+01 1.022028996958397259e-02
1.000000000000000000e+02 8.217859448632226088e-03
1.010000000000000000e+02 8.186594990547746420e-03
1.020000000000000000e+02 8.215391932753845355e-03
1.030000000000000000e+02 8.224732725648210147e-03
1.040000000000000000e+02 8.189255639445036303e-03
1.050000000000000000e+02 8.215326600475237467e-03
1.060000000000000000e+02 8.216259896289556525e-03
1.070000000000000000e+02 8.211480849422515133e-03
1.080000000000000000e+02 8.183474862016737114e-03
1.090000000000000000e+02 8.160068438155577281e-03
1.100000000000000000e+02 8.250595873687417009e-03
1.110000000000000000e+02 8.196751744253560207e-03
1.120000000000000000e+02 8.243300969479606249e-03
1.130000000000000000e+02 8.214843546738848090e-03
1.140000000000000000e+02 8.151366055244579911e-03
1.150000000000000000e+02 8.173419517697766076e-03
1.160000000000000000e+02 8.194823353551327488e-03
1.170000000000000000e+02 8.220520819304511645e-03
1.180000000000000000e+02 8.237583952723070285e-03
1.190000000000000000e+02 8.177126327063887964e-03
1.200000000000000000e+02 8.201040932908654560e-03
1.210000000000000000e+02 8.193586679408327439e-03
1.220000000000000000e+02 8.156506810337305069e-03
1.230000000000000000e+02 8.176363661186769258e-03
1.240000000000000000e+02 8.192022261209786632e-03
1.250000000000000000e+02 8.237245579948648810e-03
1.260000000000000000e+02 8.197512367041781198e-03
1.270000000000000000e+02 8.167800109367817987e-03
1.280000000000000000e+02 8.231075806543230663e-03
1.290000000000000000e+02 8.289150148630141518e-03
1.300000000000000000e+02 8.245568309212103833e-03
1.310000000000000000e+02 8.247946994379163135e-03
1.320000000000000000e+02 8.176135073881596327e-03
1.330000000000000000e+02 8.194480859674512646e-03
1.340000000000000000e+02 8.190781355369835398e-03
1.350000000000000000e+02 8.294510282576083790e-03
1.360000000000000000e+02 8.199646271532402136e-03
1.370000000000000000e+02 8.183111797552555106e-03
1.380000000000000000e+02 8.289283042540774443e-03
1.390000000000000000e+02 8.156377653358503829e-03
1.400000000000000000e+02 8.243024669354781508e-03
1.410000000000000000e+02 8.174308447632939317e-03
1.420000000000000000e+02 8.172657957766204725e-03
1.430000000000000000e+02 8.159330958733335137e-03
1.440000000000000000e+02 8.169364306377246629e-03
1.450000000000000000e+02 8.166654489468783834e-03
1.460000000000000000e+02 8.136397955240681767e-03
1.470000000000000000e+02 8.157700643641874541e-03
1.480000000000000000e+02 8.209283818723633538e-03
1.490000000000000000e+02 8.287843357538803718e-03
1.500000000000000000e+02 8.144921832717954766e-03
1.510000000000000000e+02 8.124490478076040398e-03
1.520000000000000000e+02 8.125889563234522245e-03
1.530000000000000000e+02 8.116007235366850744e-03
1.540000000000000000e+02 8.124106493778527477e-03
1.550000000000000000e+02 8.141537837218493223e-03
1.560000000000000000e+02 8.129898615879937313e-03
1.570000000000000000e+02 8.139316528104244969e-03
1.580000000000000000e+02 8.135266171302646052e-03
1.590000000000000000e+02 8.134302991675213673e-03
1.600000000000000000e+02 8.186741702957078815e-03
1.610000000000000000e+02 8.163192903157322905e-03
1.620000000000000000e+02 8.121266751550138344e-03
1.630000000000000000e+02 8.132817747537046671e-03
1.640000000000000000e+02 8.140297216596082547e-03
1.650000000000000000e+02 8.127203653566538941e-03
1.660000000000000000e+02 8.096718147862702261e-03
1.670000000000000000e+02 8.139202167512848973e-03
1.680000000000000000e+02 8.170629467349499811e-03
1.690000000000000000e+02 8.212334313429891369e-03
1.700000000000000000e+02 8.118349337019025933e-03
1.710000000000000000e+02 8.131880220025778164e-03
1.720000000000000000e+02 8.132584113627671502e-03
1.730000000000000000e+02 8.116899727610871196e-03
1.740000000000000000e+02 8.178968122228980411e-03
1.750000000000000000e+02 8.143235230818390846e-03
1.760000000000000000e+02 8.142857410712167274e-03
1.770000000000000000e+02 8.144663495477289308e-03
1.780000000000000000e+02 8.127453079214318893e-03
1.790000000000000000e+02 8.133743581129237316e-03
1.800000000000000000e+02 8.126148226438090205e-03
1.810000000000000000e+02 8.133703365456313589e-03
1.820000000000000000e+02 8.237595856189727089e-03
1.830000000000000000e+02 8.307384297950193286e-03
1.840000000000000000e+02 8.173997013363987554e-03
1.850000000000000000e+02 8.139347768155858268e-03
1.860000000000000000e+02 8.157769357785582889e-03
1.870000000000000000e+02 8.146189502440392971e-03
1.880000000000000000e+02 8.213969151256605983e-03
1.890000000000000000e+02 8.168254670454188487e-03
1.900000000000000000e+02 8.117608417524024150e-03
1.910000000000000000e+02 8.127491740742698659e-03
1.920000000000000000e+02 8.225158462300896992e-03
1.930000000000000000e+02 8.102259633596986185e-03
1.940000000000000000e+02 8.144539385102688572e-03
1.950000000000000000e+02 8.122276287758722554e-03
1.960000000000000000e+02 8.145220240112393401e-03
1.970000000000000000e+02 8.189772092737256787e-03
1.980000000000000000e+02 8.104970230488107302e-03
1.990000000000000000e+02 8.140170475235209216e-03
2.000000000000000000e+02 8.087187621276826013e-03
2.010000000000000000e+02 8.088382036658004620e-03
2.020000000000000000e+02 8.079315559007227768e-03
2.030000000000000000e+02 8.114035823382437229e-03
2.040000000000000000e+02 8.105073025217280486e-03
2.050000000000000000e+02 8.086622774135321726e-03
2.060000000000000000e+02 8.124004618730395685e-03
2.070000000000000000e+02 8.098673506174236883e-03
2.080000000000000000e+02 8.100394066423178066e-03
2.090000000000000000e+02 8.097261062357575395e-03
2.100000000000000000e+02 8.093394053867086421e-03
2.110000000000000000e+02 8.111765090143307697e-03
2.120000000000000000e+02 8.098090608837083676e-03
2.130000000000000000e+02 8.106656267773359320e-03
2.140000000000000000e+02 8.100100880255922675e-03
2.150000000000000000e+02 8.093628921778872262e-03
2.160000000000000000e+02 8.179930230835453370e-03
2.170000000000000000e+02 8.095975255127996900e-03
2.180000000000000000e+02 8.116548252291976712e-03
2.190000000000000000e+02 8.091037295525894263e-03
2.200000000000000000e+02 8.138228248571976325e-03
2.210000000000000000e+02 8.104125229874626496e-03
2.220000000000000000e+02 8.123779157176613114e-03
2.230000000000000000e+02 8.115612727124243975e-03
2.240000000000000000e+02 8.096016384661198009e-03
2.250000000000000000e+02 8.104967750841751001e-03
2.260000000000000000e+02 8.103001915151253690e-03
2.270000000000000000e+02 8.102317986777051936e-03
2.280000000000000000e+02 8.141407684888690710e-03
2.290000000000000000e+02 8.095059869810938488e-03
2.300000000000000000e+02 8.108212880324571978e-03
2.310000000000000000e+02 8.094440319109708765e-03
2.320000000000000000e+02 8.110326319001614354e-03
2.330000000000000000e+02 8.107842900790274490e-03
2.340000000000000000e+02 8.096197881968691945e-03
2.350000000000000000e+02 8.104867278598248612e-03
2.360000000000000000e+02 8.092294377274811962e-03
2.370000000000000000e+02 8.102063153637572776e-03
2.380000000000000000e+02 8.123831410193816174e-03
2.390000000000000000e+02 8.092286612372845758e-03
2.400000000000000000e+02 8.105468103894963167e-03
2.410000000000000000e+02 8.107992931036278952e-03
2.420000000000000000e+02 8.088054461404680859e-03
2.430000000000000000e+02 8.102555957157165159e-03
2.440000000000000000e+02 8.090379869099707105e-03
2.450000000000000000e+02 8.100568165536970247e-03
2.460000000000000000e+02 8.094804169377311370e-03
2.470000000000000000e+02 8.145983610302210548e-03
2.480000000000000000e+02 8.097843074938281677e-03
2.490000000000000000e+02 8.079175557941197655e-03
2.500000000000000000e+02 8.080144150881096721e-03
2.510000000000000000e+02 8.077556511852889559e-03
