0.000000000000000000e+00 1.385858946705640542e-03
1.000000000000000000e+00 5.704932539017051223e-05
2.000000000000000000e+00 5.640619928106890260e-05
3.000000000000000000e+00 5.301291328231843013e-05
4.000000000000000000e+00 4.818195348733889365e-05
5.000000000000000000e+00 4.166526255757059641e-05
6.000000000000000000e+00 3.339700296595809868e-05
7.000000000000000000e+00 2.383837959294427401e-05
8.000000000000000000e+00 1.553666017040433370e-05
9.000000000000000000e+00 1.064461987875863068e-05
1.000000000000000000e+01 8.975104898807169490e-06
1.100000000000000000e+01 8.125277567776369639e-06
1.200000000000000000e+01 7.291715645894171072e-06
1.300000000000000000e+01 6.833540110734513838e-06
1.400000000000000000e+01 6.501416881549527720e-06
1.500000000000000000e+01 6.220213001128023324e-06
1.600000000000000000e+01 5.964286604482905251e-06
1.700000000000000000e+01 5.733463025287152909e-06
1.800000000000000000e+01 5.554376928386764433e-06
1.900000000000000000e+01 5.300438583835958828e-06
2.000000000000000000e+01 5.073440670168142745e-06
2.100000000000000000e+01 4.796092990755638835e-06
2.200000000000000000e+01 4.563206573002690824e-06
2.300000000000000000e+01 4.316897068858302795e-06
2.400000000000000000e+01 4.026658839967355887e-06
2.500000000000000000e+01 3.868083687929344306e-06
2.600000000000000000e+01 3.594961891004289615e-06
2.700000000000000000e+01 3.387315834187088193e-06
2.800000000000000000e+01 3.177514925914266929e-06
2.900000000000000000e+01 3.010247432348733312e-06
3.000000000000000000e+01 2.796915694312203881e-06
3.100000000000000000e+01 2.624109228165475949e-06
3.200000000000000000e+01 2.468484960665084161e-06
3.300000000000000000e+01 2.307866929570248583e-06
3.400000000000000000e+01 2.154006111219426721e-06
3.500000000000000000e+01 2.025314444078198713e-06
3.600000000000000000e+01 1.895500359070535429e-06
3.700000000000000000e+01 1.807725604683493322e-06
3.800000000000000000e+01 1.690988096755827833e-06
3.900000000000000000e+01 1.609442956282937771e-06
4.000000000000000000e+01 1.558110121073154142e-06
4.100000000000000000e+01 1.463461860610816185e-06
4.200000000000000000e+01 1.403454605684529424e-06
4.300000000000000000e+01 1.348905635877610329e-06
4.400000000000000000e+01 1.316648919222109744e-06
4.500000000000000000e+01 1.276587925449829461e-06
4.600000000000000000e+01 1.250927158998966524e-06
4.700000000000000000e+01 1.232899536925829133e-06
4.800000000000000000e+01 1.191087049273204597e-06
4.900000000000000000e+01 1.185747457378834453e-06
5.000000000000000000e+01 1.164737858236378042e-06
5.100000000000000000e+01 1.146575392147055350e-06
5.200000000000000000e+01 1.131653469316494055e-06
5.300000000000000000e+01 1.122711612241425192e-06
5.400000000000000000e+01 1.111277064441272269e-06
5.500000000000000000e+01 1.091880115083807823e-06
5.600000000000000000e+01 1.085571257297107241e-06
5.700000000000000000e+01 1.066476677887803258e-06
5.800000000000000000e+01 1.051995701638491973e-06
