0.000000000000000000e+00 3.706707584552276086e-02
1.000000000000000000e+00 3.115184068679809678e-03
2.000000000000000000e+00 2.566108501874483916e-03
3.000000000000000000e+00 2.536842425664266078e-03
4.000000000000000000e+00 2.457288852104773640e-03
5.000000000000000000e+00 2.393776178359985438e-03
6.000000000000000000e+00 2.352970973039284364e-03
7.000000000000000000e+00 2.298783540725708122e-03
8.000000000000000000e+00 2.293820509543785437e-03
9.000000000000000000e+00 2.252135429626856387e-03
1.000000000000000000e+01 2.228787446633363409e-03
1.100000000000000000e+01 2.254364392696283064e-03
1.200000000000000000e+01 2.249339715028420526e-03
1.300000000000000000e+01 2.206164855223435514e-03
1.400000000000000000e+01 2.200405958371284571e-03
1.500000000000000000e+01 2.394800574351580065e-03
1.600000000000000000e+01 2.316884945600460738e-03
1.700000000000000000e+01 2.219569845077319116e-03
1.800000000000000000e+01 2.193782555751311314e-03
1.900000000000000000e+01 2.307240917132451045e-03
2.000000000000000000e+01 2.311486794398381027e-03
2.100000000000000000e+01 2.240365028381347857e-03
2.200000000000000000e+01 2.279418596854576682e-03
2.300000000000000000e+01 2.157748839794061246e-03
2.400000000000000000e+01 2.224114408859839773e-03
2.500000000000000000e+01 2.191143310987032564e-03
2.600000000000000000e+01 2.146391642399323070e-03
2.700000000000000000e+01 2.185174767787639687e-03
2.800000000000000000e+01 2.146560027049138151e-03
2.900000000000000000e+01 2.175771447328420788e-03
3.000000000000000000e+01 2.148545867357498727e-03
3.100000000000000000e+01 2.202125530976515450e-03
3.200000000000000000e+01 2.112768069291726114e-03
3.300000000000000000e+01 2.114167892015897041e-03
3.400000000000000000e+01 2.103678957009926919e-03
3.500000000000000000e+01 2.081547599572401708e-03
3.600000000000000000e+01 2.084005264135507188e-03
3.700000000000000000e+01 2.103720958416278528e-03
3.800000000000000000e+01 2.087232919839712708e-03
3.900000000000000000e+01 2.030034101926363188e-03
4.000000000000000000e+01 1.998991813415135904e-03
4.100000000000000000e+01 1.944354549432412245e-03
4.200000000000000000e+01 1.931684827193235919e-03
4.300000000000000000e+01 1.921540012726416936e-03
4.400000000000000000e+01 1.926571363057845692e-03
4.500000000000000000e+01 1.753842610579270551e-03
4.600000000000000000e+01 1.711345767363523819e-03
4.700000000000000000e+01 1.538943535242325153e-03
4.800000000000000000e+01 1.448221130248827752e-03
4.900000000000000000e+01 1.353769974830823161e-03
5.000000000000000000e+01 1.111220439275105660e-03
5.100000000000000000e+01 9.360659993611849822e-04
5.200000000000000000e+01 9.045758079259824279e-04
5.300000000000000000e+01 6.191065701154561647e-04
5.400000000000000000e+01 4.465093307006053449e-04
5.500000000000000000e+01 3.581868708133697393e-04
5.600000000000000000e+01 2.718870593951298810e-04
5.700000000000000000e+01 2.134221545778787943e-04
5.800000000000000000e+01 1.987617348249141771e-04
5.900000000000000000e+01 1.751541326252313915e-04
6.000000000000000000e+01 1.163201447671804729e-04
6.100000000000000000e+01 1.139328563824678080e-04
6.200000000000000000e+01 1.063582039891909365e-04
6.300000000000000000e+01 9.380417489088498919e-05
6.400000000000000000e+01 8.923396086081480049e-05
6.500000000000000000e+01 1.132158512870470727e-04
6.600000000000000000e+01 8.511126552445765121e-05
6.700000000000000000e+01 7.560265073791529351e-05
6.800000000000000000e+01 7.307433566221824750e-05
6.900000000000000000e+01 6.928432465363772305e-05
7.000000000000000000e+01 6.873322120652749524e-05
7.100000000000000000e+01 6.795829649154956219e-05
7.200000000000000000e+01 6.375547679953086258e-05
7.300000000000000000e+01 6.476781951884427757e-05
7.400000000000000000e+01 6.099838204681873587e-05
7.500000000000000000e+01 5.258390789803786520e-05
7.600000000000000000e+01 5.697311016802604678e-05
7.700000000000000000e+01 5.033514982996842427e-05
7.800000000000000000e+01 5.484269048349979812e-05
7.900000000000000000e+01 5.246576590415758711e-05
8.000000000000000000e+01 5.078367382670060488e-05
8.100000000000000000e+01 4.578214119642209082e-05
8.200000000000000000e+01 4.383794457102433020e-05
8.300000000000000000e+01 4.431075746050247734e-05
8.400000000000000000e+01 4.957865164257013014e-05
8.500000000000000000e+01 4.418164673141943802e-05
8.600000000000000000e+01 4.022492411044927522e-05
8.700000000000000000e+01 4.275048490709219069e-05
8.800000000000000000e+01 3.975462197111203011e-05
8.900000000000000000e+01 4.461062604036086977e-05
9.000000000000000000e+01 3.689774168798556697e-05
9.100000000000000000e+01 3.740878761387788346e-05
9.200000000000000000e+01 4.056324914861947822e-05
9.300000000000000000e+01 5.271504184183401973e-05
9.400000000000000000e+01 3.772941207847534383e-05
9.500000000000000000e+01 3.356115844769355687e-05
9.600000000000000000e+01 3.693571247351475388e-05
9.700000000000000000e+01 4.511474283077777356e-05
9.800000000000000000e+01 3.478740236889093650e-05
9.900000000000000000e+01 3.325295080550205940e-05
1.000000000000000000e+02 4.250471370342450334e-05
1.010000000000000000e+02 3.179259808399738325e-05
1.020000000000000000e+02 3.234982939484791763e-05
1.030000000000000000e+02 3.026454336941242264e-05
1.040000000000000000e+02 3.769121949489300042e-05
1.050000000000000000e+02 3.095323582872366207e-05
1.060000000000000000e+02 3.155723328773791918e-05
1.070000000000000000e+02 2.838070279894731000e-05
1.080000000000000000e+02 3.315045412343282049e-05
1.090000000000000000e+02 2.891844950425319252e-05
1.100000000000000000e+02 2.828830208342808695e-05
1.110000000000000000e+02 3.256206529644819120e-05
1.120000000000000000e+02 3.494799012939135452e-05
1.130000000000000000e+02 2.690971064835022750e-05
1.140000000000000000e+02 2.808545076121122405e-05
1.150000000000000000e+02 2.509200183722453176e-05
1.160000000000000000e+02 3.265244017044703260e-05
1.170000000000000000e+02 2.572108413546513188e-05
1.180000000000000000e+02 2.585119453187172448e-05
1.190000000000000000e+02 2.714152204302640848e-05
1.200000000000000000e+02 2.671536301764157922e-05
1.210000000000000000e+02 2.870415409023945079e-05
1.220000000000000000e+02 3.218808746299682376e-05
1.230000000000000000e+02 2.522667616796799334e-05
1.240000000000000000e+02 3.139515942296920400e-05
1.250000000000000000e+02 2.733898404030463627e-05
1.260000000000000000e+02 2.374683420818585576e-05
1.270000000000000000e+02 4.200417925723087803e-05
1.280000000000000000e+02 2.813614795032219984e-05
1.290000000000000000e+02 2.670431982439297943e-05
1.300000000000000000e+02 2.401333393003696130e-05
1.310000000000000000e+02 2.068167901000915601e-05
1.320000000000000000e+02 2.788412150664207158e-05
1.330000000000000000e+02 2.393444861548069266e-05
1.340000000000000000e+02 2.349424252334313270e-05
1.350000000000000000e+02 2.557615023583937748e-05
1.360000000000000000e+02 2.139513801114681311e-05
1.370000000000000000e+02 2.762471664792452112e-05
1.380000000000000000e+02 2.097067021979735562e-05
1.390000000000000000e+02 1.930846166438781545e-05
1.400000000000000000e+02 2.134837983892514076e-05
1.410000000000000000e+02 2.062220964580774315e-05
1.420000000000000000e+02 1.918593987535971996e-05
1.430000000000000000e+02 1.876959364670209107e-05
1.440000000000000000e+02 1.923388037352989920e-05
1.450000000000000000e+02 2.318690325587223930e-05
1.460000000000000000e+02 1.977640667404883859e-05
1.470000000000000000e+02 2.317959125129840175e-05
1.480000000000000000e+02 2.197788672473950276e-05
1.490000000000000000e+02 1.898198116284150497e-05
1.500000000000000000e+02 2.090904608559914223e-05
1.510000000000000000e+02 2.269572652398775900e-05
1.520000000000000000e+02 2.261387807531998597e-05
1.530000000000000000e+02 2.318945832741566341e-05
1.540000000000000000e+02 1.737696073280694975e-05
1.550000000000000000e+02 2.001715238946370686e-05
1.560000000000000000e+02 2.100649487991363781e-05
1.570000000000000000e+02 2.049370640172408083e-05
1.580000000000000000e+02 2.075433563918639454e-05
1.590000000000000000e+02 2.574187612686401678e-05
1.600000000000000000e+02 2.665915208844802316e-05
1.610000000000000000e+02 2.969022868917538678e-05
1.620000000000000000e+02 2.204497437924146725e-05
1.630000000000000000e+02 2.076213171657843211e-05
1.640000000000000000e+02 1.894242032311665701e-05
1.650000000000000000e+02 2.510463250562166524e-05
1.660000000000000000e+02 1.774227848419776253e-05
1.670000000000000000e+02 1.661276332556437408e-05
1.680000000000000000e+02 2.842805142968129028e-05
1.690000000000000000e+02 1.767408506323894083e-05
1.700000000000000000e+02 2.788527933164284650e-05
1.710000000000000000e+02 2.300301538063929740e-05
1.720000000000000000e+02 2.434691875122296505e-05
1.730000000000000000e+02 1.947446697606490317e-05
1.740000000000000000e+02 1.729176214967782880e-05
1.750000000000000000e+02 1.654856812017850692e-05
1.760000000000000000e+02 1.662190843564577479e-05
1.770000000000000000e+02 1.674302856031900519e-05
1.780000000000000000e+02 1.698367319141443074e-05
1.790000000000000000e+02 1.950867934964406144e-05
1.800000000000000000e+02 2.087966429117398345e-05
1.810000000000000000e+02 2.192280267198116277e-05
1.820000000000000000e+02 1.592655157527098140e-05
1.830000000000000000e+02 1.863586133680282639e-05
1.840000000000000000e+02 2.370280908563962265e-05
1.850000000000000000e+02 2.784340649556655116e-05
1.860000000000000000e+02 1.725585383769029244e-05
1.870000000000000000e+02 1.768353801125135375e-05
1.880000000000000000e+02 1.819564977613015005e-05
1.890000000000000000e+02 2.618005855056719958e-05
1.900000000000000000e+02 1.625886232329484804e-05
1.910000000000000000e+02 1.466667076620535949e-05
1.920000000000000000e+02 1.645851593751173893e-05
1.930000000000000000e+02 1.865887632354712057e-05
1.940000000000000000e+02 1.586511306082590740e-05
1.950000000000000000e+02 1.698076046812228813e-05
1.960000000000000000e+02 1.561070646708592318e-05
1.970000000000000000e+02 1.815720819509946513e-05
1.980000000000000000e+02 1.573473076598766497e-05
1.990000000000000000e+02 1.461721498232621433e-05
2.000000000000000000e+02 1.793466431972308349e-05
2.010000000000000000e+02 1.756383968182863341e-05
2.020000000000000000e+02 2.084902334862794552e-05
2.030000000000000000e+02 1.747006450134974383e-05
2.040000000000000000e+02 1.547659362833469273e-05
2.050000000000000000e+02 1.723497537657236450e-05
2.060000000000000000e+02 2.839158205554271350e-05
2.070000000000000000e+02 1.643389931473976316e-05
2.080000000000000000e+02 1.401964801912888391e-05
2.090000000000000000e+02 1.450750874116634780e-05
2.100000000000000000e+02 1.670996510447599667e-05
2.110000000000000000e+02 1.463323031576016029e-05
2.120000000000000000e+02 1.634736452251672929e-05
2.130000000000000000e+02 1.502102508376806098e-05
2.140000000000000000e+02 1.662747041346171234e-05
2.150000000000000000e+02 2.284861169755458683e-05
2.160000000000000000e+02 1.611424531214512116e-05
2.170000000000000000e+02 1.515547011811763870e-05
2.180000000000000000e+02 1.791669478496679880e-05
2.190000000000000000e+02 2.315045401262931429e-05
2.200000000000000000e+02 1.454759859599364116e-05
2.210000000000000000e+02 1.535150513817102368e-05
2.220000000000000000e+02 1.790462391307720821e-05
2.230000000000000000e+02 1.416577499073285384e-05
2.240000000000000000e+02 1.605044061747880988e-05
2.250000000000000000e+02 1.585508388682053461e-05
2.260000000000000000e+02 1.539047678502706125e-05
2.270000000000000000e+02 1.548288127359671583e-05
2.280000000000000000e+02 1.454972368306838547e-05
2.290000000000000000e+02 1.542287393926810009e-05
2.300000000000000000e+02 1.355830035530603891e-05
2.310000000000000000e+02 1.536370909366852310e-05
2.320000000000000000e+02 1.783693610475613271e-05
2.330000000000000000e+02 1.687778262660289590e-05
2.340000000000000000e+02 1.567115947508659180e-05
2.350000000000000000e+02 1.634260083142763408e-05
2.360000000000000000e+02 2.659077245073440660e-05
2.370000000000000000e+02 1.926795493524808124e-05
2.380000000000000000e+02 1.712757403938433917e-05
2.390000000000000000e+02 1.434425680110087689e-05
2.400000000000000000e+02 1.566051443417867215e-05
2.410000000000000000e+02 1.547445313861736576e-05
2.420000000000000000e+02 1.353012185352735067e-05
2.430000000000000000e+02 1.395892292165603455e-05
2.440000000000000000e+02 1.515516665023871010e-05
2.450000000000000000e+02 1.533886551474913273e-05
2.460000000000000000e+02 1.475858256125297421e-05
2.470000000000000000e+02 1.688146211493473777e-05
2.480000000000000000e+02 1.441569977368299805e-05
2.490000000000000000e+02 1.545696607671487099e-05
2.500000000000000000e+02 1.516932912935048939e-05
2.510000000000000000e+02 1.430740661154954901e-05
2.520000000000000000e+02 1.315734638139987558e-05
2.530000000000000000e+02 1.470712376519655558e-05
2.540000000000000000e+02 1.489969751296135118e-05
2.550000000000000000e+02 1.420730125541106203e-05
2.560000000000000000e+02 1.321609585713117585e-05
2.570000000000000000e+02 1.692082560979402890e-05
2.580000000000000000e+02 1.720564898390036424e-05
2.590000000000000000e+02 1.536645936087156062e-05
2.600000000000000000e+02 1.317494799597905276e-05
2.610000000000000000e+02 1.571410041875564282e-05
2.620000000000000000e+02 1.361541827328694153e-05
2.630000000000000000e+02 1.445074267207812119e-05
2.640000000000000000e+02 1.346389519480558519e-05
2.650000000000000000e+02 1.394034826602691164e-05
2.660000000000000000e+02 1.764200878544495469e-05
2.670000000000000000e+02 1.748680192021987302e-05
2.680000000000000000e+02 1.417258620644227041e-05
2.690000000000000000e+02 1.415360188828064866e-05
2.700000000000000000e+02 1.255289398324795154e-05
2.710000000000000000e+02 1.517289031583529365e-05
2.720000000000000000e+02 1.374445096231423828e-05
2.730000000000000000e+02 1.530053936995757102e-05
2.740000000000000000e+02 1.696424205333758425e-05
2.750000000000000000e+02 1.463564327703072471e-05
2.760000000000000000e+02 1.430308353155851318e-05
2.770000000000000000e+02 1.785946193222816213e-05
2.780000000000000000e+02 1.414727591551267181e-05
2.790000000000000000e+02 1.461785332037088049e-05
2.800000000000000000e+02 1.471270095461454151e-05
2.810000000000000000e+02 1.940776183246037973e-05
2.820000000000000000e+02 1.377822069498972958e-05
2.830000000000000000e+02 1.245678213830941786e-05
2.840000000000000000e+02 1.518154569352284536e-05
2.850000000000000000e+02 1.347246312369138845e-05
2.860000000000000000e+02 1.291296941538651763e-05
2.870000000000000000e+02 1.282505072557773334e-05
2.880000000000000000e+02 1.362948329784931272e-05
2.890000000000000000e+02 1.304888999901520800e-05
2.900000000000000000e+02 1.273807637297954396e-05
2.910000000000000000e+02 1.291380550425786349e-05
2.920000000000000000e+02 1.258461893751071190e-05
2.930000000000000000e+02 1.285797431587408683e-05
2.940000000000000000e+02 1.272170735188783683e-05
2.950000000000000000e+02 1.252754185444269363e-05
2.960000000000000000e+02 1.213490642989293026e-05
2.970000000000000000e+02 2.144603290332433292e-05
2.980000000000000000e+02 1.639556204183743610e-05
2.990000000000000000e+02 1.265150098464427876e-05
3.000000000000000000e+02 1.279859416759931082e-05
3.010000000000000000e+02 1.257764922980314757e-05
3.020000000000000000e+02 1.202420341089749947e-05
3.030000000000000000e+02 1.522838391172580341e-05
3.040000000000000000e+02 1.231370290789084573e-05
3.050000000000000000e+02 1.218859299730796125e-05
3.060000000000000000e+02 1.351055567367718792e-05
3.070000000000000000e+02 1.175632459135391784e-05
3.080000000000000000e+02 1.178883615499123540e-05
3.090000000000000000e+02 1.408973606064533483e-05
3.100000000000000000e+02 1.285783808009746810e-05
3.110000000000000000e+02 1.380839490164548975e-05
3.120000000000000000e+02 1.201631150280053852e-05
3.130000000000000000e+02 1.194419573323848849e-05
3.140000000000000000e+02 1.170519686853274247e-05
3.150000000000000000e+02 1.345653249285160053e-05
3.160000000000000000e+02 1.223831184399433629e-05
3.170000000000000000e+02 1.138714077667548114e-05
3.180000000000000000e+02 1.135387281194711284e-05
3.190000000000000000e+02 1.180150075696217796e-05
3.200000000000000000e+02 1.281457719130393749e-05
3.210000000000000000e+02 1.391113188881904713e-05
3.220000000000000000e+02 1.329062358500101535e-05
3.230000000000000000e+02 1.237662671468196775e-05
3.240000000000000000e+02 1.264947029547049388e-05
3.250000000000000000e+02 1.561680665382972173e-05
3.260000000000000000e+02 1.367771021353128704e-05
3.270000000000000000e+02 1.178570235004791743e-05
3.280000000000000000e+02 1.208027160893648102e-05
3.290000000000000000e+02 1.247058221353934340e-05
3.300000000000000000e+02 1.283604389008803148e-05
3.310000000000000000e+02 1.297304478402321290e-05
3.320000000000000000e+02 1.115019824833442045e-05
3.330000000000000000e+02 1.371417684146227001e-05
3.340000000000000000e+02 1.235795235977723041e-05
3.350000000000000000e+02 1.208935945461957868e-05
3.360000000000000000e+02 1.244645589628280764e-05
3.370000000000000000e+02 1.597190999354307397e-05
3.380000000000000000e+02 1.257669023023201729e-05
3.390000000000000000e+02 1.180300345787635178e-05
3.400000000000000000e+02 1.122889032539648821e-05
3.410000000000000000e+02 1.119394096521994983e-05
3.420000000000000000e+02 1.131645957819926588e-05
3.430000000000000000e+02 1.124330937193754329e-05
3.440000000000000000e+02 1.162853048971066116e-05
3.450000000000000000e+02 1.145158887196045717e-05
3.460000000000000000e+02 1.244470324271764459e-05
3.470000000000000000e+02 1.224874881788706170e-05
3.480000000000000000e+02 1.164136635951506770e-05
3.490000000000000000e+02 1.113417890304938316e-05
3.500000000000000000e+02 1.164793581343614245e-05
3.510000000000000000e+02 1.067935551206270941e-05
3.520000000000000000e+02 1.088305015881092126e-05
3.530000000000000000e+02 1.089143564399236288e-05
3.540000000000000000e+02 1.180350157217337571e-05
3.550000000000000000e+02 1.157602973473377646e-05
3.560000000000000000e+02 1.200136038450858596e-05
3.570000000000000000e+02 1.136910287329019588e-05
3.580000000000000000e+02 1.117212559359195927e-05
3.590000000000000000e+02 1.072313464604891232e-05
3.600000000000000000e+02 1.215924482601575329e-05
3.610000000000000000e+02 1.113969787286642169e-05
3.620000000000000000e+02 1.058308008867196492e-05
3.630000000000000000e+02 1.142445111121886808e-05
3.640000000000000000e+02 1.087759566517212439e-05
3.650000000000000000e+02 1.177673569569985148e-05
3.660000000000000000e+02 1.147109539940571194e-05
3.670000000000000000e+02 1.092900753689882066e-05
3.680000000000000000e+02 1.194863093013946949e-05
3.690000000000000000e+02 1.047266630503611809e-05
3.700000000000000000e+02 1.204894041308225782e-05
3.710000000000000000e+02 1.114535541870655159e-05
3.720000000000000000e+02 1.238432428680169335e-05
3.730000000000000000e+02 1.064259096836814490e-05
3.740000000000000000e+02 1.094805463575399752e-05
3.750000000000000000e+02 1.121684643798149404e-05
3.760000000000000000e+02 1.040382136423618436e-05
3.770000000000000000e+02 1.076959116527667507e-05
3.780000000000000000e+02 1.073981609004430214e-05
3.790000000000000000e+02 1.164555501861450041e-05
3.800000000000000000e+02 1.032987652489772189e-05
3.810000000000000000e+02 1.040910418408039268e-05
3.820000000000000000e+02 1.231565873305767088e-05
3.830000000000000000e+02 1.190506081837110177e-05
3.840000000000000000e+02 1.173819014086172974e-05
3.850000000000000000e+02 1.076681240915488039e-05
3.860000000000000000e+02 1.027475094470458255e-05
3.870000000000000000e+02 1.164537090330551836e-05
3.880000000000000000e+02 1.048795389345823184e-05
3.890000000000000000e+02 1.102477044631273350e-05
3.900000000000000000e+02 1.028735438982645640e-05
3.910000000000000000e+02 1.017647998359722918e-05
3.920000000000000000e+02 1.009504334666790011e-05
3.930000000000000000e+02 1.112294189918499824e-05
3.940000000000000000e+02 1.204010937362909237e-05
3.950000000000000000e+02 1.117773069880711643e-05
3.960000000000000000e+02 1.101017979761728832e-05
3.970000000000000000e+02 1.122903986236988018e-05
3.980000000000000000e+02 1.054336180767187816e-05
3.990000000000000000e+02 1.099070192625125207e-05
4.000000000000000000e+02 1.162546491011595023e-05
4.010000000000000000e+02 1.066629237567002998e-05
4.020000000000000000e+02 1.028860966937664281e-05
4.030000000000000000e+02 1.036080438643693898e-05
4.040000000000000000e+02 1.063954729873400465e-05
4.050000000000000000e+02 1.042159866446103803e-05
4.060000000000000000e+02 1.014229225424619810e-05
4.070000000000000000e+02 1.073438719583627511e-05
4.080000000000000000e+02 1.024329363822172765e-05
4.090000000000000000e+02 1.007978916645814182e-05
4.100000000000000000e+02 1.038216973822086258e-05
4.110000000000000000e+02 1.062099874401703906e-05
4.120000000000000000e+02 1.039557426403730319e-05
4.130000000000000000e+02 1.033988776497351696e-05
4.140000000000000000e+02 1.077798180855237650e-05
4.150000000000000000e+02 1.090702722565485886e-05
4.160000000000000000e+02 1.011300022498919425e-05
4.170000000000000000e+02 1.085027732337132327e-05
4.180000000000000000e+02 1.259646731882523269e-05
4.190000000000000000e+02 1.156971694376224040e-05
4.200000000000000000e+02 1.053984592167230816e-05
4.210000000000000000e+02 1.026468752668454071e-05
4.220000000000000000e+02 1.030222503229593592e-05
4.230000000000000000e+02 1.053381216927216719e-05
4.240000000000000000e+02 1.018229762139992878e-05
4.250000000000000000e+02 1.023643151021156692e-05
4.260000000000000000e+02 1.106241717934608317e-05
4.270000000000000000e+02 1.076330168124957020e-05
4.280000000000000000e+02 1.054937141732527604e-05
4.290000000000000000e+02 1.107581134121387356e-05
4.300000000000000000e+02 1.047401899137558200e-05
4.310000000000000000e+02 1.068526081358775112e-05
4.320000000000000000e+02 1.000365832199653123e-05
4.330000000000000000e+02 1.019278500611201257e-05
4.340000000000000000e+02 1.070659660184994755e-05
4.350000000000000000e+02 1.067883674150858179e-05
4.360000000000000000e+02 1.105755421882256425e-05
4.370000000000000000e+02 1.145533192902803375e-05
4.380000000000000000e+02 1.199185492423100354e-05
4.390000000000000000e+02 1.164268389439735729e-05
4.400000000000000000e+02 1.013808437169362398e-05
4.410000000000000000e+02 1.044747601143824705e-05
4.420000000000000000e+02 1.077080869044248857e-05
4.430000000000000000e+02 1.075890330741038731e-05
4.440000000000000000e+02 1.003086853485841068e-05
4.450000000000000000e+02 1.041802854683154583e-05
4.460000000000000000e+02 1.048858370631933292e-05
4.470000000000000000e+02 1.022592206031848162e-05
4.480000000000000000e+02 1.008496837069590727e-05
4.490000000000000000e+02 1.013726791223654409e-05
4.500000000000000000e+02 1.060712896287441358e-05
4.510000000000000000e+02 1.015576665313580170e-05
4.520000000000000000e+02 1.003644524667507528e-05
4.530000000000000000e+02 1.051909273538069834e-05
4.540000000000000000e+02 1.013124758043350373e-05
4.550000000000000000e+02 1.060263557025255303e-05
4.560000000000000000e+02 1.022727887790936592e-05
4.570000000000000000e+02 1.088180615065189542e-05
4.580000000000000000e+02 1.071730325332818939e-05
4.590000000000000000e+02 1.030906208623678214e-05
4.600000000000000000e+02 1.034242755327469254e-05
4.610000000000000000e+02 1.077666446471061611e-05
4.620000000000000000e+02 1.060212105035017657e-05
4.630000000000000000e+02 1.104721711136591802e-05
4.640000000000000000e+02 1.066523776031457506e-05
4.650000000000000000e+02 1.112444920895191378e-05
4.660000000000000000e+02 1.035086617160302019e-05
4.670000000000000000e+02 1.080232213896054420e-05
4.680000000000000000e+02 1.039264482469894978e-05
4.690000000000000000e+02 1.000875939065829290e-05
4.700000000000000000e+02 1.039746062209208822e-05
4.710000000000000000e+02 1.027998304328857422e-05
4.720000000000000000e+02 1.018701813732966361e-05
4.730000000000000000e+02 1.012067138575590597e-05
4.740000000000000000e+02 1.042444313852450745e-05
4.750000000000000000e+02 1.025348987716894896e-05
4.760000000000000000e+02 1.040236845325965238e-05
4.770000000000000000e+02 1.028569938185123235e-05
4.780000000000000000e+02 1.054668732178516844e-05
4.790000000000000000e+02 1.027240090740796845e-05
4.800000000000000000e+02 1.019829318213921186e-05
4.810000000000000000e+02 1.033577738473048663e-05
4.820000000000000000e+02 1.124159686076335468e-05
4.830000000000000000e+02 1.009777993059311105e-05
