0, 6.5745e-03, 1.6362e-01, fsolve flag:5, 9.6655e-03, 527
1, 4.3599e-03, 1.8555e-01, fsolve flag:4, 4.0414e-02, 1325
2, 1.3512e-02, 2.7673e-01, fsolve flag:1, 5.7061e-07, 792
3, 5.0606e-03, 1.7200e-01, fsolve flag:5, 2.9136e-02, 527
4, 2.2408e-03, 5.6028e-06, fsolve flag:1, 5.2294e-07, 525
5, 4.1621e-02, 3.1971e-01, fsolve flag:5, 5.7231e-07, 532
6, 6.8061e-03, 1.5719e-01, fsolve flag:5, 1.8546e-02, 527
7, 4.9923e-03, 7.8143e-05, fsolve flag:1, 1.0617e-07, 525
8, 2.6272e-03, 5.1138e-05, fsolve flag:1, 2.3819e-07, 525
9, 2.1553e-03, 2.3276e-05, fsolve flag:1, 3.4261e-07, 1042
10, 1.9263e-03, 4.0761e-05, fsolve flag:1, 1.3364e-07, 526
11, 1.0094e-02, 1.5440e-01, fsolve flag:4, 5.7873e-03, 1318
12, 2.1083e-03, 4.0261e-05, fsolve flag:1, 1.5134e-07, 781
13, 6.0355e-03, 1.7022e-01, fsolve flag:4, 2.9282e-02, 1312
14, 1.4443e-03, 9.3147e-06, fsolve flag:1, 4.2561e-07, 782
15, 1.9564e-03, 1.9706e-05, fsolve flag:1, 2.2352e-07, 524
16, 8.3689e-03, 1.4894e-01, fsolve flag:4, 6.9801e-03, 1310
17, 3.2215e-03, 4.3193e-05, fsolve flag:1, 1.7416e-07, 525
18, 5.2024e-02, 3.2481e-01, fsolve flag:1, 3.9387e-07, 797
19, 4.2785e-03, 9.1896e-05, fsolve flag:1, 1.1845e-07, 523
20, 2.4391e-03, 4.2267e-05, fsolve flag:1, 1.7043e-07, 524
21, 1.2685e-03, 5.7789e-06, fsolve flag:1, 4.6240e-07, 523
22, 2.4029e-03, 1.6156e-05, fsolve flag:1, 3.0361e-07, 525
23, 3.7081e-02, 3.1263e-01, fsolve flag:1, 4.2608e-07, 1048
24, 2.4920e-03, 6.0216e-05, fsolve flag:1, 1.6071e-07, 524
25, 5.1053e-03, 2.1170e-01, fsolve flag:4, 3.5454e-02, 1354
26, 3.8558e-03, 3.5866e-05, fsolve flag:1, 9.1270e-08, 523
27, 7.6627e-03, 1.7469e-01, fsolve flag:4, 1.8355e-02, 1308
28, 1.3655e-03, 9.7032e-06, fsolve flag:1, 3.8359e-07, 524
29, 1.0247e-02, 1.5347e-01, fsolve flag:5, 2.1198e-03, 527
30, 1.2893e-02, 2.6046e-01, fsolve flag:4, 9.9904e-05, 1574
31, 1.9076e-01, 3.5173e-01, fsolve flag:5, 1.1561e-03, 1326
32, 1.2854e-03, 1.0833e-05, fsolve flag:1, 4.0606e-07, 524
33, 2.4895e-03, 2.4021e-05, fsolve flag:1, 1.9837e-07, 525
34, 2.3580e-03, 2.0575e-05, fsolve flag:1, 3.2550e-07, 527
35, 4.8865e-03, 1.4978e-01, fsolve flag:5, 2.7680e-02, 527
36, 2.1488e-03, 2.5048e-05, fsolve flag:1, 1.8068e-07, 524
37, 6.6537e-02, 3.4273e-01, fsolve flag:1, 4.6375e-07, 538
38, 1.2480e-02, 2.3986e-01, fsolve flag:5, 2.2582e-03, 1311
39, 1.9508e-03, 1.1470e-05, fsolve flag:1, 4.3865e-07, 524
40, 3.0979e-03, 3.0584e-01, fsolve flag:5, 4.2283e-02, 527
41, 3.5139e-03, 2.8778e-05, fsolve flag:1, 4.1537e-07, 524
42, 8.0127e-03, 1.5702e-01, fsolve flag:5, 1.4336e-02, 527
43, 3.5292e-03, 1.1755e-05, fsolve flag:1, 9.2573e-07, 524
44, 2.3541e-02, 2.8402e-01, fsolve flag:5, 5.5414e-07, 530
45, 1.5514e-03, 8.3100e-06, fsolve flag:1, 4.0096e-07, 525
46, 1.1279e-02, 1.5059e-01, fsolve flag:4, 1.9215e-03, 1314
47, 4.3773e-02, 3.1348e-01, fsolve flag:1, 4.7556e-07, 793
48, 8.7495e-02, 3.2537e-01, fsolve flag:5, 5.4196e-07, 532
49, 1.8913e-03, 1.9619e-05, fsolve flag:1, 1.6997e-07, 525
50, 2.3771e-01, 3.5329e-01, fsolve flag:4, 2.0143e-03, 1570
51, 5.1483e-03, 1.6317e-01, fsolve flag:5, 1.1889e-02, 527
52, 1.7484e-03, 2.4889e-05, fsolve flag:1, 1.2759e-07, 524
53, 5.3933e-03, 1.7498e-01, fsolve flag:5, 1.9634e-02, 527
54, 2.2047e-02, 2.8877e-01, fsolve flag:4, 2.9801e-04, 1567
55, 1.7594e-03, 1.1732e-05, fsolve flag:1, 4.7963e-07, 525
56, 7.2515e-03, 5.1147e-05, fsolve flag:1, 8.8126e-07, 523
57, 1.3706e-03, 8.1067e-06, fsolve flag:1, 3.9302e-07, 785
58, 2.3554e-03, 3.3975e-01, fsolve flag:5, 4.5302e-02, 527
59, 4.3859e-03, 7.5045e-05, fsolve flag:1, 8.4518e-08, 783
60, 6.9198e-02, 3.3379e-01, fsolve flag:5, 1.5064e-03, 529
61, 5.3813e-03, 2.0555e-01, fsolve flag:5, 4.0716e-02, 527
62, 1.9520e-03, 2.9936e-05, fsolve flag:1, 2.7841e-07, 525
63, 5.3247e-03, 1.7399e-01, fsolve flag:4, 2.6869e-02, 1316
64, 2.3775e-03, 2.7882e-05, fsolve flag:1, 3.0361e-07, 1043
65, 1.4745e-03, 9.8516e-06, fsolve flag:1, 4.0419e-07, 526
66, 2.2917e-02, 2.8752e-01, fsolve flag:1, 5.2911e-07, 793
67, 1.3739e-03, 3.9433e-01, fsolve flag:4, 6.8970e-02, 1320
68, 1.7239e-03, 1.4062e-05, fsolve flag:1, 3.2503e-07, 782
69, 2.3851e-03, 2.5326e-05, fsolve flag:1, 1.9884e-07, 526
70, 5.4678e-03, 1.7772e-01, fsolve flag:5, 3.0031e-02, 527
71, 4.0960e-03, 1.8100e-01, fsolve flag:4, 3.2091e-02, 1313
72, 1.4034e-03, 7.6174e-06, fsolve flag:1, 3.7719e-07, 526
73, 7.3120e-03, 3.6880e-05, fsolve flag:1, 6.5751e-07, 526
74, 1.2804e-03, 1.2336e-05, fsolve flag:1, 4.8534e-07, 525
75, 1.3421e-03, 1.0303e-05, fsolve flag:1, 4.6054e-07, 522
76, 3.0006e-03, 4.4292e-05, fsolve flag:1, 1.4983e-07, 525
77, 1.4438e-02, 2.5136e-01, fsolve flag:5, 1.4171e-04, 802
78, 2.0753e-03, 1.0395e-05, fsolve flag:1, 3.9674e-07, 526
79, 1.6555e-03, 9.1137e-06, fsolve flag:1, 3.8603e-07, 523
80, 1.8509e-02, 2.1713e-01, fsolve flag:1, 5.4855e-07, 793
81, 2.2745e-03, 3.1496e-01, fsolve flag:5, 5.2748e-02, 527
82, 6.9690e-03, 1.6067e-01, fsolve flag:5, 5.7843e-03, 527
83, 1.2728e-02, 1.4282e-01, fsolve flag:5, 9.6758e-03, 527
84, 9.0876e-03, 1.5524e-01, fsolve flag:4, 6.2064e-03, 1310
85, 1.0514e-02, 1.5692e-01, fsolve flag:5, 1.2541e-02, 527
86, 3.1414e-02, 3.0648e-01, fsolve flag:1, 4.5434e-07, 537
87, 1.0565e-02, 1.5196e-01, fsolve flag:4, 1.9967e-03, 1845
88, 7.4193e-03, 1.5482e-01, fsolve flag:4, 1.3241e-02, 1329
89, 1.7769e-01, 3.5253e-01, fsolve flag:4, 2.9805e-04, 1844
90, 1.1115e-02, 2.4408e-01, fsolve flag:4, 1.8152e-04, 1572
91, 1.8455e-03, 1.7908e-05, fsolve flag:1, 4.6380e-07, 524
92, 9.4537e-03, 1.9005e-01, fsolve flag:5, 2.0882e-02, 527
93, 2.1241e-03, 3.1874e-05, fsolve flag:1, 1.5293e-07, 525
94, 1.0129e-02, 1.4372e-01, fsolve flag:5, 1.1251e-02, 527
95, 2.8569e-03, 1.9851e-05, fsolve flag:1, 9.1270e-08, 524
96, 3.0013e-03, 2.7278e-05, fsolve flag:1, 2.9616e-07, 781
97, 1.7450e-01, 3.5203e-01, fsolve flag:4, 1.9409e-04, 1837
98, 6.9555e-03, 2.0672e-01, fsolve flag:4, 3.5885e-02, 1338
99, 5.7258e-02, 3.1915e-01, fsolve flag:5, 6.1180e-03, 1056
mean err: 1.2702e-01
0, 6.5745e-03, 1.6362e-01, fsolve flag:5, 9.6655e-03, 527
1, 4.3599e-03, 1.8555e-01, fsolve flag:4, 4.0414e-02, 1325
2, 1.3512e-02, 2.7673e-01, fsolve flag:1, 5.7061e-07, 1059
3, 5.0606e-03, 1.7200e-01, fsolve flag:5, 2.9136e-02, 527
4, 2.2408e-03, 5.6025e-06, fsolve flag:1, 4.3213e-07, 793
5, 4.1621e-02, 3.1971e-01, fsolve flag:5, 5.7231e-07, 532
6, 6.8061e-03, 1.5719e-01, fsolve flag:5, 1.8546e-02, 527
7, 4.9923e-03, 7.8143e-05, fsolve flag:4, 1.0431e-07, 1307
8, 2.6272e-03, 5.1138e-05, fsolve flag:4, 2.1025e-07, 1303
9, 2.1553e-03, 2.3276e-05, fsolve flag:5, 3.4261e-07, 1049
10, 1.9263e-03, 4.0758e-05, fsolve flag:4, 1.2247e-07, 1564
11, 1.0094e-02, 1.5440e-01, fsolve flag:4, 5.7873e-03, 1318
12, 2.1083e-03, 4.0260e-05, fsolve flag:1, 1.5181e-07, 1049
13, 6.0355e-03, 1.7022e-01, fsolve flag:4, 2.9282e-02, 1312
14, 1.4443e-03, 9.3147e-06, fsolve flag:1, 4.2561e-07, 1049
15, 1.9564e-03, 1.9706e-05, fsolve flag:5, 2.2352e-07, 527
16, 8.3689e-03, 1.4894e-01, fsolve flag:4, 6.9801e-03, 1310
17, 3.2215e-03, 4.3193e-05, fsolve flag:1, 1.4156e-07, 1051
18, 5.2024e-02, 3.2481e-01, fsolve flag:5, 3.9387e-07, 1063
19, 4.2785e-03, 9.1896e-05, fsolve flag:1, 1.4057e-07, 1048
20, 2.4391e-03, 4.2267e-05, fsolve flag:1, 1.3504e-07, 1050
21, 1.2685e-03, 5.7786e-06, fsolve flag:1, 4.4005e-07, 790
22, 2.4029e-03, 1.6157e-05, fsolve flag:1, 3.0361e-07, 793
23, 3.7081e-02, 3.1263e-01, fsolve flag:1, 4.3586e-07, 1316
24, 2.4920e-03, 6.0216e-05, fsolve flag:1, 1.3784e-07, 792
25, 5.1053e-03, 2.1170e-01, fsolve flag:4, 3.5454e-02, 1354
26, 3.8558e-03, 3.5866e-05, fsolve flag:1, 9.1270e-08, 533
27, 7.6627e-03, 1.7469e-01, fsolve flag:4, 1.8355e-02, 1308
28, 1.3655e-03, 9.7032e-06, fsolve flag:5, 3.8359e-07, 533
29, 1.0247e-02, 1.5347e-01, fsolve flag:5, 2.1198e-03, 527
30, 1.2893e-02, 2.6046e-01, fsolve flag:4, 9.9904e-05, 1574
31, 1.9076e-01, 3.5173e-01, fsolve flag:5, 1.1561e-03, 1326
32, 1.2854e-03, 1.0833e-05, fsolve flag:1, 3.4273e-07, 792
33, 2.4895e-03, 2.4021e-05, fsolve flag:4, 1.1921e-07, 1303
34, 2.3580e-03, 2.0575e-05, fsolve flag:1, 3.2177e-07, 1052
35, 4.8865e-03, 1.4978e-01, fsolve flag:5, 2.7680e-02, 527
36, 2.1488e-03, 2.5049e-05, fsolve flag:1, 1.8068e-07, 534
37, 6.6537e-02, 3.4273e-01, fsolve flag:1, 3.9005e-07, 1064
38, 1.2480e-02, 2.3986e-01, fsolve flag:5, 2.2582e-03, 1311
39, 1.9508e-03, 1.1469e-05, fsolve flag:1, 4.3493e-07, 1308
40, 3.0979e-03, 3.0584e-01, fsolve flag:5, 4.2283e-02, 527
41, 3.5139e-03, 2.8778e-05, fsolve flag:1, 4.1537e-07, 534
42, 8.0127e-03, 1.5702e-01, fsolve flag:5, 1.4336e-02, 527
43, 3.5292e-03, 1.1754e-05, fsolve flag:1, 9.2573e-07, 792
44, 2.3541e-02, 2.8402e-01, fsolve flag:5, 5.5414e-07, 530
45, 1.5514e-03, 8.3096e-06, fsolve flag:1, 3.7861e-07, 1309
46, 1.1279e-02, 1.5059e-01, fsolve flag:4, 1.9215e-03, 1314
47, 4.3773e-02, 3.1348e-01, fsolve flag:1, 4.2887e-07, 1318
48, 8.7495e-02, 3.2537e-01, fsolve flag:5, 5.4196e-07, 532
49, 1.8913e-03, 1.9618e-05, fsolve flag:4, 1.5041e-07, 1304
50, 2.3771e-01, 3.5329e-01, fsolve flag:4, 2.0143e-03, 1570
51, 5.1483e-03, 1.6317e-01, fsolve flag:5, 1.1889e-02, 527
52, 1.7484e-03, 2.4888e-05, fsolve flag:1, 1.2759e-07, 791
53, 5.3933e-03, 1.7498e-01, fsolve flag:5, 1.9634e-02, 527
54, 2.2047e-02, 2.8877e-01, fsolve flag:4, 2.9801e-04, 1567
55, 1.7594e-03, 1.1731e-05, fsolve flag:4, 3.8184e-07, 1306
56, 7.2515e-03, 5.1145e-05, fsolve flag:1, 8.8499e-07, 1048
57, 1.3706e-03, 8.1072e-06, fsolve flag:4, 3.3295e-07, 2087
58, 2.3554e-03, 3.3975e-01, fsolve flag:5, 4.5302e-02, 527
59, 4.3859e-03, 7.5045e-05, fsolve flag:5, 8.4518e-08, 790
60, 6.9198e-02, 3.3379e-01, fsolve flag:5, 1.5064e-03, 529
61, 5.3813e-03, 2.0555e-01, fsolve flag:5, 4.0716e-02, 527
62, 1.9520e-03, 2.9936e-05, fsolve flag:1, 2.9709e-07, 792
63, 5.3247e-03, 1.7399e-01, fsolve flag:4, 2.6869e-02, 1316
64, 2.3775e-03, 2.7883e-05, fsolve flag:1, 3.0175e-07, 1310
65, 1.4745e-03, 9.8517e-06, fsolve flag:1, 3.7253e-07, 1050
66, 2.2917e-02, 2.8752e-01, fsolve flag:1, 3.3551e-07, 1320
67, 1.3739e-03, 3.9433e-01, fsolve flag:4, 6.8970e-02, 1320
68, 1.7239e-03, 1.4062e-05, fsolve flag:1, 3.2503e-07, 1048
69, 2.3851e-03, 2.5326e-05, fsolve flag:1, 1.9884e-07, 1568
70, 5.4678e-03, 1.7772e-01, fsolve flag:5, 3.0031e-02, 527
71, 4.0960e-03, 1.8100e-01, fsolve flag:4, 3.2091e-02, 1313
72, 1.4034e-03, 7.6175e-06, fsolve flag:1, 3.7719e-07, 792
73, 7.3120e-03, 3.6880e-05, fsolve flag:1, 6.5751e-07, 792
74, 1.2804e-03, 1.2335e-05, fsolve flag:4, 4.5262e-07, 1303
75, 1.3421e-03, 1.0303e-05, fsolve flag:5, 4.6054e-07, 529
76, 3.0006e-03, 4.4292e-05, fsolve flag:1, 1.4063e-07, 1050
77, 1.4438e-02, 2.5136e-01, fsolve flag:5, 1.4171e-04, 802
78, 2.0753e-03, 1.0395e-05, fsolve flag:1, 3.9674e-07, 792
79, 1.6555e-03, 9.1133e-06, fsolve flag:1, 3.7672e-07, 790
80, 1.8509e-02, 2.1713e-01, fsolve flag:1, 5.4855e-07, 1060
81, 2.2745e-03, 3.1496e-01, fsolve flag:5, 5.2748e-02, 527
82, 6.9690e-03, 1.6067e-01, fsolve flag:5, 5.7843e-03, 527
83, 1.2728e-02, 1.4282e-01, fsolve flag:5, 9.6758e-03, 527
84, 9.0876e-03, 1.5524e-01, fsolve flag:4, 6.2064e-03, 1310
85, 1.0514e-02, 1.5692e-01, fsolve flag:5, 1.2541e-02, 527
86, 3.1414e-02, 3.0648e-01, fsolve flag:1, 4.4621e-07, 1062
87, 1.0565e-02, 1.5196e-01, fsolve flag:4, 1.9967e-03, 1845
88, 7.4193e-03, 1.5482e-01, fsolve flag:4, 1.3241e-02, 1329
89, 1.7769e-01, 3.5253e-01, fsolve flag:4, 2.9805e-04, 1844
90, 1.1115e-02, 2.4408e-01, fsolve flag:4, 1.8152e-04, 1572
91, 1.8455e-03, 1.7908e-05, fsolve flag:1, 4.3027e-07, 792
92, 9.4537e-03, 1.9005e-01, fsolve flag:5, 2.0882e-02, 527
93, 2.1241e-03, 3.1875e-05, fsolve flag:1, 1.4920e-07, 1050
94, 1.0129e-02, 1.4372e-01, fsolve flag:5, 1.1251e-02, 527
95, 2.8569e-03, 1.9851e-05, fsolve flag:5, 9.1270e-08, 531
96, 3.0013e-03, 2.7279e-05, fsolve flag:4, 2.9989e-07, 1304
97, 1.7450e-01, 3.5203e-01, fsolve flag:4, 1.9409e-04, 1837
98, 6.9555e-03, 2.0672e-01, fsolve flag:4, 3.5885e-02, 1338
99, 5.7258e-02, 3.1915e-01, fsolve flag:5, 6.1180e-03, 1056
mean err: 1.2702e-01
0, 6.5745e-03, 1.9425e-01, fsolve flag:5, 2.3928e-01, 527
1, 4.3599e-03, 2.9714e-01, fsolve flag:5, 8.0696e-01, 527
2, 1.3512e-02, 2.2068e-01, fsolve flag:5, 4.8414e-01, 527
3, 5.0606e-03, 4.1067e-06, fsolve flag:1, 7.0594e-07, 1053
4, 2.2408e-03, 1.9367e-01, fsolve flag:5, 1.7555e-01, 527
5, 4.1621e-02, 3.1813e-03, fsolve flag:5, 4.1897e-06, 789
6, 6.8061e-03, 1.9066e-01, fsolve flag:5, 3.3675e-01, 527
7, 4.9923e-03, 7.1474e-01, fsolve flag:5, 6.2391e-01, 527
8, 2.6272e-03, 7.1346e-01, fsolve flag:5, 1.4414e+00, 527
9, 2.1553e-03, 7.1333e-01, fsolve flag:5, 1.6456e+00, 527
10, 1.9263e-03, 7.1230e-01, fsolve flag:5, 1.1056e+00, 527
11, 1.0094e-02, 1.3146e-01, fsolve flag:5, 3.8737e-01, 527
12, 2.1083e-03, 7.1437e-01, fsolve flag:5, 1.0902e+00, 527
13, 6.0355e-03, 2.0543e-03, fsolve flag:5, 5.6238e-06, 1053
14, 1.4443e-03, 3.5193e-03, fsolve flag:1, 1.3318e-06, 1049
15, 1.9564e-03, 7.1220e-01, fsolve flag:5, 1.1987e+00, 527
16, 8.3689e-03, 2.1609e-01, fsolve flag:5, 4.9597e-01, 527
17, 3.2215e-03, 7.1463e-01, fsolve flag:5, 1.2518e+00, 527
18, 5.2024e-02, 1.9985e-01, fsolve flag:5, 1.3807e+00, 527
19, 4.2785e-03, 7.1373e-01, fsolve flag:5, 6.1563e-01, 527
20, 2.4391e-03, 7.1376e-01, fsolve flag:5, 9.9606e-01, 527
21, 1.2685e-03, 1.1563e-02, fsolve flag:5, 6.0822e-05, 532
22, 2.4029e-03, 7.1234e-01, fsolve flag:5, 1.6756e+00, 527
23, 3.7081e-02, 1.8681e-03, fsolve flag:5, 1.8010e-06, 1604
24, 2.4920e-03, 9.1349e-06, fsolve flag:1, 1.5134e-07, 534
25, 5.1053e-03, 2.6257e-01, fsolve flag:5, 4.6577e-01, 527
26, 3.8558e-03, 7.1351e-01, fsolve flag:5, 6.5731e-01, 527
27, 7.6627e-03, 1.4994e-03, fsolve flag:5, 5.8282e-06, 2657
28, 1.3655e-03, 1.3689e-01, fsolve flag:5, 1.1612e-01, 527
29, 1.0247e-02, 4.0669e-01, fsolve flag:5, 1.0973e+00, 527
30, 1.2893e-02, 2.8294e-01, fsolve flag:5, 1.0169e+00, 527
31, 1.9076e-01, 4.7525e-01, fsolve flag:5, 2.0709e+00, 527
32, 1.2854e-03, 1.2945e-01, fsolve flag:5, 9.5526e-02, 527
33, 2.4895e-03, 7.1482e-01, fsolve flag:5, 7.7061e-01, 527
34, 2.3580e-03, 5.7743e-03, fsolve flag:1, 9.6485e-07, 1309
35, 4.8865e-03, 1.3571e-01, fsolve flag:5, 3.0992e-01, 527
36, 2.1488e-03, 7.1235e-01, fsolve flag:5, 1.4894e+00, 527
37, 6.6537e-02, 3.4346e-01, fsolve flag:5, 8.1358e-01, 527
38, 1.2480e-02, 2.2415e-06, fsolve flag:1, 3.3225e-07, 1309
39, 1.9508e-03, 1.7021e-01, fsolve flag:5, 1.3763e-01, 527
40, 3.0979e-03, 2.4565e-01, fsolve flag:5, 4.2303e-01, 527
41, 3.5139e-03, 2.4676e-01, fsolve flag:5, 3.9965e-01, 527
42, 8.0127e-03, 2.2801e-03, fsolve flag:1, 4.9267e-07, 1051
43, 3.5292e-03, 2.4885e-01, fsolve flag:5, 3.7874e-01, 527
44, 2.3541e-02, 3.0006e-01, fsolve flag:5, 8.2848e-01, 527
45, 1.5514e-03, 3.8383e-03, fsolve flag:5, 5.7090e-07, 1324
46, 1.1279e-02, 2.3783e-01, fsolve flag:5, 4.9274e-01, 527
47, 4.3773e-02, 4.5025e-01, fsolve flag:5, 1.7405e+00, 527
48, 8.7495e-02, 2.7199e-02, fsolve flag:5, 6.7651e-01, 528
49, 1.8913e-03, 4.1756e-03, fsolve flag:5, 1.8859e-07, 533
50, 2.3771e-01, 1.5610e-01, fsolve flag:5, 1.0540e+00, 527
51, 5.1483e-03, 3.6314e-01, fsolve flag:5, 8.4243e-01, 527
52, 1.7484e-03, 7.1391e-01, fsolve flag:5, 1.2334e+00, 527
53, 5.3933e-03, 1.7243e-01, fsolve flag:5, 3.6298e-01, 527
54, 2.2047e-02, 4.3539e-01, fsolve flag:5, 1.6041e+00, 527
55, 1.7594e-03, 7.1268e-01, fsolve flag:5, 2.1320e+00, 527
56, 7.2515e-03, 6.9324e-02, fsolve flag:5, 2.1713e-01, 527
57, 1.3706e-03, 7.1453e-01, fsolve flag:5, 1.9126e+00, 527
58, 2.3554e-03, 2.0179e-01, fsolve flag:5, 1.9251e-01, 527
59, 4.3859e-03, 7.1233e-01, fsolve flag:5, 6.8378e-01, 527
60, 6.9198e-02, 4.6292e-01, fsolve flag:5, 1.7081e+00, 527
61, 5.3813e-03, 2.5856e-01, fsolve flag:5, 5.3328e-01, 527
62, 1.9520e-03, 7.1255e-01, fsolve flag:5, 1.5212e+00, 527
63, 5.3247e-03, 3.0923e-01, fsolve flag:5, 4.9865e-01, 527
64, 2.3775e-03, 7.1260e-01, fsolve flag:5, 1.6042e+00, 527
65, 1.4745e-03, 7.1247e-01, fsolve flag:5, 2.2368e+00, 527
66, 2.2917e-02, 1.5939e-01, fsolve flag:5, 7.2892e-01, 527
67, 1.3739e-03, 7.1334e-01, fsolve flag:5, 1.9287e+00, 527
68, 1.7239e-03, 7.1400e-01, fsolve flag:5, 1.7040e+00, 527
69, 2.3851e-03, 7.1398e-01, fsolve flag:5, 1.5014e+00, 527
70, 5.4678e-03, 2.9723e-01, fsolve flag:5, 5.0304e-01, 527
71, 4.0960e-03, 4.6925e-02, fsolve flag:5, 1.0524e-01, 527
72, 1.4034e-03, 7.1299e-01, fsolve flag:5, 2.2454e+00, 527
73, 7.3120e-03, 2.5957e-01, fsolve flag:5, 5.2414e-01, 527
74, 1.2804e-03, 7.1412e-01, fsolve flag:5, 2.0736e+00, 527
75, 1.3421e-03, 7.1356e-01, fsolve flag:5, 2.2539e+00, 527
76, 3.0006e-03, 7.1474e-01, fsolve flag:5, 3.7253e+02, 527
77, 1.4438e-02, 1.4121e-01, fsolve flag:5, 2.2465e-01, 527
78, 2.0753e-03, 5.7154e-04, fsolve flag:1, 2.3814e-06, 3675
79, 1.6555e-03, 7.1427e-01, fsolve flag:5, 2.1829e+00, 527
80, 1.8509e-02, 2.6390e-01, fsolve flag:5, 6.6587e-01, 527
81, 2.2745e-03, 7.1296e-01, fsolve flag:5, 2.6890e+00, 527
82, 6.9690e-03, 1.4930e-03, fsolve flag:1, 4.9779e-07, 1311
83, 1.2728e-02, 7.2210e-04, fsolve flag:1, 6.3051e-07, 793
84, 9.0876e-03, 3.8496e-01, fsolve flag:5, 9.9792e-01, 527
85, 1.0514e-02, 2.0823e-01, fsolve flag:5, 6.9692e-01, 527
86, 3.1414e-02, 3.1482e-01, fsolve flag:5, 9.2219e-01, 527
87, 1.0565e-02, 1.1069e-01, fsolve flag:5, 3.0314e-01, 527
88, 7.4193e-03, 1.5255e-02, fsolve flag:5, 4.0232e-02, 527
89, 1.7769e-01, 4.7450e-01, fsolve flag:5, 1.7475e+00, 527
90, 1.1115e-02, 4.2015e-01, fsolve flag:5, 1.5002e+00, 527
91, 1.8455e-03, 1.6083e-01, fsolve flag:5, 1.4268e+00, 527
92, 9.4537e-03, 2.9257e-01, fsolve flag:5, 1.9242e-01, 527
93, 2.1241e-03, 7.1321e-01, fsolve flag:5, 1.1761e+00, 527
94, 1.0129e-02, 3.7289e-01, fsolve flag:5, 9.3297e-01, 527
95, 2.8569e-03, 7.1038e-01, fsolve flag:5, 7.3365e-01, 527
96, 3.0013e-03, 1.4325e-01, fsolve flag:5, 1.7272e-01, 527
97, 1.7450e-01, 1.7712e-06, fsolve flag:5, 6.3625e-08, 534
98, 6.9555e-03, 2.6247e-01, fsolve flag:5, 5.5208e-01, 527
99, 5.7258e-02, 8.2668e-02, fsolve flag:5, 2.3046e-01, 527
0, 6.5745e-03, 3.6731e-01, fsolve flag:5, 9.8860e-01, 527
1, 4.3599e-03, 2.9714e-01, fsolve flag:5, 8.0696e-01, 527
2, 1.3512e-02, 4.2932e-01, fsolve flag:5, 1.5287e+00, 527
3, 5.0606e-03, 3.2535e-01, fsolve flag:5, 6.3097e-01, 527
4, 2.2408e-03, 1.9367e-01, fsolve flag:5, 1.7555e-01, 527
5, 4.1621e-02, 4.5177e-01, fsolve flag:5, 1.7705e+00, 527
6, 6.8061e-03, 3.6416e-01, fsolve flag:5, 7.7194e-01, 527
7, 4.9923e-03, 1.4640e-05, fsolve flag:1, 1.0338e-07, 793
8, 2.6272e-03, 7.1432e-01, fsolve flag:5, 1.3875e+00, 527
9, 2.1553e-03, 7.1333e-01, fsolve flag:5, 1.6456e+00, 527
10, 1.9263e-03, 7.1230e-01, fsolve flag:5, 1.1056e+00, 527
11, 1.0094e-02, 3.7439e-01, fsolve flag:5, 1.0556e+00, 527
12, 2.1083e-03, 7.1437e-01, fsolve flag:5, 1.0902e+00, 527
13, 6.0355e-03, 3.2280e-01, fsolve flag:5, 7.6071e-01, 527
14, 1.4443e-03, 1.1671e-01, fsolve flag:5, 8.5620e-02, 528
15, 1.9564e-03, 7.1220e-01, fsolve flag:5, 1.1987e+00, 527
16, 8.3689e-03, 3.8085e-01, fsolve flag:5, 1.0600e+00, 527
17, 3.2215e-03, 7.1463e-01, fsolve flag:5, 1.2518e+00, 527
18, 5.2024e-02, 4.5501e-01, fsolve flag:5, 1.6411e+00, 527
19, 4.2785e-03, 1.7746e-05, fsolve flag:1, 1.0617e-07, 535
0, 6.5745e-03, 3.2298e-06, fsolve flag:4, 6.2678e-07, 1310
20, 2.4391e-03, 7.1376e-01, fsolve flag:5, 9.9606e-01, 527
1, 4.3599e-03, 4.4013e-06, fsolve flag:1, 5.9418e-07, 1309
2, 1.3512e-02, 2.0579e-06, fsolve flag:1, 2.2771e-07, 1050
21, 1.2685e-03, 6.9402e-02, fsolve flag:5, 9.5251e-06, 3989
22, 2.4029e-03, 7.1234e-01, fsolve flag:5, 1.6756e+00, 527
3, 5.0606e-03, 4.1063e-06, fsolve flag:5, 5.1269e-07, 792
4, 2.2408e-03, 3.7821e-06, fsolve flag:1, 4.1933e-07, 534
5, 4.1621e-02, 1.8457e-06, fsolve flag:1, 1.2838e-07, 1567
6, 6.8061e-03, 3.3103e-06, fsolve flag:1, 7.5880e-07, 1048
7, 4.9923e-03, 1.4642e-05, fsolve flag:5, 9.8720e-08, 790
8, 2.6272e-03, 8.3536e-06, fsolve flag:1, 2.0117e-07, 793
9, 2.1553e-03, 7.4652e-06, fsolve flag:5, 2.8440e-07, 790
10, 1.9263e-03, 8.8879e-06, fsolve flag:1, 1.4913e-07, 535
11, 1.0094e-02, 2.7185e-06, fsolve flag:1, 6.3935e-07, 535
12, 2.1083e-03, 1.2195e-05, fsolve flag:5, 1.7486e-07, 790
13, 6.0355e-03, 3.1990e-06, fsolve flag:4, 8.3912e-07, 1825
14, 1.4443e-03, 4.6219e-06, fsolve flag:4, 3.2317e-07, 1565
15, 1.9564e-03, 9.3878e-06, fsolve flag:1, 1.5181e-07, 792
16, 8.3689e-03, 2.5580e-06, fsolve flag:1, 7.2457e-07, 1309
17, 3.2215e-03, 7.3310e-06, fsolve flag:4, 1.3970e-07, 1825
18, 5.2024e-02, 2.0135e-06, fsolve flag:1, 1.3446e-07, 1569
19, 4.2785e-03, 1.7748e-05, fsolve flag:1, 9.5926e-08, 1567
20, 2.4391e-03, 1.1145e-05, fsolve flag:1, 1.4668e-07, 792
21, 1.2685e-03, 5.8052e-06, fsolve flag:1, 4.1490e-07, 790
22, 2.4029e-03, 7.2114e-06, fsolve flag:5, 3.1665e-07, 531
23, 3.7081e-02, 2.1739e-06, fsolve flag:1, 2.2177e-07, 1307
24, 2.4920e-03, 9.1375e-06, fsolve flag:4, 1.5670e-07, 1303
25, 5.1053e-03, 4.1921e-06, fsolve flag:5, 6.3318e-07, 788
26, 3.8558e-03, 1.6142e-05, fsolve flag:1, 9.3132e-08, 1306
27, 7.6627e-03, 3.7355e-06, fsolve flag:5, 6.3609e-07, 527
28, 1.3655e-03, 6.1040e-06, fsolve flag:4, 2.9965e-07, 1304
29, 1.0247e-02, 2.4505e-06, fsolve flag:1, 3.7206e-07, 1052
30, 1.2893e-02, 2.5111e-06, fsolve flag:1, 2.9703e-07, 794
31, 1.9076e-01, 1.5054e-06, fsolve flag:4, 7.6659e-08, 1308
32, 1.2854e-03, 4.3311e-06, fsolve flag:1, 4.2189e-07, 1308
33, 2.4895e-03, 1.7763e-05, fsolve flag:5, 1.5553e-07, 1051
34, 2.3580e-03, 6.6214e-06, fsolve flag:1, 3.3900e-07, 1049
35, 4.8865e-03, 3.4623e-06, fsolve flag:1, 6.4541e-07, 1309
36, 2.1488e-03, 6.3007e-06, fsolve flag:5, 2.4447e-07, 1050
37, 6.6537e-02, 1.9741e-06, fsolve flag:1, 9.2793e-08, 1314
38, 1.2480e-02, 2.2416e-06, fsolve flag:5, 3.5437e-07, 792
39, 1.9508e-03, 4.8471e-06, fsolve flag:1, 4.0233e-07, 1050
40, 3.0979e-03, 4.2471e-06, fsolve flag:1, 4.2724e-07, 791
41, 3.5139e-03, 4.4781e-06, fsolve flag:4, 6.1281e-07, 1823
42, 8.0127e-03, 2.6818e-06, fsolve flag:5, 5.5460e-07, 531
43, 3.5292e-03, 4.0677e-06, fsolve flag:5, 3.9302e-07, 790
44, 2.3541e-02, 2.3875e-06, fsolve flag:1, 2.3341e-07, 793
45, 1.5514e-03, 5.2304e-06, fsolve flag:1, 4.1630e-07, 792
46, 1.1279e-02, 2.9178e-06, fsolve flag:5, 4.6799e-07, 791
47, 4.3773e-02, 2.0046e-06, fsolve flag:1, 2.0186e-07, 534
48, 8.7495e-02, 1.7454e-06, fsolve flag:5, 1.7090e-07, 1051
49, 1.8913e-03, 8.7412e-06, fsolve flag:5, 1.8580e-07, 533
50, 2.3771e-01, 1.6457e-06, fsolve flag:5, 1.1790e-07, 532
51, 5.1483e-03, 3.4330e-06, fsolve flag:5, 6.5393e-07, 792
52, 1.7484e-03, 9.4145e-06, fsolve flag:1, 1.3283e-07, 792
53, 5.3933e-03, 3.9788e-06, fsolve flag:1, 7.3947e-07, 1566
54, 2.2047e-02, 2.5409e-06, fsolve flag:5, 2.5332e-07, 791
55, 1.7594e-03, 4.7573e-06, fsolve flag:5, 5.8685e-07, 533
56, 7.2515e-03, 4.2443e-06, fsolve flag:1, 6.9758e-07, 534
57, 1.3706e-03, 5.8503e-06, fsolve flag:5, 4.1397e-07, 788
58, 2.3554e-03, 3.8378e-06, fsolve flag:1, 4.3819e-07, 1049
59, 4.3859e-03, 1.5682e-05, fsolve flag:1, 7.9162e-08, 1568
60, 6.9198e-02, 2.0026e-06, fsolve flag:5, 1.0640e-07, 527
61, 5.3813e-03, 3.4064e-06, fsolve flag:5, 7.1526e-07, 533
62, 1.9520e-03, 8.2719e-06, fsolve flag:1, 2.1467e-07, 1308
63, 5.3247e-03, 3.8127e-06, fsolve flag:4, 6.6124e-07, 1309
64, 2.3775e-03, 6.5842e-06, fsolve flag:1, 2.9011e-07, 1307
65, 1.4745e-03, 5.3067e-06, fsolve flag:1, 3.6135e-07, 792
66, 2.2917e-02, 2.4525e-06, fsolve flag:5, 3.1153e-07, 534
67, 1.3739e-03, 5.8663e-06, fsolve flag:1, 3.5577e-07, 1050
68, 1.7239e-03, 6.7342e-06, fsolve flag:4, 3.5018e-07, 1307
69, 2.3851e-03, 7.6038e-06, fsolve flag:1, 2.4890e-07, 1309
70, 5.4678e-03, 3.3911e-06, fsolve flag:1, 5.9977e-07, 1049
71, 4.0960e-03, 4.1155e-06, fsolve flag:4, 7.2457e-07, 1564
72, 1.4034e-03, 4.4309e-06, fsolve flag:5, 4.2841e-07, 792
73, 7.3120e-03, 2.8348e-06, fsolve flag:1, 4.1630e-07, 1049
74, 1.2804e-03, 5.4471e-06, fsolve flag:5, 4.1164e-07, 789
75, 1.3421e-03, 4.7449e-06, fsolve flag:1, 5.5134e-07, 1051
76, 3.0006e-03, 8.1188e-06, fsolve flag:1, 1.4063e-07, 1050
77, 1.4438e-02, 2.8676e-06, fsolve flag:1, 3.8522e-07, 793
78, 2.0753e-03, 3.6683e-06, fsolve flag:1, 3.5856e-07, 1050
79, 1.6555e-03, 5.2822e-06, fsolve flag:1, 4.0559e-07, 1048
80, 1.8509e-02, 2.2452e-06, fsolve flag:4, 3.7462e-07, 1821
81, 2.2745e-03, 4.2609e-06, fsolve flag:1, 4.5367e-07, 1052
82, 6.9690e-03, 3.4097e-06, fsolve flag:1, 6.1886e-07, 793
83, 1.2728e-02, 2.4046e-06, fsolve flag:5, 6.8871e-07, 790
84, 9.0876e-03, 3.2363e-06, fsolve flag:1, 4.0047e-07, 794
85, 1.0514e-02, 2.5044e-06, fsolve flag:1, 6.4354e-07, 1048
86, 3.1414e-02, 2.1374e-06, fsolve flag:1, 1.3120e-07, 791
87, 1.0565e-02, 2.7107e-06, fsolve flag:4, 5.3295e-07, 1303
88, 7.4193e-03, 3.1458e-06, fsolve flag:1, 6.0070e-07, 1310
89, 1.7769e-01, 1.8145e-06, fsolve flag:1, 6.5425e-08, 1568
90, 1.1115e-02, 2.4803e-06, fsolve flag:1, 2.9150e-07, 1568
91, 1.8455e-03, 4.4486e-06, fsolve flag:4, 3.2596e-07, 1565
92, 9.4537e-03, 2.5345e-06, fsolve flag:5, 6.1467e-07, 531
93, 2.1241e-03, 1.1291e-05, fsolve flag:5, 1.6927e-07, 1050
94, 1.0129e-02, 2.6105e-06, fsolve flag:4, 5.3644e-07, 1304
95, 2.8569e-03, 1.5572e-05, fsolve flag:1, 8.0094e-08, 1052
96, 3.0013e-03, 6.8471e-06, fsolve flag:1, 3.6974e-07, 532
97, 1.7450e-01, 1.7710e-06, fsolve flag:1, 6.9675e-08, 1570
98, 6.9555e-03, 2.9007e-06, fsolve flag:1, 5.4901e-07, 1051
99, 5.7258e-02, 1.6505e-06, fsolve flag:1, 1.3714e-07, 1050
