0.000000000000000000e+00 2.722752910818586401e-04
1.000000000000000000e+00 1.163367252912801111e-04
2.000000000000000000e+00 9.777619657877920849e-05
3.000000000000000000e+00 3.598143918428565232e-05
4.000000000000000000e+00 2.905895710094673356e-05
5.000000000000000000e+00 3.909398076971910770e-05
6.000000000000000000e+00 3.243643820915763961e-05
7.000000000000000000e+00 3.374219905043565615e-05
8.000000000000000000e+00 3.166530715250025468e-05
9.000000000000000000e+00 2.624864229249383569e-05
1.000000000000000000e+01 2.523602829097955824e-05
1.100000000000000000e+01 2.501827460102520718e-05
1.200000000000000000e+01 3.380921223238864001e-05
1.300000000000000000e+01 3.368883689581829796e-05
1.400000000000000000e+01 2.315142813612641750e-05
1.500000000000000000e+01 2.892110720929391891e-05
1.600000000000000000e+01 2.622769350660523934e-05
1.700000000000000000e+01 3.177545231261748863e-05
1.800000000000000000e+01 2.482480393231825333e-05
1.900000000000000000e+01 1.892242357419517126e-05
2.000000000000000000e+01 2.383574223684888522e-05
2.100000000000000000e+01 2.545378602322725804e-05
2.200000000000000000e+01 2.931070559643845049e-05
2.300000000000000000e+01 2.160512542543843468e-05
2.400000000000000000e+01 1.663223414044835523e-05
2.500000000000000000e+01 1.686912352181308225e-05
2.600000000000000000e+01 2.555504141325511393e-05
2.700000000000000000e+01 1.878639782194262047e-05
2.800000000000000000e+01 2.384886774314508916e-05
2.900000000000000000e+01 2.406518439256336979e-05
3.000000000000000000e+01 1.683779785005260794e-05
3.100000000000000000e+01 2.488444531499522388e-05
3.200000000000000000e+01 1.494495757264042117e-05
3.300000000000000000e+01 3.513892362277881237e-05
3.400000000000000000e+01 2.087794131428859448e-05
3.500000000000000000e+01 2.372381129214618144e-05
3.600000000000000000e+01 1.925704466667829684e-05
3.700000000000000000e+01 1.441307067753556999e-05
3.800000000000000000e+01 1.402219663779185019e-05
3.900000000000000000e+01 1.761194028875243665e-05
4.000000000000000000e+01 2.345680930146004921e-05
4.100000000000000000e+01 1.747260676369807742e-05
4.200000000000000000e+01 1.698826556229671549e-05
4.300000000000000000e+01 1.618913578167304880e-05
4.400000000000000000e+01 2.456650081140904476e-05
4.500000000000000000e+01 1.937937528853150856e-05
4.600000000000000000e+01 1.289345209906716916e-05
4.700000000000000000e+01 1.506575946300224109e-05
4.800000000000000000e+01 1.375811234793236351e-05
4.900000000000000000e+01 1.646777864487149372e-05
5.000000000000000000e+01 1.147933425568655980e-05
5.100000000000000000e+01 1.779539698675946307e-05
5.200000000000000000e+01 2.072547512648708270e-05
5.300000000000000000e+01 2.630302700752149936e-05
5.400000000000000000e+01 1.786496020119635240e-05
5.500000000000000000e+01 1.715979173371061828e-05
5.600000000000000000e+01 1.194213033343853882e-05
5.700000000000000000e+01 1.032048104330026690e-05
5.800000000000000000e+01 1.271764621528933845e-05
5.900000000000000000e+01 1.164097653157702564e-05
6.000000000000000000e+01 1.075522695480612560e-05
6.100000000000000000e+01 1.908375537539255292e-05
6.200000000000000000e+01 1.276797414995394684e-05
6.300000000000000000e+01 1.139329869364159872e-05
6.400000000000000000e+01 1.392115316658975215e-05
6.500000000000000000e+01 1.394486061159353255e-05
6.600000000000000000e+01 1.271125880297880249e-05
6.700000000000000000e+01 1.436207284606272455e-05
6.800000000000000000e+01 1.208314347582810751e-05
6.900000000000000000e+01 8.192276237669003975e-06
7.000000000000000000e+01 1.534982168625253194e-05
7.100000000000000000e+01 1.302292411350935477e-05
7.200000000000000000e+01 1.235594147451113360e-05
7.300000000000000000e+01 8.727568415671032602e-06
7.400000000000000000e+01 7.749296659104069351e-06
7.500000000000000000e+01 1.145370998903840855e-05
7.600000000000000000e+01 9.237092171202146654e-06
7.700000000000000000e+01 8.836336122961982895e-06
7.800000000000000000e+01 7.343434433564347282e-06
7.900000000000000000e+01 7.596503175687018476e-06
8.000000000000000000e+01 1.281598604890541976e-05
8.100000000000000000e+01 1.388052210019261237e-05
8.200000000000000000e+01 1.421267367424441422e-05
8.300000000000000000e+01 1.407523885744300857e-05
8.400000000000000000e+01 9.108683780568755262e-06
8.500000000000000000e+01 7.532498479636198373e-06
8.600000000000000000e+01 9.792980922602764868e-06
8.700000000000000000e+01 1.683311851419237289e-05
8.800000000000000000e+01 1.129350860888601536e-05
8.900000000000000000e+01 6.843604348758833206e-06
9.000000000000000000e+01 6.726053771395674481e-06
9.100000000000000000e+01 7.869536166952665479e-06
9.200000000000000000e+01 8.478625967104453862e-06
9.300000000000000000e+01 9.136321008935382784e-06
9.400000000000000000e+01 8.753430709199479042e-06
9.500000000000000000e+01 8.079008395993891653e-06
9.600000000000000000e+01 7.684660560849547323e-06
9.700000000000000000e+01 8.522863505203002698e-06
9.800000000000000000e+01 1.121402602986975714e-05
9.900000000000000000e+01 6.492995096559953496e-06
1.000000000000000000e+02 1.046266329535929036e-05
1.010000000000000000e+02 1.028355544403686271e-05
1.020000000000000000e+02 9.070499440563787141e-06
1.030000000000000000e+02 1.174087583554630090e-05
1.040000000000000000e+02 7.384359231626767111e-06
1.050000000000000000e+02 9.374509345016559606e-06
1.060000000000000000e+02 6.903364535762400423e-06
1.070000000000000000e+02 6.252407236593983595e-06
1.080000000000000000e+02 7.449817419051515693e-06
1.090000000000000000e+02 7.503991117014920834e-06
1.100000000000000000e+02 8.425485762568907000e-06
1.110000000000000000e+02 1.159214270358292887e-05
1.120000000000000000e+02 1.096166558292279697e-05
1.130000000000000000e+02 8.734638503367717964e-06
1.140000000000000000e+02 6.930214656638540828e-06
1.150000000000000000e+02 8.073634962265109944e-06
1.160000000000000000e+02 5.960590074151904708e-06
1.170000000000000000e+02 5.431525619977206958e-06
1.180000000000000000e+02 5.856585490124217865e-06
1.190000000000000000e+02 6.054631427641614105e-06
1.200000000000000000e+02 4.652806830642932894e-06
1.210000000000000000e+02 5.758459144696964154e-06
1.220000000000000000e+02 6.311712577575880179e-06
1.230000000000000000e+02 6.899103312414045680e-06
1.240000000000000000e+02 5.468467312090284647e-06
1.250000000000000000e+02 6.107095224219112156e-06
1.260000000000000000e+02 5.476155270193355523e-06
1.270000000000000000e+02 5.108514888378383268e-06
1.280000000000000000e+02 6.557363235236310160e-06
1.290000000000000000e+02 8.681866236902771703e-06
1.300000000000000000e+02 8.115010838922683101e-06
1.310000000000000000e+02 6.231126983834014567e-06
1.320000000000000000e+02 5.549292764841190084e-06
1.330000000000000000e+02 5.028203404730121701e-06
1.340000000000000000e+02 5.230890947966007676e-06
1.350000000000000000e+02 5.227356172096246622e-06
1.360000000000000000e+02 5.226355124144243679e-06
1.370000000000000000e+02 6.086849578908971343e-06
1.380000000000000000e+02 5.499284538712523736e-06
1.390000000000000000e+02 5.920056413965705272e-06
1.400000000000000000e+02 7.912085536652149371e-06
1.410000000000000000e+02 4.830580425374838762e-06
1.420000000000000000e+02 4.698666320334389355e-06
1.430000000000000000e+02 4.436938656042946549e-06
1.440000000000000000e+02 4.582255347368085857e-06
1.450000000000000000e+02 4.836310010969189779e-06
1.460000000000000000e+02 4.194142655793317973e-06
1.470000000000000000e+02 5.585870557889513329e-06
1.480000000000000000e+02 6.659254092489476456e-06
1.490000000000000000e+02 5.771405804331558985e-06
1.500000000000000000e+02 4.796833607780553575e-06
1.510000000000000000e+02 6.033423267457686977e-06
1.520000000000000000e+02 4.599506823839273749e-06
1.530000000000000000e+02 4.576699693464674014e-06
1.540000000000000000e+02 6.740767577524719467e-06
1.550000000000000000e+02 5.281724122576683555e-06
1.560000000000000000e+02 4.395393188097478825e-06
1.570000000000000000e+02 3.844708244460550082e-06
1.580000000000000000e+02 4.657295907593817473e-06
1.590000000000000000e+02 7.736715573194148876e-06
1.600000000000000000e+02 6.027048746815965967e-06
1.610000000000000000e+02 3.917570046165907028e-06
1.620000000000000000e+02 4.669159216364311819e-06
1.630000000000000000e+02 8.506401151938105119e-06
1.640000000000000000e+02 5.121431721922258768e-06
1.650000000000000000e+02 4.354870495650847226e-06
1.660000000000000000e+02 3.606934441770518379e-06
1.670000000000000000e+02 4.477928214206883565e-06
1.680000000000000000e+02 6.482252755116077820e-06
1.690000000000000000e+02 4.283319698368170725e-06
1.700000000000000000e+02 4.151046993906977728e-06
1.710000000000000000e+02 4.342994028809566676e-06
1.720000000000000000e+02 5.818161722797651244e-06
1.730000000000000000e+02 3.957351508338929507e-06
1.740000000000000000e+02 4.558615294041082436e-06
1.750000000000000000e+02 5.102578210456769730e-06
1.760000000000000000e+02 4.697774393709316308e-06
1.770000000000000000e+02 4.143412667784567129e-06
1.780000000000000000e+02 4.627302807147964223e-06
1.790000000000000000e+02 4.522786067468233556e-06
1.800000000000000000e+02 3.576473498933447017e-06
1.810000000000000000e+02 4.207045326055571298e-06
1.820000000000000000e+02 4.291165217520464501e-06
1.830000000000000000e+02 4.855234965324847516e-06
1.840000000000000000e+02 3.566604764312156415e-06
1.850000000000000000e+02 3.478449323272068996e-06
1.860000000000000000e+02 4.264608019308951221e-06
1.870000000000000000e+02 4.072910300588786250e-06
1.880000000000000000e+02 3.694565567064990603e-06
1.890000000000000000e+02 3.444333701242628734e-06
1.900000000000000000e+02 3.922416341675788940e-06
1.910000000000000000e+02 3.460786059894435776e-06
1.920000000000000000e+02 3.238702918777155912e-06
1.930000000000000000e+02 3.026841314516230708e-06
1.940000000000000000e+02 3.523378271983956740e-06
1.950000000000000000e+02 4.169826625354340772e-06
1.960000000000000000e+02 4.378150375328045639e-06
1.970000000000000000e+02 5.682344542486568552e-06
1.980000000000000000e+02 4.705524520420328344e-06
1.990000000000000000e+02 3.982920332958544914e-06
2.000000000000000000e+02 3.535160810036358445e-06
2.010000000000000000e+02 3.809188388615965437e-06
2.020000000000000000e+02 3.269101544408812253e-06
2.030000000000000000e+02 3.347847141838170186e-06
2.040000000000000000e+02 3.974100483799297501e-06
2.050000000000000000e+02 3.665053307271322856e-06
2.060000000000000000e+02 3.518808921167854982e-06
2.070000000000000000e+02 3.556039876549627971e-06
2.080000000000000000e+02 3.632652501617374714e-06
2.090000000000000000e+02 3.509620209223833294e-06
2.100000000000000000e+02 3.852559435950969492e-06
2.110000000000000000e+02 3.364816784387719866e-06
2.120000000000000000e+02 3.535525218238544455e-06
2.130000000000000000e+02 3.142213663440902960e-06
2.140000000000000000e+02 3.987817982274154465e-06
2.150000000000000000e+02 3.733902374120330645e-06
2.160000000000000000e+02 3.341416673058443706e-06
2.170000000000000000e+02 4.140229919717139155e-06
2.180000000000000000e+02 3.544000958572639329e-06
2.190000000000000000e+02 3.617571708089436266e-06
2.200000000000000000e+02 3.499503480287531727e-06
2.210000000000000000e+02 3.482011547803460232e-06
2.220000000000000000e+02 4.262202479494308763e-06
2.230000000000000000e+02 4.251288067662434268e-06
2.240000000000000000e+02 3.697077810214875224e-06
2.250000000000000000e+02 3.147022897934171514e-06
2.260000000000000000e+02 2.955598240328494297e-06
2.270000000000000000e+02 3.329709919789237083e-06
2.280000000000000000e+02 3.530450234187256975e-06
2.290000000000000000e+02 3.354228196215927128e-06
2.300000000000000000e+02 3.013934907283156075e-06
2.310000000000000000e+02 3.307513000520047980e-06
2.320000000000000000e+02 3.349741539023950175e-06
2.330000000000000000e+02 3.271724865701933493e-06
2.340000000000000000e+02 3.451056945496276044e-06
2.350000000000000000e+02 3.045316683177853989e-06
2.360000000000000000e+02 3.106814682255788017e-06
2.370000000000000000e+02 2.699346228243196834e-06
2.380000000000000000e+02 2.988408780303761822e-06
2.390000000000000000e+02 3.155133747650586310e-06
2.400000000000000000e+02 3.182920442324006498e-06
2.410000000000000000e+02 4.096178896153420909e-06
2.420000000000000000e+02 4.149920764723275721e-06
2.430000000000000000e+02 4.029505801065352294e-06
2.440000000000000000e+02 5.379115675498862691e-06
2.450000000000000000e+02 3.861391379527385750e-06
2.460000000000000000e+02 3.374520847747231680e-06
2.470000000000000000e+02 3.123863278966476717e-06
2.480000000000000000e+02 3.779874530965207331e-06
2.490000000000000000e+02 3.142703143808381209e-06
2.500000000000000000e+02 3.137561303523843457e-06
2.510000000000000000e+02 2.933951951628329961e-06
2.520000000000000000e+02 2.836261723589893667e-06
2.530000000000000000e+02 2.741891161983559385e-06
2.540000000000000000e+02 2.576869764348044418e-06
2.550000000000000000e+02 2.963254328857374364e-06
2.560000000000000000e+02 3.588418663435903763e-06
2.570000000000000000e+02 2.928761494165806800e-06
2.580000000000000000e+02 2.582961131269095395e-06
2.590000000000000000e+02 2.864835250558214879e-06
2.600000000000000000e+02 3.103171602331042817e-06
2.610000000000000000e+02 2.688596767064433160e-06
2.620000000000000000e+02 2.686779771535540225e-06
2.630000000000000000e+02 2.719950083191764114e-06
2.640000000000000000e+02 2.723312256073725142e-06
2.650000000000000000e+02 2.739951422871035099e-06
2.660000000000000000e+02 2.822189633666599511e-06
2.670000000000000000e+02 3.201730870861264950e-06
2.680000000000000000e+02 3.239335673744863590e-06
2.690000000000000000e+02 2.978957922866757612e-06
2.700000000000000000e+02 2.828235219765321631e-06
2.710000000000000000e+02 2.854077707159080031e-06
2.720000000000000000e+02 2.885356754798728751e-06
2.730000000000000000e+02 3.227492875586807595e-06
2.740000000000000000e+02 3.007598300066547129e-06
2.750000000000000000e+02 3.075330033895304519e-06
2.760000000000000000e+02 2.616392173497531416e-06
2.770000000000000000e+02 2.649137043978027424e-06
2.780000000000000000e+02 2.609035911089347429e-06
2.790000000000000000e+02 2.700815944581606562e-06
2.800000000000000000e+02 2.892909790539240670e-06
2.810000000000000000e+02 2.507240620553198352e-06
2.820000000000000000e+02 2.545414330676559848e-06
2.830000000000000000e+02 2.525866095160448549e-06
2.840000000000000000e+02 2.826447854914951760e-06
2.850000000000000000e+02 2.921803001296837937e-06
2.860000000000000000e+02 2.629083717481213464e-06
2.870000000000000000e+02 2.647839518513126495e-06
2.880000000000000000e+02 2.542773340701978440e-06
2.890000000000000000e+02 2.550784913024734642e-06
2.900000000000000000e+02 2.516039351230813352e-06
2.910000000000000000e+02 2.764689228696757306e-06
2.920000000000000000e+02 2.760821952314244467e-06
2.930000000000000000e+02 2.785825878211183665e-06
2.940000000000000000e+02 2.887994875508031162e-06
2.950000000000000000e+02 2.716984955387903975e-06
2.960000000000000000e+02 2.993903699132993291e-06
2.970000000000000000e+02 2.743721597860972969e-06
2.980000000000000000e+02 2.826390787414527643e-06
2.990000000000000000e+02 2.777400623324839371e-06
3.000000000000000000e+02 2.614923836278893020e-06
3.010000000000000000e+02 3.045057833486687031e-06
3.020000000000000000e+02 2.724493563854048042e-06
3.030000000000000000e+02 2.476551012257994691e-06
3.040000000000000000e+02 2.629393928586639955e-06
3.050000000000000000e+02 2.699348610010306354e-06
3.060000000000000000e+02 2.524999838650261701e-06
3.070000000000000000e+02 2.655408387974015526e-06
3.080000000000000000e+02 2.595729000954253067e-06
3.090000000000000000e+02 2.499361443555732124e-06
3.100000000000000000e+02 2.627219977034789296e-06
3.110000000000000000e+02 2.571557720559796049e-06
3.120000000000000000e+02 2.939749574676608687e-06
3.130000000000000000e+02 2.456582742757232829e-06
3.140000000000000000e+02 2.562294560441250565e-06
3.150000000000000000e+02 2.535425106968635242e-06
3.160000000000000000e+02 2.534862873345889260e-06
3.170000000000000000e+02 2.586567857079388284e-06
3.180000000000000000e+02 2.744944813684674099e-06
3.190000000000000000e+02 2.565918052181198259e-06
3.200000000000000000e+02 2.773423287147957890e-06
3.210000000000000000e+02 2.686230303945370641e-06
3.220000000000000000e+02 2.864375592668137499e-06
3.230000000000000000e+02 2.611647940058307162e-06
3.240000000000000000e+02 2.484893841949831111e-06
3.250000000000000000e+02 2.512778815917288634e-06
3.260000000000000000e+02 2.728343220075034697e-06
3.270000000000000000e+02 2.344322996265375138e-06
3.280000000000000000e+02 2.436535861702386242e-06
3.290000000000000000e+02 2.491194472316785059e-06
3.300000000000000000e+02 2.565525562393763190e-06
3.310000000000000000e+02 2.660520515103120086e-06
3.320000000000000000e+02 2.584761104274046657e-06
3.330000000000000000e+02 2.545724250290380807e-06
3.340000000000000000e+02 2.720938176216983224e-06
3.350000000000000000e+02 2.616275575281983477e-06
3.360000000000000000e+02 2.464375818495483165e-06
3.370000000000000000e+02 2.477670456510369105e-06
3.380000000000000000e+02 2.406519217146492122e-06
3.390000000000000000e+02 2.553958582939675401e-06
3.400000000000000000e+02 2.533854940435888258e-06
3.410000000000000000e+02 2.760825432654422981e-06
3.420000000000000000e+02 2.594359899944827986e-06
3.430000000000000000e+02 2.544876101799426730e-06
3.440000000000000000e+02 2.437435709844980579e-06
3.450000000000000000e+02 2.464440213742884465e-06
3.460000000000000000e+02 2.422614065090648607e-06
3.470000000000000000e+02 2.521369119101582979e-06
3.480000000000000000e+02 2.768643720184726705e-06
3.490000000000000000e+02 2.570967005530686140e-06
3.500000000000000000e+02 2.475228357387578863e-06
3.510000000000000000e+02 2.428580096717281194e-06
3.520000000000000000e+02 2.387399967391415397e-06
3.530000000000000000e+02 2.461613385432500556e-06
3.540000000000000000e+02 2.294547849595562042e-06
3.550000000000000000e+02 2.420478394287957880e-06
3.560000000000000000e+02 2.437805696531935944e-06
3.570000000000000000e+02 2.357379110900191786e-06
3.580000000000000000e+02 2.367251616388346829e-06
3.590000000000000000e+02 2.562717708024622307e-06
3.600000000000000000e+02 2.567581364074179272e-06
3.610000000000000000e+02 2.391457061859179275e-06
3.620000000000000000e+02 2.526220215190241281e-06
3.630000000000000000e+02 2.507760252255494537e-06
3.640000000000000000e+02 2.375763671469945965e-06
3.650000000000000000e+02 2.374225400150003488e-06
3.660000000000000000e+02 2.394033902659811373e-06
3.670000000000000000e+02 2.456836084585450490e-06
3.680000000000000000e+02 2.317127328811301543e-06
3.690000000000000000e+02 2.453130077569398005e-06
3.700000000000000000e+02 2.436502346312888174e-06
3.710000000000000000e+02 2.618782776317494643e-06
3.720000000000000000e+02 2.424996952411781710e-06
3.730000000000000000e+02 2.429831576389827637e-06
3.740000000000000000e+02 2.493951665493627581e-06
3.750000000000000000e+02 2.455768929149431123e-06
3.760000000000000000e+02 2.433641879974320254e-06
3.770000000000000000e+02 2.496189178306438994e-06
3.780000000000000000e+02 2.400275355313661577e-06
