0.000000000000000000e+00 7.027166357167975719e-02
1.000000000000000000e+00 8.658086745239684801e-03
2.000000000000000000e+00 7.015466681792936060e-03
3.000000000000000000e+00 6.889967554269505606e-03
4.000000000000000000e+00 6.692294492746217634e-03
5.000000000000000000e+00 6.453847600251557196e-03
6.000000000000000000e+00 6.214904463962171027e-03
7.000000000000000000e+00 5.929305186648910903e-03
8.000000000000000000e+00 5.635431507455056915e-03
9.000000000000000000e+00 5.467988735916748562e-03
1.000000000000000000e+01 5.787832851704134869e-03
1.100000000000000000e+01 5.422896991615839754e-03
1.200000000000000000e+01 5.317102780763863917e-03
1.300000000000000000e+01 5.269217395020401457e-03
1.400000000000000000e+01 5.258169966200307299e-03
1.500000000000000000e+01 5.323386858650052365e-03
1.600000000000000000e+01 5.298556316093575198e-03
1.700000000000000000e+01 5.297895541938347011e-03
1.800000000000000000e+01 5.240622115966166693e-03
1.900000000000000000e+01 5.220538642885123870e-03
2.000000000000000000e+01 5.138188983506571453e-03
2.100000000000000000e+01 5.114697862627417928e-03
2.200000000000000000e+01 5.056207243285587051e-03
2.300000000000000000e+01 5.062909797958614101e-03
2.400000000000000000e+01 5.127675188929447549e-03
2.500000000000000000e+01 5.078153612616017991e-03
2.600000000000000000e+01 4.939585523469061309e-03
2.700000000000000000e+01 4.845838878803210639e-03
2.800000000000000000e+01 4.948812939342172972e-03
2.900000000000000000e+01 4.617335315646037275e-03
3.000000000000000000e+01 4.515600073670023896e-03
3.100000000000000000e+01 4.219312219669607393e-03
3.200000000000000000e+01 3.612079841954864146e-03
3.300000000000000000e+01 3.039723061623383731e-03
3.400000000000000000e+01 2.780556024870191843e-03
3.500000000000000000e+01 2.201118955014380249e-03
3.600000000000000000e+01 2.059460839745541269e-03
3.700000000000000000e+01 1.921064837342677288e-03
3.800000000000000000e+01 1.774812132038692874e-03
3.900000000000000000e+01 1.756621333313580389e-03
4.000000000000000000e+01 1.708781439395132620e-03
4.100000000000000000e+01 1.792980729563850746e-03
4.200000000000000000e+01 1.753423983409078176e-03
4.300000000000000000e+01 1.705403112733130206e-03
4.400000000000000000e+01 1.662918101912335550e-03
4.500000000000000000e+01 1.675216639762808907e-03
4.600000000000000000e+01 1.682268368600768832e-03
4.700000000000000000e+01 1.677970080985418224e-03
4.800000000000000000e+01 1.658667960267926761e-03
4.900000000000000000e+01 1.654230179753873702e-03
5.000000000000000000e+01 1.671418799732425501e-03
5.100000000000000000e+01 1.648182694876927906e-03
5.200000000000000000e+01 1.661146594931724391e-03
5.300000000000000000e+01 1.653104807997174235e-03
5.400000000000000000e+01 1.647192825148863964e-03
5.500000000000000000e+01 1.647451388639203798e-03
5.600000000000000000e+01 1.646864189523064613e-03
5.700000000000000000e+01 1.634911073645533208e-03
5.800000000000000000e+01 1.647918088798419741e-03
5.900000000000000000e+01 1.642993489589687946e-03
6.000000000000000000e+01 1.637170750710492759e-03
6.100000000000000000e+01 1.658755207589420952e-03
6.200000000000000000e+01 1.621331089055610703e-03
6.300000000000000000e+01 1.629810266210189075e-03
6.400000000000000000e+01 1.662645615002115345e-03
6.500000000000000000e+01 1.626392354883572557e-03
6.600000000000000000e+01 1.617756307546965684e-03
6.700000000000000000e+01 1.643086995107951968e-03
6.800000000000000000e+01 1.627768510095813385e-03
6.900000000000000000e+01 1.685257704256673279e-03
7.000000000000000000e+01 1.619891596227413617e-03
7.100000000000000000e+01 1.613336600207302633e-03
7.200000000000000000e+01 1.616662797705945400e-03
7.300000000000000000e+01 1.622582708707309652e-03
7.400000000000000000e+01 1.615362945815549539e-03
7.500000000000000000e+01 1.639905838502869013e-03
7.600000000000000000e+01 1.635561364018748741e-03
7.700000000000000000e+01 1.616867208408068711e-03
7.800000000000000000e+01 1.616645790672589355e-03
7.900000000000000000e+01 1.616943812005724188e-03
8.000000000000000000e+01 1.610945770820427147e-03
8.100000000000000000e+01 1.629526862411787664e-03
8.200000000000000000e+01 1.623080421044629336e-03
8.300000000000000000e+01 1.676432525708904412e-03
8.400000000000000000e+01 1.618803871282752148e-03
8.500000000000000000e+01 1.609314598242257309e-03
8.600000000000000000e+01 1.614717194657470803e-03
8.700000000000000000e+01 1.607647666910667775e-03
8.800000000000000000e+01 1.654001187738747720e-03
8.900000000000000000e+01 1.605659536132777445e-03
9.000000000000000000e+01 1.602602459526678491e-03
9.100000000000000000e+01 1.630293634483204798e-03
9.200000000000000000e+01 1.667285366328667391e-03
9.300000000000000000e+01 1.657627357743880802e-03
9.400000000000000000e+01 1.617283265694808778e-03
9.500000000000000000e+01 1.596467660202461995e-03
9.600000000000000000e+01 1.610872119083204624e-03
9.700000000000000000e+01 1.609415982135708372e-03
9.800000000000000000e+01 1.594807549672164074e-03
9.900000000000000000e+01 1.599225481521650153e-03
1.000000000000000000e+02 1.633961068375298876e-03
1.010000000000000000e+02 1.614960333375772437e-03
1.020000000000000000e+02 1.596314404606907810e-03
1.030000000000000000e+02 1.621681551248939758e-03
1.040000000000000000e+02 1.596860303778434124e-03
1.050000000000000000e+02 1.599955326307432807e-03
1.060000000000000000e+02 1.597909325174661941e-03
1.070000000000000000e+02 1.593007917787589434e-03
1.080000000000000000e+02 1.610834528095278235e-03
1.090000000000000000e+02 1.610762674920819277e-03
1.100000000000000000e+02 1.605863778813786157e-03
1.110000000000000000e+02 1.598398402182095359e-03
1.120000000000000000e+02 1.597753239351393673e-03
1.130000000000000000e+02 1.665824242762122031e-03
1.140000000000000000e+02 1.635178397507916059e-03
1.150000000000000000e+02 1.668456618638932418e-03
1.160000000000000000e+02 1.624597354316883969e-03
1.170000000000000000e+02 1.612483603047450793e-03
1.180000000000000000e+02 1.612114467575572439e-03
1.190000000000000000e+02 1.625240747977608037e-03
1.200000000000000000e+02 1.613283033341612318e-03
1.210000000000000000e+02 1.607640190049757422e-03
1.220000000000000000e+02 1.621225880128310303e-03
1.230000000000000000e+02 1.596229890043668982e-03
1.240000000000000000e+02 1.614822174668284309e-03
1.250000000000000000e+02 1.647386169320425768e-03
1.260000000000000000e+02 1.591410476697132422e-03
1.270000000000000000e+02 1.596747542354983330e-03
1.280000000000000000e+02 1.604532332136215543e-03
1.290000000000000000e+02 1.621519389846719228e-03
1.300000000000000000e+02 1.645334328829038684e-03
1.310000000000000000e+02 1.626810140225496380e-03
1.320000000000000000e+02 1.618859437240016816e-03
1.330000000000000000e+02 1.592571265967599814e-03
1.340000000000000000e+02 1.602456815290870555e-03
1.350000000000000000e+02 1.605758445455566412e-03
1.360000000000000000e+02 1.585265115412519800e-03
1.370000000000000000e+02 1.595255678733721203e-03
1.380000000000000000e+02 1.588756034495973765e-03
1.390000000000000000e+02 1.589190300061888621e-03
1.400000000000000000e+02 1.636170334247771981e-03
1.410000000000000000e+02 1.627567916757512688e-03
1.420000000000000000e+02 1.611021930853365116e-03
1.430000000000000000e+02 1.621161605621862642e-03
1.440000000000000000e+02 1.595844407434992337e-03
1.450000000000000000e+02 1.601998421308506622e-03
1.460000000000000000e+02 1.599381579702874225e-03
1.470000000000000000e+02 1.591004495274481829e-03
1.480000000000000000e+02 1.590926171087971366e-03
1.490000000000000000e+02 1.587679016076423222e-03
1.500000000000000000e+02 1.622326503854276333e-03
1.510000000000000000e+02 1.602124545156802856e-03
1.520000000000000000e+02 1.597156716509175959e-03
1.530000000000000000e+02 1.594122521841063100e-03
1.540000000000000000e+02 1.587540499414628707e-03
1.550000000000000000e+02 1.611856139040148154e-03
1.560000000000000000e+02 1.611956862985580458e-03
1.570000000000000000e+02 1.589244277857678996e-03
1.580000000000000000e+02 1.610078490151863571e-03
1.590000000000000000e+02 1.582857288540389512e-03
1.600000000000000000e+02 1.601693812726627053e-03
1.610000000000000000e+02 1.587330550920907930e-03
1.620000000000000000e+02 1.634921915247052309e-03
1.630000000000000000e+02 1.594494070407891659e-03
1.640000000000000000e+02 1.601761659920521164e-03
1.650000000000000000e+02 1.596577285066999368e-03
1.660000000000000000e+02 1.611640364883137281e-03
1.670000000000000000e+02 1.599783158232869753e-03
1.680000000000000000e+02 1.637998479769184768e-03
1.690000000000000000e+02 1.614411408690286315e-03
1.700000000000000000e+02 1.617339186931243027e-03
1.710000000000000000e+02 1.596556838047110717e-03
1.720000000000000000e+02 1.594650856609786983e-03
1.730000000000000000e+02 1.602529470601924940e-03
1.740000000000000000e+02 1.588808552152081582e-03
1.750000000000000000e+02 1.583978974103109798e-03
1.760000000000000000e+02 1.589240861441740650e-03
1.770000000000000000e+02 1.593232339357941252e-03
1.780000000000000000e+02 1.618482354657151167e-03
1.790000000000000000e+02 1.625753639954690766e-03
1.800000000000000000e+02 1.596935200006277446e-03
1.810000000000000000e+02 1.589266846002427604e-03
1.820000000000000000e+02 1.603717338511896195e-03
1.830000000000000000e+02 1.625887846506606036e-03
1.840000000000000000e+02 1.586749036176666409e-03
1.850000000000000000e+02 1.582829063385155638e-03
1.860000000000000000e+02 1.612826497164726852e-03
1.870000000000000000e+02 1.585209018481276589e-03
1.880000000000000000e+02 1.589512478281771566e-03
1.890000000000000000e+02 1.588338485054358344e-03
1.900000000000000000e+02 1.600337978517818492e-03
1.910000000000000000e+02 1.582840215790046710e-03
1.920000000000000000e+02 1.630638379248273637e-03
1.930000000000000000e+02 1.595083067859668800e-03
1.940000000000000000e+02 1.603021854830762863e-03
1.950000000000000000e+02 1.644912964272327461e-03
1.960000000000000000e+02 1.610599821219145088e-03
1.970000000000000000e+02 1.587891703945536756e-03
1.980000000000000000e+02 1.578897641173475103e-03
1.990000000000000000e+02 1.578272805647712310e-03
2.000000000000000000e+02 1.588876677966100928e-03
2.010000000000000000e+02 1.587698747763826570e-03
2.020000000000000000e+02 1.588780216553795869e-03
2.030000000000000000e+02 1.586019224845593026e-03
2.040000000000000000e+02 1.587747931043991499e-03
2.050000000000000000e+02 1.609911190506158052e-03
2.060000000000000000e+02 1.590824974808154567e-03
2.070000000000000000e+02 1.588762867897238742e-03
2.080000000000000000e+02 1.579676661296116518e-03
2.090000000000000000e+02 1.578727617051079758e-03
2.100000000000000000e+02 1.594795504260234460e-03
2.110000000000000000e+02 1.617869821692324720e-03
2.120000000000000000e+02 1.611420528182858037e-03
2.130000000000000000e+02 1.591811910590035066e-03
2.140000000000000000e+02 1.582529450824447055e-03
2.150000000000000000e+02 1.592550146938229248e-03
2.160000000000000000e+02 1.591664633017986349e-03
2.170000000000000000e+02 1.595133796372873343e-03
2.180000000000000000e+02 1.593123283211064084e-03
2.190000000000000000e+02 1.586910124643349431e-03
2.200000000000000000e+02 1.593457200426397213e-03
2.210000000000000000e+02 1.609554623058052870e-03
2.220000000000000000e+02 1.615437990384335472e-03
2.230000000000000000e+02 1.592395227451190616e-03
2.240000000000000000e+02 1.592270811774770031e-03
2.250000000000000000e+02 1.584329236490293049e-03
2.260000000000000000e+02 1.597972697826567385e-03
2.270000000000000000e+02 1.585089134005570125e-03
2.280000000000000000e+02 1.580109746340300873e-03
2.290000000000000000e+02 1.617307135181544897e-03
2.300000000000000000e+02 1.602062454678382852e-03
2.310000000000000000e+02 1.583878753714797324e-03
2.320000000000000000e+02 1.582125502094759847e-03
2.330000000000000000e+02 1.591283368887114842e-03
2.340000000000000000e+02 1.587758975180319186e-03
2.350000000000000000e+02 1.588082375720942198e-03
2.360000000000000000e+02 1.587404324722870496e-03
2.370000000000000000e+02 1.588457534152776631e-03
2.380000000000000000e+02 1.588206586998593822e-03
2.390000000000000000e+02 1.602678787434458308e-03
2.400000000000000000e+02 1.592843260587603182e-03
2.410000000000000000e+02 1.610771230004533205e-03
2.420000000000000000e+02 1.588579466718156863e-03
2.430000000000000000e+02 1.583355126332768948e-03
2.440000000000000000e+02 1.582253555045383181e-03
2.450000000000000000e+02 1.577912451999047023e-03
2.460000000000000000e+02 1.596814935986033907e-03
2.470000000000000000e+02 1.584860178230301613e-03
2.480000000000000000e+02 1.583574731944429898e-03
2.490000000000000000e+02 1.597291786484105738e-03
2.500000000000000000e+02 1.607940344580717018e-03
2.510000000000000000e+02 1.585063830490541842e-03
2.520000000000000000e+02 1.585420418104063018e-03
2.530000000000000000e+02 1.593776618857853725e-03
2.540000000000000000e+02 1.583888354477034407e-03
2.550000000000000000e+02 1.586962689882015368e-03
2.560000000000000000e+02 1.596317105741194755e-03
2.570000000000000000e+02 1.582489292851475566e-03
2.580000000000000000e+02 1.586428243279975345e-03
2.590000000000000000e+02 1.574821497338917999e-03
2.600000000000000000e+02 1.601502898620199827e-03
