0.000000000000000000e+00 4.807287469817025233e-02
1.000000000000000000e+00 2.112905385883536487e-03
2.000000000000000000e+00 1.493394242214651432e-03
3.000000000000000000e+00 1.456239889191263820e-03
4.000000000000000000e+00 1.468823581930776964e-03
5.000000000000000000e+00 1.457241872903988853e-03
6.000000000000000000e+00 1.460406189227831351e-03
7.000000000000000000e+00 1.454351149850368003e-03
8.000000000000000000e+00 1.473899862239503840e-03
9.000000000000000000e+00 1.493973807735086284e-03
1.000000000000000000e+01 1.475061234927898916e-03
1.100000000000000000e+01 1.466921618785849753e-03
1.200000000000000000e+01 1.464405060127061536e-03
1.300000000000000000e+01 1.469609060069196772e-03
1.400000000000000000e+01 1.452204329757621508e-03
1.500000000000000000e+01 1.457120928501766909e-03
1.600000000000000000e+01 1.466430819189522110e-03
1.700000000000000000e+01 1.464503593253879644e-03
1.800000000000000000e+01 1.465633789199279752e-03
1.900000000000000000e+01 1.466424510699142940e-03
2.000000000000000000e+01 1.478960016337598892e-03
2.100000000000000000e+01 1.463087692084228970e-03
2.200000000000000000e+01 1.453482590375311870e-03
2.300000000000000000e+01 1.463856610166998232e-03
2.400000000000000000e+01 1.459378593677366056e-03
2.500000000000000000e+01 1.456458112578658303e-03
2.600000000000000000e+01 1.452183975452894142e-03
2.700000000000000000e+01 1.457043337659148568e-03
2.800000000000000000e+01 1.461729936558568699e-03
2.900000000000000000e+01 1.468675414784134789e-03
3.000000000000000000e+01 1.470853036742307595e-03
3.100000000000000000e+01 1.487077949999360922e-03
3.200000000000000000e+01 1.499376781150863359e-03
3.300000000000000000e+01 1.477077963533090805e-03
3.400000000000000000e+01 1.473369626855891611e-03
3.500000000000000000e+01 1.453948553670413165e-03
3.600000000000000000e+01 1.500041271312050218e-03
3.700000000000000000e+01 1.458225254066228401e-03
3.800000000000000000e+01 1.457064807504290316e-03
3.900000000000000000e+01 1.454224026890314683e-03
4.000000000000000000e+01 1.522161283249903307e-03
4.100000000000000000e+01 1.483059903137941065e-03
4.200000000000000000e+01 1.464461107965030380e-03
4.300000000000000000e+01 1.477857099198521098e-03
4.400000000000000000e+01 1.473700687764326923e-03
4.500000000000000000e+01 1.480150888764194357e-03
4.600000000000000000e+01 1.543103377633940707e-03
4.700000000000000000e+01 1.473455145885253998e-03
4.800000000000000000e+01 1.453599384492444690e-03
4.900000000000000000e+01 1.452812150108560721e-03
5.000000000000000000e+01 1.450767991246297876e-03
5.100000000000000000e+01 1.464694711305935702e-03
5.200000000000000000e+01 1.455542347205571359e-03
5.300000000000000000e+01 1.468632865322560882e-03
5.400000000000000000e+01 1.511675856441335687e-03
5.500000000000000000e+01 1.574024459158552582e-03
5.600000000000000000e+01 1.462699278127203590e-03
5.700000000000000000e+01 1.446827417019743746e-03
5.800000000000000000e+01 1.485409741043313119e-03
5.900000000000000000e+01 1.460145291603719836e-03
6.000000000000000000e+01 1.431021531184005621e-03
6.100000000000000000e+01 1.431015853331590610e-03
6.200000000000000000e+01 1.408628378225554268e-03
6.300000000000000000e+01 1.411016534865576705e-03
6.400000000000000000e+01 1.377819107458559808e-03
6.500000000000000000e+01 1.339456904823081197e-03
6.600000000000000000e+01 1.322204280229100125e-03
6.700000000000000000e+01 1.277360714281741130e-03
6.800000000000000000e+01 1.323727556477983939e-03
6.900000000000000000e+01 1.143690978150381163e-03
7.000000000000000000e+01 1.093075543518353798e-03
7.100000000000000000e+01 1.113655928358301328e-03
7.200000000000000000e+01 9.971212315159378326e-04
7.300000000000000000e+01 1.046131631503792242e-03
7.400000000000000000e+01 1.182229306344682613e-03
7.500000000000000000e+01 9.527051544078951953e-04
7.600000000000000000e+01 9.509870944117704283e-04
7.700000000000000000e+01 8.920988868996133437e-04
7.800000000000000000e+01 9.011501683772108048e-04
7.900000000000000000e+01 9.756245559946073644e-04
8.000000000000000000e+01 9.167236962065976194e-04
8.100000000000000000e+01 8.766950344432749816e-04
8.200000000000000000e+01 9.323659053459979265e-04
8.300000000000000000e+01 9.616352181482986511e-04
8.400000000000000000e+01 1.118946016347963568e-03
8.500000000000000000e+01 9.661574246218447787e-04
8.600000000000000000e+01 8.999700189011091301e-04
8.700000000000000000e+01 9.215391421573763389e-04
8.800000000000000000e+01 8.859469364588754827e-04
8.900000000000000000e+01 8.918750297266295592e-04
9.000000000000000000e+01 8.719714480084116495e-04
9.100000000000000000e+01 8.940311206744849370e-04
9.200000000000000000e+01 9.260184775501911466e-04
9.300000000000000000e+01 9.359342235161805272e-04
9.400000000000000000e+01 8.684097078745025037e-04
9.500000000000000000e+01 8.570635235962144848e-04
9.600000000000000000e+01 9.089583196489551663e-04
9.700000000000000000e+01 9.011631340893128594e-04
9.800000000000000000e+01 8.618407880976300178e-04
9.900000000000000000e+01 8.918839764871358327e-04
1.000000000000000000e+02 9.524474993014349789e-04
1.010000000000000000e+02 9.144109806541395394e-04
1.020000000000000000e+02 8.503303635670493490e-04
1.030000000000000000e+02 8.498579903812904105e-04
1.040000000000000000e+02 8.497189722931602213e-04
1.050000000000000000e+02 8.547641950719125524e-04
1.060000000000000000e+02 8.633678362397439847e-04
1.070000000000000000e+02 8.847048223038305424e-04
1.080000000000000000e+02 8.613180772597019141e-04
1.090000000000000000e+02 8.732250112893718240e-04
1.100000000000000000e+02 8.399044266310044370e-04
1.110000000000000000e+02 9.256269966223648529e-04
1.120000000000000000e+02 8.815472254011502131e-04
1.130000000000000000e+02 9.172479298444847703e-04
1.140000000000000000e+02 9.027368111911975588e-04
1.150000000000000000e+02 8.587301728268536714e-04
1.160000000000000000e+02 8.407070991326194304e-04
1.170000000000000000e+02 8.577737425341664659e-04
1.180000000000000000e+02 8.703342857571702649e-04
1.190000000000000000e+02 8.517060642510328053e-04
1.200000000000000000e+02 8.399431616729902128e-04
1.210000000000000000e+02 8.307534819301039437e-04
1.220000000000000000e+02 8.511255810162953990e-04
1.230000000000000000e+02 8.579437307848198193e-04
1.240000000000000000e+02 8.409107404370688059e-04
1.250000000000000000e+02 8.499004644625955587e-04
1.260000000000000000e+02 8.578791564674240634e-04
1.270000000000000000e+02 8.323253654397603455e-04
1.280000000000000000e+02 8.318055374833160150e-04
1.290000000000000000e+02 8.261191751429367708e-04
1.300000000000000000e+02 8.351843707419200112e-04
1.310000000000000000e+02 8.377914076675619824e-04
1.320000000000000000e+02 8.383687058395243412e-04
1.330000000000000000e+02 8.535058242483509498e-04
1.340000000000000000e+02 8.413599204090124262e-04
1.350000000000000000e+02 8.318582728093656909e-04
1.360000000000000000e+02 8.182627406428887550e-04
1.370000000000000000e+02 8.137346232189903968e-04
1.380000000000000000e+02 8.429702281502137427e-04
1.390000000000000000e+02 8.102588817876463798e-04
1.400000000000000000e+02 8.070735033343899578e-04
1.410000000000000000e+02 8.127543845913476513e-04
1.420000000000000000e+02 8.292576890959772393e-04
1.430000000000000000e+02 8.590154650000240283e-04
1.440000000000000000e+02 8.220309316843940920e-04
1.450000000000000000e+02 7.896200036024718285e-04
1.460000000000000000e+02 8.009950165582604975e-04
1.470000000000000000e+02 7.910064465991105799e-04
1.480000000000000000e+02 7.867125466226331833e-04
1.490000000000000000e+02 7.923085193006097066e-04
1.500000000000000000e+02 7.828351251103580089e-04
1.510000000000000000e+02 7.803717677007607906e-04
1.520000000000000000e+02 7.857683065681206639e-04
1.530000000000000000e+02 8.103616778056543790e-04
1.540000000000000000e+02 8.041765143147779201e-04
1.550000000000000000e+02 8.190877304396586549e-04
1.560000000000000000e+02 7.997875159900777508e-04
1.570000000000000000e+02 7.776459408318297465e-04
1.580000000000000000e+02 8.062576604665798669e-04
1.590000000000000000e+02 7.989761846802274524e-04
1.600000000000000000e+02 7.567719150751390849e-04
1.610000000000000000e+02 7.581166906277712024e-04
1.620000000000000000e+02 7.768452497867743469e-04
1.630000000000000000e+02 7.648058891888549456e-04
1.640000000000000000e+02 7.757721974079431673e-04
1.650000000000000000e+02 7.693296233829779616e-04
1.660000000000000000e+02 7.474326982748252454e-04
1.670000000000000000e+02 7.665737659590447740e-04
1.680000000000000000e+02 7.522137660635263645e-04
1.690000000000000000e+02 8.096237104971002645e-04
1.700000000000000000e+02 7.547342357623860283e-04
1.710000000000000000e+02 7.811948685465268296e-04
1.720000000000000000e+02 7.921423282838488010e-04
1.730000000000000000e+02 8.209249880694354093e-04
1.740000000000000000e+02 7.698081290449821376e-04
1.750000000000000000e+02 7.523683149593922296e-04
1.760000000000000000e+02 7.556235807472838932e-04
1.770000000000000000e+02 7.381193626239512372e-04
1.780000000000000000e+02 7.353148015936053364e-04
1.790000000000000000e+02 7.398477152256857170e-04
1.800000000000000000e+02 7.611031659505324573e-04
1.810000000000000000e+02 7.512737836508645789e-04
1.820000000000000000e+02 7.273410997550555082e-04
1.830000000000000000e+02 7.329197700767592577e-04
1.840000000000000000e+02 7.409864739810496231e-04
1.850000000000000000e+02 7.673958192168437017e-04
1.860000000000000000e+02 7.221516602171201013e-04
1.870000000000000000e+02 7.253672858187933115e-04
1.880000000000000000e+02 8.509836605357432157e-04
1.890000000000000000e+02 7.789848226041047683e-04
1.900000000000000000e+02 7.426297191068285215e-04
1.910000000000000000e+02 7.423249360259823529e-04
1.920000000000000000e+02 7.165990472254311948e-04
1.930000000000000000e+02 7.077291172795808355e-04
1.940000000000000000e+02 7.047263164635578616e-04
1.950000000000000000e+02 7.103134431087669782e-04
1.960000000000000000e+02 7.050679429088854960e-04
1.970000000000000000e+02 6.975466253586875285e-04
1.980000000000000000e+02 7.101174743493113674e-04
1.990000000000000000e+02 7.058087817583195804e-04
2.000000000000000000e+02 7.020757974547999240e-04
2.010000000000000000e+02 7.008400950734086643e-04
2.020000000000000000e+02 7.224081886516700362e-04
2.030000000000000000e+02 7.108908294677251287e-04
2.040000000000000000e+02 6.957373955356122757e-04
2.050000000000000000e+02 7.084329979765179898e-04
2.060000000000000000e+02 6.913162209190242642e-04
2.070000000000000000e+02 6.880455374072388030e-04
2.080000000000000000e+02 6.854960514047715638e-04
2.090000000000000000e+02 6.814404181554304827e-04
2.100000000000000000e+02 7.024759281096632727e-04
2.110000000000000000e+02 7.168086673130496383e-04
2.120000000000000000e+02 6.994678336693713324e-04
2.130000000000000000e+02 6.812124708768691221e-04
2.140000000000000000e+02 6.756591075496984258e-04
2.150000000000000000e+02 6.795408957743040868e-04
2.160000000000000000e+02 6.853464247205636036e-04
2.170000000000000000e+02 6.979525125449411154e-04
2.180000000000000000e+02 6.709668642889063395e-04
2.190000000000000000e+02 6.685672778528873022e-04
2.200000000000000000e+02 6.640783641422961982e-04
2.210000000000000000e+02 7.050735118017690053e-04
2.220000000000000000e+02 6.654228577081123652e-04
2.230000000000000000e+02 7.184637134093571111e-04
2.240000000000000000e+02 6.774093774672918173e-04
2.250000000000000000e+02 6.547976225743839043e-04
2.260000000000000000e+02 6.528059966220042245e-04
2.270000000000000000e+02 6.512227874834950999e-04
2.280000000000000000e+02 6.527441295969710908e-04
2.290000000000000000e+02 6.610372957934732181e-04
2.300000000000000000e+02 6.578355690166793213e-04
2.310000000000000000e+02 7.122665056176860935e-04
2.320000000000000000e+02 6.526124143543231022e-04
2.330000000000000000e+02 6.613477922827248412e-04
2.340000000000000000e+02 6.620706341997391201e-04
2.350000000000000000e+02 6.506385529126038720e-04
2.360000000000000000e+02 6.526653341136415655e-04
2.370000000000000000e+02 7.215748459223776104e-04
2.380000000000000000e+02 6.571668670147457402e-04
2.390000000000000000e+02 6.778915495156457877e-04
2.400000000000000000e+02 6.706847651714933911e-04
2.410000000000000000e+02 6.888240695991413275e-04
2.420000000000000000e+02 6.837927813314456302e-04
2.430000000000000000e+02 6.631267222740605408e-04
2.440000000000000000e+02 6.501125381615524296e-04
2.450000000000000000e+02 6.421893483492358912e-04
2.460000000000000000e+02 6.515485698026919582e-04
2.470000000000000000e+02 6.751797060552674557e-04
2.480000000000000000e+02 7.627125761051061371e-04
2.490000000000000000e+02 6.433829477446611394e-04
2.500000000000000000e+02 6.474296297503874011e-04
2.510000000000000000e+02 6.816681033673107704e-04
2.520000000000000000e+02 6.666126563974861903e-04
2.530000000000000000e+02 6.437096500609808605e-04
2.540000000000000000e+02 6.400924434353444164e-04
2.550000000000000000e+02 6.438282444456146182e-04
2.560000000000000000e+02 6.442801627573109969e-04
2.570000000000000000e+02 6.458273261930698103e-04
2.580000000000000000e+02 6.561326417344350405e-04
2.590000000000000000e+02 6.428056772216170917e-04
2.600000000000000000e+02 6.435004738161227049e-04
2.610000000000000000e+02 6.501961236532751397e-04
2.620000000000000000e+02 6.504676633120036900e-04
2.630000000000000000e+02 6.512770001435867675e-04
2.640000000000000000e+02 6.709425742472256184e-04
2.650000000000000000e+02 6.528842557615813528e-04
2.660000000000000000e+02 6.568468715614516912e-04
2.670000000000000000e+02 6.961740947345185487e-04
2.680000000000000000e+02 6.379803796969928283e-04
2.690000000000000000e+02 6.479116487089243981e-04
2.700000000000000000e+02 6.415683292047966906e-04
2.710000000000000000e+02 6.353084386112895507e-04
2.720000000000000000e+02 6.368247176336358116e-04
2.730000000000000000e+02 6.395269085794375594e-04
2.740000000000000000e+02 6.569624596271171580e-04
2.750000000000000000e+02 6.411773915706605979e-04
2.760000000000000000e+02 6.661354653944105003e-04
2.770000000000000000e+02 6.932335243957902680e-04
2.780000000000000000e+02 6.780919220320558724e-04
2.790000000000000000e+02 6.395276937151044352e-04
2.800000000000000000e+02 6.485869621558476572e-04
2.810000000000000000e+02 6.540830477676967724e-04
2.820000000000000000e+02 6.563687400661424301e-04
2.830000000000000000e+02 6.390534693544296660e-04
2.840000000000000000e+02 6.497978506543813796e-04
2.850000000000000000e+02 6.643242394001536632e-04
2.860000000000000000e+02 6.556455670290266529e-04
2.870000000000000000e+02 6.484645916408762279e-04
2.880000000000000000e+02 6.407730004799314961e-04
2.890000000000000000e+02 6.373273441344992499e-04
2.900000000000000000e+02 6.396085601087611898e-04
2.910000000000000000e+02 6.564990614234550307e-04
2.920000000000000000e+02 6.475677833847854692e-04
2.930000000000000000e+02 6.402057696854345555e-04
2.940000000000000000e+02 6.557014258027662719e-04
2.950000000000000000e+02 6.498452312851543547e-04
2.960000000000000000e+02 6.736748203192334137e-04
2.970000000000000000e+02 6.508925023246440403e-04
2.980000000000000000e+02 6.499310046606822898e-04
2.990000000000000000e+02 6.437239720059310553e-04
3.000000000000000000e+02 6.569933377182892364e-04
3.010000000000000000e+02 6.456885456354045363e-04
3.020000000000000000e+02 6.426971401484537312e-04
3.030000000000000000e+02 6.424308830770652894e-04
3.040000000000000000e+02 6.729785327860289112e-04
3.050000000000000000e+02 6.651623919482329422e-04
3.060000000000000000e+02 6.393115730082462580e-04
3.070000000000000000e+02 6.362120562214421474e-04
3.080000000000000000e+02 6.428513832748605815e-04
3.090000000000000000e+02 6.466438123193864749e-04
3.100000000000000000e+02 6.423613349053128307e-04
3.110000000000000000e+02 6.365760657922979590e-04
3.120000000000000000e+02 6.381139138241482362e-04
3.130000000000000000e+02 6.376912234883340847e-04
3.140000000000000000e+02 6.390207086453621350e-04
3.150000000000000000e+02 6.524937363205088802e-04
3.160000000000000000e+02 6.398643905974054106e-04
3.170000000000000000e+02 6.332353282092938402e-04
3.180000000000000000e+02 6.399490152173112519e-04
3.190000000000000000e+02 6.405885401425623913e-04
3.200000000000000000e+02 6.350973853669112821e-04
3.210000000000000000e+02 6.375103575109679734e-04
3.220000000000000000e+02 6.501766948694328576e-04
3.230000000000000000e+02 6.495011261786798372e-04
3.240000000000000000e+02 6.602072996676943079e-04
3.250000000000000000e+02 6.360519362878544296e-04
3.260000000000000000e+02 6.509105013408590049e-04
3.270000000000000000e+02 6.437691748702492308e-04
3.280000000000000000e+02 6.514228405594271005e-04
3.290000000000000000e+02 6.554980716847297849e-04
3.300000000000000000e+02 6.733511396335513420e-04
3.310000000000000000e+02 6.580885627840123500e-04
3.320000000000000000e+02 6.575455350211917857e-04
3.330000000000000000e+02 6.383992413255919944e-04
3.340000000000000000e+02 6.375794976642964801e-04
3.350000000000000000e+02 6.490546137154189080e-04
3.360000000000000000e+02 6.399944109681830534e-04
3.370000000000000000e+02 6.472177749964219164e-04
3.380000000000000000e+02 6.378839837304115879e-04
3.390000000000000000e+02 6.388084190191288970e-04
3.400000000000000000e+02 6.465925013126822083e-04
3.410000000000000000e+02 6.371205060665843887e-04
3.420000000000000000e+02 6.428632281393312393e-04
3.430000000000000000e+02 6.397312144689503485e-04
3.440000000000000000e+02 6.371510696332657051e-04
3.450000000000000000e+02 6.379024220782372485e-04
3.460000000000000000e+02 6.319079734158072892e-04
3.470000000000000000e+02 6.404439214973394606e-04
3.480000000000000000e+02 6.343944950600255645e-04
3.490000000000000000e+02 6.382348562112901292e-04
3.500000000000000000e+02 6.489302186828422702e-04
3.510000000000000000e+02 6.379634991207643220e-04
3.520000000000000000e+02 6.413517816248225567e-04
3.530000000000000000e+02 6.402721494883605990e-04
3.540000000000000000e+02 6.326885414372075255e-04
3.550000000000000000e+02 6.347654314979295350e-04
3.560000000000000000e+02 6.478798223781462350e-04
3.570000000000000000e+02 6.292478290222476480e-04
3.580000000000000000e+02 6.401304017835815962e-04
3.590000000000000000e+02 6.561789558284032882e-04
3.600000000000000000e+02 6.344517808228507813e-04
3.610000000000000000e+02 6.319175451551058056e-04
3.620000000000000000e+02 6.458602406625325995e-04
3.630000000000000000e+02 6.424167451314856305e-04
3.640000000000000000e+02 6.421403333395838287e-04
3.650000000000000000e+02 6.617466611791145538e-04
3.660000000000000000e+02 6.357882870772641739e-04
3.670000000000000000e+02 6.455532107617160129e-04
3.680000000000000000e+02 6.389581127513987296e-04
3.690000000000000000e+02 6.307755474785074930e-04
3.700000000000000000e+02 6.505587203078918657e-04
3.710000000000000000e+02 6.384802028198211313e-04
3.720000000000000000e+02 6.417062715834890132e-04
3.730000000000000000e+02 6.346558176232908232e-04
3.740000000000000000e+02 6.326546419180966579e-04
3.750000000000000000e+02 6.363867452863073478e-04
3.760000000000000000e+02 6.484076038318133681e-04
3.770000000000000000e+02 6.379237294563989144e-04
3.780000000000000000e+02 6.472460310682576429e-04
3.790000000000000000e+02 6.374645323667340506e-04
3.800000000000000000e+02 6.417932863509442443e-04
3.810000000000000000e+02 6.576473332587876724e-04
3.820000000000000000e+02 6.353762078892135441e-04
3.830000000000000000e+02 6.341062833797688186e-04
3.840000000000000000e+02 6.357786544191506347e-04
3.850000000000000000e+02 6.486041317865182208e-04
3.860000000000000000e+02 6.387944949909478984e-04
3.870000000000000000e+02 6.332443648081626658e-04
3.880000000000000000e+02 6.474658972396981835e-04
3.890000000000000000e+02 6.510953209713719577e-04
3.900000000000000000e+02 6.337983880034390354e-04
3.910000000000000000e+02 6.323157305004719004e-04
3.920000000000000000e+02 6.386715072940260659e-04
3.930000000000000000e+02 6.606041490547519051e-04
3.940000000000000000e+02 6.568589367356697907e-04
3.950000000000000000e+02 6.342372362103679490e-04
3.960000000000000000e+02 6.355851610497425868e-04
3.970000000000000000e+02 6.368507244569325976e-04
3.980000000000000000e+02 6.367159504213864944e-04
3.990000000000000000e+02 6.306766350671590615e-04
4.000000000000000000e+02 6.337749766078416142e-04
4.010000000000000000e+02 6.310153557291853276e-04
4.020000000000000000e+02 6.351829392681605140e-04
4.030000000000000000e+02 6.329808125520593838e-04
4.040000000000000000e+02 6.328882182160634534e-04
4.050000000000000000e+02 6.399639765159669501e-04
4.060000000000000000e+02 6.482197804329977494e-04
4.070000000000000000e+02 6.383812246626583082e-04
4.080000000000000000e+02 6.433040977102432497e-04
4.090000000000000000e+02 6.425808069699791378e-04
4.100000000000000000e+02 6.485199774076805777e-04
4.110000000000000000e+02 6.435498550051905499e-04
4.120000000000000000e+02 6.333497192743403484e-04
4.130000000000000000e+02 6.372931103818421606e-04
4.140000000000000000e+02 6.330923192022433347e-04
4.150000000000000000e+02 6.316837099223923191e-04
4.160000000000000000e+02 6.423882572412692232e-04
4.170000000000000000e+02 6.312198981014105438e-04
4.180000000000000000e+02 6.375404786521543955e-04
4.190000000000000000e+02 6.350985973153430849e-04
4.200000000000000000e+02 6.395483875181653260e-04
4.210000000000000000e+02 6.535856951921929130e-04
4.220000000000000000e+02 6.440064380783402324e-04
4.230000000000000000e+02 6.325049208669713142e-04
4.240000000000000000e+02 6.345117065890920702e-04
4.250000000000000000e+02 6.360076501024380935e-04
4.260000000000000000e+02 6.304427574504548352e-04
4.270000000000000000e+02 6.307128887578138327e-04
4.280000000000000000e+02 6.325942376867284755e-04
4.290000000000000000e+02 6.351597113514735431e-04
4.300000000000000000e+02 6.293387768434736745e-04
4.310000000000000000e+02 6.338847685143663259e-04
4.320000000000000000e+02 6.340236679784135194e-04
4.330000000000000000e+02 6.343888799032162051e-04
4.340000000000000000e+02 6.520038375264899586e-04
4.350000000000000000e+02 6.364024567294431075e-04
4.360000000000000000e+02 6.372546663805718926e-04
4.370000000000000000e+02 6.276051917791577051e-04
4.380000000000000000e+02 6.327165813672840306e-04
4.390000000000000000e+02 6.451251801711742860e-04
4.400000000000000000e+02 6.312047444436426997e-04
4.410000000000000000e+02 6.309185287033849520e-04
4.420000000000000000e+02 6.366582025604256966e-04
4.430000000000000000e+02 6.404427807837618277e-04
4.440000000000000000e+02 6.335806005128192826e-04
4.450000000000000000e+02 6.291793070805360225e-04
4.460000000000000000e+02 6.314459089927118400e-04
4.470000000000000000e+02 6.313013872883084304e-04
4.480000000000000000e+02 6.275524397562445194e-04
4.490000000000000000e+02 6.343349434557766803e-04
4.500000000000000000e+02 6.347747565040549877e-04
4.510000000000000000e+02 6.295027904056221292e-04
4.520000000000000000e+02 6.430039250622999374e-04
4.530000000000000000e+02 6.332647663894939950e-04
4.540000000000000000e+02 6.323670301795037514e-04
4.550000000000000000e+02 6.293940309060665770e-04
4.560000000000000000e+02 6.350719711376845563e-04
4.570000000000000000e+02 6.339138114458231325e-04
4.580000000000000000e+02 6.298880412243335145e-04
4.590000000000000000e+02 6.426579923419478008e-04
4.600000000000000000e+02 6.437873411843914430e-04
4.610000000000000000e+02 6.471667337837904745e-04
4.620000000000000000e+02 6.346170380062673760e-04
4.630000000000000000e+02 6.384918272211130433e-04
4.640000000000000000e+02 6.329482211960260531e-04
4.650000000000000000e+02 6.453844053882569660e-04
4.660000000000000000e+02 6.293633762063533671e-04
4.670000000000000000e+02 6.438995939895947838e-04
4.680000000000000000e+02 6.332893469056152238e-04
4.690000000000000000e+02 6.309214328756259683e-04
4.700000000000000000e+02 6.399251825957211594e-04
4.710000000000000000e+02 6.295311744467455830e-04
4.720000000000000000e+02 6.306422281145677598e-04
4.730000000000000000e+02 6.287853054031845986e-04
4.740000000000000000e+02 6.291929241682026747e-04
4.750000000000000000e+02 6.303763293353335101e-04
4.760000000000000000e+02 6.294763144945547629e-04
4.770000000000000000e+02 6.298083588767322983e-04
4.780000000000000000e+02 6.388931038319684919e-04
4.790000000000000000e+02 6.349014807008736359e-04
4.800000000000000000e+02 6.311777780398004651e-04
4.810000000000000000e+02 6.294426424946212217e-04
4.820000000000000000e+02 6.339451747410924888e-04
4.830000000000000000e+02 6.351640905302723171e-04
4.840000000000000000e+02 6.299646690012223682e-04
4.850000000000000000e+02 6.339386380161796163e-04
4.860000000000000000e+02 6.325199714553872768e-04
4.870000000000000000e+02 6.278320885410515950e-04
4.880000000000000000e+02 6.323664296623339063e-04
4.890000000000000000e+02 6.302613190702333577e-04
4.900000000000000000e+02 6.310718484638011463e-04
4.910000000000000000e+02 6.319332444126057099e-04
4.920000000000000000e+02 6.383639823582948347e-04
4.930000000000000000e+02 6.435410875247131414e-04
4.940000000000000000e+02 6.290847037794934735e-04
4.950000000000000000e+02 6.367795285586667475e-04
4.960000000000000000e+02 6.283980294072863491e-04
4.970000000000000000e+02 6.289747203334145791e-04
4.980000000000000000e+02 6.374490138838869889e-04
4.990000000000000000e+02 6.292627817551096556e-04
5.000000000000000000e+02 6.285787308426800737e-04
5.010000000000000000e+02 6.358518917953442711e-04
5.020000000000000000e+02 6.438919866241142815e-04
5.030000000000000000e+02 6.302191917162526871e-04
5.040000000000000000e+02 6.314538726813600372e-04
5.050000000000000000e+02 6.315420447199117122e-04
5.060000000000000000e+02 6.400415380694216396e-04
5.070000000000000000e+02 6.268409138157772075e-04
5.080000000000000000e+02 6.262669126088827752e-04
5.090000000000000000e+02 6.350011843513823050e-04
5.100000000000000000e+02 6.518139577092037186e-04
5.110000000000000000e+02 6.349029821329165661e-04
5.120000000000000000e+02 6.272056237714700600e-04
5.130000000000000000e+02 6.281941724200516483e-04
5.140000000000000000e+02 6.316990647819271075e-04
5.150000000000000000e+02 6.296433810513173872e-04
5.160000000000000000e+02 6.279761753417689154e-04
5.170000000000000000e+02 6.297476270094650190e-04
5.180000000000000000e+02 6.287746547458867609e-04
5.190000000000000000e+02 6.274767570043937072e-04
5.200000000000000000e+02 6.307306252104317393e-04
5.210000000000000000e+02 6.338442879473210959e-04
5.220000000000000000e+02 6.289381096256387547e-04
5.230000000000000000e+02 6.345096414395001543e-04
5.240000000000000000e+02 6.263216273113284211e-04
5.250000000000000000e+02 6.300653764959549289e-04
5.260000000000000000e+02 6.323069364420334142e-04
5.270000000000000000e+02 6.322710721897361816e-04
5.280000000000000000e+02 6.265893262814208140e-04
5.290000000000000000e+02 6.369898736380773772e-04
5.300000000000000000e+02 6.282324685720768083e-04
5.310000000000000000e+02 6.281327068807674580e-04
5.320000000000000000e+02 6.262076152209408589e-04
5.330000000000000000e+02 6.277090457063848068e-04
5.340000000000000000e+02 6.309118093198328890e-04
5.350000000000000000e+02 6.344395090973910765e-04
5.360000000000000000e+02 6.269831219269725439e-04
5.370000000000000000e+02 6.315164908815892181e-04
5.380000000000000000e+02 6.295807860326938215e-04
5.390000000000000000e+02 6.267714091394148727e-04
5.400000000000000000e+02 6.271730650416322030e-04
5.410000000000000000e+02 6.280045644291341140e-04
5.420000000000000000e+02 6.286939376668957812e-04
5.430000000000000000e+02 6.254666167387146550e-04
5.440000000000000000e+02 6.281034629939800419e-04
5.450000000000000000e+02 6.278154433950311865e-04
5.460000000000000000e+02 6.278843996765533491e-04
5.470000000000000000e+02 6.272551604535704173e-04
5.480000000000000000e+02 6.325247683776537982e-04
5.490000000000000000e+02 6.273044125987716326e-04
5.500000000000000000e+02 6.270486011992256609e-04
5.510000000000000000e+02 6.261967745867128921e-04
5.520000000000000000e+02 6.267195253622345925e-04
5.530000000000000000e+02 6.269516950055154273e-04
5.540000000000000000e+02 6.267695222795719150e-04
5.550000000000000000e+02 6.328537164339851154e-04
5.560000000000000000e+02 6.355396995527907641e-04
5.570000000000000000e+02 6.277433394476336810e-04
5.580000000000000000e+02 6.348542920900017254e-04
5.590000000000000000e+02 6.268266927930089740e-04
5.600000000000000000e+02 6.341401622166905434e-04
5.610000000000000000e+02 6.293160922208738310e-04
5.620000000000000000e+02 6.248303603391282659e-04
5.630000000000000000e+02 6.267513937775424102e-04
5.640000000000000000e+02 6.287305194888659658e-04
5.650000000000000000e+02 6.296114781395744557e-04
5.660000000000000000e+02 6.354674757323762555e-04
5.670000000000000000e+02 6.310789800026270950e-04
5.680000000000000000e+02 6.302279989850356669e-04
5.690000000000000000e+02 6.313708383562699521e-04
5.700000000000000000e+02 6.425759579191570210e-04
5.710000000000000000e+02 6.289692043507492687e-04
5.720000000000000000e+02 6.336669831894331485e-04
5.730000000000000000e+02 6.267584732826296046e-04
5.740000000000000000e+02 6.278576871495233740e-04
5.750000000000000000e+02 6.324585474587504468e-04
5.760000000000000000e+02 6.279527142470131855e-04
5.770000000000000000e+02 6.291960424769111465e-04
5.780000000000000000e+02 6.263995685929316668e-04
5.790000000000000000e+02 6.258148752447895494e-04
5.800000000000000000e+02 6.262228282829851228e-04
5.810000000000000000e+02 6.278487246135509891e-04
5.820000000000000000e+02 6.291396153660669356e-04
5.830000000000000000e+02 6.275998543335993681e-04
5.840000000000000000e+02 6.260228562040212608e-04
5.850000000000000000e+02 6.357113595484841515e-04
5.860000000000000000e+02 6.278629516843715810e-04
5.870000000000000000e+02 6.269730347417423223e-04
5.880000000000000000e+02 6.266632067788191788e-04
5.890000000000000000e+02 6.325705026838965121e-04
5.900000000000000000e+02 6.302168201139917575e-04
5.910000000000000000e+02 6.248995366521494172e-04
5.920000000000000000e+02 6.344041455128058855e-04
5.930000000000000000e+02 6.282124457967169871e-04
5.940000000000000000e+02 6.281888470329893316e-04
5.950000000000000000e+02 6.275946093367791492e-04
5.960000000000000000e+02 6.254181727097588017e-04
5.970000000000000000e+02 6.255053442707952981e-04
5.980000000000000000e+02 6.258819460428715438e-04
5.990000000000000000e+02 6.367189205814309484e-04
6.000000000000000000e+02 6.275810546700620910e-04
6.010000000000000000e+02 6.302911596895932004e-04
6.020000000000000000e+02 6.310504461182543960e-04
6.030000000000000000e+02 6.284539633440660395e-04
6.040000000000000000e+02 6.251595255155419128e-04
6.050000000000000000e+02 6.334340269333189584e-04
6.060000000000000000e+02 6.244129033859294013e-04
6.070000000000000000e+02 6.258450099700453876e-04
6.080000000000000000e+02 6.259942771136761328e-04
6.090000000000000000e+02 6.273032180651010861e-04
6.100000000000000000e+02 6.278678075114321223e-04
6.110000000000000000e+02 6.261539935881700256e-04
6.120000000000000000e+02 6.280737606896960633e-04
6.130000000000000000e+02 6.302878279091074726e-04
6.140000000000000000e+02 6.262271058036481030e-04
6.150000000000000000e+02 6.264153492315684265e-04
6.160000000000000000e+02 6.259601651170341443e-04
6.170000000000000000e+02 6.254259740960246361e-04
6.180000000000000000e+02 6.297687784086692872e-04
6.190000000000000000e+02 6.283910865807056665e-04
6.200000000000000000e+02 6.318106973677163184e-04
6.210000000000000000e+02 6.307144041974246549e-04
6.220000000000000000e+02 6.311214981397887539e-04
6.230000000000000000e+02 6.259270343468981276e-04
6.240000000000000000e+02 6.283057695291171954e-04
6.250000000000000000e+02 6.277907639526880343e-04
6.260000000000000000e+02 6.323573203591273048e-04
6.270000000000000000e+02 6.313623182824760083e-04
6.280000000000000000e+02 6.319740278499001111e-04
6.290000000000000000e+02 6.316535855664346744e-04
6.300000000000000000e+02 6.251867451286895585e-04
6.310000000000000000e+02 6.302773702151503619e-04
6.320000000000000000e+02 6.269714813337253032e-04
6.330000000000000000e+02 6.260105211443705827e-04
6.340000000000000000e+02 6.253928438182089966e-04
6.350000000000000000e+02 6.261489735010217477e-04
6.360000000000000000e+02 6.244059574178392052e-04
6.370000000000000000e+02 6.276481290984952050e-04
6.380000000000000000e+02 6.249246752308357722e-04
6.390000000000000000e+02 6.266116736011872069e-04
6.400000000000000000e+02 6.273934632592773628e-04
6.410000000000000000e+02 6.299926217076253854e-04
6.420000000000000000e+02 6.307147447083434871e-04
6.430000000000000000e+02 6.255993522148408552e-04
6.440000000000000000e+02 6.275105708350299212e-04
6.450000000000000000e+02 6.256425162999543254e-04
6.460000000000000000e+02 6.248954407943554295e-04
6.470000000000000000e+02 6.252293642822268202e-04
6.480000000000000000e+02 6.243988216272389766e-04
6.490000000000000000e+02 6.291808437727645659e-04
6.500000000000000000e+02 6.251078227939254033e-04
6.510000000000000000e+02 6.254779747608942226e-04
6.520000000000000000e+02 6.249950023620926606e-04
6.530000000000000000e+02 6.268430064645270222e-04
6.540000000000000000e+02 6.238652867355158962e-04
6.550000000000000000e+02 6.253065565830264729e-04
6.560000000000000000e+02 6.258830164705021923e-04
6.570000000000000000e+02 6.262449188434574595e-04
6.580000000000000000e+02 6.252890274351149535e-04
6.590000000000000000e+02 6.265750500105265195e-04
6.600000000000000000e+02 6.277350123872603048e-04
6.610000000000000000e+02 6.261990816984131436e-04
6.620000000000000000e+02 6.272060456301105282e-04
6.630000000000000000e+02 6.299121124717893105e-04
6.640000000000000000e+02 6.252335062326634229e-04
6.650000000000000000e+02 6.247054889841737119e-04
6.660000000000000000e+02 6.308219994696022924e-04
6.670000000000000000e+02 6.239822739997509787e-04
6.680000000000000000e+02 6.273897816907304890e-04
6.690000000000000000e+02 6.243721028705017132e-04
6.700000000000000000e+02 6.289803092394092654e-04
6.710000000000000000e+02 6.244973384460767276e-04
6.720000000000000000e+02 6.243502689212374621e-04
6.730000000000000000e+02 6.257481381432854119e-04
6.740000000000000000e+02 6.289780576584202282e-04
6.750000000000000000e+02 6.262530160784180117e-04
6.760000000000000000e+02 6.251236599592220351e-04
6.770000000000000000e+02 6.250915260384269385e-04
6.780000000000000000e+02 6.367823546523745416e-04
6.790000000000000000e+02 6.294392074886529702e-04
6.800000000000000000e+02 6.251797309086397228e-04
6.810000000000000000e+02 6.284960079150411077e-04
6.820000000000000000e+02 6.333711589099918051e-04
6.830000000000000000e+02 6.265258913191347739e-04
6.840000000000000000e+02 6.239565204603595436e-04
6.850000000000000000e+02 6.243908584583363758e-04
6.860000000000000000e+02 6.263869882635842920e-04
6.870000000000000000e+02 6.255776320026209094e-04
6.880000000000000000e+02 6.261023374586366808e-04
6.890000000000000000e+02 6.249327844779441112e-04
6.900000000000000000e+02 6.256712229530236175e-04
6.910000000000000000e+02 6.244352847834613602e-04
6.920000000000000000e+02 6.259459985400940736e-04
6.930000000000000000e+02 6.257485251358442871e-04
6.940000000000000000e+02 6.246028276040167110e-04
6.950000000000000000e+02 6.254049927593306659e-04
6.960000000000000000e+02 6.265969328420760345e-04
6.970000000000000000e+02 6.235262727613514891e-04
6.980000000000000000e+02 6.255298819272436849e-04
6.990000000000000000e+02 6.258142401571521220e-04
7.000000000000000000e+02 6.252971885684353078e-04
7.010000000000000000e+02 6.245186749766876199e-04
7.020000000000000000e+02 6.276607900452375009e-04
7.030000000000000000e+02 6.240302123075294402e-04
7.040000000000000000e+02 6.259244302644330566e-04
7.050000000000000000e+02 6.248104863240644099e-04
7.060000000000000000e+02 6.253784557350426957e-04
7.070000000000000000e+02 6.270252581016255971e-04
7.080000000000000000e+02 6.236388141037216455e-04
7.090000000000000000e+02 6.262666774810500981e-04
7.100000000000000000e+02 6.253546361939367818e-04
7.110000000000000000e+02 6.259108467160766224e-04
7.120000000000000000e+02 6.252443995469135181e-04
7.130000000000000000e+02 6.269223714381826464e-04
7.140000000000000000e+02 6.268502903802693942e-04
7.150000000000000000e+02 6.306548273238918182e-04
7.160000000000000000e+02 6.268665639122623836e-04
7.170000000000000000e+02 6.269969173649709866e-04
7.180000000000000000e+02 6.245683681786677165e-04
7.190000000000000000e+02 6.244761203596362140e-04
7.200000000000000000e+02 6.242254506629740145e-04
7.210000000000000000e+02 6.240337660606419708e-04
7.220000000000000000e+02 6.252273000443589425e-04
7.230000000000000000e+02 6.261698913547808802e-04
7.240000000000000000e+02 6.243359956722298364e-04
7.250000000000000000e+02 6.249562975285781344e-04
7.260000000000000000e+02 6.226733534197362047e-04
7.270000000000000000e+02 6.244055112308948257e-04
7.280000000000000000e+02 6.251347639829636519e-04
7.290000000000000000e+02 6.313242444561479802e-04
7.300000000000000000e+02 6.254821212718867512e-04
7.310000000000000000e+02 6.239208682624741015e-04
7.320000000000000000e+02 6.251282745436213123e-04
7.330000000000000000e+02 6.243592403697861446e-04
7.340000000000000000e+02 6.251209235186360813e-04
7.350000000000000000e+02 6.252261643131819778e-04
7.360000000000000000e+02 6.244138924287931771e-04
7.370000000000000000e+02 6.234033141694032961e-04
7.380000000000000000e+02 6.236027051480667925e-04
7.390000000000000000e+02 6.248464243820508503e-04
7.400000000000000000e+02 6.270989489366703227e-04
7.410000000000000000e+02 6.233484748769696927e-04
7.420000000000000000e+02 6.236087010204284433e-04
7.430000000000000000e+02 6.235655127145672784e-04
7.440000000000000000e+02 6.239457108971138439e-04
7.450000000000000000e+02 6.245645408850544972e-04
7.460000000000000000e+02 6.255981583473246149e-04
7.470000000000000000e+02 6.233991296747468103e-04
7.480000000000000000e+02 6.246210731383611530e-04
7.490000000000000000e+02 6.236870661010426560e-04
7.500000000000000000e+02 6.248621362025900136e-04
7.510000000000000000e+02 6.253487844492556244e-04
7.520000000000000000e+02 6.250338876510464067e-04
7.530000000000000000e+02 6.239683713118158483e-04
7.540000000000000000e+02 6.259847354083447916e-04
7.550000000000000000e+02 6.235983943832250267e-04
7.560000000000000000e+02 6.252815946795968992e-04
7.570000000000000000e+02 6.242057771156352608e-04
7.580000000000000000e+02 6.246366788313224535e-04
7.590000000000000000e+02 6.268118606902429394e-04
7.600000000000000000e+02 6.257284047004350392e-04
7.610000000000000000e+02 6.244360091903381838e-04
7.620000000000000000e+02 6.251817455240355620e-04
7.630000000000000000e+02 6.260867221911054024e-04
7.640000000000000000e+02 6.267463414882979995e-04
7.650000000000000000e+02 6.241137730969864182e-04
7.660000000000000000e+02 6.246343764589188307e-04
7.670000000000000000e+02 6.235910468846782686e-04
7.680000000000000000e+02 6.238896815637544118e-04
7.690000000000000000e+02 6.258050967800734329e-04
7.700000000000000000e+02 6.263590744336682654e-04
7.710000000000000000e+02 6.240181135561570459e-04
7.720000000000000000e+02 6.230775399185800980e-04
7.730000000000000000e+02 6.256604659064293186e-04
7.740000000000000000e+02 6.272998091219209385e-04
7.750000000000000000e+02 6.248520360145924180e-04
7.760000000000000000e+02 6.233012431215830202e-04
7.770000000000000000e+02 6.247226377257205114e-04
7.780000000000000000e+02 6.247293579434210799e-04
7.790000000000000000e+02 6.237457606384695132e-04
7.800000000000000000e+02 6.240259900383935548e-04
7.810000000000000000e+02 6.238660817915239049e-04
7.820000000000000000e+02 6.254366840018920660e-04
7.830000000000000000e+02 6.238661076826758660e-04
7.840000000000000000e+02 6.236568766434253796e-04
7.850000000000000000e+02 6.232453198576121036e-04
7.860000000000000000e+02 6.237604292144050162e-04
7.870000000000000000e+02 6.246929829742825253e-04
7.880000000000000000e+02 6.233497090488328155e-04
7.890000000000000000e+02 6.237040170118291101e-04
7.900000000000000000e+02 6.241213460628816352e-04
7.910000000000000000e+02 6.233332982199531842e-04
7.920000000000000000e+02 6.266238480424075451e-04
7.930000000000000000e+02 6.275026448833013245e-04
7.940000000000000000e+02 6.254654763055113786e-04
7.950000000000000000e+02 6.253271783294508815e-04
7.960000000000000000e+02 6.236499992355640752e-04
7.970000000000000000e+02 6.244963915984739090e-04
7.980000000000000000e+02 6.249430692899407384e-04
7.990000000000000000e+02 6.235728019528166254e-04
8.000000000000000000e+02 6.250490054245765037e-04
8.010000000000000000e+02 6.249437482183256044e-04
8.020000000000000000e+02 6.261744737712991683e-04
8.030000000000000000e+02 6.244426361269811779e-04
8.040000000000000000e+02 6.234084285022662136e-04
8.050000000000000000e+02 6.244532987900608010e-04
8.060000000000000000e+02 6.280249385482386147e-04
8.070000000000000000e+02 6.232157896453909473e-04
8.080000000000000000e+02 6.240733557997900751e-04
8.090000000000000000e+02 6.242143391710340290e-04
8.100000000000000000e+02 6.261849994747491731e-04
8.110000000000000000e+02 6.233738752001045371e-04
8.120000000000000000e+02 6.248770180630310251e-04
8.130000000000000000e+02 6.261209293238677266e-04
8.140000000000000000e+02 6.242805766313306356e-04
8.150000000000000000e+02 6.233244305505182764e-04
8.160000000000000000e+02 6.235374645776749040e-04
8.170000000000000000e+02 6.235018153431194556e-04
8.180000000000000000e+02 6.227683295970758669e-04
8.190000000000000000e+02 6.242043689641182122e-04
8.200000000000000000e+02 6.236227140311114726e-04
8.210000000000000000e+02 6.236221934287148857e-04
8.220000000000000000e+02 6.259118744059161002e-04
8.230000000000000000e+02 6.232282614749110354e-04
8.240000000000000000e+02 6.225660928969594006e-04
8.250000000000000000e+02 6.231365629645980531e-04
8.260000000000000000e+02 6.250674059814824652e-04
8.270000000000000000e+02 6.236769229347580070e-04
8.280000000000000000e+02 6.244070347756695404e-04
8.290000000000000000e+02 6.232018141568503207e-04
8.300000000000000000e+02 6.232459004022540853e-04
8.310000000000000000e+02 6.249758654668548111e-04
8.320000000000000000e+02 6.230972921357167413e-04
8.330000000000000000e+02 6.254742164038470942e-04
8.340000000000000000e+02 6.245065750925622629e-04
8.350000000000000000e+02 6.233626437394414448e-04
8.360000000000000000e+02 6.230800653777784177e-04
8.370000000000000000e+02 6.237533351547228794e-04
8.380000000000000000e+02 6.240921018269329811e-04
8.390000000000000000e+02 6.236500541098882354e-04
8.400000000000000000e+02 6.228854527601797135e-04
8.410000000000000000e+02 6.255001295221745321e-04
8.420000000000000000e+02 6.228397974445438069e-04
8.430000000000000000e+02 6.244928143326426966e-04
8.440000000000000000e+02 6.230000607357040823e-04
8.450000000000000000e+02 6.240250567960202010e-04
8.460000000000000000e+02 6.236729620016850462e-04
8.470000000000000000e+02 6.230287266582679260e-04
8.480000000000000000e+02 6.246299397778492081e-04
8.490000000000000000e+02 6.236175372218767145e-04
8.500000000000000000e+02 6.228022524970584090e-04
8.510000000000000000e+02 6.238310334298176546e-04
8.520000000000000000e+02 6.246904683786060931e-04
8.530000000000000000e+02 6.238689070146240766e-04
8.540000000000000000e+02 6.244404476730678645e-04
8.550000000000000000e+02 6.245694779509422274e-04
8.560000000000000000e+02 6.236081397964409129e-04
8.570000000000000000e+02 6.252955136578173395e-04
8.580000000000000000e+02 6.223965666536393710e-04
8.590000000000000000e+02 6.227220522514145991e-04
8.600000000000000000e+02 6.235218704482918236e-04
8.610000000000000000e+02 6.234265119647083159e-04
8.620000000000000000e+02 6.227965249738242910e-04
8.630000000000000000e+02 6.235869926339063620e-04
8.640000000000000000e+02 6.252284578122698899e-04
8.650000000000000000e+02 6.261348715486378174e-04
8.660000000000000000e+02 6.231648222207072626e-04
8.670000000000000000e+02 6.225471382873748113e-04
8.680000000000000000e+02 6.225150918297527036e-04
8.690000000000000000e+02 6.232640315040873175e-04
8.700000000000000000e+02 6.232001008209481305e-04
8.710000000000000000e+02 6.231213900161146997e-04
8.720000000000000000e+02 6.232459882885497656e-04
8.730000000000000000e+02 6.236622531840585503e-04
8.740000000000000000e+02 6.236455832042957659e-04
8.750000000000000000e+02 6.226108988999700875e-04
8.760000000000000000e+02 6.236642239235602606e-04
8.770000000000000000e+02 6.253842155627420147e-04
8.780000000000000000e+02 6.251190357615753852e-04
8.790000000000000000e+02 6.229132150675881999e-04
8.800000000000000000e+02 6.239673056553055475e-04
8.810000000000000000e+02 6.224349699489866317e-04
8.820000000000000000e+02 6.226041546339282926e-04
8.830000000000000000e+02 6.239852231305300810e-04
8.840000000000000000e+02 6.232823228582635208e-04
8.850000000000000000e+02 6.225560338749712083e-04
8.860000000000000000e+02 6.228222272579339146e-04
8.870000000000000000e+02 6.232632875100230447e-04
8.880000000000000000e+02 6.225642083734537298e-04
8.890000000000000000e+02 6.230753585974944248e-04
8.900000000000000000e+02 6.227569456096479017e-04
8.910000000000000000e+02 6.227819587283721760e-04
8.920000000000000000e+02 6.226707166583597989e-04
8.930000000000000000e+02 6.228172155374332893e-04
8.940000000000000000e+02 6.227768975121496849e-04
8.950000000000000000e+02 6.227327046103389068e-04
8.960000000000000000e+02 6.223098754047498094e-04
8.970000000000000000e+02 6.235057115558608918e-04
8.980000000000000000e+02 6.232403072122488612e-04
8.990000000000000000e+02 6.236053545045570608e-04
9.000000000000000000e+02 6.221167522385698603e-04
9.010000000000000000e+02 6.253748614495981172e-04
9.020000000000000000e+02 6.240076580995189892e-04
9.030000000000000000e+02 6.231658927405383554e-04
9.040000000000000000e+02 6.226449699002189466e-04
9.050000000000000000e+02 6.232390482824859065e-04
9.060000000000000000e+02 6.231421109193175994e-04
9.070000000000000000e+02 6.246276052965561449e-04
9.080000000000000000e+02 6.228553919106550370e-04
9.090000000000000000e+02 6.231734609758944783e-04
9.100000000000000000e+02 6.225394358686343410e-04
9.110000000000000000e+02 6.227351472510759363e-04
9.120000000000000000e+02 6.226912387457246654e-04
9.130000000000000000e+02 6.227223293293957093e-04
9.140000000000000000e+02 6.235360457943355016e-04
9.150000000000000000e+02 6.234224484404447125e-04
9.160000000000000000e+02 6.248848918089068083e-04
9.170000000000000000e+02 6.224212999919464953e-04
9.180000000000000000e+02 6.234331767763675843e-04
9.190000000000000000e+02 6.227825718862008315e-04
9.200000000000000000e+02 6.235208616949328760e-04
9.210000000000000000e+02 6.230705132884155513e-04
9.220000000000000000e+02 6.230945932006910770e-04
9.230000000000000000e+02 6.228887916805641396e-04
9.240000000000000000e+02 6.228628239832585374e-04
9.250000000000000000e+02 6.223750666810073853e-04
9.260000000000000000e+02 6.237920556501751895e-04
9.270000000000000000e+02 6.224393777918763634e-04
9.280000000000000000e+02 6.217869731962595136e-04
9.290000000000000000e+02 6.226560160262331525e-04
9.300000000000000000e+02 6.230029872646163005e-04
9.310000000000000000e+02 6.240287670979282513e-04
9.320000000000000000e+02 6.226003396658704716e-04
9.330000000000000000e+02 6.237780803847466733e-04
9.340000000000000000e+02 6.230456694786495149e-04
9.350000000000000000e+02 6.228950363566975379e-04
9.360000000000000000e+02 6.223451022809396369e-04
9.370000000000000000e+02 6.234066018449169622e-04
9.380000000000000000e+02 6.237376028463784703e-04
9.390000000000000000e+02 6.249027914677130792e-04
9.400000000000000000e+02 6.232248053944411566e-04
9.410000000000000000e+02 6.239265963376119028e-04
9.420000000000000000e+02 6.232898705547232137e-04
9.430000000000000000e+02 6.241745572802790158e-04
9.440000000000000000e+02 6.239037102488617648e-04
9.450000000000000000e+02 6.241321134236130653e-04
9.460000000000000000e+02 6.219970361325681844e-04
9.470000000000000000e+02 6.240583741301167870e-04
9.480000000000000000e+02 6.227695834674208761e-04
9.490000000000000000e+02 6.228839276121177259e-04
9.500000000000000000e+02 6.232268765634464474e-04
9.510000000000000000e+02 6.218729669359275786e-04
9.520000000000000000e+02 6.238435689337228432e-04
9.530000000000000000e+02 6.233784126421171518e-04
9.540000000000000000e+02 6.226367546718405152e-04
9.550000000000000000e+02 6.230355731679590317e-04
9.560000000000000000e+02 6.222769615685267916e-04
9.570000000000000000e+02 6.222482852448064494e-04
9.580000000000000000e+02 6.222402984825567375e-04
9.590000000000000000e+02 6.230998147029610237e-04
9.600000000000000000e+02 6.224740162307468121e-04
9.610000000000000000e+02 6.227773450598712238e-04
9.620000000000000000e+02 6.225608952003856920e-04
9.630000000000000000e+02 6.228548328145767921e-04
9.640000000000000000e+02 6.240136055532854433e-04
9.650000000000000000e+02 6.223883489180358263e-04
9.660000000000000000e+02 6.233485789092610462e-04
9.670000000000000000e+02 6.230035566975696730e-04
9.680000000000000000e+02 6.224250782255951820e-04
9.690000000000000000e+02 6.221075683614322440e-04
9.700000000000000000e+02 6.260748918062199186e-04
9.710000000000000000e+02 6.226421510160923918e-04
9.720000000000000000e+02 6.223701368710750402e-04
9.730000000000000000e+02 6.222996445375592696e-04
9.740000000000000000e+02 6.233564130804954140e-04
9.750000000000000000e+02 6.227549027644238653e-04
9.760000000000000000e+02 6.234743879302674999e-04
9.770000000000000000e+02 6.227739286361132871e-04
9.780000000000000000e+02 6.217684165035680449e-04
9.790000000000000000e+02 6.222228541948002538e-04
9.800000000000000000e+02 6.234917984008595286e-04
9.810000000000000000e+02 6.232208457444644379e-04
9.820000000000000000e+02 6.229014531242018206e-04
9.830000000000000000e+02 6.221280239106438681e-04
9.840000000000000000e+02 6.229503667849941315e-04
9.850000000000000000e+02 6.237589260696498657e-04
9.860000000000000000e+02 6.222531633705685045e-04
9.870000000000000000e+02 6.234883509984417418e-04
9.880000000000000000e+02 6.235319958120839196e-04
9.890000000000000000e+02 6.232622342468565821e-04
9.900000000000000000e+02 6.219215072057035412e-04
9.910000000000000000e+02 6.219957621830920005e-04
9.920000000000000000e+02 6.224513516564566607e-04
9.930000000000000000e+02 6.230608064251735335e-04
9.940000000000000000e+02 6.227463702863871410e-04
9.950000000000000000e+02 6.223962474235057241e-04
9.960000000000000000e+02 6.235000598389867695e-04
9.970000000000000000e+02 6.229081688834978234e-04
9.980000000000000000e+02 6.232252071719257026e-04
9.990000000000000000e+02 6.219520032984030521e-04
1.000000000000000000e+03 6.224120194256383201e-04
