0.000000000000000000e+00 2.103688888604007381e-05
1.000000000000000000e+00 8.015416315388525063e-06
2.000000000000000000e+00 7.572304560889985917e-06
3.000000000000000000e+00 7.374228612940316347e-06
4.000000000000000000e+00 7.135002874887662922e-06
5.000000000000000000e+00 6.595916689478596172e-06
6.000000000000000000e+00 6.114093184333797354e-06
7.000000000000000000e+00 5.366565280399326744e-06
8.000000000000000000e+00 4.718285463955202118e-06
9.000000000000000000e+00 4.010185758748456480e-06
1.000000000000000000e+01 2.972023501907043221e-06
1.100000000000000000e+01 1.921721225410086742e-06
1.200000000000000000e+01 1.166662883893809622e-06
1.300000000000000000e+01 7.298704276187835851e-07
1.400000000000000000e+01 4.984844862605583673e-07
1.500000000000000000e+01 4.124370418153863330e-07
1.600000000000000000e+01 4.565680604520897223e-07
1.700000000000000000e+01 3.844436640126816417e-07
1.800000000000000000e+01 5.361445238731560565e-07
1.900000000000000000e+01 4.614297259933499793e-07
2.000000000000000000e+01 3.796711639544718714e-07
2.100000000000000000e+01 3.755085431898180330e-07
2.200000000000000000e+01 3.675513271304258968e-07
2.300000000000000000e+01 3.903509517802216950e-07
2.400000000000000000e+01 3.569693480291421324e-07
2.500000000000000000e+01 3.400886527136786249e-07
2.600000000000000000e+01 3.294898495227565503e-07
2.700000000000000000e+01 3.557978917134821317e-07
2.800000000000000000e+01 3.359313102217198788e-07
2.900000000000000000e+01 4.121937979530528284e-07
3.000000000000000000e+01 3.352240430791217265e-07
3.100000000000000000e+01 2.995981929085136314e-07
3.200000000000000000e+01 2.993171702498677453e-07
3.300000000000000000e+01 2.979631912037723943e-07
3.400000000000000000e+01 2.770290479995983747e-07
3.500000000000000000e+01 2.863523549403234976e-07
3.600000000000000000e+01 2.707600651726362150e-07
3.700000000000000000e+01 3.544753314212130592e-07
3.800000000000000000e+01 2.745053210890420705e-07
3.900000000000000000e+01 2.578072970348302519e-07
4.000000000000000000e+01 2.977530685729676431e-07
4.100000000000000000e+01 2.512971515634440091e-07
4.200000000000000000e+01 2.540695135706423692e-07
4.300000000000000000e+01 2.531633304467056759e-07
4.400000000000000000e+01 3.175852501597507331e-07
4.500000000000000000e+01 2.522327963205337916e-07
4.600000000000000000e+01 2.528259254559383632e-07
4.700000000000000000e+01 2.249612617087258795e-07
4.800000000000000000e+01 2.060801578960561604e-07
4.900000000000000000e+01 1.961554880809140881e-07
5.000000000000000000e+01 1.965007031229457752e-07
5.100000000000000000e+01 2.045690601588244377e-07
5.200000000000000000e+01 1.999479506452136251e-07
5.300000000000000000e+01 1.821299064920542043e-07
5.400000000000000000e+01 1.825680116442372033e-07
5.500000000000000000e+01 2.445048109903762572e-07
5.600000000000000000e+01 2.112268470423055538e-07
5.700000000000000000e+01 1.636806884767130030e-07
5.800000000000000000e+01 1.719055778974818640e-07
5.900000000000000000e+01 1.805997074530595916e-07
6.000000000000000000e+01 1.616448827699488045e-07
6.100000000000000000e+01 1.435703723855849955e-07
6.200000000000000000e+01 1.426569874532483995e-07
6.300000000000000000e+01 1.321697479963106792e-07
6.400000000000000000e+01 1.398464591593363912e-07
6.500000000000000000e+01 1.695307808656226541e-07
6.600000000000000000e+01 1.190158300450924248e-07
6.700000000000000000e+01 1.221520285277966220e-07
6.800000000000000000e+01 1.172985894708432236e-07
6.900000000000000000e+01 1.131172862902168058e-07
7.000000000000000000e+01 1.216554558304142097e-07
7.100000000000000000e+01 1.502775143189682571e-07
7.200000000000000000e+01 1.391973671102307040e-07
7.300000000000000000e+01 9.878232564681677025e-08
7.400000000000000000e+01 9.889002898513971360e-08
7.500000000000000000e+01 1.025679850765605362e-07
7.600000000000000000e+01 1.114922272340477033e-07
7.700000000000000000e+01 1.176418818203841466e-07
7.800000000000000000e+01 1.032389183718854174e-07
7.900000000000000000e+01 1.177393168728663813e-07
8.000000000000000000e+01 1.156768483369306766e-07
8.100000000000000000e+01 9.433353880263785391e-08
8.200000000000000000e+01 9.389776101398615976e-08
8.300000000000000000e+01 9.017585328024529330e-08
8.400000000000000000e+01 1.023561258827463282e-07
8.500000000000000000e+01 9.839294101151674706e-08
8.600000000000000000e+01 9.838808794862992227e-08
8.700000000000000000e+01 9.123091671723015534e-08
8.800000000000000000e+01 8.807344819927747876e-08
8.900000000000000000e+01 8.447777915983125538e-08
9.000000000000000000e+01 8.954581719099844974e-08
9.100000000000000000e+01 8.424963716552312548e-08
9.200000000000000000e+01 8.288217364663099317e-08
9.300000000000000000e+01 8.403616954523639508e-08
9.400000000000000000e+01 8.111413268789332025e-08
9.500000000000000000e+01 8.084934448412311237e-08
9.600000000000000000e+01 8.433153378725542711e-08
9.700000000000000000e+01 1.034145654651811245e-07
9.800000000000000000e+01 9.231180183333489499e-08
9.900000000000000000e+01 8.026135538779722379e-08
1.000000000000000000e+02 7.613935294617030289e-08
1.010000000000000000e+02 7.858757654104427948e-08
1.020000000000000000e+02 1.043189656141117260e-07
1.030000000000000000e+02 1.075076666304638329e-07
1.040000000000000000e+02 8.073936394955942898e-08
1.050000000000000000e+02 8.340092809303129326e-08
1.060000000000000000e+02 8.058488957352787237e-08
1.070000000000000000e+02 7.804628326520321370e-08
1.080000000000000000e+02 7.696771788988238250e-08
1.090000000000000000e+02 9.357260009315956055e-08
1.100000000000000000e+02 1.291708458242626958e-07
1.110000000000000000e+02 1.272850139030053729e-07
1.120000000000000000e+02 9.500401859751463746e-08
1.130000000000000000e+02 9.356751830162288018e-08
1.140000000000000000e+02 7.867219724345114374e-08
1.150000000000000000e+02 8.305841701492718777e-08
1.160000000000000000e+02 7.323095406303982589e-08
1.170000000000000000e+02 8.088901727486241575e-08
1.180000000000000000e+02 8.705799382721676912e-08
1.190000000000000000e+02 7.651621111811284784e-08
1.200000000000000000e+02 7.060664471035343173e-08
1.210000000000000000e+02 7.435500890509358394e-08
1.220000000000000000e+02 7.087049031802562985e-08
1.230000000000000000e+02 7.734500587825026745e-08
