0.000000000000000000e+00 1.786833669109727518e-03
1.000000000000000000e+00 1.884924938271437928e-04
2.000000000000000000e+00 1.363466408069235818e-04
3.000000000000000000e+00 1.336662686364469129e-04
4.000000000000000000e+00 1.330946399428313076e-04
5.000000000000000000e+00 1.331269468686921626e-04
6.000000000000000000e+00 1.324410438042102468e-04
7.000000000000000000e+00 1.321916667527244925e-04
8.000000000000000000e+00 1.316151498094126704e-04
9.000000000000000000e+00 1.309555405316683435e-04
1.000000000000000000e+01 1.307108384495460124e-04
1.100000000000000000e+01 1.300261392650961913e-04
1.200000000000000000e+01 1.298836515707858406e-04
1.300000000000000000e+01 1.292962267843248705e-04
1.400000000000000000e+01 1.286478632088318777e-04
1.500000000000000000e+01 1.284672760512578363e-04
1.600000000000000000e+01 1.280459940915324509e-04
1.700000000000000000e+01 1.278433770498943879e-04
1.800000000000000000e+01 1.268703677833634530e-04
1.900000000000000000e+01 1.261458918378825485e-04
2.000000000000000000e+01 1.257486183675221613e-04
2.100000000000000000e+01 1.251791111581897513e-04
2.200000000000000000e+01 1.243299584845392774e-04
2.300000000000000000e+01 1.236424256743202076e-04
2.400000000000000000e+01 1.231235556742543247e-04
2.500000000000000000e+01 1.224477895523240489e-04
2.600000000000000000e+01 1.212942392280856591e-04
2.700000000000000000e+01 1.195270968605065769e-04
2.800000000000000000e+01 1.182688186945123028e-04
2.900000000000000000e+01 1.146984293343079382e-04
3.000000000000000000e+01 1.098859700189843081e-04
3.100000000000000000e+01 9.850339646974809286e-05
3.200000000000000000e+01 8.084692894673807301e-05
3.300000000000000000e+01 6.733358749955483779e-05
3.400000000000000000e+01 6.017987984992677651e-05
3.500000000000000000e+01 5.776545657194762784e-05
3.600000000000000000e+01 5.708025722749975327e-05
3.700000000000000000e+01 5.650003427216091943e-05
3.800000000000000000e+01 5.687457381066657569e-05
3.900000000000000000e+01 5.664399568907505986e-05
4.000000000000000000e+01 5.624805429519146515e-05
4.100000000000000000e+01 5.611385743416825913e-05
4.200000000000000000e+01 5.611223307425081141e-05
4.300000000000000000e+01 5.610659006584355909e-05
4.400000000000000000e+01 5.587552751979942478e-05
4.500000000000000000e+01 5.669677991044797118e-05
4.600000000000000000e+01 5.597988802390256808e-05
4.700000000000000000e+01 5.589849878442751027e-05
4.800000000000000000e+01 5.661290280880889160e-05
4.900000000000000000e+01 5.596615026197344954e-05
5.000000000000000000e+01 5.590046113156970004e-05
5.100000000000000000e+01 5.550724880496601889e-05
5.200000000000000000e+01 5.545401311710566281e-05
5.300000000000000000e+01 5.574268355682746989e-05
5.400000000000000000e+01 5.536359449218976797e-05
5.500000000000000000e+01 5.586404201599411048e-05
5.600000000000000000e+01 5.571207923615666916e-05
5.700000000000000000e+01 5.532361955940127203e-05
5.800000000000000000e+01 5.524209354747710785e-05
5.900000000000000000e+01 5.599346127157572232e-05
6.000000000000000000e+01 5.607557580909517558e-05
6.100000000000000000e+01 5.517833289235259207e-05
6.200000000000000000e+01 5.520106591661477942e-05
6.300000000000000000e+01 5.494975821323253365e-05
6.400000000000000000e+01 5.520958973148440971e-05
6.500000000000000000e+01 5.488610103670783866e-05
6.600000000000000000e+01 5.481341961290953530e-05
6.700000000000000000e+01 5.501978698766136838e-05
6.800000000000000000e+01 5.480120446455239152e-05
6.900000000000000000e+01 5.465168915530927828e-05
7.000000000000000000e+01 5.475674187287491541e-05
7.100000000000000000e+01 5.489933162381326656e-05
7.200000000000000000e+01 5.464155604438071995e-05
7.300000000000000000e+01 5.506511849559232139e-05
7.400000000000000000e+01 5.473316112613767963e-05
7.500000000000000000e+01 5.438940482337356434e-05
7.600000000000000000e+01 5.448525891321626981e-05
7.700000000000000000e+01 5.442733416339481662e-05
7.800000000000000000e+01 5.433035342337201948e-05
7.900000000000000000e+01 5.438143453182049198e-05
8.000000000000000000e+01 5.425983204350503451e-05
8.100000000000000000e+01 5.432151488127975972e-05
8.200000000000000000e+01 5.473704997947384857e-05
8.300000000000000000e+01 5.519820717260878257e-05
8.400000000000000000e+01 5.447295796696202555e-05
8.500000000000000000e+01 5.424999741317529481e-05
8.600000000000000000e+01 5.416233263495442594e-05
8.700000000000000000e+01 5.401887715201536576e-05
8.800000000000000000e+01 5.423336923627957980e-05
8.900000000000000000e+01 5.414252758536493992e-05
9.000000000000000000e+01 5.424438883794680357e-05
9.100000000000000000e+01 5.441081686803117995e-05
9.200000000000000000e+01 5.414293098536556554e-05
9.300000000000000000e+01 5.431178890118027835e-05
9.400000000000000000e+01 5.402339985031652715e-05
9.500000000000000000e+01 5.393478018243506340e-05
9.600000000000000000e+01 5.388634876821380478e-05
9.700000000000000000e+01 5.380423467982874711e-05
9.800000000000000000e+01 5.417983689927769315e-05
9.900000000000000000e+01 5.396969483148496928e-05
1.000000000000000000e+02 5.375750584451230787e-05
1.010000000000000000e+02 5.373999686968985160e-05
1.020000000000000000e+02 5.376250619476158772e-05
1.030000000000000000e+02 5.388678991364444194e-05
1.040000000000000000e+02 5.385946783965581000e-05
1.050000000000000000e+02 5.379536658198097996e-05
1.060000000000000000e+02 5.412596820613916487e-05
1.070000000000000000e+02 5.362520421163998466e-05
1.080000000000000000e+02 5.375380543743524486e-05
1.090000000000000000e+02 5.389100427206012557e-05
1.100000000000000000e+02 5.367501009626972369e-05
1.110000000000000000e+02 5.362132574478548883e-05
1.120000000000000000e+02 5.377644477909591350e-05
1.130000000000000000e+02 5.360040005347527296e-05
1.140000000000000000e+02 5.359243611834070493e-05
1.150000000000000000e+02 5.351322524301841083e-05
1.160000000000000000e+02 5.354504146751524969e-05
1.170000000000000000e+02 5.349429973882964941e-05
1.180000000000000000e+02 5.366060726823403490e-05
1.190000000000000000e+02 5.356416050254979262e-05
1.200000000000000000e+02 5.353367477992048139e-05
1.210000000000000000e+02 5.345376559320050091e-05
1.220000000000000000e+02 5.339012734047358997e-05
1.230000000000000000e+02 5.359162152047012239e-05
1.240000000000000000e+02 5.377041011647703547e-05
1.250000000000000000e+02 5.330338674812415477e-05
1.260000000000000000e+02 5.404440217884300330e-05
1.270000000000000000e+02 5.360401329031602220e-05
1.280000000000000000e+02 5.330839132243329111e-05
1.290000000000000000e+02 5.342011034043189381e-05
1.300000000000000000e+02 5.324257517711544551e-05
1.310000000000000000e+02 5.344191165472966554e-05
1.320000000000000000e+02 5.347084443551305217e-05
1.330000000000000000e+02 5.327101311061149922e-05
1.340000000000000000e+02 5.336852879889240463e-05
1.350000000000000000e+02 5.327928523855102964e-05
1.360000000000000000e+02 5.322317601553315779e-05
1.370000000000000000e+02 5.351492034770333813e-05
1.380000000000000000e+02 5.329635055667641930e-05
1.390000000000000000e+02 5.351988982760982335e-05
1.400000000000000000e+02 5.321668052213781414e-05
1.410000000000000000e+02 5.319626921595656520e-05
1.420000000000000000e+02 5.319935053458797259e-05
1.430000000000000000e+02 5.318495427490714582e-05
1.440000000000000000e+02 5.316913158872763133e-05
1.450000000000000000e+02 5.336775999653553846e-05
1.460000000000000000e+02 5.321654147067045218e-05
1.470000000000000000e+02 5.316651164093816589e-05
1.480000000000000000e+02 5.319927741012163126e-05
1.490000000000000000e+02 5.346808970543881387e-05
1.500000000000000000e+02 5.322833434688137061e-05
1.510000000000000000e+02 5.329957441049550635e-05
1.520000000000000000e+02 5.326519231380225870e-05
1.530000000000000000e+02 5.323440758202624060e-05
1.540000000000000000e+02 5.339624775053003367e-05
1.550000000000000000e+02 5.328349958791615267e-05
1.560000000000000000e+02 5.324860922647257639e-05
1.570000000000000000e+02 5.306792773474720479e-05
1.580000000000000000e+02 5.302038400696547821e-05
1.590000000000000000e+02 5.301009699032532623e-05
1.600000000000000000e+02 5.307286492740971243e-05
1.610000000000000000e+02 5.303908011510556072e-05
1.620000000000000000e+02 5.313973399917245742e-05
1.630000000000000000e+02 5.302629302309700115e-05
1.640000000000000000e+02 5.327625343527946572e-05
1.650000000000000000e+02 5.311384721835613032e-05
1.660000000000000000e+02 5.318640609917012207e-05
1.670000000000000000e+02 5.315279142901555969e-05
1.680000000000000000e+02 5.319371465672932680e-05
1.690000000000000000e+02 5.307867386959167421e-05
1.700000000000000000e+02 5.306606948711797389e-05
1.710000000000000000e+02 5.328880839096917062e-05
1.720000000000000000e+02 5.334401744589153607e-05
1.730000000000000000e+02 5.306960469450730620e-05
1.740000000000000000e+02 5.295620583059020811e-05
1.750000000000000000e+02 5.308025909683033506e-05
1.760000000000000000e+02 5.296606393723927926e-05
1.770000000000000000e+02 5.292324091782754544e-05
1.780000000000000000e+02 5.307902735869330480e-05
1.790000000000000000e+02 5.299273896897372358e-05
1.800000000000000000e+02 5.319328119418167885e-05
1.810000000000000000e+02 5.306849343549850960e-05
1.820000000000000000e+02 5.301457391805432045e-05
1.830000000000000000e+02 5.297987422443295962e-05
1.840000000000000000e+02 5.291743759668736944e-05
1.850000000000000000e+02 5.300024521457045833e-05
1.860000000000000000e+02 5.323137318230280779e-05
1.870000000000000000e+02 5.302978216392688511e-05
1.880000000000000000e+02 5.299914965662450744e-05
1.890000000000000000e+02 5.309546849725929000e-05
1.900000000000000000e+02 5.292481437659799409e-05
1.910000000000000000e+02 5.292272400702662584e-05
1.920000000000000000e+02 5.290439648189879915e-05
1.930000000000000000e+02 5.288355097598149542e-05
1.940000000000000000e+02 5.293931836749473676e-05
1.950000000000000000e+02 5.291788692239085160e-05
1.960000000000000000e+02 5.290864437953731407e-05
1.970000000000000000e+02 5.297206682045302718e-05
1.980000000000000000e+02 5.285900698718562724e-05
1.990000000000000000e+02 5.291939642816784591e-05
2.000000000000000000e+02 5.306630723449546369e-05
2.010000000000000000e+02 5.295251585424745822e-05
2.020000000000000000e+02 5.290720300846850203e-05
2.030000000000000000e+02 5.294030589376413340e-05
2.040000000000000000e+02 5.283238279682203690e-05
2.050000000000000000e+02 5.286155923019845244e-05
2.060000000000000000e+02 5.284737242138400548e-05
2.070000000000000000e+02 5.302620054407448052e-05
