0.000000000000000000e+00 9.454720763091290902e-04
1.000000000000000000e+00 2.002386265738646950e-04
2.000000000000000000e+00 1.677859291816203658e-04
3.000000000000000000e+00 1.259689709078176418e-04
4.000000000000000000e+00 2.082259920890846571e-05
5.000000000000000000e+00 8.855437246140040553e-07
6.000000000000000000e+00 2.341739831054939112e-07
7.000000000000000000e+00 7.018597916475478430e-08
8.000000000000000000e+00 1.000501822207940445e-08
9.000000000000000000e+00 1.392359189132893083e-09
1.000000000000000000e+01 1.004526719261064373e-09
1.100000000000000000e+01 8.467338423080852427e-10
1.200000000000000000e+01 1.317336101074613619e-09
1.300000000000000000e+01 7.288917658257185262e-10
1.400000000000000000e+01 7.031514744221458220e-09
1.500000000000000000e+01 3.231243500626833642e-08
1.600000000000000000e+01 2.262413735693196832e-09
1.700000000000000000e+01 4.908809626651739225e-07
1.800000000000000000e+01 3.621863400493391404e-07
1.900000000000000000e+01 7.383594937900652064e-08
2.000000000000000000e+01 8.568792031192774472e-09
2.100000000000000000e+01 2.446288497004736169e-09
2.200000000000000000e+01 2.087319617874038859e-09
2.300000000000000000e+01 5.228271300843126360e-09
2.400000000000000000e+01 3.183319832348885634e-09
2.500000000000000000e+01 1.453146488240975994e-09
2.600000000000000000e+01 4.060885266778112744e-09
2.700000000000000000e+01 8.547470399104621425e-08
2.800000000000000000e+01 6.601650381389934625e-08
2.900000000000000000e+01 9.401289592686901773e-09
3.000000000000000000e+01 6.418216349145466453e-08
3.100000000000000000e+01 6.493401218263813893e-08
3.200000000000000000e+01 1.663853207511156696e-06
3.300000000000000000e+01 1.379335923715119579e-07
3.400000000000000000e+01 6.708777810485373901e-09
3.500000000000000000e+01 2.751652438667391165e-09
3.600000000000000000e+01 3.141253003674621461e-09
3.700000000000000000e+01 5.491245420248530038e-09
3.800000000000000000e+01 1.833518079969097588e-09
3.900000000000000000e+01 1.814730145851349923e-09
4.000000000000000000e+01 1.228900184060920527e-09
4.100000000000000000e+01 1.830110092258670293e-08
4.200000000000000000e+01 2.055043892000443800e-08
4.300000000000000000e+01 1.795465755209229562e-09
4.400000000000000000e+01 4.176945498417308958e-09
4.500000000000000000e+01 1.482613570875357444e-08
4.600000000000000000e+01 4.434462461547533213e-08
4.700000000000000000e+01 1.944292118940022985e-07
4.800000000000000000e+01 1.287731406041509242e-07
4.900000000000000000e+01 3.760413332713025245e-07
5.000000000000000000e+01 1.343265562743658166e-07
5.100000000000000000e+01 1.097739028041527010e-07
5.200000000000000000e+01 2.206703088346889134e-08
5.300000000000000000e+01 1.473344871192857746e-08
5.400000000000000000e+01 2.506128016497247219e-09
5.500000000000000000e+01 1.432123943231683385e-09
5.600000000000000000e+01 4.221277954859239725e-09
5.700000000000000000e+01 4.064698750437939287e-08
5.800000000000000000e+01 8.846024365071296525e-08
5.900000000000000000e+01 4.276835782826914339e-08
6.000000000000000000e+01 2.616780936806505241e-09
6.100000000000000000e+01 3.107847937989894553e-09
6.200000000000000000e+01 1.740138202020448819e-09
6.300000000000000000e+01 3.026024609612433624e-08
6.400000000000000000e+01 8.058232212245331974e-08
6.500000000000000000e+01 4.985533993872972743e-08
6.600000000000000000e+01 6.910022607830233815e-07
6.700000000000000000e+01 2.797671548323370539e-07
6.800000000000000000e+01 5.955847135549924913e-08
6.900000000000000000e+01 2.277989594995544665e-08
7.000000000000000000e+01 8.709834943302021856e-09
7.100000000000000000e+01 1.241646794809392730e-08
7.200000000000000000e+01 9.314972556471169308e-09
7.300000000000000000e+01 5.969863971703516437e-09
7.400000000000000000e+01 2.835046632781746493e-09
7.500000000000000000e+01 9.475061326472401924e-09
7.600000000000000000e+01 2.132809812878653032e-09
7.700000000000000000e+01 6.654980733010499037e-08
7.800000000000000000e+01 1.730263926030071719e-07
7.900000000000000000e+01 1.404563194561789538e-07
8.000000000000000000e+01 8.742784121105523854e-08
8.100000000000000000e+01 1.733740428157926662e-08
8.200000000000000000e+01 1.256188641693875356e-09
8.300000000000000000e+01 1.887583828243926693e-09
8.400000000000000000e+01 5.620764154911056099e-09
8.500000000000000000e+01 2.971706319864751848e-09
8.600000000000000000e+01 1.945111506439825834e-09
8.700000000000000000e+01 4.215947104821527441e-09
8.800000000000000000e+01 2.894365556501020487e-07
8.900000000000000000e+01 2.264277282099939602e-07
9.000000000000000000e+01 1.516292658712668998e-07
9.100000000000000000e+01 4.978557373526381266e-08
9.200000000000000000e+01 2.217462155747900910e-08
9.300000000000000000e+01 1.338860367196481687e-08
9.400000000000000000e+01 2.090667672315518769e-09
9.500000000000000000e+01 1.311001165185691750e-09
9.600000000000000000e+01 1.967011729123368325e-09
9.700000000000000000e+01 2.246879597071616722e-08
9.800000000000000000e+01 3.083434899391456336e-07
9.900000000000000000e+01 9.008005343726204850e-08
1.000000000000000000e+02 2.528080977169115647e-07
1.010000000000000000e+02 1.523551359506889782e-07
1.020000000000000000e+02 1.470871186980237086e-07
1.030000000000000000e+02 1.620319440914910594e-08
1.040000000000000000e+02 2.151460665363310441e-09
1.050000000000000000e+02 1.161820843556886606e-09
1.060000000000000000e+02 1.235534224858263093e-09
1.070000000000000000e+02 1.076191255568714061e-09
1.080000000000000000e+02 1.832342724820165912e-08
1.090000000000000000e+02 1.260200762577303914e-07
1.100000000000000000e+02 1.501607988156842171e-08
1.110000000000000000e+02 1.324216975072877332e-08
1.120000000000000000e+02 2.867937642927212851e-09
