0.000000000000000000e+00 3.211150030141037004e-02
1.000000000000000000e+00 3.142923372352462389e-03
2.000000000000000000e+00 2.475939154316904225e-03
3.000000000000000000e+00 2.440301247653418795e-03
4.000000000000000000e+00 2.389227610841894271e-03
5.000000000000000000e+00 2.370944183310181100e-03
6.000000000000000000e+00 2.339079336910592725e-03
7.000000000000000000e+00 2.301668794272173843e-03
8.000000000000000000e+00 2.237691734496320955e-03
9.000000000000000000e+00 2.240135293906357020e-03
1.000000000000000000e+01 2.245806951547470089e-03
1.100000000000000000e+01 2.239511428877365064e-03
1.200000000000000000e+01 2.174806277573262600e-03
1.300000000000000000e+01 2.260085230341869495e-03
1.400000000000000000e+01 2.174509156890001675e-03
1.500000000000000000e+01 2.185074180287599910e-03
1.600000000000000000e+01 2.235784724701282700e-03
1.700000000000000000e+01 2.243956848016388957e-03
1.800000000000000000e+01 2.227538722430088668e-03
1.900000000000000000e+01 2.306648061565034439e-03
2.000000000000000000e+01 2.322517119020762501e-03
2.100000000000000000e+01 2.269110149807399956e-03
2.200000000000000000e+01 2.265761332918507249e-03
2.300000000000000000e+01 2.445579246649138422e-03
2.400000000000000000e+01 2.157559896932399746e-03
2.500000000000000000e+01 2.250384449650766946e-03
2.600000000000000000e+01 2.324980685261177158e-03
2.700000000000000000e+01 2.128955273665199092e-03
2.800000000000000000e+01 2.250510438776139391e-03
2.900000000000000000e+01 2.152580648121599650e-03
3.000000000000000000e+01 2.194577169048693953e-03
3.100000000000000000e+01 2.189478384431942353e-03
3.200000000000000000e+01 2.080419038925368155e-03
3.300000000000000000e+01 2.132359367316391616e-03
3.400000000000000000e+01 2.069254229543128834e-03
3.500000000000000000e+01 2.044120965385930015e-03
3.600000000000000000e+01 2.045255150905875199e-03
3.700000000000000000e+01 2.078591076902641232e-03
3.800000000000000000e+01 2.077486542768256905e-03
3.900000000000000000e+01 2.031250905620959370e-03
4.000000000000000000e+01 1.949218859660225124e-03
4.100000000000000000e+01 1.975606353399981564e-03
4.200000000000000000e+01 1.908630810350718738e-03
4.300000000000000000e+01 1.887626210540456050e-03
4.400000000000000000e+01 1.906438995085329340e-03
4.500000000000000000e+01 1.751014323813662689e-03
4.600000000000000000e+01 1.616871486338534092e-03
4.700000000000000000e+01 1.481460077201981335e-03
4.800000000000000000e+01 1.245799914811008755e-03
4.900000000000000000e+01 1.011498291671121931e-03
5.000000000000000000e+01 7.721988883745454580e-04
5.100000000000000000e+01 5.869155182702904270e-04
5.200000000000000000e+01 3.613432937660266677e-04
5.300000000000000000e+01 2.447437483441922352e-04
5.400000000000000000e+01 2.020347963546905757e-04
5.500000000000000000e+01 1.608611918620053043e-04
5.600000000000000000e+01 1.296370963563598679e-04
5.700000000000000000e+01 9.526455308038750674e-05
5.800000000000000000e+01 9.418765713463149783e-05
5.900000000000000000e+01 8.005549211911761076e-05
6.000000000000000000e+01 8.003485011230451209e-05
6.100000000000000000e+01 8.389541754157352324e-05
6.200000000000000000e+01 7.354271177019567468e-05
6.300000000000000000e+01 5.852369355754950787e-05
6.400000000000000000e+01 6.012087899623606835e-05
6.500000000000000000e+01 7.104526747990332004e-05
6.600000000000000000e+01 5.496808657427475333e-05
6.700000000000000000e+01 5.217633130707482249e-05
6.800000000000000000e+01 6.028777999124786027e-05
6.900000000000000000e+01 5.395770770827312715e-05
7.000000000000000000e+01 4.896589109640405227e-05
7.100000000000000000e+01 5.400688683455304292e-05
7.200000000000000000e+01 5.194825050481221770e-05
7.300000000000000000e+01 4.503014119635564727e-05
7.400000000000000000e+01 4.295681355381504774e-05
7.500000000000000000e+01 4.349715165428104575e-05
7.600000000000000000e+01 5.071048728293842643e-05
7.700000000000000000e+01 4.334454273068627668e-05
7.800000000000000000e+01 3.979920137683242158e-05
7.900000000000000000e+01 3.679030606142926423e-05
8.000000000000000000e+01 3.817565411868329729e-05
8.100000000000000000e+01 3.808687573409511821e-05
8.200000000000000000e+01 3.866736832476708999e-05
8.300000000000000000e+01 4.815669922827134385e-05
8.400000000000000000e+01 4.285685328203577883e-05
8.500000000000000000e+01 3.322612864834085790e-05
8.600000000000000000e+01 3.374533082818184177e-05
8.700000000000000000e+01 3.811685647574813746e-05
8.800000000000000000e+01 3.297969436595452243e-05
8.900000000000000000e+01 3.299076461476257180e-05
9.000000000000000000e+01 3.205602897153036752e-05
9.100000000000000000e+01 2.960670655184167923e-05
9.200000000000000000e+01 2.980629302253248966e-05
9.300000000000000000e+01 3.651874748754101250e-05
9.400000000000000000e+01 2.672440336309662350e-05
9.500000000000000000e+01 2.644897183494820389e-05
9.600000000000000000e+01 2.656559257717557541e-05
9.700000000000000000e+01 2.758672326148634606e-05
9.800000000000000000e+01 2.254575089062985172e-05
9.900000000000000000e+01 2.570197226850253145e-05
1.000000000000000000e+02 2.258252350069601746e-05
1.010000000000000000e+02 2.424345216990595391e-05
1.020000000000000000e+02 2.315912441439560817e-05
1.030000000000000000e+02 2.485538055537898959e-05
1.040000000000000000e+02 2.104039864677175346e-05
1.050000000000000000e+02 2.148575426226130339e-05
1.060000000000000000e+02 2.029319558514027069e-05
1.070000000000000000e+02 2.021697234333485742e-05
1.080000000000000000e+02 1.816927573285053829e-05
1.090000000000000000e+02 2.033291731116383775e-05
1.100000000000000000e+02 1.825405101866993217e-05
1.110000000000000000e+02 2.385275233873871293e-05
1.120000000000000000e+02 1.819746395529702444e-05
1.130000000000000000e+02 2.227582350296259805e-05
1.140000000000000000e+02 1.805009693388637168e-05
1.150000000000000000e+02 1.665377220528763331e-05
1.160000000000000000e+02 1.528509804685371381e-05
1.170000000000000000e+02 1.735666961690714104e-05
1.180000000000000000e+02 1.672238536246448346e-05
1.190000000000000000e+02 1.715471040341974039e-05
1.200000000000000000e+02 1.526525961259230876e-05
1.210000000000000000e+02 1.636681160155577960e-05
1.220000000000000000e+02 3.561365434981747356e-05
1.230000000000000000e+02 1.494568370725449294e-05
1.240000000000000000e+02 1.352635461317245358e-05
1.250000000000000000e+02 1.374229978895156548e-05
1.260000000000000000e+02 1.824974526412958146e-05
1.270000000000000000e+02 1.729351320383391689e-05
1.280000000000000000e+02 1.401234262933333629e-05
1.290000000000000000e+02 1.502595424353691294e-05
1.300000000000000000e+02 1.522059234711088920e-05
1.310000000000000000e+02 1.290382622459600146e-05
1.320000000000000000e+02 1.140901832107348627e-05
1.330000000000000000e+02 1.217099942642358027e-05
1.340000000000000000e+02 1.621004725861764872e-05
1.350000000000000000e+02 1.406992253792070329e-05
1.360000000000000000e+02 1.370289720334979055e-05
1.370000000000000000e+02 1.085134119623237133e-05
1.380000000000000000e+02 1.041299316945464088e-05
1.390000000000000000e+02 1.081300242406915427e-05
1.400000000000000000e+02 9.770679951811483941e-06
1.410000000000000000e+02 1.138382147304540396e-05
1.420000000000000000e+02 1.022655780376620989e-05
1.430000000000000000e+02 1.356751001042912956e-05
1.440000000000000000e+02 1.065132287583609866e-05
1.450000000000000000e+02 9.363993475314721644e-06
1.460000000000000000e+02 9.205683076739774678e-06
1.470000000000000000e+02 9.492594250586143908e-06
1.480000000000000000e+02 9.838701610860128122e-06
1.490000000000000000e+02 1.551285331938849073e-05
1.500000000000000000e+02 9.487098966092256326e-06
1.510000000000000000e+02 8.949235356015751999e-06
1.520000000000000000e+02 1.388263950624938833e-05
1.530000000000000000e+02 8.662351399891135253e-06
1.540000000000000000e+02 9.292785519883229925e-06
1.550000000000000000e+02 1.184447023545894826e-05
1.560000000000000000e+02 1.742733603954623034e-05
1.570000000000000000e+02 8.706770114148232480e-06
1.580000000000000000e+02 1.197016813602173466e-05
1.590000000000000000e+02 7.883676409586610001e-06
1.600000000000000000e+02 9.649846238356073739e-06
1.610000000000000000e+02 1.166448926009257084e-05
1.620000000000000000e+02 1.468752752700748268e-05
1.630000000000000000e+02 9.978904240844094169e-06
1.640000000000000000e+02 1.020212189681847177e-05
1.650000000000000000e+02 6.883801815391203410e-06
1.660000000000000000e+02 7.255907033302986919e-06
1.670000000000000000e+02 7.952486046948482168e-06
1.680000000000000000e+02 6.653005221151104607e-06
1.690000000000000000e+02 8.157803490517289598e-06
1.700000000000000000e+02 8.116502180040960812e-06
1.710000000000000000e+02 6.419789221724952314e-06
1.720000000000000000e+02 6.996836773184842876e-06
1.730000000000000000e+02 7.356874884204886022e-06
1.740000000000000000e+02 6.853044201506816241e-06
1.750000000000000000e+02 7.515318381289640735e-06
1.760000000000000000e+02 6.013508730878432682e-06
1.770000000000000000e+02 6.026927097784764367e-06
1.780000000000000000e+02 8.503830701699937301e-06
1.790000000000000000e+02 5.441535395408862041e-06
1.800000000000000000e+02 5.678925777542421024e-06
1.810000000000000000e+02 6.021440927978864711e-06
1.820000000000000000e+02 5.360718272645652115e-06
1.830000000000000000e+02 9.731824265537876060e-06
1.840000000000000000e+02 7.834342953289354883e-06
1.850000000000000000e+02 8.302883248660685654e-06
1.860000000000000000e+02 6.825468847070861386e-06
1.870000000000000000e+02 5.512849508378010043e-06
1.880000000000000000e+02 6.238229089062805594e-06
1.890000000000000000e+02 8.023847466050732370e-06
1.900000000000000000e+02 4.497774057234673622e-06
1.910000000000000000e+02 4.684130440993133489e-06
1.920000000000000000e+02 4.600003747948149349e-06
1.930000000000000000e+02 7.245111380263354911e-06
1.940000000000000000e+02 5.159115308091929674e-06
1.950000000000000000e+02 7.410067571591807305e-06
1.960000000000000000e+02 6.788850735478314462e-06
1.970000000000000000e+02 5.840553633762807672e-06
1.980000000000000000e+02 4.744419956806017728e-06
1.990000000000000000e+02 5.074209763454297227e-06
2.000000000000000000e+02 7.255732879591312208e-06
2.010000000000000000e+02 5.414637241233380971e-06
2.020000000000000000e+02 4.277565854647285151e-06
2.030000000000000000e+02 4.506015540064536896e-06
2.040000000000000000e+02 4.319776877164070706e-06
2.050000000000000000e+02 4.677133260472876922e-06
2.060000000000000000e+02 9.920905922955860004e-06
2.070000000000000000e+02 5.659261202194200772e-06
2.080000000000000000e+02 5.734356996201421007e-06
2.090000000000000000e+02 6.623197327673589088e-06
2.100000000000000000e+02 4.197779594071074696e-06
2.110000000000000000e+02 8.480584144216867366e-06
2.120000000000000000e+02 5.925811492676729192e-06
2.130000000000000000e+02 4.378218999137326759e-06
2.140000000000000000e+02 4.184222401141427341e-06
2.150000000000000000e+02 6.188113857253192405e-06
2.160000000000000000e+02 6.214243959086810341e-06
2.170000000000000000e+02 4.785644102273677690e-06
2.180000000000000000e+02 4.983323136493756116e-06
2.190000000000000000e+02 5.249874209094725660e-06
2.200000000000000000e+02 4.757062961571208053e-06
2.210000000000000000e+02 5.449006088482317399e-06
2.220000000000000000e+02 4.893116934528183931e-06
2.230000000000000000e+02 6.287063728267138993e-06
2.240000000000000000e+02 4.980325571307070721e-06
2.250000000000000000e+02 4.429153247329693392e-06
2.260000000000000000e+02 6.489447162797053610e-06
2.270000000000000000e+02 6.665713382398743330e-06
2.280000000000000000e+02 4.773577982054431487e-06
2.290000000000000000e+02 3.416554578784516213e-06
2.300000000000000000e+02 3.621791807082734603e-06
2.310000000000000000e+02 3.987128054602817921e-06
2.320000000000000000e+02 3.827085335876128547e-06
2.330000000000000000e+02 3.555324060953094713e-06
2.340000000000000000e+02 3.425402269585572861e-06
2.350000000000000000e+02 3.771282262012401017e-06
2.360000000000000000e+02 3.683328085870166770e-06
2.370000000000000000e+02 5.969986366469037193e-06
2.380000000000000000e+02 3.451451199557584016e-06
2.390000000000000000e+02 3.459274092597708905e-06
2.400000000000000000e+02 5.300024672331967248e-06
2.410000000000000000e+02 4.747575858862978728e-06
2.420000000000000000e+02 3.524894016320776264e-06
2.430000000000000000e+02 3.256275660288580173e-06
2.440000000000000000e+02 3.506130946785673887e-06
2.450000000000000000e+02 4.515280671542852056e-06
2.460000000000000000e+02 4.563235535794142132e-06
2.470000000000000000e+02 5.197584453383003144e-06
2.480000000000000000e+02 4.238488600235576269e-06
2.490000000000000000e+02 5.894927350077441246e-06
2.500000000000000000e+02 3.312535665794552625e-06
2.510000000000000000e+02 4.802951691503749761e-06
2.520000000000000000e+02 3.413196854071946569e-06
2.530000000000000000e+02 3.421717992374909315e-06
2.540000000000000000e+02 3.437245504097959990e-06
2.550000000000000000e+02 1.152287014141601709e-05
2.560000000000000000e+02 3.892487505792569885e-06
2.570000000000000000e+02 4.493520271456595436e-06
2.580000000000000000e+02 4.485535672420602144e-06
2.590000000000000000e+02 3.788897771272779669e-06
2.600000000000000000e+02 4.868848834100158031e-06
2.610000000000000000e+02 4.201274718944878694e-06
2.620000000000000000e+02 3.804398775196968462e-06
2.630000000000000000e+02 5.118805651603512115e-06
2.640000000000000000e+02 3.251253695826428828e-06
2.650000000000000000e+02 3.950343724792626225e-06
2.660000000000000000e+02 4.060271632850401086e-06
2.670000000000000000e+02 3.147219988765334710e-06
2.680000000000000000e+02 3.299816031471010001e-06
2.690000000000000000e+02 6.794174675870619249e-06
2.700000000000000000e+02 4.387666671043525901e-06
2.710000000000000000e+02 3.140915241766268341e-06
2.720000000000000000e+02 4.947327609229303399e-06
2.730000000000000000e+02 3.819574676550328176e-06
2.740000000000000000e+02 2.969096201767986312e-06
2.750000000000000000e+02 3.341447004870311674e-06
2.760000000000000000e+02 3.900899929632204485e-06
2.770000000000000000e+02 3.096215939510238254e-06
2.780000000000000000e+02 3.308350688390414647e-06
2.790000000000000000e+02 3.630055544190397625e-06
2.800000000000000000e+02 3.789264037338800650e-06
2.810000000000000000e+02 3.550815015780987139e-06
2.820000000000000000e+02 3.302469566820588650e-06
2.830000000000000000e+02 3.110403971125682336e-06
2.840000000000000000e+02 3.470830620538433841e-06
2.850000000000000000e+02 2.973984081047834902e-06
2.860000000000000000e+02 3.539452717930694453e-06
2.870000000000000000e+02 3.113843722013847868e-06
2.880000000000000000e+02 2.928670894027295312e-06
2.890000000000000000e+02 3.040308934138264936e-06
2.900000000000000000e+02 3.279344929569913752e-06
2.910000000000000000e+02 3.021742272592638289e-06
2.920000000000000000e+02 3.186114973482466447e-06
2.930000000000000000e+02 2.701772197609338940e-06
2.940000000000000000e+02 2.758022516879231678e-06
2.950000000000000000e+02 3.454085121783175363e-06
2.960000000000000000e+02 3.134149267489827167e-06
2.970000000000000000e+02 3.397153264503608241e-06
2.980000000000000000e+02 2.858014271933903153e-06
2.990000000000000000e+02 4.252083046068208209e-06
3.000000000000000000e+02 3.797149030583157421e-06
3.010000000000000000e+02 3.001322002373924753e-06
3.020000000000000000e+02 2.583733059523641798e-06
3.030000000000000000e+02 2.926786554115764216e-06
3.040000000000000000e+02 4.837257584234463507e-06
3.050000000000000000e+02 5.947466607588205843e-06
3.060000000000000000e+02 3.750662413216376540e-06
3.070000000000000000e+02 2.752185254105070380e-06
3.080000000000000000e+02 3.250436688886440239e-06
3.090000000000000000e+02 2.721416100965528476e-06
3.100000000000000000e+02 2.813058904100219045e-06
3.110000000000000000e+02 4.136300686679453250e-06
3.120000000000000000e+02 3.805136192561120148e-06
3.130000000000000000e+02 3.075481805161065424e-06
3.140000000000000000e+02 2.780052176279615338e-06
3.150000000000000000e+02 2.817556157332750985e-06
3.160000000000000000e+02 2.874423020569853303e-06
3.170000000000000000e+02 2.982975898228720591e-06
3.180000000000000000e+02 3.529764183626079165e-06
3.190000000000000000e+02 3.458295602264792159e-06
3.200000000000000000e+02 2.901557849801942183e-06
3.210000000000000000e+02 2.704038115059451287e-06
3.220000000000000000e+02 2.859677564116911986e-06
3.230000000000000000e+02 3.413842637236266088e-06
3.240000000000000000e+02 3.709740279776643587e-06
3.250000000000000000e+02 2.913193744715562930e-06
3.260000000000000000e+02 3.531098014432022540e-06
3.270000000000000000e+02 2.840863347043901619e-06
3.280000000000000000e+02 2.735892559813205563e-06
3.290000000000000000e+02 2.826772087544819056e-06
3.300000000000000000e+02 3.454692081791331748e-06
3.310000000000000000e+02 2.859452184655484579e-06
3.320000000000000000e+02 2.622166792898215221e-06
3.330000000000000000e+02 3.048355248335565848e-06
3.340000000000000000e+02 2.860086837672755863e-06
3.350000000000000000e+02 3.417844710226630333e-06
3.360000000000000000e+02 2.552256750987327572e-06
3.370000000000000000e+02 2.482055640690394472e-06
3.380000000000000000e+02 2.836920200661787165e-06
3.390000000000000000e+02 2.737752648036763385e-06
3.400000000000000000e+02 3.174022092779939157e-06
3.410000000000000000e+02 2.782360556744790029e-06
3.420000000000000000e+02 4.017783740405427009e-06
3.430000000000000000e+02 3.416693795867052445e-06
3.440000000000000000e+02 2.831297617367149011e-06
3.450000000000000000e+02 2.790572812410133846e-06
3.460000000000000000e+02 2.627491358985272146e-06
3.470000000000000000e+02 2.518069776357452274e-06
3.480000000000000000e+02 4.525093719103308235e-06
3.490000000000000000e+02 2.594209614255554515e-06
3.500000000000000000e+02 2.759699469061631072e-06
3.510000000000000000e+02 2.431949150558435854e-06
3.520000000000000000e+02 3.132698173064363205e-06
3.530000000000000000e+02 2.554477741749288203e-06
3.540000000000000000e+02 2.417236666414087449e-06
3.550000000000000000e+02 3.026879990584089595e-06
3.560000000000000000e+02 2.819922871801049170e-06
3.570000000000000000e+02 2.438076910170550818e-06
3.580000000000000000e+02 3.416274171274453730e-06
3.590000000000000000e+02 2.991428372548839939e-06
3.600000000000000000e+02 2.761184098319336128e-06
3.610000000000000000e+02 2.859268092023309679e-06
3.620000000000000000e+02 2.553872162480995116e-06
3.630000000000000000e+02 2.555541852994482451e-06
3.640000000000000000e+02 2.751397408150348297e-06
3.650000000000000000e+02 2.413851387067204263e-06
3.660000000000000000e+02 3.013821416209603834e-06
3.670000000000000000e+02 2.612078836721967514e-06
3.680000000000000000e+02 2.793077038341136507e-06
3.690000000000000000e+02 3.223095073554789981e-06
3.700000000000000000e+02 3.963498800550165822e-06
3.710000000000000000e+02 2.349260117550613935e-06
3.720000000000000000e+02 2.584520123359922756e-06
3.730000000000000000e+02 2.457221647488670481e-06
3.740000000000000000e+02 2.585733279306682033e-06
3.750000000000000000e+02 3.463192638346698967e-06
3.760000000000000000e+02 3.954219506711768994e-06
3.770000000000000000e+02 2.873597536669221103e-06
3.780000000000000000e+02 2.605971207635270018e-06
3.790000000000000000e+02 2.866433668660254920e-06
3.800000000000000000e+02 2.492699622915388909e-06
3.810000000000000000e+02 2.419826591469212742e-06
3.820000000000000000e+02 2.677220988354479342e-06
3.830000000000000000e+02 2.357398312615870765e-06
3.840000000000000000e+02 2.399806723778331181e-06
3.850000000000000000e+02 3.080226767336521074e-06
3.860000000000000000e+02 2.484169222525193699e-06
3.870000000000000000e+02 2.559902470135334801e-06
3.880000000000000000e+02 2.478142262939411876e-06
3.890000000000000000e+02 2.367157508313501706e-06
3.900000000000000000e+02 2.502983571956709123e-06
3.910000000000000000e+02 3.023821534468607148e-06
3.920000000000000000e+02 2.581035358547317200e-06
3.930000000000000000e+02 2.671675594133693097e-06
3.940000000000000000e+02 2.947085048493180795e-06
3.950000000000000000e+02 2.640245905872771436e-06
3.960000000000000000e+02 2.600209407258095208e-06
3.970000000000000000e+02 2.344044663002401595e-06
3.980000000000000000e+02 2.490781591747928155e-06
3.990000000000000000e+02 2.665673099814382459e-06
4.000000000000000000e+02 2.630199883277564153e-06
4.010000000000000000e+02 2.689167907706988930e-06
4.020000000000000000e+02 2.415165767189143930e-06
4.030000000000000000e+02 2.474422724219640546e-06
4.040000000000000000e+02 2.344769765009251604e-06
4.050000000000000000e+02 2.299452679429097300e-06
4.060000000000000000e+02 2.320380117359164446e-06
4.070000000000000000e+02 2.262615291907112821e-06
4.080000000000000000e+02 2.487850596873181143e-06
4.090000000000000000e+02 2.659321034649622983e-06
4.100000000000000000e+02 2.438180089641834019e-06
4.110000000000000000e+02 2.510150159331332457e-06
4.120000000000000000e+02 2.441130559265767399e-06
4.130000000000000000e+02 2.368951904604293334e-06
4.140000000000000000e+02 2.487024246625967660e-06
4.150000000000000000e+02 2.314329095598724178e-06
4.160000000000000000e+02 2.325992472951110485e-06
4.170000000000000000e+02 2.384950143335632697e-06
4.180000000000000000e+02 2.253269289381975405e-06
4.190000000000000000e+02 2.503427376041732706e-06
4.200000000000000000e+02 2.860618575935755328e-06
4.210000000000000000e+02 2.485166907849545950e-06
4.220000000000000000e+02 2.447188993102512412e-06
4.230000000000000000e+02 2.402261552913475202e-06
4.240000000000000000e+02 2.358364734259609586e-06
4.250000000000000000e+02 2.304038763267664095e-06
4.260000000000000000e+02 2.291913286275025823e-06
4.270000000000000000e+02 2.333479256607418664e-06
4.280000000000000000e+02 2.369874780299743738e-06
4.290000000000000000e+02 2.892714743418209885e-06
4.300000000000000000e+02 2.478670920859011742e-06
4.310000000000000000e+02 2.295529627474626745e-06
4.320000000000000000e+02 2.290068671964012712e-06
4.330000000000000000e+02 2.278974069190964817e-06
4.340000000000000000e+02 2.620969261271392919e-06
4.350000000000000000e+02 2.243821791948350763e-06
4.360000000000000000e+02 2.497314121718554652e-06
4.370000000000000000e+02 2.448832290126756986e-06
4.380000000000000000e+02 2.313031043703319175e-06
4.390000000000000000e+02 2.619243300344207720e-06
4.400000000000000000e+02 2.217442777912668893e-06
4.410000000000000000e+02 2.452725744914523302e-06
4.420000000000000000e+02 2.306456513972399724e-06
4.430000000000000000e+02 2.505861671559647367e-06
4.440000000000000000e+02 2.534890334417884502e-06
4.450000000000000000e+02 2.257842155418885674e-06
4.460000000000000000e+02 2.348403409075290446e-06
4.470000000000000000e+02 2.304379111131802188e-06
4.480000000000000000e+02 2.350921646958982512e-06
4.490000000000000000e+02 2.373996544484943951e-06
4.500000000000000000e+02 2.262886729120283763e-06
4.510000000000000000e+02 2.236531720104451837e-06
4.520000000000000000e+02 2.444489415041929285e-06
4.530000000000000000e+02 2.522005715217315868e-06
4.540000000000000000e+02 2.534009145635350771e-06
4.550000000000000000e+02 2.481525803576837466e-06
4.560000000000000000e+02 2.260932413673447496e-06
4.570000000000000000e+02 2.445919681051673544e-06
4.580000000000000000e+02 2.253273831685230311e-06
4.590000000000000000e+02 2.443280163671080177e-06
4.600000000000000000e+02 2.197153476435084946e-06
4.610000000000000000e+02 2.160722014400386057e-06
4.620000000000000000e+02 2.292219942883234681e-06
4.630000000000000000e+02 2.646997338762502133e-06
4.640000000000000000e+02 2.536901967113871140e-06
4.650000000000000000e+02 2.226171664922505366e-06
4.660000000000000000e+02 2.494301720346668437e-06
4.670000000000000000e+02 2.223713484710655333e-06
4.680000000000000000e+02 2.212694332302001750e-06
4.690000000000000000e+02 2.193344893530781271e-06
4.700000000000000000e+02 2.191722464028177695e-06
4.710000000000000000e+02 2.174679751240814046e-06
4.720000000000000000e+02 2.230229542063649933e-06
4.730000000000000000e+02 2.294544206369061852e-06
4.740000000000000000e+02 2.207394312701406748e-06
4.750000000000000000e+02 2.270130054346581792e-06
4.760000000000000000e+02 2.294259274604631671e-06
4.770000000000000000e+02 2.339133681147058334e-06
4.780000000000000000e+02 2.535742969861018352e-06
4.790000000000000000e+02 2.326624328390880335e-06
4.800000000000000000e+02 2.467208746483775700e-06
4.810000000000000000e+02 2.603065613560975306e-06
4.820000000000000000e+02 2.229514758003928498e-06
4.830000000000000000e+02 2.175022213832891240e-06
4.840000000000000000e+02 2.214232939764741648e-06
4.850000000000000000e+02 2.321141828525358850e-06
4.860000000000000000e+02 2.162395669652741059e-06
4.870000000000000000e+02 2.247587800536121548e-06
4.880000000000000000e+02 2.688837167867086269e-06
4.890000000000000000e+02 2.299660927488514408e-06
4.900000000000000000e+02 2.418952531997085589e-06
4.910000000000000000e+02 2.751320092734286362e-06
4.920000000000000000e+02 2.662307969041803947e-06
4.930000000000000000e+02 2.141488876641374241e-06
4.940000000000000000e+02 2.303711187999301193e-06
4.950000000000000000e+02 2.267952522296622116e-06
4.960000000000000000e+02 2.223062461352779517e-06
4.970000000000000000e+02 2.227696645475481391e-06
4.980000000000000000e+02 2.194457201320841663e-06
4.990000000000000000e+02 2.174366726383605224e-06
5.000000000000000000e+02 2.219943403090694486e-06
5.010000000000000000e+02 2.207592375172201186e-06
5.020000000000000000e+02 2.267774259454982505e-06
5.030000000000000000e+02 2.287747675326751395e-06
5.040000000000000000e+02 2.267602361854194708e-06
5.050000000000000000e+02 2.402761825949954656e-06
5.060000000000000000e+02 2.235540360915029259e-06
5.070000000000000000e+02 2.501902606059106442e-06
5.080000000000000000e+02 2.639400808848151934e-06
5.090000000000000000e+02 2.167460873232099996e-06
5.100000000000000000e+02 2.139141173667493458e-06
5.110000000000000000e+02 2.146319555989839729e-06
5.120000000000000000e+02 2.390055361297703661e-06
5.130000000000000000e+02 2.142043606178396984e-06
5.140000000000000000e+02 2.215342266480282078e-06
5.150000000000000000e+02 2.180738855894529638e-06
5.160000000000000000e+02 2.173533403249673726e-06
5.170000000000000000e+02 2.208039247568032615e-06
5.180000000000000000e+02 2.195646009318896601e-06
5.190000000000000000e+02 2.146910825498806612e-06
5.200000000000000000e+02 2.193927749250209343e-06
5.210000000000000000e+02 2.128201391239883835e-06
5.220000000000000000e+02 2.251242646028213023e-06
5.230000000000000000e+02 2.363504774541202028e-06
5.240000000000000000e+02 2.162738288668506393e-06
5.250000000000000000e+02 2.243667756729501765e-06
5.260000000000000000e+02 2.151837600130366318e-06
5.270000000000000000e+02 2.301438715795020933e-06
5.280000000000000000e+02 2.308010111035880009e-06
5.290000000000000000e+02 2.112403001819162251e-06
5.300000000000000000e+02 2.172559966605147022e-06
5.310000000000000000e+02 2.115798048622117159e-06
5.320000000000000000e+02 2.262979813247380328e-06
5.330000000000000000e+02 2.176389459145161560e-06
5.340000000000000000e+02 2.189971228642750222e-06
5.350000000000000000e+02 2.098161864361559641e-06
5.360000000000000000e+02 2.215878128913984230e-06
5.370000000000000000e+02 2.136480415754924891e-06
5.380000000000000000e+02 2.275340659760458398e-06
5.390000000000000000e+02 2.284709247459659896e-06
5.400000000000000000e+02 2.117221976464339991e-06
5.410000000000000000e+02 2.217679122073012792e-06
5.420000000000000000e+02 2.323296799466437526e-06
5.430000000000000000e+02 2.138545334781941281e-06
5.440000000000000000e+02 2.100213445261004931e-06
5.450000000000000000e+02 2.136596217414590172e-06
5.460000000000000000e+02 2.163423210844513054e-06
5.470000000000000000e+02 2.094790257046658345e-06
5.480000000000000000e+02 2.351789681110964094e-06
5.490000000000000000e+02 2.242119294574402683e-06
5.500000000000000000e+02 2.193302286124622118e-06
5.510000000000000000e+02 2.240819907061351553e-06
5.520000000000000000e+02 2.103128160039583870e-06
5.530000000000000000e+02 2.157600585717794568e-06
5.540000000000000000e+02 2.188916770544009000e-06
5.550000000000000000e+02 2.101318789188790912e-06
5.560000000000000000e+02 2.149024127575854976e-06
5.570000000000000000e+02 2.092850022739911314e-06
5.580000000000000000e+02 2.123941652337209755e-06
5.590000000000000000e+02 2.088578446775444005e-06
5.600000000000000000e+02 2.084296967988251344e-06
5.610000000000000000e+02 2.075365030998484614e-06
5.620000000000000000e+02 2.069165012666845061e-06
5.630000000000000000e+02 2.086281792070591574e-06
5.640000000000000000e+02 2.094922040995855322e-06
5.650000000000000000e+02 2.126047349816491667e-06
5.660000000000000000e+02 2.107705965455265485e-06
5.670000000000000000e+02 2.100232210087298581e-06
5.680000000000000000e+02 2.182163147722643069e-06
5.690000000000000000e+02 2.084229856209699288e-06
5.700000000000000000e+02 2.310110071977210818e-06
5.710000000000000000e+02 2.254783521822680577e-06
5.720000000000000000e+02 2.129787939554922521e-06
5.730000000000000000e+02 2.133344301294525692e-06
5.740000000000000000e+02 2.122219695254813940e-06
5.750000000000000000e+02 2.193719750867063714e-06
5.760000000000000000e+02 2.077606486190273926e-06
5.770000000000000000e+02 2.088897214186899808e-06
5.780000000000000000e+02 2.098100804976483542e-06
5.790000000000000000e+02 2.289074370805992314e-06
5.800000000000000000e+02 2.459491607889494354e-06
5.810000000000000000e+02 2.156221467245957028e-06
5.820000000000000000e+02 2.134009354653977696e-06
5.830000000000000000e+02 2.085019519085724096e-06
5.840000000000000000e+02 2.103874288999911167e-06
5.850000000000000000e+02 2.187944290490498768e-06
5.860000000000000000e+02 2.068305097505912370e-06
5.870000000000000000e+02 2.075323437338151280e-06
5.880000000000000000e+02 2.154623148048378489e-06
5.890000000000000000e+02 2.130678528799490072e-06
5.900000000000000000e+02 2.092193392194441725e-06
5.910000000000000000e+02 2.073947104411223844e-06
5.920000000000000000e+02 2.150028325540304849e-06
5.930000000000000000e+02 2.128861529285747578e-06
5.940000000000000000e+02 2.048547645592797163e-06
5.950000000000000000e+02 2.096413113706256475e-06
5.960000000000000000e+02 2.092964410570086610e-06
5.970000000000000000e+02 2.055988606132894230e-06
5.980000000000000000e+02 2.138156309069281294e-06
5.990000000000000000e+02 2.077938898560381655e-06
6.000000000000000000e+02 2.140966586970774763e-06
6.010000000000000000e+02 2.259462560437985338e-06
6.020000000000000000e+02 2.179111438882789819e-06
6.030000000000000000e+02 2.055784725904156681e-06
6.040000000000000000e+02 2.195077589701004337e-06
6.050000000000000000e+02 2.120069627594732195e-06
6.060000000000000000e+02 2.054014178209526433e-06
6.070000000000000000e+02 2.109315228294725582e-06
6.080000000000000000e+02 2.065867911157912936e-06
6.090000000000000000e+02 2.082666452584225141e-06
6.100000000000000000e+02 2.066895181616378095e-06
6.110000000000000000e+02 2.041328653274465264e-06
6.120000000000000000e+02 2.105512616563905857e-06
6.130000000000000000e+02 2.180328502413607414e-06
6.140000000000000000e+02 2.195023593447081865e-06
6.150000000000000000e+02 2.086225521656893710e-06
6.160000000000000000e+02 2.055749614802441584e-06
6.170000000000000000e+02 2.048514682308647855e-06
6.180000000000000000e+02 2.080508714147123568e-06
6.190000000000000000e+02 2.182576055121090702e-06
6.200000000000000000e+02 2.147762353943530880e-06
6.210000000000000000e+02 2.050049683002115232e-06
6.220000000000000000e+02 2.051445460596750075e-06
6.230000000000000000e+02 2.075373736578364772e-06
6.240000000000000000e+02 2.035581072412181047e-06
6.250000000000000000e+02 2.041803185589784481e-06
6.260000000000000000e+02 2.098702982029557569e-06
6.270000000000000000e+02 2.042783282273653766e-06
6.280000000000000000e+02 2.035421339761302239e-06
6.290000000000000000e+02 2.043097441202602558e-06
6.300000000000000000e+02 2.071740068447143270e-06
6.310000000000000000e+02 2.053550165387241101e-06
6.320000000000000000e+02 2.096855780711392786e-06
6.330000000000000000e+02 2.105408673023068739e-06
6.340000000000000000e+02 2.122289484284952857e-06
6.350000000000000000e+02 2.152659119292130852e-06
6.360000000000000000e+02 2.151997037982755629e-06
6.370000000000000000e+02 2.064421070253510261e-06
6.380000000000000000e+02 2.029251610470372437e-06
6.390000000000000000e+02 2.070246414745885898e-06
6.400000000000000000e+02 2.093978712903167568e-06
6.410000000000000000e+02 2.220553470515581282e-06
6.420000000000000000e+02 2.113741597531300777e-06
6.430000000000000000e+02 2.190558028044010604e-06
6.440000000000000000e+02 2.130001196180511230e-06
6.450000000000000000e+02 2.046791804733009983e-06
6.460000000000000000e+02 2.040514227325332471e-06
6.470000000000000000e+02 2.171942032873630541e-06
6.480000000000000000e+02 2.036621229776039245e-06
6.490000000000000000e+02 2.044016316061411304e-06
6.500000000000000000e+02 2.048044851728418988e-06
6.510000000000000000e+02 2.059489482585388812e-06
6.520000000000000000e+02 2.088959543010369082e-06
6.530000000000000000e+02 2.041719414688434696e-06
6.540000000000000000e+02 2.018889726334532757e-06
6.550000000000000000e+02 2.137815142988927240e-06
6.560000000000000000e+02 2.030976897572439331e-06
6.570000000000000000e+02 2.105465593196701824e-06
6.580000000000000000e+02 2.046851351019717304e-06
6.590000000000000000e+02 2.062542554116218153e-06
6.600000000000000000e+02 2.028969741000454648e-06
6.610000000000000000e+02 2.041798143933987040e-06
6.620000000000000000e+02 2.041386418737644274e-06
6.630000000000000000e+02 2.018961807573334696e-06
6.640000000000000000e+02 2.031327500212600772e-06
6.650000000000000000e+02 2.016372300650760777e-06
6.660000000000000000e+02 2.080995634015293290e-06
6.670000000000000000e+02 2.063926428469807664e-06
6.680000000000000000e+02 2.021175708130810467e-06
6.690000000000000000e+02 2.019256690290855127e-06
6.700000000000000000e+02 2.024845531191050999e-06
6.710000000000000000e+02 2.010881447158657979e-06
6.720000000000000000e+02 2.060000338286007377e-06
6.730000000000000000e+02 2.158600482030817409e-06
6.740000000000000000e+02 2.069331552756310140e-06
6.750000000000000000e+02 2.054989356571659307e-06
6.760000000000000000e+02 2.099921272884698472e-06
6.770000000000000000e+02 2.049708249196602914e-06
6.780000000000000000e+02 2.145756045669240273e-06
6.790000000000000000e+02 2.073125729640555697e-06
6.800000000000000000e+02 2.009718966470593275e-06
6.810000000000000000e+02 2.044527129647959577e-06
6.820000000000000000e+02 2.051245126974328820e-06
6.830000000000000000e+02 2.025550156735480574e-06
6.840000000000000000e+02 2.003857115095900185e-06
6.850000000000000000e+02 2.014046533091008008e-06
6.860000000000000000e+02 2.041082210761786155e-06
6.870000000000000000e+02 2.011869365026938508e-06
6.880000000000000000e+02 2.010420249962760440e-06
6.890000000000000000e+02 2.019907003725837800e-06
6.900000000000000000e+02 2.047934091724551572e-06
6.910000000000000000e+02 2.030200485587697737e-06
6.920000000000000000e+02 2.034065865331572620e-06
6.930000000000000000e+02 2.086141010751172669e-06
6.940000000000000000e+02 2.019669690941886522e-06
6.950000000000000000e+02 2.011806572948700690e-06
6.960000000000000000e+02 2.116482814374435256e-06
6.970000000000000000e+02 2.060584917674153988e-06
6.980000000000000000e+02 2.030633300908622168e-06
6.990000000000000000e+02 2.057986443462836678e-06
7.000000000000000000e+02 2.020292552019582594e-06
7.010000000000000000e+02 2.005609920734506207e-06
7.020000000000000000e+02 1.993105561503760328e-06
7.030000000000000000e+02 2.022922338041878655e-06
7.040000000000000000e+02 2.002332519585849269e-06
7.050000000000000000e+02 2.026325894895103862e-06
7.060000000000000000e+02 2.053020430550710615e-06
7.070000000000000000e+02 2.029888901633309287e-06
7.080000000000000000e+02 2.004437841046649675e-06
7.090000000000000000e+02 2.059371948232561388e-06
7.100000000000000000e+02 2.014944191483025063e-06
7.110000000000000000e+02 2.104518261259224262e-06
7.120000000000000000e+02 2.044344871985973762e-06
7.130000000000000000e+02 2.115867606024871804e-06
7.140000000000000000e+02 2.007346055217722323e-06
7.150000000000000000e+02 1.992940624757099639e-06
7.160000000000000000e+02 2.014835639459680086e-06
7.170000000000000000e+02 2.017845002602237416e-06
7.180000000000000000e+02 2.067944237081579852e-06
7.190000000000000000e+02 2.083507744301813267e-06
7.200000000000000000e+02 2.005028178029782323e-06
7.210000000000000000e+02 2.013496980576436759e-06
7.220000000000000000e+02 2.007883887988267613e-06
7.230000000000000000e+02 2.028619039091413990e-06
7.240000000000000000e+02 2.080554814012937818e-06
7.250000000000000000e+02 2.018944330234321430e-06
7.260000000000000000e+02 2.074507871300983488e-06
7.270000000000000000e+02 2.038392156497298300e-06
7.280000000000000000e+02 1.993650331063249219e-06
7.290000000000000000e+02 2.006989186605587859e-06
7.300000000000000000e+02 2.043626327741438968e-06
7.310000000000000000e+02 2.050722446244508357e-06
7.320000000000000000e+02 2.078798335425805899e-06
7.330000000000000000e+02 1.991620763789775801e-06
7.340000000000000000e+02 2.068090433067129976e-06
7.350000000000000000e+02 1.997391468284588775e-06
7.360000000000000000e+02 2.012758272716856964e-06
7.370000000000000000e+02 1.997498928350264074e-06
7.380000000000000000e+02 2.007909992695316756e-06
7.390000000000000000e+02 1.984002133013165419e-06
7.400000000000000000e+02 1.993365140598103954e-06
7.410000000000000000e+02 1.999949555102860702e-06
7.420000000000000000e+02 2.020820127005955962e-06
7.430000000000000000e+02 1.989479883013230387e-06
7.440000000000000000e+02 2.019025225346325922e-06
7.450000000000000000e+02 1.989885285082790359e-06
7.460000000000000000e+02 2.055514642357518226e-06
7.470000000000000000e+02 2.002077136857757581e-06
7.480000000000000000e+02 1.995953080275647052e-06
7.490000000000000000e+02 2.025863996800757208e-06
7.500000000000000000e+02 2.013728051453598098e-06
7.510000000000000000e+02 1.995540729384551302e-06
7.520000000000000000e+02 2.005083846813910287e-06
7.530000000000000000e+02 1.993381829802380220e-06
7.540000000000000000e+02 2.002676356901493884e-06
7.550000000000000000e+02 2.022755972424988923e-06
7.560000000000000000e+02 2.012582726232726777e-06
7.570000000000000000e+02 1.994602253434347008e-06
7.580000000000000000e+02 2.016450617780057200e-06
7.590000000000000000e+02 2.033538455793330996e-06
7.600000000000000000e+02 2.050083629950611822e-06
7.610000000000000000e+02 1.993608244066668380e-06
7.620000000000000000e+02 1.983956460304346570e-06
7.630000000000000000e+02 1.996514045703164703e-06
7.640000000000000000e+02 1.999760529108210756e-06
7.650000000000000000e+02 2.044482160845737570e-06
7.660000000000000000e+02 1.993433043519540315e-06
7.670000000000000000e+02 2.018979516539732235e-06
7.680000000000000000e+02 2.004288089430339654e-06
7.690000000000000000e+02 1.978369385186938681e-06
7.700000000000000000e+02 2.009111681582468856e-06
7.710000000000000000e+02 1.979056271683492180e-06
7.720000000000000000e+02 1.985443469007001264e-06
7.730000000000000000e+02 2.003444222738191610e-06
7.740000000000000000e+02 1.987131788980129042e-06
7.750000000000000000e+02 1.978899065876807970e-06
7.760000000000000000e+02 2.009185513563319297e-06
7.770000000000000000e+02 2.041547613348378812e-06
7.780000000000000000e+02 2.006869014107095292e-06
7.790000000000000000e+02 2.001197713858012680e-06
7.800000000000000000e+02 1.986460238021319744e-06
7.810000000000000000e+02 1.974506697735390563e-06
7.820000000000000000e+02 1.987408162563923603e-06
7.830000000000000000e+02 1.993130429862042982e-06
7.840000000000000000e+02 1.978949843412529909e-06
7.850000000000000000e+02 1.978056898788195381e-06
7.860000000000000000e+02 1.992635944502028949e-06
7.870000000000000000e+02 1.984628038336487101e-06
7.880000000000000000e+02 1.984877380703693739e-06
7.890000000000000000e+02 2.004862035015833684e-06
7.900000000000000000e+02 1.983708017373346632e-06
7.910000000000000000e+02 1.977763111036492355e-06
7.920000000000000000e+02 2.008043963568001239e-06
7.930000000000000000e+02 2.018419203880298378e-06
7.940000000000000000e+02 1.985888738060028727e-06
7.950000000000000000e+02 1.978086532052674034e-06
7.960000000000000000e+02 2.004464730880288092e-06
7.970000000000000000e+02 1.976093787517042498e-06
7.980000000000000000e+02 1.984193505363139585e-06
7.990000000000000000e+02 1.990561979974424887e-06
8.000000000000000000e+02 1.987339333132948884e-06
8.010000000000000000e+02 1.984276094062383656e-06
8.020000000000000000e+02 1.990295764905922609e-06
8.030000000000000000e+02 1.972763467031393709e-06
8.040000000000000000e+02 1.983870704025415014e-06
8.050000000000000000e+02 1.990201092476761558e-06
8.060000000000000000e+02 1.978267469137753202e-06
8.070000000000000000e+02 1.988274876138998962e-06
8.080000000000000000e+02 1.973095151429721512e-06
8.090000000000000000e+02 2.019889959560115386e-06
8.100000000000000000e+02 1.984007213774885425e-06
8.110000000000000000e+02 2.006075900885485680e-06
8.120000000000000000e+02 1.974757992390552708e-06
8.130000000000000000e+02 1.981984872072550074e-06
8.140000000000000000e+02 1.974144417465272183e-06
8.150000000000000000e+02 1.977425572782447026e-06
8.160000000000000000e+02 2.007723794359646781e-06
8.170000000000000000e+02 2.027988489187811307e-06
8.180000000000000000e+02 1.985626674235560371e-06
8.190000000000000000e+02 1.978347822783144446e-06
8.200000000000000000e+02 1.994492630510367287e-06
8.210000000000000000e+02 1.967317098029708593e-06
8.220000000000000000e+02 1.972344642606123749e-06
8.230000000000000000e+02 1.975657777543100618e-06
8.240000000000000000e+02 1.973589913539338258e-06
8.250000000000000000e+02 1.963490351928682017e-06
8.260000000000000000e+02 1.973738931167572476e-06
8.270000000000000000e+02 1.978882707568795192e-06
8.280000000000000000e+02 1.985440151019921938e-06
8.290000000000000000e+02 1.986816489963144828e-06
8.300000000000000000e+02 2.034840616818700476e-06
8.310000000000000000e+02 1.982711183354836184e-06
8.320000000000000000e+02 1.971486571439823323e-06
8.330000000000000000e+02 1.972355899095381165e-06
8.340000000000000000e+02 1.961147040850663454e-06
8.350000000000000000e+02 1.974702007750901162e-06
8.360000000000000000e+02 1.968900511854686905e-06
8.370000000000000000e+02 1.974972226664192823e-06
8.380000000000000000e+02 1.994478245547344527e-06
8.390000000000000000e+02 2.019145142152251133e-06
8.400000000000000000e+02 1.980718062800723143e-06
8.410000000000000000e+02 1.965494434173562977e-06
8.420000000000000000e+02 1.965382513024625204e-06
8.430000000000000000e+02 1.973429272427808300e-06
8.440000000000000000e+02 1.999771617141188701e-06
8.450000000000000000e+02 1.983973254793797504e-06
8.460000000000000000e+02 1.971147092930414240e-06
8.470000000000000000e+02 1.984868759351953317e-06
8.480000000000000000e+02 1.988953246568986708e-06
8.490000000000000000e+02 1.969514095804411034e-06
8.500000000000000000e+02 1.966328055114131699e-06
8.510000000000000000e+02 1.992377132485387389e-06
8.520000000000000000e+02 1.962161030336367285e-06
8.530000000000000000e+02 1.974851975953856398e-06
8.540000000000000000e+02 1.979170701627737343e-06
8.550000000000000000e+02 1.962168622901542830e-06
8.560000000000000000e+02 1.969765438589938923e-06
8.570000000000000000e+02 2.007534557794646650e-06
8.580000000000000000e+02 1.974408713335445640e-06
8.590000000000000000e+02 1.981498532776915742e-06
8.600000000000000000e+02 1.966399459519666759e-06
8.610000000000000000e+02 1.974636667771433389e-06
8.620000000000000000e+02 1.981864215262253606e-06
8.630000000000000000e+02 1.967581252516932967e-06
8.640000000000000000e+02 1.996591469412549033e-06
8.650000000000000000e+02 1.981131039386571877e-06
8.660000000000000000e+02 1.993496103322937242e-06
8.670000000000000000e+02 1.984117032228475426e-06
8.680000000000000000e+02 1.961385370388588702e-06
8.690000000000000000e+02 1.983202693656626133e-06
8.700000000000000000e+02 1.997812771423688435e-06
8.710000000000000000e+02 1.958670101828815225e-06
8.720000000000000000e+02 1.974366220238905183e-06
8.730000000000000000e+02 1.966803670362677837e-06
8.740000000000000000e+02 1.963461263138964341e-06
8.750000000000000000e+02 1.986874315589281336e-06
8.760000000000000000e+02 1.966065985273367889e-06
8.770000000000000000e+02 1.968292432815529607e-06
8.780000000000000000e+02 1.962494155637515460e-06
8.790000000000000000e+02 1.963445295890172125e-06
8.800000000000000000e+02 1.962195807533671167e-06
8.810000000000000000e+02 1.977899996804443848e-06
8.820000000000000000e+02 2.027593507342406428e-06
8.830000000000000000e+02 1.966104600867328989e-06
8.840000000000000000e+02 1.970211321305127194e-06
8.850000000000000000e+02 1.972265823116136217e-06
8.860000000000000000e+02 1.959172173737709351e-06
8.870000000000000000e+02 1.968036421384537208e-06
8.880000000000000000e+02 1.960329696998115502e-06
8.890000000000000000e+02 1.986394588202623418e-06
8.900000000000000000e+02 1.957789857604707059e-06
8.910000000000000000e+02 2.001627292411849370e-06
8.920000000000000000e+02 1.959778832931081209e-06
8.930000000000000000e+02 1.952924340895981036e-06
8.940000000000000000e+02 1.973524621690236230e-06
8.950000000000000000e+02 1.976748300326424835e-06
8.960000000000000000e+02 1.984376223271746641e-06
8.970000000000000000e+02 1.959538626308897009e-06
8.980000000000000000e+02 1.954110604000953746e-06
8.990000000000000000e+02 1.953949487602063914e-06
9.000000000000000000e+02 1.956694242027071083e-06
9.010000000000000000e+02 1.960782170565245252e-06
9.020000000000000000e+02 1.956271621319212927e-06
9.030000000000000000e+02 1.975015062689588945e-06
9.040000000000000000e+02 1.963582329057368578e-06
9.050000000000000000e+02 1.966035088586791938e-06
9.060000000000000000e+02 1.987481666656658707e-06
9.070000000000000000e+02 1.971419450636827663e-06
9.080000000000000000e+02 1.956899403726792714e-06
9.090000000000000000e+02 1.965268805035863667e-06
9.100000000000000000e+02 1.954527079062752606e-06
9.110000000000000000e+02 1.971086075659408009e-06
9.120000000000000000e+02 1.961266347002574738e-06
9.130000000000000000e+02 1.972876013875084466e-06
9.140000000000000000e+02 1.955988674932363670e-06
9.150000000000000000e+02 1.971851074731203623e-06
9.160000000000000000e+02 1.984827962850800588e-06
9.170000000000000000e+02 1.973395641334836140e-06
9.180000000000000000e+02 1.955500085542137454e-06
9.190000000000000000e+02 1.953620233787199643e-06
9.200000000000000000e+02 1.956778542362442362e-06
9.210000000000000000e+02 1.965738725860528570e-06
9.220000000000000000e+02 1.959620077928253807e-06
9.230000000000000000e+02 1.980645764975276413e-06
9.240000000000000000e+02 1.964883810241323875e-06
9.250000000000000000e+02 1.954758149939913946e-06
9.260000000000000000e+02 1.963672808128425841e-06
9.270000000000000000e+02 1.976920264106465161e-06
9.280000000000000000e+02 1.955420610275918400e-06
9.290000000000000000e+02 1.950843213968344979e-06
9.300000000000000000e+02 1.958993528861292781e-06
9.310000000000000000e+02 1.960832334438805960e-06
9.320000000000000000e+02 1.953437485797114050e-06
9.330000000000000000e+02 1.953830136327934612e-06
9.340000000000000000e+02 1.955179465111604935e-06
9.350000000000000000e+02 1.963166157818502818e-06
9.360000000000000000e+02 1.969879194709065781e-06
9.370000000000000000e+02 1.953647379313405415e-06
9.380000000000000000e+02 1.954320771258699675e-06
9.390000000000000000e+02 1.955792706132473823e-06
9.400000000000000000e+02 1.970033572856770021e-06
9.410000000000000000e+02 1.975949546827595185e-06
9.420000000000000000e+02 1.955779013043456999e-06
9.430000000000000000e+02 1.955115572051253412e-06
9.440000000000000000e+02 1.948154149384500283e-06
9.450000000000000000e+02 1.949527702782813493e-06
9.460000000000000000e+02 1.947298042538746695e-06
9.470000000000000000e+02 1.971389805339758104e-06
9.480000000000000000e+02 1.950164284022856777e-06
9.490000000000000000e+02 1.954094510409952351e-06
9.500000000000000000e+02 1.954948761228481921e-06
9.510000000000000000e+02 1.948706905576532585e-06
9.520000000000000000e+02 1.960500502641233197e-06
9.530000000000000000e+02 1.963340546165710798e-06
9.540000000000000000e+02 1.977068132622220353e-06
9.550000000000000000e+02 1.951589920493059091e-06
9.560000000000000000e+02 1.974702122060519434e-06
9.570000000000000000e+02 1.957076872417399871e-06
9.580000000000000000e+02 1.954134759428195954e-06
9.590000000000000000e+02 1.952453276975133408e-06
9.600000000000000000e+02 1.948446219483780224e-06
9.610000000000000000e+02 1.964179512585010485e-06
9.620000000000000000e+02 1.989762775253418023e-06
9.630000000000000000e+02 1.985137495248354738e-06
9.640000000000000000e+02 1.970898246907602834e-06
9.650000000000000000e+02 1.949315496000825018e-06
9.660000000000000000e+02 1.958054935593321640e-06
9.670000000000000000e+02 1.958182408866648406e-06
9.680000000000000000e+02 1.973935573792580628e-06
9.690000000000000000e+02 1.964931369058845704e-06
9.700000000000000000e+02 1.947527675521234965e-06
9.710000000000000000e+02 1.950629100020618590e-06
9.720000000000000000e+02 1.953854484276638951e-06
9.730000000000000000e+02 1.950805846755742121e-06
9.740000000000000000e+02 1.963458985971041646e-06
9.750000000000000000e+02 1.950693636824610305e-06
9.760000000000000000e+02 1.954165108631863203e-06
9.770000000000000000e+02 1.952037695333246218e-06
9.780000000000000000e+02 1.949560160698123966e-06
9.790000000000000000e+02 1.947834151640573023e-06
9.800000000000000000e+02 1.959547539450979201e-06
9.810000000000000000e+02 1.950587244651422447e-06
9.820000000000000000e+02 1.951351187863321951e-06
9.830000000000000000e+02 1.951889589173810878e-06
9.840000000000000000e+02 1.956316274265910503e-06
9.850000000000000000e+02 1.947326382299649511e-06
9.860000000000000000e+02 1.967430099103725138e-06
9.870000000000000000e+02 1.949998044748176648e-06
9.880000000000000000e+02 1.950562665075332989e-06
9.890000000000000000e+02 1.952416276756568452e-06
9.900000000000000000e+02 1.964845751154715081e-06
9.910000000000000000e+02 1.952554567329566326e-06
9.920000000000000000e+02 1.947142779995573965e-06
9.930000000000000000e+02 1.943989034780621086e-06
9.940000000000000000e+02 1.944342428981988085e-06
9.950000000000000000e+02 1.956150699791905076e-06
9.960000000000000000e+02 1.949140253339627085e-06
9.970000000000000000e+02 1.954635014415788202e-06
9.980000000000000000e+02 1.956282294227787649e-06
9.990000000000000000e+02 1.948369186833616456e-06
1.000000000000000000e+03 1.948460622495689767e-06
1.001000000000000000e+03 1.945002019544943124e-06
1.002000000000000000e+03 1.958394609632341004e-06
1.003000000000000000e+03 1.941729064438809604e-06
1.004000000000000000e+03 1.971176410339368462e-06
1.005000000000000000e+03 1.959037751642847654e-06
1.006000000000000000e+03 1.950785713222176504e-06
1.007000000000000000e+03 1.946696277601928164e-06
1.008000000000000000e+03 1.944557225779276382e-06
1.009000000000000000e+03 1.950499313481594715e-06
1.010000000000000000e+03 1.944007703346183246e-06
1.011000000000000000e+03 1.939936912226315253e-06
1.012000000000000000e+03 1.947895334359710997e-06
1.013000000000000000e+03 1.941770676148030145e-06
1.014000000000000000e+03 1.945195241905845009e-06
1.015000000000000000e+03 1.944334219746503582e-06
1.016000000000000000e+03 1.945762371028308740e-06
1.017000000000000000e+03 1.945957410310512926e-06
1.018000000000000000e+03 1.941633898673401048e-06
1.019000000000000000e+03 1.943873380520200342e-06
1.020000000000000000e+03 1.950652747070873813e-06
1.021000000000000000e+03 1.941542845046104695e-06
1.022000000000000000e+03 1.965793010896644662e-06
1.023000000000000000e+03 1.959631226124188826e-06
1.024000000000000000e+03 1.944451567594163904e-06
1.025000000000000000e+03 1.953481895083835601e-06
1.026000000000000000e+03 1.951125104495297701e-06
1.027000000000000000e+03 1.945764572992535727e-06
1.028000000000000000e+03 1.955514253918514575e-06
1.029000000000000000e+03 1.970097968277812652e-06
1.030000000000000000e+03 1.960023250960256405e-06
1.031000000000000000e+03 1.943684071759652230e-06
1.032000000000000000e+03 1.965891942863162453e-06
1.033000000000000000e+03 1.942374832562389643e-06
1.034000000000000000e+03 1.967962625501460757e-06
1.035000000000000000e+03 1.960598168177506387e-06
1.036000000000000000e+03 1.941237969261423301e-06
1.037000000000000000e+03 1.949553663098765825e-06
1.038000000000000000e+03 1.974805229336254230e-06
1.039000000000000000e+03 1.946005787344249870e-06
1.040000000000000000e+03 1.959911083143194880e-06
1.041000000000000000e+03 1.951872379559956297e-06
1.042000000000000000e+03 1.946215725982758830e-06
1.043000000000000000e+03 1.940922384470393193e-06
1.044000000000000000e+03 1.938062580422683754e-06
1.045000000000000000e+03 1.947736182281367580e-06
1.046000000000000000e+03 1.946381327530094644e-06
1.047000000000000000e+03 1.940033539951579115e-06
1.048000000000000000e+03 1.936439633518650013e-06
1.049000000000000000e+03 1.941578022327071897e-06
1.050000000000000000e+03 1.954213422494495346e-06
1.051000000000000000e+03 1.939254646244860942e-06
1.052000000000000000e+03 1.951079040727258290e-06
1.053000000000000000e+03 1.942645003345315983e-06
1.054000000000000000e+03 1.947952549331833579e-06
1.055000000000000000e+03 1.956353139117822253e-06
1.056000000000000000e+03 1.949518558013347029e-06
1.057000000000000000e+03 1.944757273627652168e-06
1.058000000000000000e+03 1.940314925109693427e-06
1.059000000000000000e+03 1.955278144393703521e-06
1.060000000000000000e+03 1.944735930818650450e-06
1.061000000000000000e+03 1.938666887244435939e-06
1.062000000000000000e+03 1.948622033693069943e-06
1.063000000000000000e+03 1.980550418720996633e-06
1.064000000000000000e+03 1.938592916888784141e-06
1.065000000000000000e+03 1.937656727130946145e-06
1.066000000000000000e+03 1.942123255141329755e-06
1.067000000000000000e+03 1.939775353629690964e-06
1.068000000000000000e+03 1.943433664508105878e-06
1.069000000000000000e+03 1.950370050360297306e-06
1.070000000000000000e+03 1.938547292310330612e-06
1.071000000000000000e+03 1.943884796441294048e-06
1.072000000000000000e+03 1.969192771467281249e-06
1.073000000000000000e+03 1.938444645281217057e-06
1.074000000000000000e+03 1.946459476203111174e-06
1.075000000000000000e+03 1.944705885437916302e-06
1.076000000000000000e+03 1.940682340288193010e-06
1.077000000000000000e+03 1.952045859446513550e-06
1.078000000000000000e+03 1.952408648093618492e-06
1.079000000000000000e+03 1.947750191225908411e-06
1.080000000000000000e+03 1.939671003988893803e-06
1.081000000000000000e+03 1.941207111680769491e-06
1.082000000000000000e+03 1.943114421809289354e-06
1.083000000000000000e+03 1.945867532869025986e-06
1.084000000000000000e+03 1.936406164865661870e-06
1.085000000000000000e+03 1.938644043369656351e-06
1.086000000000000000e+03 1.949371712267860837e-06
1.087000000000000000e+03 1.945147012271353024e-06
1.088000000000000000e+03 1.942754090818978332e-06
1.089000000000000000e+03 1.939475757144488006e-06
1.090000000000000000e+03 1.944870710883106868e-06
1.091000000000000000e+03 1.936400205724769251e-06
1.092000000000000000e+03 1.937689976189141346e-06
1.093000000000000000e+03 1.939664112322167373e-06
1.094000000000000000e+03 1.945245483991249575e-06
1.095000000000000000e+03 1.945456833451100794e-06
1.096000000000000000e+03 1.942082807585327297e-06
1.097000000000000000e+03 1.938791602046183412e-06
1.098000000000000000e+03 1.937678479048055209e-06
1.099000000000000000e+03 1.948432177449612705e-06
1.100000000000000000e+03 1.941055362654286791e-06
1.101000000000000000e+03 1.936761231597233513e-06
1.102000000000000000e+03 1.939728799533551351e-06
1.103000000000000000e+03 1.943783343646877536e-06
1.104000000000000000e+03 1.937578984557889235e-06
1.105000000000000000e+03 1.933138579303441974e-06
1.106000000000000000e+03 1.932534401832047542e-06
1.107000000000000000e+03 1.934223633273973774e-06
1.108000000000000000e+03 1.938621232584503873e-06
1.109000000000000000e+03 1.934772878957464620e-06
1.110000000000000000e+03 1.935715021839899358e-06
1.111000000000000000e+03 1.938495416800643119e-06
1.112000000000000000e+03 1.939258514722997120e-06
1.113000000000000000e+03 1.937677988719955854e-06
1.114000000000000000e+03 1.986019592491539619e-06
1.115000000000000000e+03 1.940889586634375629e-06
1.116000000000000000e+03 1.935944730026084183e-06
1.117000000000000000e+03 1.941939421209869937e-06
1.118000000000000000e+03 1.940259942183275946e-06
1.119000000000000000e+03 1.945860099735686731e-06
1.120000000000000000e+03 1.949247505843100348e-06
1.121000000000000000e+03 1.956119818146068606e-06
1.122000000000000000e+03 1.933248415805919183e-06
1.123000000000000000e+03 1.938389710485164897e-06
1.124000000000000000e+03 1.938151197450221122e-06
1.125000000000000000e+03 1.936733788264390940e-06
1.126000000000000000e+03 1.936248005476108914e-06
1.127000000000000000e+03 1.934071375870504090e-06
1.128000000000000000e+03 1.949036484271364890e-06
1.129000000000000000e+03 1.943677968227663225e-06
1.130000000000000000e+03 1.941660965987762539e-06
1.131000000000000000e+03 1.938756848914062614e-06
1.132000000000000000e+03 1.940936486667517787e-06
1.133000000000000000e+03 1.938814996412019006e-06
1.134000000000000000e+03 1.941297867501429043e-06
1.135000000000000000e+03 1.939938945734261922e-06
1.136000000000000000e+03 1.935355921182059370e-06
1.137000000000000000e+03 1.939817172901112693e-06
1.138000000000000000e+03 1.954451318859130164e-06
1.139000000000000000e+03 1.939675233444771582e-06
1.140000000000000000e+03 1.959822911321539273e-06
1.141000000000000000e+03 1.931078184530793707e-06
1.142000000000000000e+03 1.934272792426151843e-06
1.143000000000000000e+03 1.943623418474536174e-06
1.144000000000000000e+03 1.930858854454694107e-06
1.145000000000000000e+03 1.946369490468301839e-06
1.146000000000000000e+03 1.937343681216701965e-06
1.147000000000000000e+03 1.932879159640934638e-06
1.148000000000000000e+03 1.930050492931629025e-06
1.149000000000000000e+03 1.935026709481265390e-06
1.150000000000000000e+03 1.937226411580885501e-06
1.151000000000000000e+03 1.933149661320124466e-06
1.152000000000000000e+03 1.931760155713758521e-06
1.153000000000000000e+03 1.928644508691336153e-06
1.154000000000000000e+03 1.944446676345758727e-06
1.155000000000000000e+03 1.937610997267317948e-06
1.156000000000000000e+03 1.932159938563133389e-06
1.157000000000000000e+03 1.929929210426579573e-06
1.158000000000000000e+03 1.948019964933318312e-06
1.159000000000000000e+03 1.939146512354066915e-06
1.160000000000000000e+03 1.930436504480142364e-06
1.161000000000000000e+03 1.930780426023927561e-06
1.162000000000000000e+03 1.945702614171252081e-06
1.163000000000000000e+03 1.933494446202342796e-06
1.164000000000000000e+03 1.952104864266607199e-06
1.165000000000000000e+03 1.942159710885133735e-06
1.166000000000000000e+03 1.927284669439074702e-06
1.167000000000000000e+03 1.940911437820363908e-06
1.168000000000000000e+03 1.954814871575789446e-06
1.169000000000000000e+03 1.938684839870809927e-06
1.170000000000000000e+03 1.933202285858626820e-06
1.171000000000000000e+03 1.928930141354215451e-06
1.172000000000000000e+03 1.935346662102974633e-06
1.173000000000000000e+03 1.928065169496745838e-06
1.174000000000000000e+03 1.929269138559968359e-06
1.175000000000000000e+03 1.941219457119549281e-06
1.176000000000000000e+03 1.934177659750369551e-06
1.177000000000000000e+03 1.937106645182352554e-06
1.178000000000000000e+03 1.933289961335886773e-06
1.179000000000000000e+03 1.940234060079167472e-06
1.180000000000000000e+03 1.930343456450821059e-06
1.181000000000000000e+03 1.929012326961648053e-06
1.182000000000000000e+03 1.936258332447680669e-06
1.183000000000000000e+03 1.925222963113963391e-06
1.184000000000000000e+03 1.930239061687805881e-06
1.185000000000000000e+03 1.935483340308724514e-06
1.186000000000000000e+03 1.928730878632429363e-06
1.187000000000000000e+03 1.930015189308451798e-06
1.188000000000000000e+03 1.937053894301640597e-06
1.189000000000000000e+03 1.937379460127239491e-06
1.190000000000000000e+03 1.934550399350565589e-06
1.191000000000000000e+03 1.942864616187313750e-06
1.192000000000000000e+03 1.925083484322564350e-06
1.193000000000000000e+03 1.928434209075084745e-06
1.194000000000000000e+03 1.930110430277556485e-06
1.195000000000000000e+03 1.932211395940269510e-06
1.196000000000000000e+03 1.926996064726119047e-06
1.197000000000000000e+03 1.929963587540218443e-06
1.198000000000000000e+03 1.938295254642649060e-06
1.199000000000000000e+03 1.936727432047981883e-06
1.200000000000000000e+03 1.927176448311993636e-06
1.201000000000000000e+03 1.933768996848539602e-06
1.202000000000000000e+03 1.925010148686109139e-06
1.203000000000000000e+03 1.925380854778357661e-06
1.204000000000000000e+03 1.937897920425625355e-06
1.205000000000000000e+03 1.929494978268017007e-06
1.206000000000000000e+03 1.944964504933095306e-06
1.207000000000000000e+03 1.930814315817614803e-06
1.208000000000000000e+03 1.930017018262345429e-06
1.209000000000000000e+03 1.929743649818253066e-06
1.210000000000000000e+03 1.927656657002308152e-06
1.211000000000000000e+03 1.935190981427250954e-06
1.212000000000000000e+03 1.931271822016098814e-06
1.213000000000000000e+03 1.926541602773259375e-06
1.214000000000000000e+03 1.933310849914563127e-06
1.215000000000000000e+03 1.929270420030953289e-06
1.216000000000000000e+03 1.931967356937723546e-06
1.217000000000000000e+03 1.926560584186198662e-06
1.218000000000000000e+03 1.937046133280185581e-06
1.219000000000000000e+03 1.931043945791955770e-06
1.220000000000000000e+03 1.926500550579539713e-06
1.221000000000000000e+03 1.936106201386421010e-06
1.222000000000000000e+03 1.926888655798957219e-06
1.223000000000000000e+03 1.929817165943579501e-06
1.224000000000000000e+03 1.935757767620859868e-06
1.225000000000000000e+03 1.939516045268653750e-06
1.226000000000000000e+03 1.941501639436843774e-06
1.227000000000000000e+03 1.932878699394313821e-06
1.228000000000000000e+03 1.927172627964223203e-06
1.229000000000000000e+03 1.926181719996978262e-06
1.230000000000000000e+03 1.925045127429318333e-06
1.231000000000000000e+03 1.942305218004826073e-06
1.232000000000000000e+03 1.938098509740613966e-06
1.233000000000000000e+03 1.927423014158734197e-06
1.234000000000000000e+03 1.923111899098915581e-06
1.235000000000000000e+03 1.923234499172723953e-06
1.236000000000000000e+03 1.938925527796649878e-06
1.237000000000000000e+03 1.923060189037359831e-06
1.238000000000000000e+03 1.933754963838815264e-06
1.239000000000000000e+03 1.925611952728849387e-06
1.240000000000000000e+03 1.936542268515172238e-06
1.241000000000000000e+03 1.950037234898377261e-06
1.242000000000000000e+03 1.934129673775853169e-06
1.243000000000000000e+03 1.924021948051930020e-06
1.244000000000000000e+03 1.930623854936439938e-06
1.245000000000000000e+03 1.923736480837182466e-06
1.246000000000000000e+03 1.921293001443879200e-06
1.247000000000000000e+03 1.930019340552486142e-06
1.248000000000000000e+03 1.934785419925854691e-06
1.249000000000000000e+03 1.934866254874902109e-06
1.250000000000000000e+03 1.941199350659314051e-06
1.251000000000000000e+03 1.947669458553887936e-06
1.252000000000000000e+03 1.924950659554211166e-06
1.253000000000000000e+03 1.928231225274407016e-06
1.254000000000000000e+03 1.927569944132360125e-06
1.255000000000000000e+03 1.923969663434134757e-06
1.256000000000000000e+03 1.933025882052358531e-06
1.257000000000000000e+03 1.926470390889187292e-06
1.258000000000000000e+03 1.925081273333894183e-06
1.259000000000000000e+03 1.926212195542855114e-06
1.260000000000000000e+03 1.922049367131343062e-06
1.261000000000000000e+03 1.923063365641490496e-06
1.262000000000000000e+03 1.930492519201272872e-06
1.263000000000000000e+03 1.930771747517377791e-06
1.264000000000000000e+03 1.929821548814998541e-06
