0.000000000000000000e+00 4.906039305498678931e-04
1.000000000000000000e+00 1.233405187797389970e-04
2.000000000000000000e+00 1.328498382505063049e-05
3.000000000000000000e+00 6.689994517774290625e-07
4.000000000000000000e+00 1.215354698615355707e-07
5.000000000000000000e+00 5.707908343922420442e-08
6.000000000000000000e+00 2.876409540216758311e-08
7.000000000000000000e+00 1.794542722270901626e-08
8.000000000000000000e+00 1.597877753671387934e-08
9.000000000000000000e+00 4.776668723636422265e-08
1.000000000000000000e+01 4.528997991530490840e-08
1.100000000000000000e+01 8.449085649514531098e-09
1.200000000000000000e+01 2.438087185543818865e-06
1.300000000000000000e+01 4.347372164321686503e-06
1.400000000000000000e+01 7.654171784336694380e-06
1.500000000000000000e+01 1.736228804332037001e-06
1.600000000000000000e+01 7.958190466707280376e-08
1.700000000000000000e+01 3.609144927116529912e-08
1.800000000000000000e+01 2.172154054932886123e-08
1.900000000000000000e+01 1.388904463701554872e-08
2.000000000000000000e+01 9.619763751126243872e-09
2.100000000000000000e+01 8.801977298030065447e-09
2.200000000000000000e+01 6.862363989585400595e-09
2.300000000000000000e+01 1.788798582590854405e-08
2.400000000000000000e+01 1.191496911334793518e-08
2.500000000000000000e+01 7.254428197721406911e-09
2.600000000000000000e+01 1.612684555591524034e-08
2.700000000000000000e+01 6.589900653007767386e-08
2.800000000000000000e+01 4.118095372308398717e-07
2.900000000000000000e+01 3.351689395352920718e-06
3.000000000000000000e+01 1.679237832962820886e-07
3.100000000000000000e+01 8.224979584141342246e-08
3.200000000000000000e+01 1.903464164630355861e-08
3.300000000000000000e+01 8.801579624876618885e-07
3.400000000000000000e+01 2.822477885254409955e-06
3.500000000000000000e+01 1.539751662627831674e-06
3.600000000000000000e+01 1.871033708271594070e-07
3.700000000000000000e+01 2.184735204660536549e-07
3.800000000000000000e+01 5.817618444086220295e-08
3.900000000000000000e+01 2.337002476656779961e-08
4.000000000000000000e+01 4.716590381407593865e-07
4.100000000000000000e+01 1.509352620415811307e-07
4.200000000000000000e+01 1.249644439614583556e-08
4.300000000000000000e+01 1.603092988606180905e-07
4.400000000000000000e+01 1.502729690796217183e-05
4.500000000000000000e+01 7.017204531602746554e-05
4.600000000000000000e+01 4.498252896770678015e-06
4.700000000000000000e+01 7.017117292750729703e-07
4.800000000000000000e+01 1.019040821068730489e-07
4.900000000000000000e+01 4.380930905205033472e-08
5.000000000000000000e+01 2.002085231236082655e-08
5.100000000000000000e+01 7.686485077105251253e-09
5.200000000000000000e+01 2.456820148957258443e-09
5.300000000000000000e+01 8.627115969177802862e-10
5.400000000000000000e+01 6.745147514382950779e-10
5.500000000000000000e+01 5.804026775985131444e-10
5.600000000000000000e+01 4.483732852546327412e-10
5.700000000000000000e+01 3.777672105761260846e-10
5.800000000000000000e+01 3.985633214294556457e-10
5.900000000000000000e+01 2.991514479556140615e-10
6.000000000000000000e+01 2.881988408334785588e-10
6.100000000000000000e+01 2.863053898234169524e-10
6.200000000000000000e+01 2.663907514496455818e-10
6.300000000000000000e+01 2.184744662016548742e-10
6.400000000000000000e+01 2.255230476219881944e-10
6.500000000000000000e+01 1.990466364168945796e-10
6.600000000000000000e+01 2.300934058681409921e-10
6.700000000000000000e+01 1.752257398843940083e-10
6.800000000000000000e+01 1.745596008064424364e-10
6.900000000000000000e+01 1.859084752854754221e-10
7.000000000000000000e+01 1.558714021595130912e-10
7.100000000000000000e+01 1.703825838112566964e-10
7.200000000000000000e+01 2.196334698039949736e-10
7.300000000000000000e+01 1.911769975200042204e-10
7.400000000000000000e+01 1.317931921643896862e-10
7.500000000000000000e+01 1.505876146637694276e-10
7.600000000000000000e+01 1.291002101089144355e-10
7.700000000000000000e+01 1.722598283382439873e-10
7.800000000000000000e+01 3.467555757610141621e-10
7.900000000000000000e+01 2.337294031306612700e-10
8.000000000000000000e+01 1.402953940520276313e-10
8.100000000000000000e+01 1.213910415731950966e-10
8.200000000000000000e+01 7.623061869209672140e-10
8.300000000000000000e+01 6.022051625223785860e-10
8.400000000000000000e+01 4.907073217542811358e-10
8.500000000000000000e+01 2.821950094236621348e-10
8.600000000000000000e+01 1.607367430019400829e-09
8.700000000000000000e+01 5.075953740845787157e-10
8.800000000000000000e+01 5.767774611127525229e-10
8.900000000000000000e+01 8.619187740144139690e-10
9.000000000000000000e+01 4.441519437389300599e-10
9.100000000000000000e+01 4.571323870799301174e-10
9.200000000000000000e+01 2.401808702380562628e-10
9.300000000000000000e+01 3.235903920447783214e-10
9.400000000000000000e+01 2.131072370977224480e-10
9.500000000000000000e+01 1.100305547853275610e-08
9.600000000000000000e+01 3.278561453182251607e-08
9.700000000000000000e+01 5.417730327479905763e-08
9.800000000000000000e+01 1.013451394349099269e-08
9.900000000000000000e+01 1.135163873159391648e-09
1.000000000000000000e+02 8.428878702482177064e-09
1.010000000000000000e+02 6.082722308999852213e-09
1.020000000000000000e+02 1.727520549837463493e-08
1.030000000000000000e+02 9.994205724045638969e-10
1.040000000000000000e+02 3.248438581086396150e-09
1.050000000000000000e+02 9.544447254902581463e-08
1.060000000000000000e+02 9.135754337117451184e-07
1.070000000000000000e+02 1.517469735310336712e-07
1.080000000000000000e+02 8.447462765940542528e-05
1.090000000000000000e+02 2.076555080233451694e-05
1.100000000000000000e+02 1.022027114232151627e-06
1.110000000000000000e+02 6.751875134592871292e-08
1.120000000000000000e+02 1.448496625204173024e-08
1.130000000000000000e+02 1.054112155593613239e-08
1.140000000000000000e+02 9.146121962653657748e-09
1.150000000000000000e+02 8.997230094451954039e-09
1.160000000000000000e+02 7.815906031820233733e-09
1.170000000000000000e+02 7.917141166104594594e-09
1.180000000000000000e+02 6.989560771749498909e-09
1.190000000000000000e+02 7.311550526770725486e-09
1.200000000000000000e+02 6.524074899095843720e-09
1.210000000000000000e+02 6.292518570472969197e-09
1.220000000000000000e+02 5.990943413114115478e-09
1.230000000000000000e+02 6.151939572792363745e-09
1.240000000000000000e+02 5.718951267146410993e-09
1.250000000000000000e+02 5.690982802901557467e-09
1.260000000000000000e+02 6.206418214439827672e-09
1.270000000000000000e+02 5.409644194934394774e-09
1.280000000000000000e+02 5.342121777325698841e-09
1.290000000000000000e+02 5.127134624861304643e-09
1.300000000000000000e+02 4.872905142389787387e-09
1.310000000000000000e+02 4.695182711362725660e-09
1.320000000000000000e+02 4.774613424601869878e-09
1.330000000000000000e+02 5.046602245383734357e-09
1.340000000000000000e+02 5.153948922008917429e-09
1.350000000000000000e+02 4.364580709334776281e-09
1.360000000000000000e+02 4.436669779644944712e-09
1.370000000000000000e+02 4.340205292610649589e-09
1.380000000000000000e+02 4.085780753643276228e-09
1.390000000000000000e+02 4.456991578264277227e-09
1.400000000000000000e+02 4.085556220269991564e-09
1.410000000000000000e+02 3.879088467739906923e-09
1.420000000000000000e+02 4.436094171931613862e-09
1.430000000000000000e+02 3.776005595377576097e-09
1.440000000000000000e+02 3.668799926751374171e-09
1.450000000000000000e+02 3.574946350962355594e-09
1.460000000000000000e+02 3.388994425180756400e-09
1.470000000000000000e+02 3.359121102067869037e-09
1.480000000000000000e+02 3.590753796563805920e-09
1.490000000000000000e+02 3.256308844507826731e-09
1.500000000000000000e+02 3.645707437445760968e-09
1.510000000000000000e+02 3.092685598456420429e-09
1.520000000000000000e+02 3.075589705378735350e-09
1.530000000000000000e+02 2.966612768734316148e-09
1.540000000000000000e+02 3.019468459900005322e-09
1.550000000000000000e+02 2.981217678492124370e-09
1.560000000000000000e+02 2.957358032830695109e-09
1.570000000000000000e+02 3.013550155211169045e-09
1.580000000000000000e+02 2.913969447658929818e-09
1.590000000000000000e+02 2.911813558051824052e-09
1.600000000000000000e+02 2.609052187738184875e-09
1.610000000000000000e+02 2.881050098602280787e-09
1.620000000000000000e+02 2.982005434438076933e-09
1.630000000000000000e+02 3.103986786146218177e-09
1.640000000000000000e+02 2.861798618115707625e-09
1.650000000000000000e+02 2.311767785541138793e-09
1.660000000000000000e+02 2.748255776620886546e-09
1.670000000000000000e+02 2.277298569562332145e-09
1.680000000000000000e+02 2.201301627097574874e-09
1.690000000000000000e+02 2.253212698866764577e-09
1.700000000000000000e+02 2.172575766029666168e-09
1.710000000000000000e+02 2.167627225448439668e-09
1.720000000000000000e+02 2.669800896793375937e-09
1.730000000000000000e+02 1.980123374503057416e-09
1.740000000000000000e+02 1.992133909834003123e-09
1.750000000000000000e+02 2.250022037164962156e-09
1.760000000000000000e+02 2.021943214862088830e-09
1.770000000000000000e+02 2.460537347789849346e-09
1.780000000000000000e+02 2.207605028458677119e-09
1.790000000000000000e+02 1.795045577808876392e-09
1.800000000000000000e+02 1.729417107879757377e-09
1.810000000000000000e+02 1.925163016409734851e-09
1.820000000000000000e+02 2.149842199929937358e-09
