0.000000000000000000e+00 4.269752272816172163e-05
1.000000000000000000e+00 3.502527414095265002e-06
2.000000000000000000e+00 8.063413216466332968e-07
3.000000000000000000e+00 3.852218923953265673e-07
4.000000000000000000e+00 1.171744860224393225e-07
5.000000000000000000e+00 1.001003264758949870e-07
6.000000000000000000e+00 1.846529546842468445e-07
7.000000000000000000e+00 1.539410341000973570e-07
8.000000000000000000e+00 5.910294094348474510e-08
9.000000000000000000e+00 6.946601120406547861e-08
1.000000000000000000e+01 9.978133636192095222e-08
1.100000000000000000e+01 8.539530609031764379e-08
1.200000000000000000e+01 1.335741242257333825e-07
1.300000000000000000e+01 1.230873276849025733e-07
1.400000000000000000e+01 6.785880702925811980e-08
1.500000000000000000e+01 4.903205289630000515e-08
1.600000000000000000e+01 4.187650833498757482e-08
1.700000000000000000e+01 5.220349790810326565e-08
1.800000000000000000e+01 1.167908398488915245e-07
1.900000000000000000e+01 9.854454665038458131e-08
2.000000000000000000e+01 6.663645856312778813e-08
2.100000000000000000e+01 5.248223037046518572e-08
2.200000000000000000e+01 8.627095711252461623e-08
2.300000000000000000e+01 7.703130550324140300e-08
2.400000000000000000e+01 7.646382155845476608e-08
2.500000000000000000e+01 3.767881560291273543e-07
2.600000000000000000e+01 5.765162186721434827e-07
2.700000000000000000e+01 9.690490556191752066e-08
2.800000000000000000e+01 3.462953597089915480e-08
2.900000000000000000e+01 1.645970195578640956e-08
3.000000000000000000e+01 1.250913725273113825e-08
3.100000000000000000e+01 1.625239234791785145e-08
3.200000000000000000e+01 1.819020926363632796e-08
3.300000000000000000e+01 1.400733743239006442e-08
3.400000000000000000e+01 1.655311985256492368e-08
3.500000000000000000e+01 1.213474429046768512e-08
3.600000000000000000e+01 1.134980795613540859e-08
3.700000000000000000e+01 1.294944580267202053e-08
3.800000000000000000e+01 1.517619873319118640e-08
3.900000000000000000e+01 4.605755263356103443e-08
4.000000000000000000e+01 4.378771329646740047e-08
4.100000000000000000e+01 3.109846224361032843e-08
4.200000000000000000e+01 1.654631825200711514e-08
4.300000000000000000e+01 2.651797060740549012e-08
4.400000000000000000e+01 7.621555481315817645e-08
4.500000000000000000e+01 2.091960009500598834e-07
4.600000000000000000e+01 6.369069503572049417e-08
4.700000000000000000e+01 4.683226310772803238e-08
4.800000000000000000e+01 1.803647219989528735e-08
4.900000000000000000e+01 1.557318674457643053e-08
5.000000000000000000e+01 1.453574368439082850e-08
5.100000000000000000e+01 1.812749154921438470e-08
5.200000000000000000e+01 1.709544254747863753e-08
5.300000000000000000e+01 1.106422865345657596e-08
5.400000000000000000e+01 1.856347437959530506e-08
5.500000000000000000e+01 9.612127346370518787e-09
5.600000000000000000e+01 1.333868994410043947e-08
5.700000000000000000e+01 3.404405391886003490e-08
5.800000000000000000e+01 3.132774634690802473e-07
5.900000000000000000e+01 4.102591359544879253e-07
6.000000000000000000e+01 5.981236910377589358e-07
6.100000000000000000e+01 5.563962048013673632e-07
6.200000000000000000e+01 3.029512276070512024e-07
6.300000000000000000e+01 9.949622853349918832e-08
6.400000000000000000e+01 8.819812901870241945e-08
6.500000000000000000e+01 5.387171286718311505e-08
6.600000000000000000e+01 1.400165114583602314e-08
6.700000000000000000e+01 9.843561760723090123e-09
6.800000000000000000e+01 1.345909857386182547e-08
6.900000000000000000e+01 1.045201395543454374e-08
7.000000000000000000e+01 1.058441990618634205e-08
7.100000000000000000e+01 1.157992922107537986e-08
7.200000000000000000e+01 1.327058943539417166e-08
7.300000000000000000e+01 1.158218974270820688e-08
7.400000000000000000e+01 1.393207202136167800e-08
7.500000000000000000e+01 1.338280911193274224e-08
7.600000000000000000e+01 9.558729729507904434e-09
7.700000000000000000e+01 9.355465161139797089e-09
7.800000000000000000e+01 1.104373475562329968e-08
7.900000000000000000e+01 1.109433730586978606e-08
8.000000000000000000e+01 8.687736952094349643e-09
8.100000000000000000e+01 1.105475822087919282e-08
8.200000000000000000e+01 9.879357229798774625e-09
8.300000000000000000e+01 9.207268975322501461e-09
8.400000000000000000e+01 8.239729378131435153e-09
8.500000000000000000e+01 7.132539211486254403e-09
8.600000000000000000e+01 8.651023788271561755e-09
8.700000000000000000e+01 1.652131726481929029e-08
8.800000000000000000e+01 3.350431319364812047e-08
8.900000000000000000e+01 1.888225106386491164e-08
9.000000000000000000e+01 1.324789297603383262e-08
9.100000000000000000e+01 9.141696962633734883e-09
9.200000000000000000e+01 1.165104838463847197e-08
9.300000000000000000e+01 1.146474634260429706e-08
9.400000000000000000e+01 1.333053466559929967e-08
9.500000000000000000e+01 2.305212442318496615e-08
9.600000000000000000e+01 1.692881362081281619e-08
9.700000000000000000e+01 1.406722538669096856e-08
9.800000000000000000e+01 1.663395669962281194e-08
9.900000000000000000e+01 5.115701047832512614e-08
1.000000000000000000e+02 3.472627523237803073e-08
1.010000000000000000e+02 1.728935194029467567e-08
1.020000000000000000e+02 1.668530480426693979e-08
1.030000000000000000e+02 8.228719557751148410e-09
1.040000000000000000e+02 8.158683870337578476e-09
1.050000000000000000e+02 1.096061964346137056e-08
1.060000000000000000e+02 9.955360840185166715e-09
1.070000000000000000e+02 8.524203570361075889e-09
1.080000000000000000e+02 8.246962132989812893e-09
1.090000000000000000e+02 9.540233741271107726e-09
1.100000000000000000e+02 8.382925073374443069e-09
1.110000000000000000e+02 1.189293690148392472e-08
1.120000000000000000e+02 1.779877409388036750e-08
1.130000000000000000e+02 1.706196688737608753e-08
1.140000000000000000e+02 1.239946594228335236e-08
1.150000000000000000e+02 9.306133265371334576e-09
1.160000000000000000e+02 1.188800778685828331e-08
1.170000000000000000e+02 1.144297242108501887e-08
1.180000000000000000e+02 1.364595078784411877e-08
1.190000000000000000e+02 1.294553441892335072e-08
1.200000000000000000e+02 1.525991908145375174e-08
1.210000000000000000e+02 1.154504813914525767e-08
1.220000000000000000e+02 1.315887824112142279e-08
