0.000000000000000000e+00 6.475810790332990619e-02
1.000000000000000000e+00 1.025914882416342202e-03
2.000000000000000000e+00 2.621724263122602021e-04
3.000000000000000000e+00 2.274764880685489841e-04
4.000000000000000000e+00 2.268488819206815376e-04
5.000000000000000000e+00 2.266973600220015110e-04
6.000000000000000000e+00 2.270165126305421783e-04
7.000000000000000000e+00 2.270058411441183731e-04
8.000000000000000000e+00 2.271238581921137818e-04
9.000000000000000000e+00 2.276245517921162049e-04
1.000000000000000000e+01 2.272989240314359123e-04
1.100000000000000000e+01 2.280747576708300867e-04
1.200000000000000000e+01 2.274497139985747927e-04
1.300000000000000000e+01 2.270392402966453266e-04
1.400000000000000000e+01 2.276072246128671287e-04
1.500000000000000000e+01 2.282277708917031559e-04
1.600000000000000000e+01 2.296930340930182285e-04
1.700000000000000000e+01 2.277618957886476489e-04
1.800000000000000000e+01 2.269649999610656287e-04
1.900000000000000000e+01 2.283273314602558195e-04
2.000000000000000000e+01 2.278780992698574599e-04
2.100000000000000000e+01 2.273912290605076682e-04
2.200000000000000000e+01 2.266585400622248643e-04
2.300000000000000000e+01 2.271427318028082943e-04
2.400000000000000000e+01 2.258471736647576719e-04
2.500000000000000000e+01 2.275543687701545058e-04
2.600000000000000000e+01 2.275734513088538793e-04
2.700000000000000000e+01 2.271367672726668852e-04
2.800000000000000000e+01 2.280985255630913215e-04
2.900000000000000000e+01 2.269648950377977194e-04
3.000000000000000000e+01 2.280706856732697663e-04
3.100000000000000000e+01 2.286580487434830642e-04
3.200000000000000000e+01 2.260754112507993717e-04
3.300000000000000000e+01 2.268802728104981194e-04
3.400000000000000000e+01 2.264340515375799431e-04
3.500000000000000000e+01 2.264206040485898107e-04
3.600000000000000000e+01 2.257121411074323352e-04
3.700000000000000000e+01 2.259083522044801322e-04
3.800000000000000000e+01 2.248337212131782835e-04
3.900000000000000000e+01 2.257356241695813830e-04
4.000000000000000000e+01 2.341149964852391068e-04
4.100000000000000000e+01 2.300102605260336908e-04
4.200000000000000000e+01 2.284243071029817102e-04
4.300000000000000000e+01 2.251598716061407814e-04
4.400000000000000000e+01 2.255348168920017144e-04
4.500000000000000000e+01 2.256323268410299866e-04
4.600000000000000000e+01 2.245888513933875792e-04
4.700000000000000000e+01 2.258607776799354319e-04
4.800000000000000000e+01 2.237023986668141271e-04
4.900000000000000000e+01 2.228360630318823045e-04
5.000000000000000000e+01 2.267930755573548964e-04
5.100000000000000000e+01 2.262682501837421679e-04
5.200000000000000000e+01 2.218346233255246228e-04
5.300000000000000000e+01 2.243068668389702769e-04
5.400000000000000000e+01 2.223511039005539585e-04
5.500000000000000000e+01 2.316759333591338304e-04
5.600000000000000000e+01 2.262334770137453173e-04
5.700000000000000000e+01 2.199537042168615278e-04
5.800000000000000000e+01 2.223977918836456981e-04
5.900000000000000000e+01 2.187411051723611884e-04
6.000000000000000000e+01 2.090001088686179083e-04
6.100000000000000000e+01 1.975853492856301903e-04
6.200000000000000000e+01 1.667516218717313592e-04
6.300000000000000000e+01 1.370136749371893194e-04
6.400000000000000000e+01 1.243635511886251527e-04
6.500000000000000000e+01 6.836942598899271959e-05
6.600000000000000000e+01 7.017391898373483399e-05
6.700000000000000000e+01 5.868665618555074065e-05
6.800000000000000000e+01 1.733708317402726657e-05
6.900000000000000000e+01 1.106598578687825237e-05
7.000000000000000000e+01 1.331575665978928570e-05
7.100000000000000000e+01 9.681973024787520610e-06
7.200000000000000000e+01 9.451824076012788037e-06
7.300000000000000000e+01 1.036284639939731137e-05
7.400000000000000000e+01 2.054785276006539346e-05
7.500000000000000000e+01 1.821691347640620417e-05
7.600000000000000000e+01 1.275978640325176203e-05
7.700000000000000000e+01 1.031742885234823022e-05
7.800000000000000000e+01 8.725892536106173668e-06
7.900000000000000000e+01 1.005449334619806875e-05
8.000000000000000000e+01 9.144881806904174386e-06
8.100000000000000000e+01 8.523947690621622045e-06
8.200000000000000000e+01 8.420903104280458071e-06
8.300000000000000000e+01 8.050789632626567785e-06
8.400000000000000000e+01 7.858608925743936017e-06
8.500000000000000000e+01 7.991653679468801682e-06
8.600000000000000000e+01 8.517862323330925632e-06
8.700000000000000000e+01 1.017117917676502827e-05
8.800000000000000000e+01 8.126334746512042494e-06
8.900000000000000000e+01 7.618686891355960927e-06
9.000000000000000000e+01 8.364789204720253455e-06
9.100000000000000000e+01 7.313900957912262481e-06
9.200000000000000000e+01 9.165162836359123558e-06
9.300000000000000000e+01 9.036472601818187065e-06
9.400000000000000000e+01 7.318530410630468103e-06
9.500000000000000000e+01 8.327156390836326519e-06
9.600000000000000000e+01 7.803913265172217987e-06
9.700000000000000000e+01 7.429208311322119991e-06
9.800000000000000000e+01 7.112854891821428057e-06
9.900000000000000000e+01 7.888162312107535707e-06
1.000000000000000000e+02 1.399068606401637992e-05
1.010000000000000000e+02 9.098794811307889645e-06
1.020000000000000000e+02 8.516937019711236906e-06
1.030000000000000000e+02 7.947076165710168034e-06
1.040000000000000000e+02 6.565962984150205926e-06
1.050000000000000000e+02 6.916531031927001529e-06
1.060000000000000000e+02 7.808319798562450507e-06
1.070000000000000000e+02 9.569274497726562137e-06
1.080000000000000000e+02 7.955806072390006288e-06
1.090000000000000000e+02 7.348877530901945748e-06
1.100000000000000000e+02 6.872436089181818576e-06
1.110000000000000000e+02 7.128602593495697455e-06
1.120000000000000000e+02 6.664181637330783159e-06
1.130000000000000000e+02 6.311483163507274969e-06
1.140000000000000000e+02 6.956105412903552838e-06
1.150000000000000000e+02 6.257252442609891106e-06
1.160000000000000000e+02 6.413710988200118039e-06
1.170000000000000000e+02 7.371561118111686012e-06
1.180000000000000000e+02 9.171195839917397041e-06
1.190000000000000000e+02 9.103370513367254881e-06
1.200000000000000000e+02 6.792914267276856938e-06
1.210000000000000000e+02 6.819785572552681463e-06
1.220000000000000000e+02 6.787447759875628505e-06
1.230000000000000000e+02 6.360654334269844032e-06
1.240000000000000000e+02 6.849519224903864289e-06
1.250000000000000000e+02 5.676265776997695249e-06
1.260000000000000000e+02 6.380362729252789087e-06
1.270000000000000000e+02 7.108113642483344856e-06
1.280000000000000000e+02 5.468286051035970234e-06
1.290000000000000000e+02 5.198341256243053990e-06
1.300000000000000000e+02 5.432150782793878061e-06
1.310000000000000000e+02 5.412203880597184621e-06
1.320000000000000000e+02 5.555317762455295289e-06
1.330000000000000000e+02 5.626936208644183295e-06
1.340000000000000000e+02 5.185354103441084356e-06
1.350000000000000000e+02 5.209026541272903055e-06
1.360000000000000000e+02 5.358190196393376727e-06
1.370000000000000000e+02 5.228702485221710057e-06
1.380000000000000000e+02 6.026804724105582900e-06
1.390000000000000000e+02 5.090726119272831650e-06
1.400000000000000000e+02 5.265126567368185018e-06
1.410000000000000000e+02 5.162940509074181062e-06
1.420000000000000000e+02 5.235696447510345861e-06
1.430000000000000000e+02 5.130702309919709720e-06
1.440000000000000000e+02 6.098677022575877820e-06
1.450000000000000000e+02 6.278905632939133623e-06
1.460000000000000000e+02 6.262142823905881997e-06
1.470000000000000000e+02 4.823879152559856023e-06
1.480000000000000000e+02 5.319793074500593454e-06
1.490000000000000000e+02 4.534518232147049599e-06
1.500000000000000000e+02 4.427868198457382159e-06
1.510000000000000000e+02 4.425699713204053575e-06
1.520000000000000000e+02 4.503444087215463470e-06
1.530000000000000000e+02 7.961541894828221678e-06
1.540000000000000000e+02 6.198423552699347366e-06
1.550000000000000000e+02 4.277125870652074046e-06
1.560000000000000000e+02 4.427199727113211996e-06
1.570000000000000000e+02 4.441378547326671544e-06
1.580000000000000000e+02 4.166674363850164135e-06
1.590000000000000000e+02 4.418139723338071485e-06
1.600000000000000000e+02 5.566544335857706810e-06
1.610000000000000000e+02 5.431673521945811388e-06
1.620000000000000000e+02 4.407229350811084740e-06
1.630000000000000000e+02 3.870287753742270183e-06
1.640000000000000000e+02 4.197706538424362085e-06
1.650000000000000000e+02 4.123603823103037108e-06
1.660000000000000000e+02 9.390225603044527803e-06
1.670000000000000000e+02 1.133514066070224009e-05
1.680000000000000000e+02 4.267360549640903182e-06
1.690000000000000000e+02 4.152681840518402213e-06
1.700000000000000000e+02 4.028447268115644760e-06
1.710000000000000000e+02 4.302062424580868860e-06
1.720000000000000000e+02 3.748221113387394115e-06
1.730000000000000000e+02 4.210048938217284910e-06
1.740000000000000000e+02 3.668367183615042869e-06
1.750000000000000000e+02 4.335982858594716169e-06
1.760000000000000000e+02 3.555064313286567863e-06
1.770000000000000000e+02 3.976281370754664343e-06
1.780000000000000000e+02 4.023237037471290261e-06
1.790000000000000000e+02 4.059405219518996595e-06
1.800000000000000000e+02 4.277678624040161324e-06
1.810000000000000000e+02 3.753794081504990858e-06
1.820000000000000000e+02 4.312708306005095405e-06
1.830000000000000000e+02 4.558619685159319283e-06
1.840000000000000000e+02 5.039798909931392953e-06
1.850000000000000000e+02 6.949060361148700639e-06
1.860000000000000000e+02 3.813910203744228431e-06
1.870000000000000000e+02 4.008935760902162909e-06
1.880000000000000000e+02 3.875038239058198436e-06
1.890000000000000000e+02 3.818682365555586534e-06
1.900000000000000000e+02 3.327108274133298876e-06
1.910000000000000000e+02 4.731591332150206093e-06
1.920000000000000000e+02 3.774135538623755015e-06
1.930000000000000000e+02 6.302226182677615228e-06
1.940000000000000000e+02 4.163269947266884785e-06
1.950000000000000000e+02 1.256828184694499571e-05
1.960000000000000000e+02 6.582367051617171799e-06
1.970000000000000000e+02 5.857364632864002884e-06
1.980000000000000000e+02 3.238537675358139477e-06
1.990000000000000000e+02 3.075357008138527716e-06
2.000000000000000000e+02 3.420327974713066784e-06
2.010000000000000000e+02 3.338768012558204156e-06
2.020000000000000000e+02 3.604376055493432925e-06
2.030000000000000000e+02 3.160164627326384187e-06
2.040000000000000000e+02 3.557217037898147446e-06
2.050000000000000000e+02 4.343908427995421476e-06
2.060000000000000000e+02 6.615412566230393240e-06
2.070000000000000000e+02 3.529159517054174559e-06
2.080000000000000000e+02 4.119515826042451311e-06
2.090000000000000000e+02 4.418261381093398193e-06
2.100000000000000000e+02 3.388594394748650747e-06
2.110000000000000000e+02 2.948824055672623943e-06
2.120000000000000000e+02 3.758534741263311434e-06
2.130000000000000000e+02 6.747227879165966342e-06
2.140000000000000000e+02 3.779370725831293993e-06
2.150000000000000000e+02 4.461470939264910519e-06
2.160000000000000000e+02 3.459317349375778757e-06
2.170000000000000000e+02 7.830885387187947605e-06
2.180000000000000000e+02 3.033862816859994756e-06
2.190000000000000000e+02 4.091190724372919511e-06
2.200000000000000000e+02 3.085957466366735037e-06
2.210000000000000000e+02 3.773608316016098979e-06
2.220000000000000000e+02 1.236449141923451404e-05
2.230000000000000000e+02 6.899847686102174161e-06
2.240000000000000000e+02 2.944222918041629585e-06
2.250000000000000000e+02 3.833196636631128556e-06
2.260000000000000000e+02 6.401727429186854961e-06
2.270000000000000000e+02 1.631985118902746937e-05
2.280000000000000000e+02 3.384349709740209119e-06
2.290000000000000000e+02 2.825898367528946266e-06
2.300000000000000000e+02 3.504991059960464394e-06
2.310000000000000000e+02 4.514876073472631350e-06
2.320000000000000000e+02 3.006270697543424390e-06
2.330000000000000000e+02 2.966790949534385258e-06
2.340000000000000000e+02 3.032181746179513828e-06
2.350000000000000000e+02 2.787181648579088153e-06
2.360000000000000000e+02 3.097699388540741924e-06
2.370000000000000000e+02 3.230312655550394884e-06
2.380000000000000000e+02 2.919484962543203117e-06
2.390000000000000000e+02 2.793934770298964696e-06
2.400000000000000000e+02 3.373802282211064320e-06
2.410000000000000000e+02 3.651592086389132223e-06
2.420000000000000000e+02 3.592862026952994271e-06
2.430000000000000000e+02 4.697048062079656831e-06
2.440000000000000000e+02 4.141557903782576016e-06
2.450000000000000000e+02 3.046958823051099837e-06
2.460000000000000000e+02 3.148166578960918519e-06
2.470000000000000000e+02 2.945772999872333629e-06
2.480000000000000000e+02 3.608195267243091587e-06
2.490000000000000000e+02 2.781079891125146518e-06
2.500000000000000000e+02 3.180924056166477894e-06
2.510000000000000000e+02 3.587953753869168511e-06
2.520000000000000000e+02 2.862765982171809610e-06
2.530000000000000000e+02 3.168914343357722656e-06
2.540000000000000000e+02 6.688509056257346634e-06
2.550000000000000000e+02 1.269586806473199153e-05
2.560000000000000000e+02 7.573591498446092521e-06
2.570000000000000000e+02 2.961164919934904176e-06
2.580000000000000000e+02 2.695498925257980065e-06
2.590000000000000000e+02 2.670558112612367114e-06
2.600000000000000000e+02 2.549163083550655382e-06
2.610000000000000000e+02 2.890941329068921828e-06
2.620000000000000000e+02 3.327472017318068853e-06
2.630000000000000000e+02 2.993941825392754179e-06
2.640000000000000000e+02 3.419567626631561244e-06
2.650000000000000000e+02 6.896297505794426372e-06
2.660000000000000000e+02 4.455186296752655242e-06
2.670000000000000000e+02 4.947928487425012533e-06
2.680000000000000000e+02 4.791059454923022232e-06
2.690000000000000000e+02 7.176460183671304854e-06
2.700000000000000000e+02 3.040220011252690663e-06
2.710000000000000000e+02 3.707611839748076780e-06
2.720000000000000000e+02 3.625643954786974131e-06
2.730000000000000000e+02 3.325922861080572336e-06
2.740000000000000000e+02 5.027036143660142571e-06
2.750000000000000000e+02 2.715950880724505006e-06
2.760000000000000000e+02 3.077393029954893679e-06
2.770000000000000000e+02 2.990793430833070784e-06
2.780000000000000000e+02 3.862258508990905838e-06
2.790000000000000000e+02 3.353413852420901901e-06
2.800000000000000000e+02 3.467443243312237828e-06
2.810000000000000000e+02 3.052494901806050981e-06
2.820000000000000000e+02 3.953259919982241317e-06
2.830000000000000000e+02 4.033202215048861809e-06
2.840000000000000000e+02 2.709515658768732697e-06
2.850000000000000000e+02 2.774216942396517610e-06
2.860000000000000000e+02 2.640242981811039232e-06
2.870000000000000000e+02 2.531845570415271853e-06
2.880000000000000000e+02 5.856264933744517296e-06
2.890000000000000000e+02 1.243940338843315303e-05
2.900000000000000000e+02 3.967231954156366071e-06
2.910000000000000000e+02 3.265660050142051717e-06
2.920000000000000000e+02 2.777029090378290539e-06
2.930000000000000000e+02 2.548879315497401352e-06
2.940000000000000000e+02 2.490621779301694758e-06
2.950000000000000000e+02 2.704923550810626006e-06
2.960000000000000000e+02 3.083144016675277716e-06
2.970000000000000000e+02 2.503709268311684840e-06
2.980000000000000000e+02 3.152704198912197828e-06
2.990000000000000000e+02 3.094927536245073468e-06
3.000000000000000000e+02 2.890505101964149523e-06
3.010000000000000000e+02 7.977518044647244219e-06
3.020000000000000000e+02 3.728253330419186288e-06
3.030000000000000000e+02 3.319905130600225278e-06
3.040000000000000000e+02 2.570456304093379972e-06
3.050000000000000000e+02 2.603120487425083907e-06
3.060000000000000000e+02 3.722332402101123807e-06
3.070000000000000000e+02 2.410960539645236646e-06
3.080000000000000000e+02 3.069150882804167257e-06
3.090000000000000000e+02 3.655945810535643266e-06
3.100000000000000000e+02 2.900448924261821507e-06
3.110000000000000000e+02 6.605331831923725057e-06
3.120000000000000000e+02 2.966138486497400111e-06
3.130000000000000000e+02 2.932734675184585415e-06
3.140000000000000000e+02 3.548197923845957591e-06
3.150000000000000000e+02 2.818942642235367709e-06
3.160000000000000000e+02 2.428331183217790213e-06
3.170000000000000000e+02 2.764324606149265892e-06
3.180000000000000000e+02 2.887277006966711181e-06
3.190000000000000000e+02 2.645546528213855623e-06
3.200000000000000000e+02 3.213407247116148697e-06
3.210000000000000000e+02 2.733489246189505324e-06
3.220000000000000000e+02 3.875740992804818149e-06
3.230000000000000000e+02 2.842860372348522459e-06
3.240000000000000000e+02 3.194584010124919675e-06
3.250000000000000000e+02 2.678170351653566554e-06
3.260000000000000000e+02 2.735132746264279643e-06
3.270000000000000000e+02 4.802672664774779058e-06
3.280000000000000000e+02 4.818769388905397594e-06
3.290000000000000000e+02 5.836682534201582742e-06
3.300000000000000000e+02 6.567038502944758619e-06
3.310000000000000000e+02 2.768149200276817969e-06
3.320000000000000000e+02 2.739550118686113305e-06
3.330000000000000000e+02 2.915753091022658432e-06
3.340000000000000000e+02 3.061105598100046859e-06
3.350000000000000000e+02 3.198494577579809804e-06
3.360000000000000000e+02 3.409324757545336364e-06
3.370000000000000000e+02 4.228020472164823872e-06
3.380000000000000000e+02 3.084158518884056467e-06
3.390000000000000000e+02 2.868192847635707029e-06
3.400000000000000000e+02 2.545871580606352645e-06
3.410000000000000000e+02 3.194730502696574473e-06
3.420000000000000000e+02 4.605801316157377158e-06
3.430000000000000000e+02 2.907538816148769791e-06
3.440000000000000000e+02 3.374153956497195713e-06
3.450000000000000000e+02 2.949338656483603628e-06
3.460000000000000000e+02 3.893806749560716029e-06
3.470000000000000000e+02 3.401684176286228697e-06
3.480000000000000000e+02 3.662868032973221994e-06
3.490000000000000000e+02 2.444617199159336730e-06
3.500000000000000000e+02 2.707937421865023135e-06
3.510000000000000000e+02 2.435309733967036603e-06
3.520000000000000000e+02 3.028594371065591389e-06
3.530000000000000000e+02 3.602347639517949979e-06
3.540000000000000000e+02 3.069000289538901269e-06
3.550000000000000000e+02 5.879911422667853667e-06
3.560000000000000000e+02 3.058929613186973002e-06
3.570000000000000000e+02 2.333951357804347209e-06
3.580000000000000000e+02 2.438083515852424759e-06
3.590000000000000000e+02 2.643967141035909680e-06
3.600000000000000000e+02 2.551593498838545442e-06
3.610000000000000000e+02 2.753495298267345273e-06
3.620000000000000000e+02 2.645504428965231618e-06
3.630000000000000000e+02 2.898079038416587558e-06
3.640000000000000000e+02 2.826024199473651012e-06
3.650000000000000000e+02 2.661220328100282429e-06
3.660000000000000000e+02 3.797929411555286586e-06
3.670000000000000000e+02 4.721151118373779260e-06
3.680000000000000000e+02 5.328516502845460677e-06
3.690000000000000000e+02 2.896173854582823602e-06
3.700000000000000000e+02 2.569342132625248019e-06
3.710000000000000000e+02 3.177197903781411146e-06
3.720000000000000000e+02 3.244196827990565040e-06
3.730000000000000000e+02 2.376589752557006671e-06
3.740000000000000000e+02 2.566926721705955151e-06
3.750000000000000000e+02 3.528367581605091534e-06
3.760000000000000000e+02 3.055468745054796920e-06
3.770000000000000000e+02 2.621658151465185149e-06
3.780000000000000000e+02 2.622740732650701140e-06
3.790000000000000000e+02 3.478118556569905547e-06
3.800000000000000000e+02 3.120588641409039847e-06
3.810000000000000000e+02 2.914042852160096833e-06
3.820000000000000000e+02 4.062394386713696433e-06
3.830000000000000000e+02 3.340669202309035239e-06
3.840000000000000000e+02 2.724345400964703032e-06
3.850000000000000000e+02 2.387610281330654707e-06
3.860000000000000000e+02 3.435861884844242624e-06
3.870000000000000000e+02 8.090839617108695219e-06
3.880000000000000000e+02 3.583648503363565766e-06
3.890000000000000000e+02 2.411344046730516370e-06
3.900000000000000000e+02 2.500554458269970159e-06
3.910000000000000000e+02 2.600232752374601077e-06
3.920000000000000000e+02 2.784405861806646367e-06
3.930000000000000000e+02 2.423923150546350340e-06
3.940000000000000000e+02 2.756460815263946947e-06
3.950000000000000000e+02 2.953525414417869138e-06
3.960000000000000000e+02 3.398601319448113648e-06
3.970000000000000000e+02 2.674893811584044146e-06
3.980000000000000000e+02 2.617801508603309930e-06
3.990000000000000000e+02 2.565843552937358502e-06
4.000000000000000000e+02 3.027339257310091781e-06
4.010000000000000000e+02 2.627470760298344128e-06
4.020000000000000000e+02 2.744494864724998947e-06
4.030000000000000000e+02 2.567279575745813877e-06
4.040000000000000000e+02 2.331646222256592118e-06
4.050000000000000000e+02 3.169591728517828686e-06
4.060000000000000000e+02 2.808698893440952652e-06
4.070000000000000000e+02 2.860088385795801061e-06
4.080000000000000000e+02 2.496300428549678216e-06
4.090000000000000000e+02 2.373372905845749566e-06
4.100000000000000000e+02 2.744433687563034922e-06
4.110000000000000000e+02 2.418748956370902970e-06
4.120000000000000000e+02 2.562654194358233217e-06
4.130000000000000000e+02 2.817900939339289918e-06
4.140000000000000000e+02 2.613149551881043738e-06
4.150000000000000000e+02 3.438547314523136535e-06
4.160000000000000000e+02 2.594562496562874584e-06
4.170000000000000000e+02 3.028999044301661524e-06
4.180000000000000000e+02 2.595843367833527080e-06
4.190000000000000000e+02 3.376969585853190155e-06
4.200000000000000000e+02 3.446954031278165193e-06
4.210000000000000000e+02 2.560028268363267972e-06
4.220000000000000000e+02 2.594348972350169419e-06
4.230000000000000000e+02 2.522144185484704061e-06
4.240000000000000000e+02 2.791318852134744361e-06
4.250000000000000000e+02 2.558779300983543578e-06
4.260000000000000000e+02 3.386361592487944660e-06
4.270000000000000000e+02 2.623030741064234470e-06
4.280000000000000000e+02 2.818353764036497780e-06
4.290000000000000000e+02 2.702477017266784801e-06
4.300000000000000000e+02 2.530409052319946540e-06
4.310000000000000000e+02 2.529364727701804417e-06
4.320000000000000000e+02 4.032415756011775991e-06
4.330000000000000000e+02 3.097899963673128181e-06
4.340000000000000000e+02 2.673957709458151172e-06
4.350000000000000000e+02 2.637498415952000679e-06
4.360000000000000000e+02 2.408255709048742556e-06
4.370000000000000000e+02 2.440865160721109255e-06
4.380000000000000000e+02 2.744801337943853942e-06
4.390000000000000000e+02 2.809934693340057834e-06
4.400000000000000000e+02 2.701041310724627567e-06
4.410000000000000000e+02 2.375728471014400848e-06
4.420000000000000000e+02 3.169762324526036090e-06
4.430000000000000000e+02 2.876044202097463541e-06
4.440000000000000000e+02 3.218974879696869724e-06
4.450000000000000000e+02 2.714874485989207984e-06
4.460000000000000000e+02 3.748602678176543017e-06
4.470000000000000000e+02 2.371822510208149471e-06
4.480000000000000000e+02 2.331790779795702715e-06
4.490000000000000000e+02 2.500953518298719736e-06
4.500000000000000000e+02 3.411659613244935899e-06
4.510000000000000000e+02 3.009416676030870827e-06
4.520000000000000000e+02 2.494382990106060085e-06
4.530000000000000000e+02 2.478909443640427369e-06
4.540000000000000000e+02 2.487422019778812954e-06
4.550000000000000000e+02 2.889367366054782086e-06
4.560000000000000000e+02 2.680798271987044527e-06
4.570000000000000000e+02 2.529753327662199455e-06
4.580000000000000000e+02 2.562194516308450667e-06
4.590000000000000000e+02 2.622126870968351058e-06
4.600000000000000000e+02 2.497440760250359704e-06
4.610000000000000000e+02 2.350834540454406011e-06
4.620000000000000000e+02 2.869044468528176211e-06
4.630000000000000000e+02 2.588251921198248312e-06
4.640000000000000000e+02 3.313387898858465613e-06
4.650000000000000000e+02 3.061785070254062350e-06
4.660000000000000000e+02 2.613139890870892261e-06
4.670000000000000000e+02 2.333843151558977729e-06
4.680000000000000000e+02 2.379409799721905119e-06
4.690000000000000000e+02 2.451868584918215210e-06
4.700000000000000000e+02 2.427376486324756118e-06
4.710000000000000000e+02 2.873401370623076147e-06
4.720000000000000000e+02 2.400444389708254546e-06
4.730000000000000000e+02 2.451461200858548382e-06
4.740000000000000000e+02 3.194619755813505755e-06
4.750000000000000000e+02 2.990971587437381755e-06
4.760000000000000000e+02 2.406646018367161071e-06
4.770000000000000000e+02 2.590954697448972502e-06
4.780000000000000000e+02 2.424238469114610876e-06
4.790000000000000000e+02 2.539707495047213816e-06
4.800000000000000000e+02 2.351690493416949002e-06
4.810000000000000000e+02 2.536901602075482812e-06
4.820000000000000000e+02 2.431009676242508548e-06
4.830000000000000000e+02 2.454209224972344849e-06
4.840000000000000000e+02 3.299238375207298267e-06
4.850000000000000000e+02 2.728808562165406860e-06
4.860000000000000000e+02 2.532065056712243906e-06
4.870000000000000000e+02 2.461091034996863244e-06
4.880000000000000000e+02 2.482504148898744481e-06
4.890000000000000000e+02 2.580439401830055007e-06
4.900000000000000000e+02 2.506155633306361365e-06
4.910000000000000000e+02 2.524533441984761143e-06
4.920000000000000000e+02 2.488550573372595334e-06
4.930000000000000000e+02 3.126579562756446620e-06
4.940000000000000000e+02 2.995288071352521103e-06
4.950000000000000000e+02 2.501479587397895276e-06
4.960000000000000000e+02 2.626937987346624140e-06
4.970000000000000000e+02 3.429031546268751686e-06
4.980000000000000000e+02 4.489941210365013792e-06
4.990000000000000000e+02 3.794212647442605479e-06
5.000000000000000000e+02 2.502843414372750963e-06
5.010000000000000000e+02 2.359900766545322433e-06
5.020000000000000000e+02 2.362079542188169129e-06
5.030000000000000000e+02 2.326368858374199865e-06
5.040000000000000000e+02 2.376270414951065165e-06
5.050000000000000000e+02 2.401925472793751506e-06
5.060000000000000000e+02 2.317726353332837409e-06
5.070000000000000000e+02 2.320383779897989152e-06
5.080000000000000000e+02 2.443926889136237664e-06
5.090000000000000000e+02 2.888418338275943408e-06
5.100000000000000000e+02 2.494921977610529941e-06
5.110000000000000000e+02 2.476827708010869843e-06
5.120000000000000000e+02 2.441326495987775414e-06
5.130000000000000000e+02 2.400603474745615620e-06
5.140000000000000000e+02 2.369055890587609817e-06
5.150000000000000000e+02 2.591490653597261949e-06
5.160000000000000000e+02 2.412967658626724139e-06
5.170000000000000000e+02 2.397346681587674146e-06
5.180000000000000000e+02 2.423885968016794248e-06
5.190000000000000000e+02 2.492133557412975044e-06
5.200000000000000000e+02 2.382206028309897684e-06
5.210000000000000000e+02 2.475264023084953890e-06
5.220000000000000000e+02 3.052032116673817879e-06
5.230000000000000000e+02 2.543229848278239227e-06
5.240000000000000000e+02 2.873246374028452001e-06
5.250000000000000000e+02 2.420665997932541526e-06
5.260000000000000000e+02 2.342607438998664029e-06
5.270000000000000000e+02 2.366727933913967328e-06
5.280000000000000000e+02 2.904143094724517795e-06
5.290000000000000000e+02 2.526302818594070066e-06
5.300000000000000000e+02 2.504948427334893910e-06
5.310000000000000000e+02 2.399186927469982956e-06
5.320000000000000000e+02 2.546940438894385122e-06
5.330000000000000000e+02 2.582584568271393574e-06
5.340000000000000000e+02 2.476487925539701078e-06
5.350000000000000000e+02 2.568595040679213346e-06
5.360000000000000000e+02 2.725850744877218732e-06
5.370000000000000000e+02 2.538171222793948237e-06
5.380000000000000000e+02 2.567271337864987152e-06
5.390000000000000000e+02 2.511709182558257903e-06
5.400000000000000000e+02 2.391769447645450900e-06
5.410000000000000000e+02 2.470477439085313481e-06
5.420000000000000000e+02 2.532695290050078257e-06
5.430000000000000000e+02 2.440618406319918879e-06
5.440000000000000000e+02 2.375566041855893463e-06
5.450000000000000000e+02 2.422399537617925994e-06
5.460000000000000000e+02 2.375336669713096578e-06
5.470000000000000000e+02 2.541788652015349804e-06
5.480000000000000000e+02 2.456808939502305629e-06
5.490000000000000000e+02 3.035851023505913213e-06
5.500000000000000000e+02 2.651371830712766603e-06
5.510000000000000000e+02 2.557097955089133212e-06
5.520000000000000000e+02 2.667987786298018874e-06
5.530000000000000000e+02 2.356190718486075774e-06
5.540000000000000000e+02 2.373039866920210204e-06
5.550000000000000000e+02 2.527885812280683175e-06
5.560000000000000000e+02 2.324390178111699381e-06
5.570000000000000000e+02 2.345361772936580689e-06
5.580000000000000000e+02 2.374553794044445502e-06
5.590000000000000000e+02 2.474986515000196002e-06
5.600000000000000000e+02 2.435645447365865535e-06
5.610000000000000000e+02 2.415203220038559489e-06
5.620000000000000000e+02 2.766544707662101274e-06
5.630000000000000000e+02 2.695139247453023713e-06
5.640000000000000000e+02 2.355953654131186124e-06
5.650000000000000000e+02 2.645831453075367085e-06
5.660000000000000000e+02 2.430088450350763185e-06
5.670000000000000000e+02 2.437960689472039827e-06
5.680000000000000000e+02 2.467451753206163044e-06
5.690000000000000000e+02 2.377600211582327878e-06
5.700000000000000000e+02 2.361595254296610940e-06
5.710000000000000000e+02 2.307631802634459967e-06
5.720000000000000000e+02 2.744530628637951203e-06
5.730000000000000000e+02 2.420907655869947631e-06
5.740000000000000000e+02 2.423106167710119564e-06
5.750000000000000000e+02 2.417099767968378689e-06
5.760000000000000000e+02 2.418833301828524031e-06
5.770000000000000000e+02 2.391836728521411828e-06
5.780000000000000000e+02 2.445888342726570477e-06
5.790000000000000000e+02 2.336522309191726251e-06
5.800000000000000000e+02 2.399691083273118178e-06
5.810000000000000000e+02 2.530449254173006583e-06
5.820000000000000000e+02 3.049234843443740907e-06
5.830000000000000000e+02 2.458304847221880429e-06
5.840000000000000000e+02 2.369243397656851915e-06
5.850000000000000000e+02 2.435286296227070529e-06
5.860000000000000000e+02 2.482841081377975767e-06
5.870000000000000000e+02 2.797347665850462046e-06
5.880000000000000000e+02 2.328428491975978604e-06
5.890000000000000000e+02 2.382454051136958802e-06
5.900000000000000000e+02 2.407186727910549655e-06
5.910000000000000000e+02 2.343010511283992745e-06
5.920000000000000000e+02 2.467142558254420391e-06
5.930000000000000000e+02 2.309878777658267518e-06
5.940000000000000000e+02 2.319035977199685592e-06
5.950000000000000000e+02 2.323622998623992093e-06
5.960000000000000000e+02 2.488574125255348495e-06
5.970000000000000000e+02 2.388467490663260361e-06
5.980000000000000000e+02 2.308516539800543511e-06
5.990000000000000000e+02 2.442457620787720647e-06
6.000000000000000000e+02 2.455760622774489176e-06
6.010000000000000000e+02 2.420906943434703521e-06
6.020000000000000000e+02 2.399829038011603049e-06
6.030000000000000000e+02 2.472510728812724298e-06
6.040000000000000000e+02 2.799248585240948876e-06
6.050000000000000000e+02 2.400647859881384377e-06
6.060000000000000000e+02 2.394034493358350785e-06
6.070000000000000000e+02 2.370106083627294936e-06
6.080000000000000000e+02 2.331457363259227720e-06
6.090000000000000000e+02 2.327589234528760820e-06
6.100000000000000000e+02 2.368922398662124837e-06
6.110000000000000000e+02 2.392151197336173445e-06
6.120000000000000000e+02 2.364616724764052394e-06
6.130000000000000000e+02 2.403489598190042967e-06
6.140000000000000000e+02 2.410208583037518612e-06
6.150000000000000000e+02 2.366183331826525104e-06
6.160000000000000000e+02 2.372343935319198814e-06
6.170000000000000000e+02 2.425495917195940551e-06
6.180000000000000000e+02 2.488582777774557290e-06
6.190000000000000000e+02 2.424243097085692595e-06
6.200000000000000000e+02 2.330309998833806534e-06
6.210000000000000000e+02 2.357347142521809120e-06
6.220000000000000000e+02 2.437339699396986190e-06
6.230000000000000000e+02 2.352186500794244005e-06
6.240000000000000000e+02 2.559913177860761751e-06
6.250000000000000000e+02 2.365464734950887896e-06
6.260000000000000000e+02 2.398395323270283407e-06
6.270000000000000000e+02 2.345612000541193861e-06
6.280000000000000000e+02 2.325643898450571993e-06
6.290000000000000000e+02 2.357186508291893309e-06
6.300000000000000000e+02 2.442616623649509916e-06
6.310000000000000000e+02 2.470205315494530433e-06
6.320000000000000000e+02 2.457536919705636006e-06
6.330000000000000000e+02 2.490191668222112105e-06
6.340000000000000000e+02 2.370263459978584467e-06
6.350000000000000000e+02 2.434059379196051966e-06
6.360000000000000000e+02 2.477515612221074206e-06
6.370000000000000000e+02 2.346421454813214095e-06
6.380000000000000000e+02 2.719555199985625732e-06
6.390000000000000000e+02 2.404858509262540185e-06
6.400000000000000000e+02 2.330558584276332512e-06
6.410000000000000000e+02 2.368069593106646909e-06
6.420000000000000000e+02 2.378620366617370927e-06
6.430000000000000000e+02 2.393538169144979754e-06
6.440000000000000000e+02 2.394144575125838281e-06
6.450000000000000000e+02 2.342426783979573773e-06
6.460000000000000000e+02 2.371333431419494653e-06
6.470000000000000000e+02 2.471217499362169056e-06
6.480000000000000000e+02 2.359001990966517962e-06
6.490000000000000000e+02 2.373745884106670494e-06
6.500000000000000000e+02 2.332878206449917716e-06
6.510000000000000000e+02 2.355898007636117762e-06
6.520000000000000000e+02 2.341484849140505760e-06
6.530000000000000000e+02 2.443325985447453303e-06
6.540000000000000000e+02 2.318814758087948381e-06
6.550000000000000000e+02 2.357468466773560085e-06
6.560000000000000000e+02 2.339297670802779295e-06
6.570000000000000000e+02 2.429745686960554556e-06
6.580000000000000000e+02 2.399742808579393342e-06
6.590000000000000000e+02 2.342219078938820147e-06
6.600000000000000000e+02 2.335469345044924928e-06
6.610000000000000000e+02 2.572085436308668559e-06
6.620000000000000000e+02 2.468850362786514056e-06
6.630000000000000000e+02 2.338872961409936655e-06
6.640000000000000000e+02 2.337473248799673226e-06
6.650000000000000000e+02 2.428865594801960705e-06
6.660000000000000000e+02 2.571668573491281343e-06
6.670000000000000000e+02 2.367829170677601954e-06
6.680000000000000000e+02 2.395317565302161050e-06
6.690000000000000000e+02 2.356956107619949095e-06
6.700000000000000000e+02 2.340071168237108945e-06
6.710000000000000000e+02 2.313599848461697803e-06
6.720000000000000000e+02 2.409827190906581426e-06
6.730000000000000000e+02 2.511885749297111537e-06
6.740000000000000000e+02 2.363975333119295625e-06
6.750000000000000000e+02 2.414323130460786513e-06
6.760000000000000000e+02 2.344315849551038496e-06
6.770000000000000000e+02 2.360203052456531202e-06
6.780000000000000000e+02 2.340464855087557336e-06
6.790000000000000000e+02 2.342697619424565497e-06
6.800000000000000000e+02 2.313824556856363345e-06
6.810000000000000000e+02 2.301557187849294880e-06
6.820000000000000000e+02 2.314397276750202355e-06
6.830000000000000000e+02 2.337622802767680138e-06
6.840000000000000000e+02 2.307117230136514116e-06
6.850000000000000000e+02 2.438813055492228081e-06
6.860000000000000000e+02 2.380030725320294968e-06
6.870000000000000000e+02 2.389450561729614986e-06
6.880000000000000000e+02 2.737876889353145393e-06
6.890000000000000000e+02 2.475715095660803950e-06
6.900000000000000000e+02 2.350715414611745838e-06
6.910000000000000000e+02 2.321917283184174893e-06
6.920000000000000000e+02 2.322883088087738092e-06
6.930000000000000000e+02 2.413935825273012825e-06
6.940000000000000000e+02 2.406975203158545444e-06
6.950000000000000000e+02 2.322860290378074826e-06
6.960000000000000000e+02 2.328944046419977313e-06
6.970000000000000000e+02 2.361296299910101720e-06
6.980000000000000000e+02 2.329553790754130356e-06
6.990000000000000000e+02 2.321727816127374105e-06
7.000000000000000000e+02 2.338948961013379103e-06
7.010000000000000000e+02 2.329069246962364849e-06
7.020000000000000000e+02 2.362937739349617573e-06
7.030000000000000000e+02 2.315155521937195996e-06
7.040000000000000000e+02 2.304482068030220319e-06
7.050000000000000000e+02 2.309443735082788797e-06
7.060000000000000000e+02 2.308303582752395293e-06
7.070000000000000000e+02 2.316617495766752031e-06
7.080000000000000000e+02 2.452343061899679474e-06
7.090000000000000000e+02 2.330819489749677583e-06
7.100000000000000000e+02 2.400394398873401224e-06
7.110000000000000000e+02 2.379667723739786478e-06
7.120000000000000000e+02 2.378098772796641619e-06
7.130000000000000000e+02 2.318808121805372329e-06
7.140000000000000000e+02 2.318772930183116656e-06
7.150000000000000000e+02 2.335308451514321540e-06
7.160000000000000000e+02 2.330443761733468685e-06
7.170000000000000000e+02 2.330172484419268892e-06
7.180000000000000000e+02 2.340788254127771589e-06
7.190000000000000000e+02 2.406165265077253675e-06
7.200000000000000000e+02 2.540075066492917708e-06
7.210000000000000000e+02 2.524815213132815585e-06
7.220000000000000000e+02 2.344957419463043488e-06
7.230000000000000000e+02 2.431253676483035794e-06
7.240000000000000000e+02 2.344226381987231957e-06
7.250000000000000000e+02 2.334078769321634697e-06
7.260000000000000000e+02 2.362275906496320517e-06
7.270000000000000000e+02 2.311653478367925536e-06
7.280000000000000000e+02 2.326656954325944226e-06
7.290000000000000000e+02 2.305540344194527060e-06
7.300000000000000000e+02 2.344497569976851896e-06
7.310000000000000000e+02 2.303264143505984964e-06
7.320000000000000000e+02 2.306960886711776493e-06
7.330000000000000000e+02 2.305232640315984156e-06
7.340000000000000000e+02 2.394353561128822591e-06
7.350000000000000000e+02 2.324779151277892908e-06
7.360000000000000000e+02 2.391621435377686527e-06
7.370000000000000000e+02 2.361360530238100677e-06
7.380000000000000000e+02 2.348653309259112874e-06
7.390000000000000000e+02 2.346184483974493848e-06
7.400000000000000000e+02 2.340380612784679510e-06
7.410000000000000000e+02 2.381803694976393367e-06
7.420000000000000000e+02 2.459699468138011007e-06
7.430000000000000000e+02 2.377485418185829650e-06
7.440000000000000000e+02 2.310578239955619076e-06
7.450000000000000000e+02 2.321986652152054941e-06
7.460000000000000000e+02 2.301350210341271816e-06
7.470000000000000000e+02 2.375181669346015536e-06
7.480000000000000000e+02 2.323437670670550797e-06
7.490000000000000000e+02 2.453868702217100995e-06
7.500000000000000000e+02 2.361645450884585187e-06
7.510000000000000000e+02 2.315646937101434967e-06
7.520000000000000000e+02 2.344096090144358274e-06
7.530000000000000000e+02 2.317878364001908943e-06
7.540000000000000000e+02 2.374160961474178590e-06
7.550000000000000000e+02 2.320142449165889879e-06
7.560000000000000000e+02 2.314017488951686526e-06
7.570000000000000000e+02 2.467676589497352964e-06
7.580000000000000000e+02 2.391967027224077973e-06
7.590000000000000000e+02 2.329952036396130419e-06
7.600000000000000000e+02 2.312425862219022483e-06
7.610000000000000000e+02 2.316197071207031810e-06
7.620000000000000000e+02 2.313850604300862666e-06
7.630000000000000000e+02 2.334339808685706439e-06
7.640000000000000000e+02 2.317044917063516668e-06
7.650000000000000000e+02 2.329012491463137874e-06
7.660000000000000000e+02 2.344428561543392922e-06
7.670000000000000000e+02 2.337512936130328706e-06
7.680000000000000000e+02 2.332511678204043373e-06
7.690000000000000000e+02 2.300076405803502728e-06
7.700000000000000000e+02 2.337791589764164079e-06
7.710000000000000000e+02 2.377784752926838784e-06
7.720000000000000000e+02 2.347349297523397702e-06
7.730000000000000000e+02 2.313271224829218316e-06
7.740000000000000000e+02 2.332222287713554894e-06
7.750000000000000000e+02 2.406598016798639380e-06
7.760000000000000000e+02 2.359247597051319580e-06
7.770000000000000000e+02 2.302059308713003257e-06
7.780000000000000000e+02 2.316355217494295008e-06
7.790000000000000000e+02 2.355075513714358066e-06
7.800000000000000000e+02 2.380542244270269414e-06
7.810000000000000000e+02 2.297274172010382847e-06
7.820000000000000000e+02 2.318739477416676132e-06
7.830000000000000000e+02 2.323789231309106987e-06
7.840000000000000000e+02 2.334811751492681405e-06
7.850000000000000000e+02 2.367303765507061214e-06
7.860000000000000000e+02 2.344717791260345346e-06
7.870000000000000000e+02 2.301764305334039869e-06
7.880000000000000000e+02 2.351645889528089872e-06
7.890000000000000000e+02 2.349849832197055294e-06
7.900000000000000000e+02 2.350698769720913428e-06
7.910000000000000000e+02 2.359343131172721749e-06
7.920000000000000000e+02 2.347781298129980508e-06
7.930000000000000000e+02 2.328947362968638416e-06
7.940000000000000000e+02 2.319273520883507508e-06
7.950000000000000000e+02 2.329419218895853946e-06
7.960000000000000000e+02 2.349189943156996643e-06
7.970000000000000000e+02 2.323880031193045566e-06
7.980000000000000000e+02 2.347420901168611303e-06
7.990000000000000000e+02 2.362007068130388670e-06
8.000000000000000000e+02 2.335141759037228646e-06
8.010000000000000000e+02 2.310094862967708794e-06
8.020000000000000000e+02 2.370397582948422487e-06
8.030000000000000000e+02 2.308872617072382477e-06
8.040000000000000000e+02 2.394210527217060295e-06
8.050000000000000000e+02 2.316809331964160306e-06
8.060000000000000000e+02 2.316879605614055928e-06
8.070000000000000000e+02 2.334340181784835952e-06
8.080000000000000000e+02 2.338566369439599319e-06
8.090000000000000000e+02 2.311169772219860989e-06
8.100000000000000000e+02 2.321768748752300864e-06
8.110000000000000000e+02 2.306590658978251759e-06
8.120000000000000000e+02 2.297194358661897669e-06
8.130000000000000000e+02 2.315751732339039075e-06
8.140000000000000000e+02 2.369056291489955043e-06
8.150000000000000000e+02 2.330258578512580968e-06
8.160000000000000000e+02 2.303802112998725862e-06
8.170000000000000000e+02 2.397721169049673359e-06
8.180000000000000000e+02 2.337209503489791401e-06
8.190000000000000000e+02 2.308322675602739939e-06
8.200000000000000000e+02 2.330604680406223668e-06
8.210000000000000000e+02 2.316815408182857454e-06
8.220000000000000000e+02 2.307749862745850816e-06
8.230000000000000000e+02 2.298786639331237571e-06
8.240000000000000000e+02 2.310389318042537510e-06
8.250000000000000000e+02 2.301753607238721925e-06
8.260000000000000000e+02 2.324181224088112381e-06
8.270000000000000000e+02 2.307928139621906909e-06
8.280000000000000000e+02 2.310145005927188320e-06
8.290000000000000000e+02 2.310017948254658552e-06
8.300000000000000000e+02 2.384223599343638438e-06
8.310000000000000000e+02 2.378787675118643764e-06
8.320000000000000000e+02 2.366498466842596045e-06
8.330000000000000000e+02 2.318130848532651559e-06
8.340000000000000000e+02 2.306250911618023790e-06
8.350000000000000000e+02 2.306528581685922710e-06
8.360000000000000000e+02 2.306593362516967425e-06
8.370000000000000000e+02 2.338491263374032703e-06
8.380000000000000000e+02 2.375374006156544918e-06
8.390000000000000000e+02 2.308207310497393658e-06
8.400000000000000000e+02 2.304854654943443710e-06
8.410000000000000000e+02 2.313247708666335397e-06
8.420000000000000000e+02 2.329479785223442354e-06
8.430000000000000000e+02 2.300119080530157475e-06
8.440000000000000000e+02 2.304357216291312135e-06
8.450000000000000000e+02 2.310751528795235506e-06
8.460000000000000000e+02 2.317180016047749741e-06
8.470000000000000000e+02 2.359494963409641721e-06
8.480000000000000000e+02 2.302796811233848194e-06
8.490000000000000000e+02 2.355680567795875625e-06
8.500000000000000000e+02 2.309165965290730875e-06
8.510000000000000000e+02 2.314342606044814594e-06
8.520000000000000000e+02 2.303486204426057556e-06
8.530000000000000000e+02 2.307991536946940029e-06
8.540000000000000000e+02 2.322349419785728511e-06
8.550000000000000000e+02 2.324710837490916773e-06
8.560000000000000000e+02 2.351598913220830636e-06
8.570000000000000000e+02 2.310236128796190327e-06
8.580000000000000000e+02 2.373524092942391872e-06
8.590000000000000000e+02 2.369778445195059623e-06
8.600000000000000000e+02 2.317517989319548023e-06
8.610000000000000000e+02 2.344351719058118571e-06
8.620000000000000000e+02 2.328450376257353818e-06
8.630000000000000000e+02 2.380422088769300503e-06
8.640000000000000000e+02 2.311474780215803044e-06
8.650000000000000000e+02 2.298913898719100415e-06
8.660000000000000000e+02 2.296419545263165735e-06
8.670000000000000000e+02 2.340312769237287713e-06
8.680000000000000000e+02 2.320054913083590565e-06
8.690000000000000000e+02 2.298219667014899050e-06
8.700000000000000000e+02 2.297383022519311082e-06
8.710000000000000000e+02 2.342087508366651330e-06
8.720000000000000000e+02 2.379334734903110583e-06
8.730000000000000000e+02 2.308401639780766503e-06
8.740000000000000000e+02 2.326515324084415921e-06
8.750000000000000000e+02 2.308052376446567642e-06
8.760000000000000000e+02 2.324589859322231983e-06
8.770000000000000000e+02 2.319980081282727186e-06
8.780000000000000000e+02 2.319248034885022938e-06
8.790000000000000000e+02 2.309860256129091568e-06
8.800000000000000000e+02 2.320277367867840947e-06
8.810000000000000000e+02 2.316882667508586234e-06
8.820000000000000000e+02 2.291850961632381157e-06
8.830000000000000000e+02 2.328541110854918051e-06
8.840000000000000000e+02 2.329631427318213627e-06
8.850000000000000000e+02 2.307959069284589345e-06
8.860000000000000000e+02 2.314574474985128311e-06
8.870000000000000000e+02 2.328622410402938453e-06
8.880000000000000000e+02 2.317383231073058164e-06
8.890000000000000000e+02 2.371418734883036773e-06
8.900000000000000000e+02 2.359796018966322294e-06
8.910000000000000000e+02 2.360205434406340647e-06
8.920000000000000000e+02 2.308283584718771564e-06
8.930000000000000000e+02 2.303910932518913064e-06
8.940000000000000000e+02 2.308843291870240214e-06
8.950000000000000000e+02 2.333580696806530213e-06
8.960000000000000000e+02 2.296117051248056185e-06
8.970000000000000000e+02 2.292121168616953138e-06
8.980000000000000000e+02 2.313142469619774572e-06
8.990000000000000000e+02 2.294855644224129442e-06
9.000000000000000000e+02 2.310762268335837018e-06
9.010000000000000000e+02 2.326625874788204323e-06
9.020000000000000000e+02 2.343946426481254237e-06
9.030000000000000000e+02 2.306093751900461377e-06
9.040000000000000000e+02 2.306563695643141303e-06
9.050000000000000000e+02 2.301603845802839415e-06
9.060000000000000000e+02 2.292719922788937221e-06
9.070000000000000000e+02 2.293821757202258342e-06
9.080000000000000000e+02 2.342264226036633793e-06
9.090000000000000000e+02 2.347568176122133626e-06
9.100000000000000000e+02 2.294082938015457851e-06
9.110000000000000000e+02 2.323914182013912819e-06
9.120000000000000000e+02 2.302315635200511367e-06
9.130000000000000000e+02 2.300184552039605027e-06
9.140000000000000000e+02 2.330518686566098573e-06
9.150000000000000000e+02 2.333082799874343533e-06
9.160000000000000000e+02 2.296509142356099718e-06
9.170000000000000000e+02 2.332237770714960912e-06
9.180000000000000000e+02 2.297418298558397902e-06
9.190000000000000000e+02 2.330031632781472284e-06
9.200000000000000000e+02 2.292456261352011346e-06
9.210000000000000000e+02 2.295895796095598158e-06
9.220000000000000000e+02 2.293771617163359430e-06
9.230000000000000000e+02 2.319672957784351713e-06
9.240000000000000000e+02 2.304352292604539340e-06
9.250000000000000000e+02 2.299659739164540325e-06
9.260000000000000000e+02 2.338245133874747062e-06
9.270000000000000000e+02 2.292581379279209778e-06
9.280000000000000000e+02 2.306695376091956475e-06
9.290000000000000000e+02 2.342239797407978124e-06
9.300000000000000000e+02 2.296897410968670805e-06
9.310000000000000000e+02 2.319356238183644416e-06
9.320000000000000000e+02 2.304059347824284726e-06
9.330000000000000000e+02 2.327716465623589126e-06
9.340000000000000000e+02 2.310832982294338832e-06
9.350000000000000000e+02 2.297323362178256231e-06
9.360000000000000000e+02 2.293066550815048676e-06
9.370000000000000000e+02 2.311625846366917282e-06
9.380000000000000000e+02 2.313593800546421510e-06
9.390000000000000000e+02 2.295303016268895904e-06
9.400000000000000000e+02 2.313945005959083207e-06
9.410000000000000000e+02 2.360842094369930557e-06
9.420000000000000000e+02 2.328890719749756883e-06
9.430000000000000000e+02 2.306996724520490390e-06
9.440000000000000000e+02 2.298705053183996013e-06
9.450000000000000000e+02 2.303512758492998967e-06
9.460000000000000000e+02 2.318383855208751369e-06
9.470000000000000000e+02 2.304339142656845262e-06
9.480000000000000000e+02 2.300250330880558353e-06
9.490000000000000000e+02 2.323337738695933438e-06
9.500000000000000000e+02 2.325858106545882144e-06
9.510000000000000000e+02 2.335041486432615322e-06
9.520000000000000000e+02 2.308089505224692769e-06
9.530000000000000000e+02 2.308347207076411504e-06
9.540000000000000000e+02 2.296691445867327600e-06
9.550000000000000000e+02 2.339782138037494156e-06
9.560000000000000000e+02 2.304218799038841550e-06
9.570000000000000000e+02 2.337207840498989546e-06
9.580000000000000000e+02 2.303569814946552371e-06
9.590000000000000000e+02 2.318543750633570062e-06
9.600000000000000000e+02 2.321470432642322051e-06
9.610000000000000000e+02 2.321447219139061418e-06
9.620000000000000000e+02 2.363911816672393831e-06
9.630000000000000000e+02 2.344767744228622948e-06
9.640000000000000000e+02 2.374215570319681681e-06
9.650000000000000000e+02 2.330581120506985100e-06
9.660000000000000000e+02 2.295730456129499734e-06
9.670000000000000000e+02 2.294104792834436086e-06
9.680000000000000000e+02 2.305089263543258004e-06
9.690000000000000000e+02 2.317775673871486596e-06
9.700000000000000000e+02 2.310780260389840918e-06
9.710000000000000000e+02 2.329692791020187030e-06
9.720000000000000000e+02 2.305030507263798857e-06
9.730000000000000000e+02 2.303524204708287441e-06
9.740000000000000000e+02 2.290687626777070723e-06
9.750000000000000000e+02 2.320341265574235525e-06
9.760000000000000000e+02 2.297504244398797262e-06
9.770000000000000000e+02 2.302823893655364171e-06
9.780000000000000000e+02 2.295151605916086627e-06
9.790000000000000000e+02 2.295460132795416974e-06
9.800000000000000000e+02 2.293631893030214423e-06
9.810000000000000000e+02 2.295627334146525622e-06
9.820000000000000000e+02 2.299385635748130038e-06
9.830000000000000000e+02 2.298384047014511932e-06
9.840000000000000000e+02 2.293931609189417704e-06
9.850000000000000000e+02 2.303553097309587857e-06
9.860000000000000000e+02 2.342536361986529631e-06
9.870000000000000000e+02 2.309156518443743072e-06
9.880000000000000000e+02 2.312822361833004621e-06
9.890000000000000000e+02 2.296036823673822731e-06
9.900000000000000000e+02 2.305131059890726161e-06
9.910000000000000000e+02 2.302333882131040494e-06
9.920000000000000000e+02 2.326097815001393229e-06
9.930000000000000000e+02 2.293882780010542142e-06
9.940000000000000000e+02 2.330902411184230888e-06
9.950000000000000000e+02 2.375674052495226149e-06
9.960000000000000000e+02 2.298996022914748681e-06
9.970000000000000000e+02 2.312147335434756319e-06
9.980000000000000000e+02 2.302141567285251540e-06
9.990000000000000000e+02 2.308268307604693759e-06
1.000000000000000000e+03 2.293020417237070710e-06
1.001000000000000000e+03 2.293695436578419019e-06
1.002000000000000000e+03 2.318661051095438364e-06
1.003000000000000000e+03 2.307905545838942999e-06
1.004000000000000000e+03 2.306788821038149606e-06
1.005000000000000000e+03 2.294270899150547608e-06
1.006000000000000000e+03 2.294071526099595012e-06
1.007000000000000000e+03 2.308604511870221921e-06
1.008000000000000000e+03 2.311590591215629483e-06
1.009000000000000000e+03 2.309659381384101941e-06
1.010000000000000000e+03 2.322819568257671934e-06
1.011000000000000000e+03 2.296459006297622078e-06
1.012000000000000000e+03 2.303261797394208127e-06
1.013000000000000000e+03 2.298011522932185101e-06
1.014000000000000000e+03 2.296489796325525978e-06
1.015000000000000000e+03 2.312099072420512345e-06
1.016000000000000000e+03 2.308093444347444778e-06
1.017000000000000000e+03 2.298859556530693627e-06
1.018000000000000000e+03 2.303445709679720589e-06
1.019000000000000000e+03 2.325998994193985580e-06
1.020000000000000000e+03 2.330018032042764903e-06
1.021000000000000000e+03 2.314923809254373661e-06
1.022000000000000000e+03 2.348728520742908636e-06
1.023000000000000000e+03 2.294274104234817307e-06
1.024000000000000000e+03 2.294647103564129339e-06
1.025000000000000000e+03 2.327672318565646831e-06
1.026000000000000000e+03 2.315221723034642806e-06
1.027000000000000000e+03 2.297214474393691165e-06
1.028000000000000000e+03 2.303862194627412077e-06
1.029000000000000000e+03 2.306851352827226797e-06
1.030000000000000000e+03 2.295794196657966531e-06
1.031000000000000000e+03 2.331989664820933385e-06
1.032000000000000000e+03 2.312324625246797599e-06
1.033000000000000000e+03 2.300439686794360412e-06
1.034000000000000000e+03 2.296318661592754263e-06
1.035000000000000000e+03 2.313144178565368539e-06
1.036000000000000000e+03 2.305002580170026613e-06
1.037000000000000000e+03 2.300070079289723170e-06
1.038000000000000000e+03 2.297773439547999131e-06
1.039000000000000000e+03 2.322031026259102360e-06
1.040000000000000000e+03 2.296787478815280936e-06
1.041000000000000000e+03 2.308281061548521812e-06
1.042000000000000000e+03 2.313249647529874094e-06
1.043000000000000000e+03 2.332054183405423434e-06
1.044000000000000000e+03 2.395949061510328238e-06
1.045000000000000000e+03 2.344009332839014400e-06
1.046000000000000000e+03 2.288851873931740930e-06
1.047000000000000000e+03 2.306337812420589335e-06
1.048000000000000000e+03 2.298416014841679438e-06
1.049000000000000000e+03 2.312737932132360609e-06
1.050000000000000000e+03 2.290254646803447943e-06
1.051000000000000000e+03 2.291848548720926416e-06
1.052000000000000000e+03 2.294824848408835660e-06
1.053000000000000000e+03 2.308716537992447938e-06
1.054000000000000000e+03 2.338335196892626087e-06
1.055000000000000000e+03 2.357052935482031527e-06
1.056000000000000000e+03 2.300346142320951910e-06
1.057000000000000000e+03 2.292880355684426436e-06
1.058000000000000000e+03 2.307342614763879848e-06
1.059000000000000000e+03 2.298121194899445312e-06
1.060000000000000000e+03 2.308298637932674777e-06
1.061000000000000000e+03 2.306438799962973424e-06
1.062000000000000000e+03 2.293897447937539182e-06
1.063000000000000000e+03 2.295400860551905727e-06
1.064000000000000000e+03 2.344404771386403723e-06
1.065000000000000000e+03 2.318011870542379492e-06
1.066000000000000000e+03 2.302397571350988378e-06
1.067000000000000000e+03 2.303101454394705498e-06
1.068000000000000000e+03 2.307680529430501890e-06
1.069000000000000000e+03 2.292729135131749201e-06
1.070000000000000000e+03 2.346081709911781317e-06
1.071000000000000000e+03 2.332310596101870531e-06
1.072000000000000000e+03 2.299103225399267918e-06
1.073000000000000000e+03 2.296901543304543674e-06
1.074000000000000000e+03 2.303334091736851890e-06
1.075000000000000000e+03 2.326902468952057585e-06
1.076000000000000000e+03 2.297714064014198626e-06
1.077000000000000000e+03 2.292138609127265237e-06
1.078000000000000000e+03 2.305484611984777411e-06
1.079000000000000000e+03 2.325532933724821702e-06
1.080000000000000000e+03 2.300854142654025641e-06
1.081000000000000000e+03 2.293759783788979295e-06
1.082000000000000000e+03 2.311287541898454431e-06
1.083000000000000000e+03 2.312879496794573305e-06
1.084000000000000000e+03 2.298508805919840683e-06
1.085000000000000000e+03 2.316215479176106073e-06
1.086000000000000000e+03 2.324611513430958390e-06
1.087000000000000000e+03 2.336825945298039345e-06
1.088000000000000000e+03 2.315429372209368042e-06
1.089000000000000000e+03 2.334353568414620259e-06
1.090000000000000000e+03 2.294515662585435790e-06
1.091000000000000000e+03 2.304755903543660223e-06
1.092000000000000000e+03 2.289467459722627174e-06
1.093000000000000000e+03 2.318119403813513802e-06
1.094000000000000000e+03 2.320968878661127284e-06
1.095000000000000000e+03 2.296859300799196063e-06
1.096000000000000000e+03 2.292835543614073649e-06
1.097000000000000000e+03 2.295112619876695604e-06
1.098000000000000000e+03 2.309692382740630987e-06
1.099000000000000000e+03 2.316353897684181877e-06
1.100000000000000000e+03 2.299275831746476422e-06
1.101000000000000000e+03 2.290764215872138630e-06
1.102000000000000000e+03 2.292495036422459654e-06
1.103000000000000000e+03 2.299268833050132144e-06
1.104000000000000000e+03 2.308905780101905090e-06
1.105000000000000000e+03 2.295217892175795505e-06
1.106000000000000000e+03 2.300470830264780486e-06
1.107000000000000000e+03 2.289454792543916882e-06
1.108000000000000000e+03 2.312351718392340647e-06
1.109000000000000000e+03 2.290591026341750678e-06
1.110000000000000000e+03 2.296961332668394662e-06
1.111000000000000000e+03 2.305200648819253857e-06
1.112000000000000000e+03 2.293904897217906898e-06
1.113000000000000000e+03 2.294928789448175268e-06
1.114000000000000000e+03 2.295439481901931313e-06
1.115000000000000000e+03 2.300828368725007739e-06
1.116000000000000000e+03 2.293656888964526634e-06
1.117000000000000000e+03 2.305096631167176268e-06
1.118000000000000000e+03 2.303497854987458831e-06
1.119000000000000000e+03 2.305887334980422241e-06
1.120000000000000000e+03 2.302415352211040767e-06
1.121000000000000000e+03 2.301320269145832855e-06
1.122000000000000000e+03 2.303359471619748901e-06
1.123000000000000000e+03 2.316364904503703520e-06
1.124000000000000000e+03 2.305000381815442813e-06
1.125000000000000000e+03 2.305714994564562046e-06
1.126000000000000000e+03 2.314491160156619086e-06
1.127000000000000000e+03 2.300914153957443538e-06
1.128000000000000000e+03 2.301735886388430538e-06
1.129000000000000000e+03 2.316087849545316438e-06
1.130000000000000000e+03 2.301300051098982755e-06
1.131000000000000000e+03 2.303218769382130902e-06
1.132000000000000000e+03 2.292590542152611274e-06
1.133000000000000000e+03 2.313145562123376945e-06
1.134000000000000000e+03 2.310136470384975699e-06
1.135000000000000000e+03 2.305300037011792186e-06
1.136000000000000000e+03 2.320924284942038369e-06
1.137000000000000000e+03 2.323837012098938209e-06
1.138000000000000000e+03 2.312620524113325398e-06
1.139000000000000000e+03 2.297206370163542397e-06
1.140000000000000000e+03 2.294453313820562065e-06
1.141000000000000000e+03 2.294982157249517288e-06
1.142000000000000000e+03 2.288410609582727990e-06
1.143000000000000000e+03 2.290381865626526860e-06
1.144000000000000000e+03 2.334933789372123111e-06
1.145000000000000000e+03 2.307139899032871975e-06
1.146000000000000000e+03 2.288208596893328608e-06
1.147000000000000000e+03 2.307806063697159602e-06
1.148000000000000000e+03 2.322776737124713975e-06
1.149000000000000000e+03 2.317983846945339310e-06
1.150000000000000000e+03 2.317120300383539657e-06
1.151000000000000000e+03 2.314477075852896097e-06
1.152000000000000000e+03 2.292781280469042541e-06
1.153000000000000000e+03 2.298697759238866819e-06
1.154000000000000000e+03 2.295925519357094099e-06
1.155000000000000000e+03 2.306667538009525373e-06
1.156000000000000000e+03 2.294311578354551119e-06
1.157000000000000000e+03 2.317484041125323466e-06
1.158000000000000000e+03 2.295012813413837688e-06
1.159000000000000000e+03 2.303772161043751362e-06
1.160000000000000000e+03 2.299969578980042503e-06
1.161000000000000000e+03 2.307431978692681824e-06
1.162000000000000000e+03 2.299114188264635483e-06
1.163000000000000000e+03 2.294063722466068965e-06
1.164000000000000000e+03 2.293780910354041940e-06
1.165000000000000000e+03 2.296233196971272208e-06
1.166000000000000000e+03 2.290607174094021201e-06
1.167000000000000000e+03 2.287903539485523910e-06
1.168000000000000000e+03 2.306386114770697789e-06
1.169000000000000000e+03 2.308110902357940800e-06
1.170000000000000000e+03 2.299529634625306715e-06
1.171000000000000000e+03 2.303845381596123206e-06
1.172000000000000000e+03 2.297534651129911604e-06
1.173000000000000000e+03 2.294348382303510283e-06
1.174000000000000000e+03 2.296378874465286174e-06
1.175000000000000000e+03 2.307185661907352372e-06
1.176000000000000000e+03 2.290106527194432984e-06
1.177000000000000000e+03 2.292573028892584970e-06
1.178000000000000000e+03 2.311202029004378788e-06
1.179000000000000000e+03 2.307018917701458063e-06
1.180000000000000000e+03 2.292123843294020201e-06
1.181000000000000000e+03 2.295982863822156336e-06
1.182000000000000000e+03 2.326004143090799540e-06
1.183000000000000000e+03 2.312327131133097386e-06
1.184000000000000000e+03 2.298395009141579745e-06
1.185000000000000000e+03 2.311548007331428315e-06
1.186000000000000000e+03 2.298069729328087049e-06
1.187000000000000000e+03 2.295255486887741732e-06
1.188000000000000000e+03 2.292522732266576463e-06
1.189000000000000000e+03 2.301483284188399861e-06
1.190000000000000000e+03 2.309875088993608985e-06
1.191000000000000000e+03 2.301993763697001469e-06
1.192000000000000000e+03 2.300950122597185531e-06
1.193000000000000000e+03 2.299534935982196913e-06
1.194000000000000000e+03 2.299327350760095238e-06
1.195000000000000000e+03 2.327500029371688383e-06
1.196000000000000000e+03 2.303981578851787100e-06
1.197000000000000000e+03 2.305376341852176160e-06
1.198000000000000000e+03 2.291388637805897598e-06
1.199000000000000000e+03 2.326933329107629722e-06
1.200000000000000000e+03 2.301942571147308228e-06
1.201000000000000000e+03 2.319611801437909388e-06
1.202000000000000000e+03 2.311330461392284320e-06
1.203000000000000000e+03 2.298596838029970640e-06
1.204000000000000000e+03 2.309651286735709305e-06
1.205000000000000000e+03 2.294705973249015182e-06
1.206000000000000000e+03 2.293968038611640238e-06
1.207000000000000000e+03 2.295954555273001387e-06
1.208000000000000000e+03 2.305773736709477370e-06
1.209000000000000000e+03 2.302477432303861063e-06
1.210000000000000000e+03 2.293583933042969559e-06
1.211000000000000000e+03 2.320442725543646210e-06
1.212000000000000000e+03 2.297745228183239689e-06
1.213000000000000000e+03 2.307584437668213621e-06
1.214000000000000000e+03 2.310352283974969818e-06
1.215000000000000000e+03 2.293767216044236340e-06
1.216000000000000000e+03 2.297138520021216448e-06
1.217000000000000000e+03 2.314482503292800427e-06
1.218000000000000000e+03 2.296187507166784843e-06
1.219000000000000000e+03 2.299862990238776889e-06
1.220000000000000000e+03 2.306288385649540392e-06
1.221000000000000000e+03 2.299987295930794949e-06
1.222000000000000000e+03 2.291975534563106457e-06
1.223000000000000000e+03 2.296368837364073903e-06
1.224000000000000000e+03 2.289508374704046953e-06
1.225000000000000000e+03 2.307971001685955992e-06
1.226000000000000000e+03 2.296548383217322626e-06
1.227000000000000000e+03 2.326781008751751943e-06
1.228000000000000000e+03 2.309332828849434003e-06
1.229000000000000000e+03 2.315011941399873536e-06
1.230000000000000000e+03 2.305819892311392779e-06
1.231000000000000000e+03 2.296733800807450853e-06
1.232000000000000000e+03 2.311524362766459662e-06
1.233000000000000000e+03 2.309618630972301402e-06
1.234000000000000000e+03 2.294463967771816485e-06
1.235000000000000000e+03 2.290195290583537694e-06
1.236000000000000000e+03 2.304129036309955584e-06
1.237000000000000000e+03 2.306707696413030888e-06
1.238000000000000000e+03 2.296782486418047151e-06
1.239000000000000000e+03 2.296848047010464337e-06
1.240000000000000000e+03 2.313711795353911630e-06
1.241000000000000000e+03 2.295445956193582523e-06
1.242000000000000000e+03 2.289651901281209200e-06
1.243000000000000000e+03 2.292706544549923122e-06
1.244000000000000000e+03 2.312461781733890572e-06
1.245000000000000000e+03 2.292436049021689622e-06
1.246000000000000000e+03 2.296522616091929584e-06
1.247000000000000000e+03 2.292228081050727909e-06
1.248000000000000000e+03 2.289837281588284822e-06
1.249000000000000000e+03 2.293810243177629538e-06
1.250000000000000000e+03 2.321913178821431275e-06
1.251000000000000000e+03 2.295549530873463526e-06
1.252000000000000000e+03 2.297778687836355807e-06
1.253000000000000000e+03 2.298519021937181354e-06
1.254000000000000000e+03 2.292736884815467471e-06
1.255000000000000000e+03 2.288348208840362283e-06
1.256000000000000000e+03 2.300461873531820130e-06
1.257000000000000000e+03 2.289000067770466622e-06
1.258000000000000000e+03 2.290488304547322892e-06
1.259000000000000000e+03 2.290878971324615222e-06
1.260000000000000000e+03 2.294346805313622900e-06
1.261000000000000000e+03 2.306496066237029660e-06
1.262000000000000000e+03 2.306208177641579978e-06
1.263000000000000000e+03 2.305935083713759637e-06
1.264000000000000000e+03 2.290922801761288198e-06
1.265000000000000000e+03 2.310287229833119879e-06
1.266000000000000000e+03 2.300658231018496286e-06
1.267000000000000000e+03 2.318985476026352031e-06
1.268000000000000000e+03 2.295577375366480954e-06
1.269000000000000000e+03 2.291332770846749675e-06
1.270000000000000000e+03 2.292111647943209774e-06
1.271000000000000000e+03 2.290264473002367982e-06
1.272000000000000000e+03 2.296272395762129184e-06
1.273000000000000000e+03 2.289820455272865585e-06
1.274000000000000000e+03 2.294536024813611179e-06
1.275000000000000000e+03 2.295376827367891802e-06
1.276000000000000000e+03 2.293121734426763971e-06
1.277000000000000000e+03 2.293808161095273654e-06
1.278000000000000000e+03 2.297405223694513031e-06
1.279000000000000000e+03 2.291903063063106306e-06
1.280000000000000000e+03 2.317772708881727163e-06
1.281000000000000000e+03 2.301494541130370976e-06
1.282000000000000000e+03 2.313200763231267579e-06
1.283000000000000000e+03 2.301421757417805081e-06
1.284000000000000000e+03 2.300320002782394329e-06
1.285000000000000000e+03 2.296523661161362019e-06
1.286000000000000000e+03 2.288321961450489085e-06
1.287000000000000000e+03 2.319818601755444371e-06
1.288000000000000000e+03 2.295814868713525988e-06
1.289000000000000000e+03 2.292660109265076964e-06
1.290000000000000000e+03 2.300956398197655656e-06
1.291000000000000000e+03 2.295958620286106498e-06
1.292000000000000000e+03 2.315223836840558592e-06
1.293000000000000000e+03 2.302912493936125471e-06
1.294000000000000000e+03 2.301160679498945467e-06
1.295000000000000000e+03 2.293848654631051461e-06
1.296000000000000000e+03 2.293195799910564258e-06
1.297000000000000000e+03 2.291871976125138546e-06
1.298000000000000000e+03 2.315095739811974650e-06
1.299000000000000000e+03 2.290782403432731303e-06
1.300000000000000000e+03 2.299259613068165488e-06
1.301000000000000000e+03 2.300101168374394291e-06
1.302000000000000000e+03 2.295785231129879378e-06
1.303000000000000000e+03 2.295684386680190540e-06
1.304000000000000000e+03 2.295242918729006637e-06
1.305000000000000000e+03 2.293465613185703745e-06
1.306000000000000000e+03 2.292306446673778647e-06
1.307000000000000000e+03 2.296146485795419721e-06
1.308000000000000000e+03 2.294180023947385650e-06
1.309000000000000000e+03 2.295842980730158236e-06
1.310000000000000000e+03 2.314834272076637074e-06
1.311000000000000000e+03 2.301173879781677467e-06
1.312000000000000000e+03 2.295110906994675680e-06
1.313000000000000000e+03 2.296087284404759733e-06
