0.000000000000000000e+00 1.626603301058529897e-04
1.000000000000000000e+00 1.427434829506937038e-04
2.000000000000000000e+00 1.206530326031231347e-04
3.000000000000000000e+00 9.364633245154870282e-05
4.000000000000000000e+00 6.874371559144394519e-05
5.000000000000000000e+00 4.905215185212570610e-05
6.000000000000000000e+00 3.710839346858637797e-05
7.000000000000000000e+00 2.918121837199222886e-05
8.000000000000000000e+00 2.608188350578978865e-05
9.000000000000000000e+00 2.371694841052940654e-05
1.000000000000000000e+01 2.043740341304100378e-05
1.100000000000000000e+01 2.099587668806962795e-05
1.200000000000000000e+01 1.742694218927266203e-05
1.300000000000000000e+01 1.605497156505465787e-05
1.400000000000000000e+01 1.481277459394705349e-05
1.500000000000000000e+01 1.435230046467637253e-05
1.600000000000000000e+01 1.267973204903719112e-05
1.700000000000000000e+01 1.201363553054241404e-05
1.800000000000000000e+01 1.094246353035437688e-05
1.900000000000000000e+01 1.192577238360459656e-05
2.000000000000000000e+01 1.059811758553680116e-05
2.100000000000000000e+01 1.089288278157603623e-05
2.200000000000000000e+01 1.063296253481199747e-05
2.300000000000000000e+01 1.082439948081954661e-05
2.400000000000000000e+01 1.022829043484267898e-05
2.500000000000000000e+01 1.032696617231274074e-05
2.600000000000000000e+01 9.249631507062963740e-06
2.700000000000000000e+01 1.051271868715091573e-05
2.800000000000000000e+01 1.053189862488305895e-05
2.900000000000000000e+01 9.754073611329265014e-06
3.000000000000000000e+01 9.448693796446303988e-06
3.100000000000000000e+01 9.186069173245427696e-06
3.200000000000000000e+01 9.028012264375777929e-06
3.300000000000000000e+01 9.471470985027835159e-06
3.400000000000000000e+01 1.023308867811415984e-05
3.500000000000000000e+01 9.333938081926188257e-06
3.600000000000000000e+01 8.399365287055290467e-06
3.700000000000000000e+01 8.429395510797051380e-06
3.800000000000000000e+01 8.386693607963687907e-06
3.900000000000000000e+01 8.359141954164669638e-06
4.000000000000000000e+01 7.962753777766061421e-06
4.100000000000000000e+01 8.290618171690477365e-06
4.200000000000000000e+01 9.014283344478651506e-06
4.300000000000000000e+01 8.726682221089680048e-06
4.400000000000000000e+01 8.088124509525681754e-06
4.500000000000000000e+01 8.178851023706244693e-06
4.600000000000000000e+01 7.346169955044435804e-06
4.700000000000000000e+01 7.685213947490750989e-06
4.800000000000000000e+01 8.012862199351221962e-06
4.900000000000000000e+01 7.936374019941042416e-06
5.000000000000000000e+01 7.885990489729753701e-06
5.100000000000000000e+01 1.032233171110464138e-05
5.200000000000000000e+01 7.462289186469728955e-06
5.300000000000000000e+01 7.353230600400039474e-06
5.400000000000000000e+01 6.905010440202272027e-06
5.500000000000000000e+01 6.838533128783996480e-06
5.600000000000000000e+01 7.152986322521217590e-06
5.700000000000000000e+01 6.459069712179565851e-06
5.800000000000000000e+01 6.674110437264900908e-06
5.900000000000000000e+01 7.183225857892950802e-06
6.000000000000000000e+01 6.760539558308186622e-06
6.100000000000000000e+01 6.512763224063731747e-06
6.200000000000000000e+01 6.842746535343314811e-06
6.300000000000000000e+01 7.298523690562932851e-06
6.400000000000000000e+01 6.719729416306207697e-06
6.500000000000000000e+01 6.284006593674811650e-06
6.600000000000000000e+01 6.954105440238730605e-06
6.700000000000000000e+01 6.556584158550563329e-06
6.800000000000000000e+01 5.789359728847412868e-06
6.900000000000000000e+01 6.683960409590987314e-06
7.000000000000000000e+01 8.510128077891748819e-06
7.100000000000000000e+01 5.859083420496923675e-06
7.200000000000000000e+01 5.953245243966238359e-06
7.300000000000000000e+01 5.655622792272691450e-06
7.400000000000000000e+01 5.496603697282271390e-06
7.500000000000000000e+01 5.587830737759267737e-06
7.600000000000000000e+01 5.700837431080610066e-06
7.700000000000000000e+01 5.306128394862371217e-06
7.800000000000000000e+01 5.331125538269339299e-06
7.900000000000000000e+01 5.370647186863796307e-06
8.000000000000000000e+01 6.697812427197521236e-06
8.100000000000000000e+01 6.603728199534728821e-06
8.200000000000000000e+01 6.235772107050782391e-06
8.300000000000000000e+01 5.741267275774172411e-06
8.400000000000000000e+01 5.335826650162708802e-06
8.500000000000000000e+01 6.095067035308282989e-06
8.600000000000000000e+01 5.515229154393328036e-06
8.700000000000000000e+01 5.446233170896373771e-06
8.800000000000000000e+01 5.991704977703223171e-06
8.900000000000000000e+01 5.620741738790771989e-06
9.000000000000000000e+01 4.955161387480389883e-06
9.100000000000000000e+01 4.824046302882660351e-06
9.200000000000000000e+01 5.950005463012858608e-06
9.300000000000000000e+01 5.585719318774399587e-06
9.400000000000000000e+01 5.450348853070999373e-06
9.500000000000000000e+01 5.363081002769320070e-06
9.600000000000000000e+01 5.629732568565917163e-06
9.700000000000000000e+01 5.072509734941051148e-06
9.800000000000000000e+01 5.372202744197666783e-06
9.900000000000000000e+01 5.255075655251448697e-06
1.000000000000000000e+02 4.781431136626777222e-06
1.010000000000000000e+02 4.732573471512978635e-06
1.020000000000000000e+02 5.067375512146744298e-06
1.030000000000000000e+02 5.243479214385704976e-06
1.040000000000000000e+02 5.536981370700997334e-06
1.050000000000000000e+02 5.282165829079669842e-06
1.060000000000000000e+02 5.334862969824395334e-06
1.070000000000000000e+02 4.712201733153150971e-06
1.080000000000000000e+02 5.605813611175623075e-06
1.090000000000000000e+02 4.608455427019045744e-06
1.100000000000000000e+02 5.239598616375029604e-06
1.110000000000000000e+02 4.634589609820347554e-06
1.120000000000000000e+02 4.727165779806354916e-06
1.130000000000000000e+02 4.748033309252351152e-06
1.140000000000000000e+02 5.211428129794125214e-06
1.150000000000000000e+02 4.570916421161886523e-06
1.160000000000000000e+02 4.522369851618335856e-06
1.170000000000000000e+02 4.385694932774737874e-06
1.180000000000000000e+02 4.576601141452790093e-06
1.190000000000000000e+02 4.254269671559077177e-06
1.200000000000000000e+02 4.798533924124539799e-06
1.210000000000000000e+02 4.776526909106062945e-06
1.220000000000000000e+02 4.737804570035121415e-06
1.230000000000000000e+02 4.444526479646252669e-06
1.240000000000000000e+02 4.282612884904316116e-06
1.250000000000000000e+02 4.501337760889389855e-06
1.260000000000000000e+02 4.125291765914902951e-06
1.270000000000000000e+02 3.863202494950071611e-06
1.280000000000000000e+02 4.505335049147754166e-06
1.290000000000000000e+02 4.830554677497116634e-06
1.300000000000000000e+02 4.458335331189751998e-06
1.310000000000000000e+02 4.583457316734807852e-06
1.320000000000000000e+02 4.740481149274931530e-06
1.330000000000000000e+02 4.488775318283992096e-06
1.340000000000000000e+02 4.401544213379763299e-06
1.350000000000000000e+02 4.008862928370228836e-06
1.360000000000000000e+02 3.858618193312080000e-06
1.370000000000000000e+02 3.652018546749950770e-06
1.380000000000000000e+02 4.787122633764099657e-06
1.390000000000000000e+02 4.010093727363703829e-06
1.400000000000000000e+02 4.066012206367017821e-06
1.410000000000000000e+02 3.859888049209811165e-06
1.420000000000000000e+02 3.703599067151404281e-06
1.430000000000000000e+02 3.886705722232950783e-06
1.440000000000000000e+02 5.144458361251830181e-06
1.450000000000000000e+02 4.400517258241879760e-06
1.460000000000000000e+02 4.209632960068787996e-06
1.470000000000000000e+02 4.047508711297471771e-06
1.480000000000000000e+02 3.919394796750844183e-06
1.490000000000000000e+02 3.629171518425769726e-06
1.500000000000000000e+02 4.047300591938174021e-06
1.510000000000000000e+02 3.826609668260217678e-06
1.520000000000000000e+02 3.653777007244745287e-06
1.530000000000000000e+02 3.717800938414616718e-06
1.540000000000000000e+02 3.579666932833160784e-06
1.550000000000000000e+02 3.540626028069081895e-06
1.560000000000000000e+02 4.121685841854756675e-06
1.570000000000000000e+02 3.867301085297016158e-06
1.580000000000000000e+02 3.788819203458232049e-06
1.590000000000000000e+02 3.929173635930571335e-06
1.600000000000000000e+02 4.027405679525686149e-06
1.610000000000000000e+02 3.779398183951010954e-06
1.620000000000000000e+02 3.656135009579325506e-06
1.630000000000000000e+02 3.447194781875480362e-06
1.640000000000000000e+02 3.233746718948549755e-06
1.650000000000000000e+02 3.325172053664532603e-06
1.660000000000000000e+02 3.367132573974938964e-06
1.670000000000000000e+02 3.852178807525962602e-06
1.680000000000000000e+02 3.681964503912482071e-06
1.690000000000000000e+02 3.846897965547492126e-06
1.700000000000000000e+02 3.108975232717716162e-06
1.710000000000000000e+02 3.360670558149328516e-06
1.720000000000000000e+02 3.581391900079809112e-06
1.730000000000000000e+02 3.368367638905911836e-06
1.740000000000000000e+02 3.366363171039440386e-06
1.750000000000000000e+02 3.742743853132203542e-06
1.760000000000000000e+02 3.435645996080994737e-06
1.770000000000000000e+02 3.399740665028507163e-06
1.780000000000000000e+02 3.026363206024492896e-06
1.790000000000000000e+02 3.383563750968237958e-06
1.800000000000000000e+02 3.414764732406537141e-06
1.810000000000000000e+02 3.033642531712720913e-06
1.820000000000000000e+02 3.079703098309158069e-06
1.830000000000000000e+02 3.247423417320684297e-06
1.840000000000000000e+02 3.299047577445774583e-06
1.850000000000000000e+02 3.630650544238515991e-06
1.860000000000000000e+02 3.393152630070732205e-06
1.870000000000000000e+02 3.252101264015574067e-06
1.880000000000000000e+02 3.089299746996142021e-06
1.890000000000000000e+02 2.966338712620934560e-06
1.900000000000000000e+02 3.152825246084496204e-06
1.910000000000000000e+02 3.218707222664567157e-06
1.920000000000000000e+02 2.936595937331827225e-06
1.930000000000000000e+02 3.102403137520620739e-06
1.940000000000000000e+02 3.647844544011311118e-06
1.950000000000000000e+02 3.512392156774461659e-06
1.960000000000000000e+02 3.963949796015494850e-06
1.970000000000000000e+02 4.713948495803441384e-06
1.980000000000000000e+02 3.451453966871156438e-06
1.990000000000000000e+02 3.332596974884111714e-06
2.000000000000000000e+02 3.031613513499207878e-06
2.010000000000000000e+02 3.085605492315951507e-06
2.020000000000000000e+02 3.091248690487846888e-06
2.030000000000000000e+02 2.934410219683291450e-06
2.040000000000000000e+02 3.170352608348637697e-06
2.050000000000000000e+02 4.090306809549848118e-06
2.060000000000000000e+02 3.414011173661716991e-06
2.070000000000000000e+02 3.207480563572925995e-06
2.080000000000000000e+02 3.332754805456755259e-06
2.090000000000000000e+02 2.871784578776626656e-06
2.100000000000000000e+02 3.131825998315587848e-06
2.110000000000000000e+02 3.123261864170173540e-06
2.120000000000000000e+02 3.232285645148733346e-06
2.130000000000000000e+02 2.845173975198133737e-06
2.140000000000000000e+02 3.242284040636934879e-06
2.150000000000000000e+02 3.261207433240860141e-06
2.160000000000000000e+02 3.440031525686759490e-06
2.170000000000000000e+02 2.914811460806304309e-06
2.180000000000000000e+02 3.209234142815277353e-06
2.190000000000000000e+02 3.022275955515723182e-06
2.200000000000000000e+02 2.782301027416720350e-06
2.210000000000000000e+02 2.947333049141844625e-06
2.220000000000000000e+02 3.296225763698571635e-06
2.230000000000000000e+02 2.915284310895500921e-06
2.240000000000000000e+02 2.972535219809798949e-06
2.250000000000000000e+02 2.757198667409077078e-06
2.260000000000000000e+02 2.924467599009928080e-06
2.270000000000000000e+02 2.728960111245085891e-06
2.280000000000000000e+02 3.162598236027249014e-06
2.290000000000000000e+02 3.419853561358846422e-06
2.300000000000000000e+02 3.065091527720878361e-06
2.310000000000000000e+02 3.154907486640846399e-06
2.320000000000000000e+02 2.961239727318847264e-06
2.330000000000000000e+02 3.114994738613847746e-06
2.340000000000000000e+02 2.772488827218491672e-06
2.350000000000000000e+02 2.924763946837841594e-06
2.360000000000000000e+02 3.054579749714755269e-06
2.370000000000000000e+02 2.762831650641441402e-06
2.380000000000000000e+02 2.918482422180275362e-06
2.390000000000000000e+02 2.902389968254980185e-06
2.400000000000000000e+02 3.376706787824158774e-06
2.410000000000000000e+02 3.125480979311895011e-06
2.420000000000000000e+02 3.069654372258471355e-06
2.430000000000000000e+02 2.998747513961771249e-06
2.440000000000000000e+02 2.994796020365196632e-06
2.450000000000000000e+02 3.233340139537876134e-06
2.460000000000000000e+02 3.097533852966457361e-06
2.470000000000000000e+02 2.877743554972432165e-06
2.480000000000000000e+02 2.640310021942470882e-06
2.490000000000000000e+02 2.931214440940141204e-06
2.500000000000000000e+02 3.064535763755205973e-06
2.510000000000000000e+02 3.122843251680504434e-06
2.520000000000000000e+02 3.091345173568502908e-06
2.530000000000000000e+02 2.705420936950110606e-06
2.540000000000000000e+02 2.777154191147401751e-06
2.550000000000000000e+02 2.860605629089406197e-06
2.560000000000000000e+02 2.932216255921010107e-06
2.570000000000000000e+02 3.066929065476593355e-06
2.580000000000000000e+02 2.862013261091094172e-06
2.590000000000000000e+02 2.861840211593423375e-06
2.600000000000000000e+02 2.787237388468841065e-06
2.610000000000000000e+02 2.722252315016107279e-06
2.620000000000000000e+02 2.859221964571117186e-06
2.630000000000000000e+02 2.893250691367269954e-06
2.640000000000000000e+02 3.182106880146606542e-06
2.650000000000000000e+02 2.921404677903765116e-06
2.660000000000000000e+02 2.737150630587909135e-06
2.670000000000000000e+02 2.802460655429880612e-06
2.680000000000000000e+02 2.698128108044126552e-06
2.690000000000000000e+02 2.723186430320457275e-06
2.700000000000000000e+02 2.672571194427316209e-06
2.710000000000000000e+02 2.683737288336671434e-06
2.720000000000000000e+02 2.835585374710783988e-06
2.730000000000000000e+02 2.817418544812020256e-06
2.740000000000000000e+02 2.797102057440343230e-06
2.750000000000000000e+02 3.125384491597408034e-06
2.760000000000000000e+02 3.031959802847387029e-06
2.770000000000000000e+02 2.628388107976400986e-06
2.780000000000000000e+02 2.623950678424980370e-06
2.790000000000000000e+02 2.706354426024991812e-06
2.800000000000000000e+02 3.009637517422131563e-06
2.810000000000000000e+02 2.668744366227418356e-06
2.820000000000000000e+02 2.685980356856935704e-06
2.830000000000000000e+02 2.664219283378715217e-06
2.840000000000000000e+02 2.611945530730021828e-06
2.850000000000000000e+02 2.570231357307857201e-06
2.860000000000000000e+02 2.622334639271196071e-06
2.870000000000000000e+02 2.782915700389826857e-06
2.880000000000000000e+02 2.634138019779265086e-06
2.890000000000000000e+02 2.752404419367921194e-06
2.900000000000000000e+02 2.816871777654821780e-06
2.910000000000000000e+02 2.733303452025158969e-06
2.920000000000000000e+02 2.771061334933451650e-06
2.930000000000000000e+02 2.793567560774545439e-06
2.940000000000000000e+02 2.742906530526251195e-06
2.950000000000000000e+02 2.644716553736963210e-06
2.960000000000000000e+02 2.660329125389761630e-06
2.970000000000000000e+02 2.572135986780155672e-06
2.980000000000000000e+02 2.680976203462207675e-06
2.990000000000000000e+02 2.634033552377643978e-06
3.000000000000000000e+02 2.675973512199862010e-06
3.010000000000000000e+02 2.509567412803152856e-06
3.020000000000000000e+02 2.553343451648889856e-06
3.030000000000000000e+02 2.635405623498870182e-06
3.040000000000000000e+02 2.686925808692040821e-06
3.050000000000000000e+02 2.460277762104869018e-06
3.060000000000000000e+02 2.515877820737826187e-06
3.070000000000000000e+02 2.587972848644338188e-06
3.080000000000000000e+02 2.619485206189038259e-06
3.090000000000000000e+02 2.742504382267291849e-06
3.100000000000000000e+02 2.418253641780021700e-06
3.110000000000000000e+02 2.745245002596118465e-06
3.120000000000000000e+02 2.573364289127571794e-06
3.130000000000000000e+02 2.460727547017048743e-06
3.140000000000000000e+02 2.442978472551864827e-06
3.150000000000000000e+02 2.756751169730377681e-06
3.160000000000000000e+02 2.549126238397121202e-06
3.170000000000000000e+02 2.729526254143549666e-06
3.180000000000000000e+02 2.460095807561435986e-06
3.190000000000000000e+02 2.470044548061719785e-06
3.200000000000000000e+02 2.397373229695089523e-06
3.210000000000000000e+02 2.697872455977513888e-06
3.220000000000000000e+02 2.668205113275083209e-06
3.230000000000000000e+02 2.727137469463420597e-06
3.240000000000000000e+02 2.829923651911951386e-06
3.250000000000000000e+02 2.687516798071965030e-06
3.260000000000000000e+02 2.491710794790716040e-06
3.270000000000000000e+02 2.522675674353577452e-06
3.280000000000000000e+02 2.510445066342232154e-06
3.290000000000000000e+02 2.423755079660913322e-06
3.300000000000000000e+02 2.546828299421568900e-06
3.310000000000000000e+02 2.651980963267669459e-06
3.320000000000000000e+02 2.587644922695263400e-06
3.330000000000000000e+02 2.701081274587983067e-06
3.340000000000000000e+02 2.485876059191453871e-06
3.350000000000000000e+02 2.696157733588756514e-06
3.360000000000000000e+02 2.464949947336407102e-06
3.370000000000000000e+02 2.403443640009822673e-06
3.380000000000000000e+02 2.514794151706589489e-06
3.390000000000000000e+02 2.492309783516398998e-06
3.400000000000000000e+02 2.511402991684600985e-06
3.410000000000000000e+02 2.677976010465003758e-06
3.420000000000000000e+02 2.454747199850749925e-06
3.430000000000000000e+02 2.362557053523048779e-06
3.440000000000000000e+02 2.440829875897158289e-06
3.450000000000000000e+02 2.434383383902341559e-06
3.460000000000000000e+02 2.461681315977730300e-06
3.470000000000000000e+02 2.518814306123321581e-06
3.480000000000000000e+02 2.414636859675958248e-06
3.490000000000000000e+02 2.514213017994224084e-06
3.500000000000000000e+02 2.438162600342138284e-06
3.510000000000000000e+02 2.673200644687503068e-06
3.520000000000000000e+02 2.519886098872245705e-06
3.530000000000000000e+02 2.681477743978312379e-06
3.540000000000000000e+02 2.492294180307141248e-06
3.550000000000000000e+02 2.490643872167071568e-06
3.560000000000000000e+02 2.605722427439586414e-06
3.570000000000000000e+02 2.533668460970658175e-06
3.580000000000000000e+02 2.407076833086445143e-06
3.590000000000000000e+02 2.505521210246527299e-06
3.600000000000000000e+02 2.515927306348805281e-06
3.610000000000000000e+02 2.546949118998591920e-06
3.620000000000000000e+02 2.630396019842889587e-06
3.630000000000000000e+02 2.506207740676067765e-06
3.640000000000000000e+02 2.555551078427043019e-06
3.650000000000000000e+02 2.474907532382650540e-06
3.660000000000000000e+02 2.475085694988700704e-06
3.670000000000000000e+02 2.476448592277068499e-06
3.680000000000000000e+02 2.584764399653995344e-06
3.690000000000000000e+02 2.511365728125662403e-06
3.700000000000000000e+02 2.368916969575733300e-06
3.710000000000000000e+02 2.377255694123235344e-06
3.720000000000000000e+02 2.536735500796181984e-06
3.730000000000000000e+02 2.549760664381092997e-06
3.740000000000000000e+02 2.561940751898386544e-06
3.750000000000000000e+02 2.486995670912713826e-06
3.760000000000000000e+02 2.537151051330683812e-06
3.770000000000000000e+02 2.635848595261682379e-06
3.780000000000000000e+02 2.586309764101478749e-06
3.790000000000000000e+02 2.385235192478144823e-06
3.800000000000000000e+02 2.405880573962954761e-06
3.810000000000000000e+02 2.335154078535725646e-06
3.820000000000000000e+02 2.428307308295025751e-06
3.830000000000000000e+02 2.321223267302343456e-06
3.840000000000000000e+02 2.355516685596141369e-06
3.850000000000000000e+02 2.407192888699261318e-06
3.860000000000000000e+02 2.394396495758102526e-06
3.870000000000000000e+02 2.311991627130455215e-06
3.880000000000000000e+02 2.436609204411070625e-06
3.890000000000000000e+02 2.484949852995382846e-06
3.900000000000000000e+02 2.710768818987851877e-06
3.910000000000000000e+02 2.504090688949645886e-06
3.920000000000000000e+02 2.296055588618369379e-06
3.930000000000000000e+02 2.422073574090416244e-06
3.940000000000000000e+02 2.520499800767416893e-06
3.950000000000000000e+02 2.392269735705748234e-06
3.960000000000000000e+02 2.303370355549012851e-06
3.970000000000000000e+02 2.343094531523540289e-06
3.980000000000000000e+02 2.345583804893080357e-06
3.990000000000000000e+02 2.537131583445879553e-06
4.000000000000000000e+02 2.585898602852464439e-06
4.010000000000000000e+02 2.300169721805816512e-06
4.020000000000000000e+02 2.330484664589016360e-06
4.030000000000000000e+02 2.413490413209140174e-06
4.040000000000000000e+02 2.473789494617547306e-06
4.050000000000000000e+02 2.404498518934908740e-06
4.060000000000000000e+02 2.467038328968068414e-06
4.070000000000000000e+02 2.361023322018132893e-06
4.080000000000000000e+02 2.401179299143741025e-06
4.090000000000000000e+02 2.356984418938163593e-06
4.100000000000000000e+02 2.354400033755092471e-06
4.110000000000000000e+02 2.603382801724800699e-06
4.120000000000000000e+02 2.313703162789427726e-06
4.130000000000000000e+02 2.399390166819028728e-06
4.140000000000000000e+02 2.305256170357542150e-06
4.150000000000000000e+02 2.414522862143139307e-06
4.160000000000000000e+02 2.282840172447766194e-06
4.170000000000000000e+02 2.345217394343567365e-06
4.180000000000000000e+02 2.359289511540222551e-06
4.190000000000000000e+02 2.335340984916508623e-06
4.200000000000000000e+02 2.344883447202501412e-06
4.210000000000000000e+02 2.256263767189240993e-06
4.220000000000000000e+02 2.403321943999071560e-06
4.230000000000000000e+02 2.385712282772467961e-06
4.240000000000000000e+02 2.435517767466272566e-06
4.250000000000000000e+02 2.305800492241897891e-06
4.260000000000000000e+02 2.325190533282239483e-06
4.270000000000000000e+02 2.283087669302604485e-06
4.280000000000000000e+02 2.233475036027887665e-06
4.290000000000000000e+02 2.279254571387908468e-06
4.300000000000000000e+02 2.312761765520784458e-06
4.310000000000000000e+02 2.349007207128966135e-06
4.320000000000000000e+02 2.383617344359463583e-06
4.330000000000000000e+02 2.403172312402162417e-06
4.340000000000000000e+02 2.413177163679890787e-06
4.350000000000000000e+02 2.350438044072369563e-06
4.360000000000000000e+02 2.400419344799705193e-06
4.370000000000000000e+02 2.273116058998705535e-06
4.380000000000000000e+02 2.356591509127741491e-06
4.390000000000000000e+02 2.335644821754842715e-06
4.400000000000000000e+02 2.334501833121538671e-06
4.410000000000000000e+02 2.290291997616646333e-06
4.420000000000000000e+02 2.316873374399576335e-06
4.430000000000000000e+02 2.335815736349990260e-06
4.440000000000000000e+02 2.376904939705243316e-06
4.450000000000000000e+02 2.282400294264572393e-06
4.460000000000000000e+02 2.276836456441360976e-06
4.470000000000000000e+02 2.302151859527848193e-06
4.480000000000000000e+02 2.283572786250921018e-06
4.490000000000000000e+02 2.283371733293740734e-06
4.500000000000000000e+02 2.304124684456995305e-06
4.510000000000000000e+02 2.324035412913543063e-06
4.520000000000000000e+02 2.444885962615183288e-06
4.530000000000000000e+02 2.343070098499774229e-06
4.540000000000000000e+02 2.314672749510780541e-06
4.550000000000000000e+02 2.246497318064291724e-06
4.560000000000000000e+02 2.270000504343319394e-06
4.570000000000000000e+02 2.265129174709445444e-06
4.580000000000000000e+02 2.297716872666982799e-06
4.590000000000000000e+02 2.477245540359893922e-06
4.600000000000000000e+02 2.414424410473202949e-06
4.610000000000000000e+02 2.247581856295595145e-06
4.620000000000000000e+02 2.359795826163857406e-06
4.630000000000000000e+02 2.441689339738991598e-06
4.640000000000000000e+02 2.368350711965972559e-06
4.650000000000000000e+02 2.335820429230310411e-06
4.660000000000000000e+02 2.227823550261340330e-06
4.670000000000000000e+02 2.199047523483434475e-06
4.680000000000000000e+02 2.250678874481898775e-06
4.690000000000000000e+02 2.256065689019390950e-06
4.700000000000000000e+02 2.316300926122673591e-06
4.710000000000000000e+02 2.307816125252625142e-06
4.720000000000000000e+02 2.229661012419334288e-06
4.730000000000000000e+02 2.269970171573791741e-06
4.740000000000000000e+02 2.263269588681483115e-06
4.750000000000000000e+02 2.320302449291013344e-06
4.760000000000000000e+02 2.239853205445200426e-06
4.770000000000000000e+02 2.296553466200852827e-06
4.780000000000000000e+02 2.258754812288403560e-06
4.790000000000000000e+02 2.239583765895302807e-06
4.800000000000000000e+02 2.205788228120920079e-06
4.810000000000000000e+02 2.309282432941699332e-06
4.820000000000000000e+02 2.298684713607999016e-06
4.830000000000000000e+02 2.292453126656631032e-06
4.840000000000000000e+02 2.284375124742922505e-06
4.850000000000000000e+02 2.257327204496422690e-06
4.860000000000000000e+02 2.261666285952863651e-06
4.870000000000000000e+02 2.237663721846662991e-06
4.880000000000000000e+02 2.223022711450752868e-06
4.890000000000000000e+02 2.294456594833830773e-06
4.900000000000000000e+02 2.205393833549157358e-06
4.910000000000000000e+02 2.193263779661990802e-06
4.920000000000000000e+02 2.291468529212319901e-06
4.930000000000000000e+02 2.291040796017712235e-06
4.940000000000000000e+02 2.347330483196543508e-06
4.950000000000000000e+02 2.299056731438600431e-06
4.960000000000000000e+02 2.254578966210710580e-06
4.970000000000000000e+02 2.253419695235555915e-06
4.980000000000000000e+02 2.363110742136927621e-06
4.990000000000000000e+02 2.229241596118675127e-06
5.000000000000000000e+02 2.162321538722215042e-06
5.010000000000000000e+02 2.229196563843405214e-06
5.020000000000000000e+02 2.463484824467830918e-06
5.030000000000000000e+02 2.354732878062340911e-06
5.040000000000000000e+02 2.347821904195888268e-06
5.050000000000000000e+02 2.184300191175740645e-06
5.060000000000000000e+02 2.205207722656730406e-06
5.070000000000000000e+02 2.289301338954169726e-06
5.080000000000000000e+02 2.263723283296860797e-06
5.090000000000000000e+02 2.221339635063836331e-06
5.100000000000000000e+02 2.209926496451450970e-06
5.110000000000000000e+02 2.201819881465231838e-06
5.120000000000000000e+02 2.209055245506025019e-06
5.130000000000000000e+02 2.214109622671309686e-06
5.140000000000000000e+02 2.225235425216195379e-06
5.150000000000000000e+02 2.229158739387766723e-06
5.160000000000000000e+02 2.180323054258720806e-06
5.170000000000000000e+02 2.232808694341670242e-06
5.180000000000000000e+02 2.303810208368505543e-06
5.190000000000000000e+02 2.258819018994707250e-06
5.200000000000000000e+02 2.264778922654260413e-06
5.210000000000000000e+02 2.230104025604797757e-06
5.220000000000000000e+02 2.181350510924593457e-06
5.230000000000000000e+02 2.188478305263957766e-06
5.240000000000000000e+02 2.217887253924093680e-06
5.250000000000000000e+02 2.265510919513407912e-06
5.260000000000000000e+02 2.224817430414488566e-06
5.270000000000000000e+02 2.163027080222074948e-06
5.280000000000000000e+02 2.158475447480219549e-06
5.290000000000000000e+02 2.158779825924805354e-06
5.300000000000000000e+02 2.204048146383439471e-06
5.310000000000000000e+02 2.191743239212253705e-06
5.320000000000000000e+02 2.203072741770764655e-06
5.330000000000000000e+02 2.183111424476873457e-06
5.340000000000000000e+02 2.181314592964573351e-06
5.350000000000000000e+02 2.204289562144527802e-06
5.360000000000000000e+02 2.186638944459779839e-06
5.370000000000000000e+02 2.275553346034097979e-06
5.380000000000000000e+02 2.168761682069385140e-06
5.390000000000000000e+02 2.171520211650808054e-06
5.400000000000000000e+02 2.172309960583191146e-06
5.410000000000000000e+02 2.217816736312057852e-06
5.420000000000000000e+02 2.265911000662205984e-06
5.430000000000000000e+02 2.179321451995569947e-06
5.440000000000000000e+02 2.296689118673473869e-06
5.450000000000000000e+02 2.176844514446139419e-06
5.460000000000000000e+02 2.246845608433295557e-06
5.470000000000000000e+02 2.235954567322419601e-06
5.480000000000000000e+02 2.273231855063255719e-06
5.490000000000000000e+02 2.152963443606047864e-06
5.500000000000000000e+02 2.184406287727943332e-06
5.510000000000000000e+02 2.234120987288726775e-06
5.520000000000000000e+02 2.215872378661958577e-06
5.530000000000000000e+02 2.201297367967192488e-06
5.540000000000000000e+02 2.201343865794464159e-06
5.550000000000000000e+02 2.248698247678632057e-06
5.560000000000000000e+02 2.286332000584241466e-06
5.570000000000000000e+02 2.204580933008325707e-06
5.580000000000000000e+02 2.154266429559973848e-06
5.590000000000000000e+02 2.191550720500931763e-06
5.600000000000000000e+02 2.226847511198682254e-06
5.610000000000000000e+02 2.177414133836378991e-06
5.620000000000000000e+02 2.195206812983767680e-06
5.630000000000000000e+02 2.187942714641355971e-06
5.640000000000000000e+02 2.181927234188414991e-06
5.650000000000000000e+02 2.148654408799741048e-06
5.660000000000000000e+02 2.154275318873892681e-06
5.670000000000000000e+02 2.160481664162950380e-06
5.680000000000000000e+02 2.222991413600860416e-06
5.690000000000000000e+02 2.240869835943672589e-06
5.700000000000000000e+02 2.146416909663616575e-06
5.710000000000000000e+02 2.155100351426039385e-06
5.720000000000000000e+02 2.199805931017539206e-06
5.730000000000000000e+02 2.232117100585266700e-06
5.740000000000000000e+02 2.118805044486497635e-06
5.750000000000000000e+02 2.222589842673064564e-06
5.760000000000000000e+02 2.205003438000642940e-06
5.770000000000000000e+02 2.188780630727383983e-06
5.780000000000000000e+02 2.192267593030804292e-06
5.790000000000000000e+02 2.150312275659602063e-06
5.800000000000000000e+02 2.195010586672400821e-06
5.810000000000000000e+02 2.197124213575189746e-06
5.820000000000000000e+02 2.197889639991551548e-06
5.830000000000000000e+02 2.198952822817039722e-06
5.840000000000000000e+02 2.176377629777047789e-06
5.850000000000000000e+02 2.168447714335645631e-06
5.860000000000000000e+02 2.210290813173491259e-06
5.870000000000000000e+02 2.193443635702513916e-06
5.880000000000000000e+02 2.167808424746072425e-06
5.890000000000000000e+02 2.172669515268440438e-06
5.900000000000000000e+02 2.164135593149778298e-06
5.910000000000000000e+02 2.151550152807754641e-06
5.920000000000000000e+02 2.124038869568776040e-06
5.930000000000000000e+02 2.137607144914165554e-06
5.940000000000000000e+02 2.145634945492177674e-06
5.950000000000000000e+02 2.203912954881738390e-06
5.960000000000000000e+02 2.170350768790130262e-06
5.970000000000000000e+02 2.216826213475559243e-06
5.980000000000000000e+02 2.210357143628025922e-06
5.990000000000000000e+02 2.228129686555585646e-06
6.000000000000000000e+02 2.232217479714141498e-06
6.010000000000000000e+02 2.147977894081140335e-06
6.020000000000000000e+02 2.170337974662592053e-06
6.030000000000000000e+02 2.179411275271446714e-06
6.040000000000000000e+02 2.146367803460912230e-06
6.050000000000000000e+02 2.179442850578054725e-06
6.060000000000000000e+02 2.131298487533971208e-06
6.070000000000000000e+02 2.144537006534698604e-06
6.080000000000000000e+02 2.164947150862850392e-06
6.090000000000000000e+02 2.177254379132661553e-06
6.100000000000000000e+02 2.179516671112612255e-06
6.110000000000000000e+02 2.133824049080262409e-06
6.120000000000000000e+02 2.138305044474822116e-06
6.130000000000000000e+02 2.188202877331705117e-06
6.140000000000000000e+02 2.208060801648664271e-06
6.150000000000000000e+02 2.119170593460092968e-06
6.160000000000000000e+02 2.217126064445370788e-06
6.170000000000000000e+02 2.146068052917562655e-06
6.180000000000000000e+02 2.145477658670430488e-06
6.190000000000000000e+02 2.168032572531784468e-06
6.200000000000000000e+02 2.155689996587164179e-06
6.210000000000000000e+02 2.171656283849829236e-06
6.220000000000000000e+02 2.142519197700326307e-06
6.230000000000000000e+02 2.193545737143340467e-06
6.240000000000000000e+02 2.159124375987639796e-06
6.250000000000000000e+02 2.154306803557621346e-06
6.260000000000000000e+02 2.159064936416735204e-06
6.270000000000000000e+02 2.179581804114647093e-06
6.280000000000000000e+02 2.148274769548830439e-06
6.290000000000000000e+02 2.160944647729463287e-06
6.300000000000000000e+02 2.137653385451449163e-06
6.310000000000000000e+02 2.088894717711087783e-06
6.320000000000000000e+02 2.198472065790693390e-06
6.330000000000000000e+02 2.126835783288135629e-06
6.340000000000000000e+02 2.161892978164950079e-06
6.350000000000000000e+02 2.179833462128961101e-06
6.360000000000000000e+02 2.150760268260994240e-06
6.370000000000000000e+02 2.183697059283577709e-06
6.380000000000000000e+02 2.149424022178993538e-06
6.390000000000000000e+02 2.125249759527304454e-06
6.400000000000000000e+02 2.175179308731532651e-06
6.410000000000000000e+02 2.151335130155351569e-06
6.420000000000000000e+02 2.139492748426398468e-06
6.430000000000000000e+02 2.162835800324226975e-06
6.440000000000000000e+02 2.140999129380028993e-06
6.450000000000000000e+02 2.183799297234387196e-06
6.460000000000000000e+02 2.111830467797109598e-06
6.470000000000000000e+02 2.151681983599207255e-06
6.480000000000000000e+02 2.125194701900783269e-06
6.490000000000000000e+02 2.149315028040132628e-06
6.500000000000000000e+02 2.200650974800849523e-06
6.510000000000000000e+02 2.138167725410188669e-06
6.520000000000000000e+02 2.156936011823022024e-06
6.530000000000000000e+02 2.152090886573596611e-06
6.540000000000000000e+02 2.156000164185828807e-06
6.550000000000000000e+02 2.118052269214238418e-06
6.560000000000000000e+02 2.125551363514211143e-06
6.570000000000000000e+02 2.135956458380443775e-06
6.580000000000000000e+02 2.175684552615953948e-06
6.590000000000000000e+02 2.139424000011793697e-06
6.600000000000000000e+02 2.120842590940747193e-06
6.610000000000000000e+02 2.102293431081338634e-06
6.620000000000000000e+02 2.120732979033871754e-06
6.630000000000000000e+02 2.115927190607731839e-06
6.640000000000000000e+02 2.119744156721832043e-06
6.650000000000000000e+02 2.157156821861616138e-06
6.660000000000000000e+02 2.078352580448579557e-06
6.670000000000000000e+02 2.166788221084019839e-06
6.680000000000000000e+02 2.170953699764236237e-06
6.690000000000000000e+02 2.088829385409832646e-06
6.700000000000000000e+02 2.158926014231755325e-06
6.710000000000000000e+02 2.108048800451969973e-06
6.720000000000000000e+02 2.192131780006531710e-06
6.730000000000000000e+02 2.159052492680075382e-06
6.740000000000000000e+02 2.128574926334167345e-06
6.750000000000000000e+02 2.165181479620223657e-06
6.760000000000000000e+02 2.115489251410800797e-06
6.770000000000000000e+02 2.111347547788689965e-06
6.780000000000000000e+02 2.155101057219650298e-06
6.790000000000000000e+02 2.140771104552354108e-06
6.800000000000000000e+02 2.101230362586463715e-06
6.810000000000000000e+02 2.096295329612554369e-06
6.820000000000000000e+02 2.138196846000918941e-06
6.830000000000000000e+02 2.135289910476071211e-06
6.840000000000000000e+02 2.162350094821633242e-06
6.850000000000000000e+02 2.160524825460094380e-06
6.860000000000000000e+02 2.139173448152536682e-06
6.870000000000000000e+02 2.221461723903822263e-06
6.880000000000000000e+02 2.115777097271417694e-06
6.890000000000000000e+02 2.120246580223053453e-06
6.900000000000000000e+02 2.136403820147293821e-06
6.910000000000000000e+02 2.151857693621736420e-06
6.920000000000000000e+02 2.168182960152157049e-06
6.930000000000000000e+02 2.180675805178638764e-06
6.940000000000000000e+02 2.181791099344266821e-06
6.950000000000000000e+02 2.126354248783881701e-06
6.960000000000000000e+02 2.128488040124279487e-06
6.970000000000000000e+02 2.121324224861330561e-06
6.980000000000000000e+02 2.166436222191778869e-06
6.990000000000000000e+02 2.152278681755486665e-06
7.000000000000000000e+02 2.108614254501031270e-06
7.010000000000000000e+02 2.117619667247129210e-06
7.020000000000000000e+02 2.116277358738287251e-06
7.030000000000000000e+02 2.125496741720475800e-06
7.040000000000000000e+02 2.159905608993166750e-06
7.050000000000000000e+02 2.130125318684808231e-06
7.060000000000000000e+02 2.145626588170446469e-06
7.070000000000000000e+02 2.132566761794310805e-06
7.080000000000000000e+02 2.144532298545194899e-06
7.090000000000000000e+02 2.191516274242242168e-06
7.100000000000000000e+02 2.148937157114010934e-06
7.110000000000000000e+02 2.151874223285533831e-06
7.120000000000000000e+02 2.070429824586924258e-06
7.130000000000000000e+02 2.129125493183509811e-06
7.140000000000000000e+02 2.079742816968937146e-06
7.150000000000000000e+02 2.111259046473731023e-06
7.160000000000000000e+02 2.093685016582439153e-06
7.170000000000000000e+02 2.160834399736711647e-06
