0.000000000000000000e+00 6.507236482425132404e-04
1.000000000000000000e+00 7.451218766070442066e-05
2.000000000000000000e+00 7.357457789852132456e-05
3.000000000000000000e+00 6.951317019733820740e-05
4.000000000000000000e+00 3.426500950288352451e-05
5.000000000000000000e+00 4.808542609747644303e-06
6.000000000000000000e+00 1.560969321744812964e-06
7.000000000000000000e+00 6.704321386971719362e-07
8.000000000000000000e+00 5.118404738517207233e-07
9.000000000000000000e+00 5.502073547890137696e-07
1.000000000000000000e+01 4.540786988195978037e-07
1.100000000000000000e+01 4.266276868091093495e-07
1.200000000000000000e+01 4.273645631023815790e-07
1.300000000000000000e+01 3.733925423179801323e-07
1.400000000000000000e+01 4.077444445708490113e-07
1.500000000000000000e+01 3.506803486402461115e-07
1.600000000000000000e+01 3.217816340100620217e-07
1.700000000000000000e+01 2.992677019806300318e-07
1.800000000000000000e+01 2.732260309468213335e-07
1.900000000000000000e+01 2.827240879161123840e-07
2.000000000000000000e+01 2.511026136708106222e-07
2.100000000000000000e+01 2.265422816986558084e-07
2.200000000000000000e+01 2.106697462687152980e-07
2.300000000000000000e+01 2.188308815508954333e-07
2.400000000000000000e+01 1.951845254392400335e-07
2.500000000000000000e+01 1.941127332044368514e-07
2.600000000000000000e+01 1.657950628953316095e-07
2.700000000000000000e+01 1.603303177963372235e-07
2.800000000000000000e+01 1.640506167462459008e-07
2.900000000000000000e+01 1.618437124596254790e-07
3.000000000000000000e+01 1.462482149503350299e-07
3.100000000000000000e+01 1.247193310218063897e-07
3.200000000000000000e+01 1.303552557426004322e-07
3.300000000000000000e+01 1.290169315442318615e-07
3.400000000000000000e+01 1.190350369664703815e-07
3.500000000000000000e+01 1.058489054347343496e-07
3.600000000000000000e+01 1.134740287112416642e-07
3.700000000000000000e+01 9.909243711343712245e-08
3.800000000000000000e+01 9.580380253795753196e-08
3.900000000000000000e+01 8.853525647297675953e-08
4.000000000000000000e+01 8.851659154423491752e-08
4.100000000000000000e+01 8.727587123632259135e-08
4.200000000000000000e+01 1.217882277714378322e-07
4.300000000000000000e+01 8.748462264757317635e-08
4.400000000000000000e+01 8.897745772127884266e-08
4.500000000000000000e+01 1.211602880285129225e-07
4.600000000000000000e+01 1.112168741798125898e-07
4.700000000000000000e+01 7.709776343772131587e-08
4.800000000000000000e+01 7.721613580126153148e-08
4.900000000000000000e+01 8.080689221476506701e-08
5.000000000000000000e+01 1.227725776544170308e-07
5.100000000000000000e+01 6.970601556627605881e-08
5.200000000000000000e+01 7.311997465581411519e-08
5.300000000000000000e+01 7.580904789347320860e-08
5.400000000000000000e+01 5.744288962664997078e-07
5.500000000000000000e+01 1.544505795719419755e-06
5.600000000000000000e+01 1.704860061354445692e-07
5.700000000000000000e+01 1.263055361421978833e-07
5.800000000000000000e+01 1.123114673894499390e-07
5.900000000000000000e+01 1.368379637076148667e-07
6.000000000000000000e+01 8.428366397344058144e-08
6.100000000000000000e+01 9.752733248354106343e-08
6.200000000000000000e+01 8.913228722840288670e-08
6.300000000000000000e+01 1.093322238298427486e-07
6.400000000000000000e+01 7.911162459418440088e-08
6.500000000000000000e+01 1.015078787278693138e-07
6.600000000000000000e+01 9.771136662840294204e-08
6.700000000000000000e+01 8.332546353945107621e-08
6.800000000000000000e+01 6.504677580748483780e-08
6.900000000000000000e+01 5.253105646947259062e-08
7.000000000000000000e+01 7.951037536350492950e-08
7.100000000000000000e+01 5.801677098946953992e-08
7.200000000000000000e+01 7.888385410963534550e-08
7.300000000000000000e+01 8.356112008668196516e-08
7.400000000000000000e+01 1.370786049528925829e-07
7.500000000000000000e+01 7.934800932093903316e-08
7.600000000000000000e+01 7.204531661667658246e-08
7.700000000000000000e+01 6.679195497109346776e-08
7.800000000000000000e+01 1.059462012674464998e-07
7.900000000000000000e+01 2.473499756697634734e-07
8.000000000000000000e+01 2.030425182729172968e-07
8.100000000000000000e+01 1.267001159460656670e-07
8.200000000000000000e+01 5.446156277447060548e-07
8.300000000000000000e+01 4.423798126869269659e-07
8.400000000000000000e+01 6.019951387945994465e-07
8.500000000000000000e+01 1.671708606549829737e-07
8.600000000000000000e+01 6.455417122265926808e-08
8.700000000000000000e+01 7.742442189756825391e-08
8.800000000000000000e+01 5.631705195968083864e-08
8.900000000000000000e+01 5.087754048279506162e-08
9.000000000000000000e+01 6.122210180068270847e-08
9.100000000000000000e+01 3.346943161688495203e-08
9.200000000000000000e+01 1.287694307096433343e-07
9.300000000000000000e+01 1.033652111132927848e-07
9.400000000000000000e+01 8.014938711900550810e-08
9.500000000000000000e+01 2.033201264232191425e-07
9.600000000000000000e+01 7.949426954867584205e-08
9.700000000000000000e+01 7.273450023959504346e-08
9.800000000000000000e+01 1.365432089386356634e-07
9.900000000000000000e+01 3.250201199304646764e-07
1.000000000000000000e+02 2.385496799094819093e-07
1.010000000000000000e+02 7.629474720707882118e-08
1.020000000000000000e+02 5.083397369049887477e-08
1.030000000000000000e+02 5.335585487008950626e-08
1.040000000000000000e+02 5.799198010706882746e-07
1.050000000000000000e+02 7.081810689115688000e-07
1.060000000000000000e+02 2.561148941320289314e-07
1.070000000000000000e+02 5.325536760383070465e-07
1.080000000000000000e+02 9.696034627961079090e-08
1.090000000000000000e+02 2.015311519567120656e-07
1.100000000000000000e+02 6.044086709770948464e-08
1.110000000000000000e+02 9.909311545596910461e-08
1.120000000000000000e+02 6.493069714001454642e-08
1.130000000000000000e+02 1.506291693853953283e-07
1.140000000000000000e+02 1.561618829145638280e-07
1.150000000000000000e+02 1.408496986498305848e-07
1.160000000000000000e+02 2.113370716671881073e-07
1.170000000000000000e+02 7.283234485651244081e-08
1.180000000000000000e+02 5.544187870471481745e-08
1.190000000000000000e+02 2.254956110058111901e-07
1.200000000000000000e+02 6.479625505203032746e-08
1.210000000000000000e+02 9.428949945088871559e-08
1.220000000000000000e+02 1.729785395978727517e-07
1.230000000000000000e+02 7.639077593679430519e-07
1.240000000000000000e+02 2.569021978781486030e-07
1.250000000000000000e+02 4.744851454669111626e-07
1.260000000000000000e+02 4.852067782057573794e-07
1.270000000000000000e+02 1.089507413643381271e-07
1.280000000000000000e+02 7.125195856960050210e-08
1.290000000000000000e+02 1.312878373778866451e-07
1.300000000000000000e+02 1.081275495332862317e-07
1.310000000000000000e+02 1.869967381302684984e-07
1.320000000000000000e+02 1.034112026198791225e-07
1.330000000000000000e+02 7.559052224977667757e-07
1.340000000000000000e+02 3.236430336841565539e-07
1.350000000000000000e+02 1.567896780942054821e-07
1.360000000000000000e+02 4.801100752640663560e-08
1.370000000000000000e+02 5.343595303824450811e-08
1.380000000000000000e+02 1.383808802704218213e-07
1.390000000000000000e+02 4.348559288447871617e-07
1.400000000000000000e+02 3.601391684900213121e-07
1.410000000000000000e+02 8.704261119191707140e-08
1.420000000000000000e+02 3.547895689480877205e-07
