0.000000000000000000e+00 1.389465474034060843e+00
1.000000000000000000e+00 5.294102322150966433e-01
2.000000000000000000e+00 5.001431439422225900e-01
3.000000000000000000e+00 4.870604256560949752e-01
4.000000000000000000e+00 4.712598048834552578e-01
5.000000000000000000e+00 4.356537014233717309e-01
6.000000000000000000e+00 4.038297407320629029e-01
7.000000000000000000e+00 3.544562702050950698e-01
8.000000000000000000e+00 3.116380366087770915e-01
9.000000000000000000e+00 2.648687591795768070e-01
1.000000000000000000e+01 1.962991802774582961e-01
1.100000000000000000e+01 1.269277652171108273e-01
1.200000000000000000e+01 7.705691681830223461e-02
1.300000000000000000e+01 4.820721187379303080e-02
1.400000000000000000e+01 3.292440183302361434e-02
1.500000000000000000e+01 2.724105417486444997e-02
1.600000000000000000e+01 3.015586382480007349e-02
1.700000000000000000e+01 2.672089693673604729e-02
1.800000000000000000e+01 2.418231528494178828e-02
1.900000000000000000e+01 2.633306232478389852e-02
2.000000000000000000e+01 2.793632463381625491e-02
2.100000000000000000e+01 2.652161224786071109e-02
2.200000000000000000e+01 3.031198768788094175e-02
2.300000000000000000e+01 2.458368719289717383e-02
2.400000000000000000e+01 2.377155003310748443e-02
2.500000000000000000e+01 2.534646415649241188e-02
2.600000000000000000e+01 2.551610480828542249e-02
2.700000000000000000e+01 2.213783261315130368e-02
2.800000000000000000e+01 2.323349367251954442e-02
2.900000000000000000e+01 2.111303921318198953e-02
3.000000000000000000e+01 2.227827253936424945e-02
3.100000000000000000e+01 2.651153445051123922e-02
3.200000000000000000e+01 2.047199477047555866e-02
3.300000000000000000e+01 2.358357669525216332e-02
3.400000000000000000e+01 1.931491247088807511e-02
3.500000000000000000e+01 1.981638178566870814e-02
3.600000000000000000e+01 2.207008312214869122e-02
3.700000000000000000e+01 2.002333554258238849e-02
3.800000000000000000e+01 1.812285399956120244e-02
3.900000000000000000e+01 1.711982275795271777e-02
4.000000000000000000e+01 1.778393793613593232e-02
4.100000000000000000e+01 1.654854440303528060e-02
4.200000000000000000e+01 2.285628544550512634e-02
4.300000000000000000e+01 1.724775125363321032e-02
4.400000000000000000e+01 1.570542189864233829e-02
4.500000000000000000e+01 1.560426965410753944e-02
4.600000000000000000e+01 1.600488284759008645e-02
4.700000000000000000e+01 1.593568166032422947e-02
4.800000000000000000e+01 1.798173543293282717e-02
4.900000000000000000e+01 1.554387088351967018e-02
5.000000000000000000e+01 1.800557046725720020e-02
5.100000000000000000e+01 1.497527013627426851e-02
5.200000000000000000e+01 1.486840504091781721e-02
5.300000000000000000e+01 1.324926564531249233e-02
5.400000000000000000e+01 1.231082044300389235e-02
5.500000000000000000e+01 1.177017951781427797e-02
5.600000000000000000e+01 1.169215456652944116e-02
5.700000000000000000e+01 1.220240144961742129e-02
5.800000000000000000e+01 1.207383819790480532e-02
5.900000000000000000e+01 1.122136308055176473e-02
6.000000000000000000e+01 1.076608202679272402e-02
6.100000000000000000e+01 1.411518053704835171e-02
6.200000000000000000e+01 1.386924634130279853e-02
6.300000000000000000e+01 1.340075748174872870e-02
6.400000000000000000e+01 1.123590995143675976e-02
6.500000000000000000e+01 9.018065807288302635e-03
6.600000000000000000e+01 9.079938735687530932e-03
6.700000000000000000e+01 1.022951973224937861e-02
6.800000000000000000e+01 1.017610146984720791e-02
6.900000000000000000e+01 1.017023937849332975e-02
7.000000000000000000e+01 8.618093611690328879e-03
7.100000000000000000e+01 7.591868914060643896e-03
7.200000000000000000e+01 7.321102731104342336e-03
7.300000000000000000e+01 1.104423905770286589e-02
7.400000000000000000e+01 7.870580514208566636e-03
7.500000000000000000e+01 7.069835990572950930e-03
7.600000000000000000e+01 8.731793346373856526e-03
7.700000000000000000e+01 8.855941758411971232e-03
7.800000000000000000e+01 8.040476462241080008e-03
7.900000000000000000e+01 6.450737578920006342e-03
8.000000000000000000e+01 6.344969994872064721e-03
8.100000000000000000e+01 6.167480060429541069e-03
8.200000000000000000e+01 6.371012859304822293e-03
8.300000000000000000e+01 6.162455424624671205e-03
8.400000000000000000e+01 6.003526255280736135e-03
8.500000000000000000e+01 5.951155594091758066e-03
8.600000000000000000e+01 6.081133040653068436e-03
8.700000000000000000e+01 5.759992624477151650e-03
8.800000000000000000e+01 5.906076414558961499e-03
8.900000000000000000e+01 5.991084536569952351e-03
9.000000000000000000e+01 8.003353846627038817e-03
9.100000000000000000e+01 5.751580993796085416e-03
9.200000000000000000e+01 5.389440919718919629e-03
9.300000000000000000e+01 5.536461029322167424e-03
9.400000000000000000e+01 5.623730335819614699e-03
9.500000000000000000e+01 7.419307183860902183e-03
9.600000000000000000e+01 5.637845034131496076e-03
9.700000000000000000e+01 5.310580258917246659e-03
9.800000000000000000e+01 5.793156934772211719e-03
9.900000000000000000e+01 6.388137591720413448e-03
1.000000000000000000e+02 6.787480190748040876e-03
1.010000000000000000e+02 6.045408450620971472e-03
1.020000000000000000e+02 5.774206153072653988e-03
1.030000000000000000e+02 7.302969677275139918e-03
1.040000000000000000e+02 5.693655873125621873e-03
1.050000000000000000e+02 5.453153893602528425e-03
1.060000000000000000e+02 6.305437206549772619e-03
1.070000000000000000e+02 5.469885766340146574e-03
1.080000000000000000e+02 5.657218486355698218e-03
1.090000000000000000e+02 4.941732308081527199e-03
1.100000000000000000e+02 5.139059335265095708e-03
1.110000000000000000e+02 6.977100073544531544e-03
1.120000000000000000e+02 6.252106157087609743e-03
1.130000000000000000e+02 4.862849195620986241e-03
1.140000000000000000e+02 5.208291646284833251e-03
1.150000000000000000e+02 4.925104422874368795e-03
1.160000000000000000e+02 5.145983925720798435e-03
1.170000000000000000e+02 4.865796537431942188e-03
1.180000000000000000e+02 4.740409825249721973e-03
1.190000000000000000e+02 5.050157451137829781e-03
1.200000000000000000e+02 4.788785815895827726e-03
1.210000000000000000e+02 4.916795089500381778e-03
1.220000000000000000e+02 5.285955883968296298e-03
1.230000000000000000e+02 5.619518463619361213e-03
1.240000000000000000e+02 4.800359494790979592e-03
1.250000000000000000e+02 4.902468395879448250e-03
1.260000000000000000e+02 4.734950721788970529e-03
1.270000000000000000e+02 4.684835012431378017e-03
1.280000000000000000e+02 5.576841971610968680e-03
1.290000000000000000e+02 4.987736278502995398e-03
1.300000000000000000e+02 5.455070048208231909e-03
1.310000000000000000e+02 6.067730717586947674e-03
1.320000000000000000e+02 7.268488248794036620e-03
1.330000000000000000e+02 4.757313763246238773e-03
1.340000000000000000e+02 4.845890980674839345e-03
1.350000000000000000e+02 4.733441128982858806e-03
1.360000000000000000e+02 4.721480765190747692e-03
1.370000000000000000e+02 4.721769819121019937e-03
1.380000000000000000e+02 4.703416486509346892e-03
1.390000000000000000e+02 5.092968538215135454e-03
1.400000000000000000e+02 5.049902314191224463e-03
1.410000000000000000e+02 5.121889291732068319e-03
1.420000000000000000e+02 6.990973994629516054e-03
1.430000000000000000e+02 5.768364416922402635e-03
1.440000000000000000e+02 5.418901792542218758e-03
1.450000000000000000e+02 4.875429985628023342e-03
1.460000000000000000e+02 5.732152828536572590e-03
1.470000000000000000e+02 4.667166678696614904e-03
1.480000000000000000e+02 4.800064959008883310e-03
1.490000000000000000e+02 4.435122261887703039e-03
1.500000000000000000e+02 4.435715174838560093e-03
1.510000000000000000e+02 5.072475399543054791e-03
1.520000000000000000e+02 4.575380356614902957e-03
1.530000000000000000e+02 4.354596431839496962e-03
1.540000000000000000e+02 4.906495101443705299e-03
1.550000000000000000e+02 4.474523405575933296e-03
1.560000000000000000e+02 4.759090548613118150e-03
1.570000000000000000e+02 4.226041687482760649e-03
1.580000000000000000e+02 4.384689610275657040e-03
1.590000000000000000e+02 4.906133060849022891e-03
1.600000000000000000e+02 4.889778731876717223e-03
1.610000000000000000e+02 4.579732139894318772e-03
1.620000000000000000e+02 4.297912450824089084e-03
1.630000000000000000e+02 4.404023486196596837e-03
1.640000000000000000e+02 4.268800276855452304e-03
1.650000000000000000e+02 4.760656071113693322e-03
1.660000000000000000e+02 5.337642586800335834e-03
1.670000000000000000e+02 4.763672136150145890e-03
1.680000000000000000e+02 4.606864268012662855e-03
1.690000000000000000e+02 4.346030175454144127e-03
1.700000000000000000e+02 4.380979399617923077e-03
1.710000000000000000e+02 4.371523420774582266e-03
1.720000000000000000e+02 4.248022109403693305e-03
1.730000000000000000e+02 4.295939903342933797e-03
1.740000000000000000e+02 4.611555736514056161e-03
1.750000000000000000e+02 4.560306433156432679e-03
1.760000000000000000e+02 4.246476380441891428e-03
1.770000000000000000e+02 4.298503197289789933e-03
1.780000000000000000e+02 4.333603167694100033e-03
1.790000000000000000e+02 4.133019131765195038e-03
1.800000000000000000e+02 4.179771128148564337e-03
1.810000000000000000e+02 4.290538307884025557e-03
1.820000000000000000e+02 4.074996341051693831e-03
1.830000000000000000e+02 4.096154679490893527e-03
1.840000000000000000e+02 4.013180235791145162e-03
1.850000000000000000e+02 4.534972658455233875e-03
1.860000000000000000e+02 4.179352960120901080e-03
1.870000000000000000e+02 4.064436818496611897e-03
1.880000000000000000e+02 4.246032587420190893e-03
1.890000000000000000e+02 4.335819286527813933e-03
1.900000000000000000e+02 4.004125814600864065e-03
1.910000000000000000e+02 4.027276214590578586e-03
1.920000000000000000e+02 4.048401165589655785e-03
1.930000000000000000e+02 4.053626762943309501e-03
1.940000000000000000e+02 4.142269235503598900e-03
1.950000000000000000e+02 4.301783302696632512e-03
1.960000000000000000e+02 4.225014000652745245e-03
1.970000000000000000e+02 4.300686356367663422e-03
1.980000000000000000e+02 3.895148404504142174e-03
1.990000000000000000e+02 4.040504263119742458e-03
2.000000000000000000e+02 4.543600561725786614e-03
2.010000000000000000e+02 4.102287776178667814e-03
2.020000000000000000e+02 3.999517261920819411e-03
2.030000000000000000e+02 3.873109990132291708e-03
2.040000000000000000e+02 3.785862725145650639e-03
2.050000000000000000e+02 3.944479097202847201e-03
2.060000000000000000e+02 3.780701338330191147e-03
2.070000000000000000e+02 3.843551064937192948e-03
2.080000000000000000e+02 3.879200003827998865e-03
2.090000000000000000e+02 3.866178586440664321e-03
2.100000000000000000e+02 3.756567377388565863e-03
2.110000000000000000e+02 3.921848231913619733e-03
2.120000000000000000e+02 4.134129656329574298e-03
2.130000000000000000e+02 3.743102717333718354e-03
2.140000000000000000e+02 3.759879755253043958e-03
2.150000000000000000e+02 3.842550478893429818e-03
2.160000000000000000e+02 3.847958559684107934e-03
2.170000000000000000e+02 4.016344866496920907e-03
2.180000000000000000e+02 3.781697808700253127e-03
2.190000000000000000e+02 3.700710252752314588e-03
2.200000000000000000e+02 4.089589856955072253e-03
2.210000000000000000e+02 4.151713496118562483e-03
2.220000000000000000e+02 3.635107627015486242e-03
2.230000000000000000e+02 3.717524652334095424e-03
2.240000000000000000e+02 3.923707975092376871e-03
2.250000000000000000e+02 3.803340475186149650e-03
2.260000000000000000e+02 3.772376620684296956e-03
2.270000000000000000e+02 3.679054546276388452e-03
2.280000000000000000e+02 3.755104616075297542e-03
2.290000000000000000e+02 3.655306801886764982e-03
2.300000000000000000e+02 3.620462466403979312e-03
2.310000000000000000e+02 3.896342573991067471e-03
2.320000000000000000e+02 3.792043397114190639e-03
2.330000000000000000e+02 3.921272443398991087e-03
2.340000000000000000e+02 3.691729385889987863e-03
2.350000000000000000e+02 3.630548685148703332e-03
2.360000000000000000e+02 3.805855782680696211e-03
2.370000000000000000e+02 3.688659863190662559e-03
2.380000000000000000e+02 4.107496251851807181e-03
2.390000000000000000e+02 3.687234217625085225e-03
2.400000000000000000e+02 3.652805366708991152e-03
2.410000000000000000e+02 3.738307058832078707e-03
2.420000000000000000e+02 3.683957830053483269e-03
2.430000000000000000e+02 3.743123516138674011e-03
2.440000000000000000e+02 3.529003641113200029e-03
2.450000000000000000e+02 3.737728306405564607e-03
2.460000000000000000e+02 3.577499077930566991e-03
2.470000000000000000e+02 3.508445803551317292e-03
2.480000000000000000e+02 3.517958972510545467e-03
2.490000000000000000e+02 3.751720705771883265e-03
2.500000000000000000e+02 3.775209726068675525e-03
2.510000000000000000e+02 3.534926694341673867e-03
2.520000000000000000e+02 3.584445075320179686e-03
2.530000000000000000e+02 3.634504990508847025e-03
2.540000000000000000e+02 3.590852232499728083e-03
2.550000000000000000e+02 3.614659521602614067e-03
2.560000000000000000e+02 3.671021574631512952e-03
2.570000000000000000e+02 3.508279049228281606e-03
2.580000000000000000e+02 3.555713343648231675e-03
2.590000000000000000e+02 3.589568848123837232e-03
2.600000000000000000e+02 3.505881289849332224e-03
2.610000000000000000e+02 3.523190852195191413e-03
2.620000000000000000e+02 3.512181220200308145e-03
2.630000000000000000e+02 3.563709278368169201e-03
2.640000000000000000e+02 3.623052017712219582e-03
2.650000000000000000e+02 3.605522452552240801e-03
2.660000000000000000e+02 3.558664799786598505e-03
2.670000000000000000e+02 3.440527250643472638e-03
2.680000000000000000e+02 3.516058778587231436e-03
2.690000000000000000e+02 3.518202817739686950e-03
2.700000000000000000e+02 3.517809656148732349e-03
2.710000000000000000e+02 3.463978171212511118e-03
2.720000000000000000e+02 4.064013382628101946e-03
2.730000000000000000e+02 3.428713008838916044e-03
2.740000000000000000e+02 3.424789212028222802e-03
2.750000000000000000e+02 3.464680524697677597e-03
2.760000000000000000e+02 3.520317446912868929e-03
2.770000000000000000e+02 3.474380772586339958e-03
2.780000000000000000e+02 3.514918762976953440e-03
2.790000000000000000e+02 3.682908038232477876e-03
2.800000000000000000e+02 3.677924178225730999e-03
2.810000000000000000e+02 3.506520574311144597e-03
2.820000000000000000e+02 3.406728253397091431e-03
2.830000000000000000e+02 3.644514115694090766e-03
2.840000000000000000e+02 3.408598072951752374e-03
2.850000000000000000e+02 3.461967487449338961e-03
2.860000000000000000e+02 3.438535395971378458e-03
2.870000000000000000e+02 3.352847444517225058e-03
2.880000000000000000e+02 3.350975429304360251e-03
2.890000000000000000e+02 3.612824930746815280e-03
2.900000000000000000e+02 3.539919627587125809e-03
2.910000000000000000e+02 3.400801727201082508e-03
2.920000000000000000e+02 3.660158658903754202e-03
2.930000000000000000e+02 3.442579400077052949e-03
2.940000000000000000e+02 3.513142050137558082e-03
2.950000000000000000e+02 3.524965438789909918e-03
2.960000000000000000e+02 3.444154032530242007e-03
2.970000000000000000e+02 3.309225936576949949e-03
2.980000000000000000e+02 3.383813815852286175e-03
2.990000000000000000e+02 3.314090481509429555e-03
3.000000000000000000e+02 3.315089386019612339e-03
3.010000000000000000e+02 3.382443274117733888e-03
3.020000000000000000e+02 3.374117177363482236e-03
3.030000000000000000e+02 3.347690143698662732e-03
3.040000000000000000e+02 3.444941816561817270e-03
3.050000000000000000e+02 3.383872532028183670e-03
3.060000000000000000e+02 3.422638860916716371e-03
3.070000000000000000e+02 3.383667163156665620e-03
3.080000000000000000e+02 3.342765342090942525e-03
3.090000000000000000e+02 3.339172606459533694e-03
3.100000000000000000e+02 3.467065447364149275e-03
3.110000000000000000e+02 3.372829160159789008e-03
3.120000000000000000e+02 3.381552762676807468e-03
3.130000000000000000e+02 3.315294550104867354e-03
3.140000000000000000e+02 3.344187780710704185e-03
3.150000000000000000e+02 3.289930528075794402e-03
3.160000000000000000e+02 3.300433239161464690e-03
3.170000000000000000e+02 3.306692275581978209e-03
3.180000000000000000e+02 3.519580360980800390e-03
3.190000000000000000e+02 3.374962744620698448e-03
3.200000000000000000e+02 3.410115647325009589e-03
3.210000000000000000e+02 3.286234565579781216e-03
3.220000000000000000e+02 3.291921537697053719e-03
3.230000000000000000e+02 3.246440359092675910e-03
3.240000000000000000e+02 3.238590459046869052e-03
3.250000000000000000e+02 3.284477984115758992e-03
3.260000000000000000e+02 3.237925154018526236e-03
3.270000000000000000e+02 3.339821573703927009e-03
3.280000000000000000e+02 3.253773297292663312e-03
3.290000000000000000e+02 3.246047607659133249e-03
3.300000000000000000e+02 3.290166423728908482e-03
3.310000000000000000e+02 3.235923415335368886e-03
3.320000000000000000e+02 3.357257811478595467e-03
3.330000000000000000e+02 3.349573564407967198e-03
3.340000000000000000e+02 3.386501971355135310e-03
3.350000000000000000e+02 3.193679023963021720e-03
3.360000000000000000e+02 3.235648070563653268e-03
3.370000000000000000e+02 3.201385289544616316e-03
3.380000000000000000e+02 3.258080661378123712e-03
3.390000000000000000e+02 3.228154768677077725e-03
3.400000000000000000e+02 3.261632513285095836e-03
3.410000000000000000e+02 3.292616402146691761e-03
3.420000000000000000e+02 3.255627081763045206e-03
3.430000000000000000e+02 3.220673709611146171e-03
3.440000000000000000e+02 3.207649022582605841e-03
3.450000000000000000e+02 3.281460173870182507e-03
3.460000000000000000e+02 3.245012091984304965e-03
3.470000000000000000e+02 3.203499846418280360e-03
3.480000000000000000e+02 3.227805717128382542e-03
3.490000000000000000e+02 3.320136163704382956e-03
3.500000000000000000e+02 3.226633897730749566e-03
3.510000000000000000e+02 3.196448457162638646e-03
3.520000000000000000e+02 3.263371299536115249e-03
3.530000000000000000e+02 3.257557643159180762e-03
3.540000000000000000e+02 3.222712332147673053e-03
3.550000000000000000e+02 3.216263730080368578e-03
3.560000000000000000e+02 3.176938439380013086e-03
3.570000000000000000e+02 3.184788974334775216e-03
3.580000000000000000e+02 3.200136545817316384e-03
3.590000000000000000e+02 3.210251711831598777e-03
3.600000000000000000e+02 3.211923935016442952e-03
3.610000000000000000e+02 3.183162801472540909e-03
3.620000000000000000e+02 3.199776799715832714e-03
3.630000000000000000e+02 3.218821921941423126e-03
3.640000000000000000e+02 3.242869872091766643e-03
3.650000000000000000e+02 3.166177217473705764e-03
3.660000000000000000e+02 3.219113616460664642e-03
3.670000000000000000e+02 3.193473964926802147e-03
3.680000000000000000e+02 3.150645606779379007e-03
3.690000000000000000e+02 3.159486873916214546e-03
3.700000000000000000e+02 3.156338022436797931e-03
3.710000000000000000e+02 3.207361910051565075e-03
3.720000000000000000e+02 3.176226121916692329e-03
3.730000000000000000e+02 3.210486296459050693e-03
3.740000000000000000e+02 3.139051842743541525e-03
3.750000000000000000e+02 3.158766027959072041e-03
3.760000000000000000e+02 3.206906176324140004e-03
3.770000000000000000e+02 3.169258639179632284e-03
3.780000000000000000e+02 3.139795381119016900e-03
3.790000000000000000e+02 3.160475593201953100e-03
3.800000000000000000e+02 3.168432872433665348e-03
3.810000000000000000e+02 3.165490837923574247e-03
3.820000000000000000e+02 3.132802383072043773e-03
3.830000000000000000e+02 3.123657043190441844e-03
3.840000000000000000e+02 3.144726516204267297e-03
3.850000000000000000e+02 3.156618057786574928e-03
3.860000000000000000e+02 3.151210723421581095e-03
3.870000000000000000e+02 3.157886663318361115e-03
3.880000000000000000e+02 3.163351071103159828e-03
3.890000000000000000e+02 3.172600510063170766e-03
3.900000000000000000e+02 3.128510814928934809e-03
3.910000000000000000e+02 3.151832799333489400e-03
3.920000000000000000e+02 3.191841121447348655e-03
3.930000000000000000e+02 3.100279531843440437e-03
3.940000000000000000e+02 3.120663959183753340e-03
3.950000000000000000e+02 3.131507759105324126e-03
3.960000000000000000e+02 3.136916328571935295e-03
3.970000000000000000e+02 3.151688010861988971e-03
3.980000000000000000e+02 3.140665668504955769e-03
3.990000000000000000e+02 3.138960986016129957e-03
4.000000000000000000e+02 3.184268812804777558e-03
4.010000000000000000e+02 3.156087911225648451e-03
4.020000000000000000e+02 3.165412001837901185e-03
4.030000000000000000e+02 3.154394747828293249e-03
4.040000000000000000e+02 3.117754927327507676e-03
4.050000000000000000e+02 3.106284082490963234e-03
4.060000000000000000e+02 3.087510015054336591e-03
4.070000000000000000e+02 3.226321802529124195e-03
4.080000000000000000e+02 3.125423482158648080e-03
4.090000000000000000e+02 3.137375908013388844e-03
4.100000000000000000e+02 3.121776102324841026e-03
4.110000000000000000e+02 3.110173634285358975e-03
4.120000000000000000e+02 3.109442203882571872e-03
4.130000000000000000e+02 3.101155457412378778e-03
4.140000000000000000e+02 3.083710204045650091e-03
4.150000000000000000e+02 3.115288957711952623e-03
4.160000000000000000e+02 3.083472541135333887e-03
4.170000000000000000e+02 3.093780478863167836e-03
4.180000000000000000e+02 3.093113836538364386e-03
4.190000000000000000e+02 3.167906203225923350e-03
4.200000000000000000e+02 3.119214873786785910e-03
4.210000000000000000e+02 3.081500879423619034e-03
4.220000000000000000e+02 3.081971751231037636e-03
4.230000000000000000e+02 3.100504913039307375e-03
4.240000000000000000e+02 3.128917684332140590e-03
4.250000000000000000e+02 3.102828365649741571e-03
4.260000000000000000e+02 3.075880580138949487e-03
4.270000000000000000e+02 3.099170097869126048e-03
4.280000000000000000e+02 3.089336405472189063e-03
4.290000000000000000e+02 3.108468829717149235e-03
4.300000000000000000e+02 3.172447759905291150e-03
4.310000000000000000e+02 3.083925526295645033e-03
4.320000000000000000e+02 3.137308643396689335e-03
4.330000000000000000e+02 3.122668445934405172e-03
4.340000000000000000e+02 3.063893575713450262e-03
4.350000000000000000e+02 3.083623518839653712e-03
4.360000000000000000e+02 3.074565677356691593e-03
4.370000000000000000e+02 3.085011263998660956e-03
4.380000000000000000e+02 3.069664586913010973e-03
4.390000000000000000e+02 3.058279228641926691e-03
4.400000000000000000e+02 3.052852593813531329e-03
4.410000000000000000e+02 3.063776599431667757e-03
4.420000000000000000e+02 3.060373510751662664e-03
4.430000000000000000e+02 3.090580915048655661e-03
4.440000000000000000e+02 3.084308527358912196e-03
4.450000000000000000e+02 3.054559887037380274e-03
4.460000000000000000e+02 3.064735966750194076e-03
4.470000000000000000e+02 3.079188408850881600e-03
4.480000000000000000e+02 3.057517647753112047e-03
4.490000000000000000e+02 3.046887047027343684e-03
4.500000000000000000e+02 3.122158675979414249e-03
4.510000000000000000e+02 3.064713096508933816e-03
4.520000000000000000e+02 3.059624584510482054e-03
4.530000000000000000e+02 3.087237409763461931e-03
4.540000000000000000e+02 3.079694229138829880e-03
4.550000000000000000e+02 3.039571299687062952e-03
4.560000000000000000e+02 3.055299651938910444e-03
4.570000000000000000e+02 3.057429092448305050e-03
4.580000000000000000e+02 3.039462882056414173e-03
4.590000000000000000e+02 3.046440957377164176e-03
4.600000000000000000e+02 3.046558963940055806e-03
4.610000000000000000e+02 3.053185503084070423e-03
4.620000000000000000e+02 3.053755642778510984e-03
4.630000000000000000e+02 3.073921079143075632e-03
4.640000000000000000e+02 3.068343798513297437e-03
4.650000000000000000e+02 3.055138708184773622e-03
4.660000000000000000e+02 3.058237012014843655e-03
4.670000000000000000e+02 3.033141362885435292e-03
4.680000000000000000e+02 3.058780206330905579e-03
4.690000000000000000e+02 3.051778369876149456e-03
4.700000000000000000e+02 3.040577026306972696e-03
4.710000000000000000e+02 3.083454928359644163e-03
4.720000000000000000e+02 3.048294843790500148e-03
4.730000000000000000e+02 3.032707863923441403e-03
4.740000000000000000e+02 3.068018149779207313e-03
4.750000000000000000e+02 3.059273026666310159e-03
4.760000000000000000e+02 3.034889327254756530e-03
4.770000000000000000e+02 3.040582059244161667e-03
4.780000000000000000e+02 3.046221376482020470e-03
4.790000000000000000e+02 3.058375966518843588e-03
4.800000000000000000e+02 3.049138997101551347e-03
4.810000000000000000e+02 3.041512097198086940e-03
4.820000000000000000e+02 3.053141793870118616e-03
4.830000000000000000e+02 3.034219086690031781e-03
4.840000000000000000e+02 3.111173943889250244e-03
4.850000000000000000e+02 3.045765967065132158e-03
4.860000000000000000e+02 3.027141539623106736e-03
4.870000000000000000e+02 3.022723784127861763e-03
4.880000000000000000e+02 3.040804988012894838e-03
4.890000000000000000e+02 3.087096471552767864e-03
4.900000000000000000e+02 3.058022758207264418e-03
4.910000000000000000e+02 3.025626822787193422e-03
4.920000000000000000e+02 3.032391287515132962e-03
4.930000000000000000e+02 3.033554003800700144e-03
4.940000000000000000e+02 3.020199539331157746e-03
4.950000000000000000e+02 3.021636738466434557e-03
4.960000000000000000e+02 3.047054959237864048e-03
4.970000000000000000e+02 3.035537469116030354e-03
4.980000000000000000e+02 3.019754248598727903e-03
4.990000000000000000e+02 3.029629876146577860e-03
5.000000000000000000e+02 3.055521128573447306e-03
5.010000000000000000e+02 3.023609201553637948e-03
5.020000000000000000e+02 3.022435338190386251e-03
5.030000000000000000e+02 3.019956561885873622e-03
5.040000000000000000e+02 3.017325341002997496e-03
5.050000000000000000e+02 3.018889839312113160e-03
5.060000000000000000e+02 3.009748249333793653e-03
5.070000000000000000e+02 3.016437333405111963e-03
5.080000000000000000e+02 3.009157920462432988e-03
5.090000000000000000e+02 3.014070371588614683e-03
5.100000000000000000e+02 3.028956130006926414e-03
5.110000000000000000e+02 3.061812120208650453e-03
5.120000000000000000e+02 3.018054424717983922e-03
5.130000000000000000e+02 3.015454613509277546e-03
5.140000000000000000e+02 3.016306071868294150e-03
5.150000000000000000e+02 3.016892041978206252e-03
5.160000000000000000e+02 3.022840779462897601e-03
5.170000000000000000e+02 3.017653653628510173e-03
5.180000000000000000e+02 3.034676872633039219e-03
5.190000000000000000e+02 3.017103289638453124e-03
5.200000000000000000e+02 3.004345200621814579e-03
5.210000000000000000e+02 3.002371717227577883e-03
5.220000000000000000e+02 3.011595532876232013e-03
5.230000000000000000e+02 3.017959723848904607e-03
5.240000000000000000e+02 3.016249542660579593e-03
5.250000000000000000e+02 3.039150746350039508e-03
5.260000000000000000e+02 3.004218435569168746e-03
5.270000000000000000e+02 3.009189030623643166e-03
5.280000000000000000e+02 3.012145056564989164e-03
5.290000000000000000e+02 3.010819087485457762e-03
5.300000000000000000e+02 3.001341551579812458e-03
5.310000000000000000e+02 3.002245555836057043e-03
5.320000000000000000e+02 3.015325819785023842e-03
5.330000000000000000e+02 3.010738705055823836e-03
5.340000000000000000e+02 2.999883270081856682e-03
5.350000000000000000e+02 3.003877658551814059e-03
5.360000000000000000e+02 3.021549232863044929e-03
5.370000000000000000e+02 2.993782718055361218e-03
5.380000000000000000e+02 3.001716409916760451e-03
5.390000000000000000e+02 3.012353900619239074e-03
5.400000000000000000e+02 3.004132858184717803e-03
5.410000000000000000e+02 3.000556054279864167e-03
5.420000000000000000e+02 3.005483688775119171e-03
5.430000000000000000e+02 3.019931739381280598e-03
5.440000000000000000e+02 3.020800412010609792e-03
5.450000000000000000e+02 2.995493757138229397e-03
5.460000000000000000e+02 3.004919092166132358e-03
5.470000000000000000e+02 3.002469079584449071e-03
5.480000000000000000e+02 3.019187687666334031e-03
5.490000000000000000e+02 2.988328576776190775e-03
5.500000000000000000e+02 3.003826496217254158e-03
5.510000000000000000e+02 3.014430209277690464e-03
5.520000000000000000e+02 3.000234280216530595e-03
5.530000000000000000e+02 2.993419912831711462e-03
5.540000000000000000e+02 2.998259849242946012e-03
5.550000000000000000e+02 2.999997244949518475e-03
5.560000000000000000e+02 2.993182381340145706e-03
5.570000000000000000e+02 2.988135687809306742e-03
5.580000000000000000e+02 3.001982968029876138e-03
5.590000000000000000e+02 2.992534803345097728e-03
5.600000000000000000e+02 2.990045203471257840e-03
5.610000000000000000e+02 2.987841148344009580e-03
5.620000000000000000e+02 2.999613066186424329e-03
5.630000000000000000e+02 3.004148934516252898e-03
5.640000000000000000e+02 2.987476578534433228e-03
5.650000000000000000e+02 2.997547851222283344e-03
5.660000000000000000e+02 2.994918111424601376e-03
5.670000000000000000e+02 2.985088768383456145e-03
5.680000000000000000e+02 2.989737850621800985e-03
5.690000000000000000e+02 2.994194419711647751e-03
5.700000000000000000e+02 2.997094975018491352e-03
5.710000000000000000e+02 2.996549163328427433e-03
5.720000000000000000e+02 2.991255301518829391e-03
5.730000000000000000e+02 2.992487232176006557e-03
5.740000000000000000e+02 2.990075357227396126e-03
5.750000000000000000e+02 2.986091238832941450e-03
5.760000000000000000e+02 2.990669887601560880e-03
5.770000000000000000e+02 2.985918178206143150e-03
5.780000000000000000e+02 2.983015789426084283e-03
