0.000000000000000000e+00 1.838926582222346186e-04
1.000000000000000000e+00 7.146159132036113777e-05
2.000000000000000000e+00 6.186360993821865258e-05
3.000000000000000000e+00 3.696112672226441680e-05
4.000000000000000000e+00 4.067780543514630282e-05
5.000000000000000000e+00 4.129379443738840456e-05
6.000000000000000000e+00 3.237231932302172719e-05
7.000000000000000000e+00 2.664161351793310656e-05
8.000000000000000000e+00 2.934093704994465072e-05
9.000000000000000000e+00 2.714644616851052413e-05
1.000000000000000000e+01 2.774475502859389018e-05
1.100000000000000000e+01 2.514509815103510760e-05
1.200000000000000000e+01 4.182019751511965297e-05
1.300000000000000000e+01 2.092553237709711894e-05
1.400000000000000000e+01 2.163540808618579699e-05
1.500000000000000000e+01 2.244562625443176872e-05
1.600000000000000000e+01 1.974895400205478095e-05
1.700000000000000000e+01 2.098336342992403918e-05
1.800000000000000000e+01 1.884867151775272977e-05
1.900000000000000000e+01 2.191962211210713433e-05
2.000000000000000000e+01 2.887004858897292259e-05
2.100000000000000000e+01 1.926847495059439967e-05
2.200000000000000000e+01 2.787216198047780819e-05
2.300000000000000000e+01 1.782205755146424168e-05
2.400000000000000000e+01 2.179091026195497700e-05
2.500000000000000000e+01 1.561877246945846023e-05
2.600000000000000000e+01 1.708504822070334981e-05
2.700000000000000000e+01 1.879923388264381304e-05
2.800000000000000000e+01 2.550078832696620548e-05
2.900000000000000000e+01 2.513560113359701776e-05
3.000000000000000000e+01 1.996796836082144458e-05
3.100000000000000000e+01 2.124204185261164150e-05
3.200000000000000000e+01 1.709979352500264811e-05
3.300000000000000000e+01 2.588825282164925650e-05
3.400000000000000000e+01 3.385454801586715361e-05
3.500000000000000000e+01 2.145394610594035604e-05
3.600000000000000000e+01 1.863143919675964066e-05
3.700000000000000000e+01 2.318509441076082786e-05
3.800000000000000000e+01 2.605126287378254434e-05
3.900000000000000000e+01 1.534263761743135391e-05
4.000000000000000000e+01 1.370131244822567483e-05
4.100000000000000000e+01 1.678407954879371379e-05
4.200000000000000000e+01 1.515221642460429345e-05
4.300000000000000000e+01 1.673893710135786439e-05
4.400000000000000000e+01 2.068377796430216902e-05
4.500000000000000000e+01 1.456080052843821568e-05
4.600000000000000000e+01 1.601296406154765573e-05
4.700000000000000000e+01 1.531272489310432178e-05
4.800000000000000000e+01 1.616773446723887515e-05
4.900000000000000000e+01 1.811256496516350773e-05
5.000000000000000000e+01 1.599613404770555006e-05
5.100000000000000000e+01 1.695910244729067974e-05
5.200000000000000000e+01 1.981033519512544872e-05
5.300000000000000000e+01 1.929405382839522416e-05
5.400000000000000000e+01 1.430372484823210427e-05
5.500000000000000000e+01 1.736281545561131794e-05
5.600000000000000000e+01 1.714037707709076551e-05
5.700000000000000000e+01 1.718805461980939635e-05
5.800000000000000000e+01 1.494249947226976757e-05
5.900000000000000000e+01 1.426364902830596829e-05
6.000000000000000000e+01 1.885022128734269194e-05
6.100000000000000000e+01 1.225006942835334857e-05
6.200000000000000000e+01 1.196184933963677641e-05
6.300000000000000000e+01 1.751314574155195112e-05
6.400000000000000000e+01 1.682414445411975447e-05
6.500000000000000000e+01 1.221477145986771352e-05
6.600000000000000000e+01 1.555147122441070584e-05
6.700000000000000000e+01 1.403103573058811341e-05
6.800000000000000000e+01 1.788980932102049020e-05
6.900000000000000000e+01 1.446315792884342769e-05
7.000000000000000000e+01 1.564448065234395001e-05
7.100000000000000000e+01 1.230847875431149021e-05
7.200000000000000000e+01 1.148678922180948021e-05
7.300000000000000000e+01 1.586446583001837070e-05
7.400000000000000000e+01 1.572006643576739148e-05
7.500000000000000000e+01 1.389089277755703239e-05
7.600000000000000000e+01 1.417225118146302174e-05
7.700000000000000000e+01 1.457262851637380552e-05
7.800000000000000000e+01 1.696979136011953046e-05
7.900000000000000000e+01 1.628083905327940752e-05
8.000000000000000000e+01 1.863746145796743033e-05
8.100000000000000000e+01 1.385202286829116932e-05
8.200000000000000000e+01 1.374130753731282342e-05
8.300000000000000000e+01 1.425379325884198941e-05
8.400000000000000000e+01 1.432437645631150797e-05
8.500000000000000000e+01 1.165001112879708593e-05
8.600000000000000000e+01 1.264523013203477166e-05
8.700000000000000000e+01 1.396478166900672544e-05
8.800000000000000000e+01 1.184662145333321938e-05
8.900000000000000000e+01 1.503843375293500867e-05
9.000000000000000000e+01 1.460397761087581952e-05
9.100000000000000000e+01 1.233562219176492478e-05
9.200000000000000000e+01 1.324886664123516590e-05
9.300000000000000000e+01 1.156368738411356499e-05
9.400000000000000000e+01 1.470523318071046913e-05
9.500000000000000000e+01 1.609453958500472109e-05
9.600000000000000000e+01 1.083905624922225564e-05
9.700000000000000000e+01 1.189043949263929919e-05
9.800000000000000000e+01 1.693540963325574147e-05
9.900000000000000000e+01 1.704618030559549590e-05
1.000000000000000000e+02 1.115064879796547811e-05
1.010000000000000000e+02 1.113824988307488548e-05
1.020000000000000000e+02 1.142281846072881402e-05
1.030000000000000000e+02 1.371830141294028286e-05
1.040000000000000000e+02 1.800600576001763246e-05
1.050000000000000000e+02 1.158103263606917545e-05
1.060000000000000000e+02 1.221038838189322855e-05
1.070000000000000000e+02 1.265902801605413243e-05
1.080000000000000000e+02 1.242736275686909372e-05
1.090000000000000000e+02 1.483997595569174335e-05
1.100000000000000000e+02 1.411406436051509894e-05
1.110000000000000000e+02 1.290256129048393439e-05
1.120000000000000000e+02 1.050580037640180951e-05
1.130000000000000000e+02 1.126413354566316782e-05
1.140000000000000000e+02 1.110728337420038384e-05
1.150000000000000000e+02 1.432865046877472855e-05
1.160000000000000000e+02 1.076681306650706584e-05
1.170000000000000000e+02 1.191415581831181890e-05
1.180000000000000000e+02 1.883953027365179505e-05
1.190000000000000000e+02 1.167172822377954219e-05
1.200000000000000000e+02 1.038995948292850802e-05
1.210000000000000000e+02 1.176417374503431151e-05
1.220000000000000000e+02 1.065120849228869728e-05
1.230000000000000000e+02 1.089212153081869656e-05
1.240000000000000000e+02 1.103625109657099439e-05
1.250000000000000000e+02 1.139830900733591034e-05
1.260000000000000000e+02 1.110428758409627587e-05
1.270000000000000000e+02 1.106203694804206018e-05
1.280000000000000000e+02 1.121314388259666779e-05
1.290000000000000000e+02 9.562819297283856160e-06
1.300000000000000000e+02 9.670538915764863782e-06
1.310000000000000000e+02 1.131894354347578035e-05
1.320000000000000000e+02 1.040764208872653520e-05
1.330000000000000000e+02 1.107708781844973285e-05
1.340000000000000000e+02 1.029530967655179737e-05
1.350000000000000000e+02 9.951840604864794026e-06
1.360000000000000000e+02 1.121218565222815937e-05
1.370000000000000000e+02 1.064496624814474872e-05
1.380000000000000000e+02 1.159333261636618777e-05
1.390000000000000000e+02 1.101734606617384545e-05
1.400000000000000000e+02 1.045185342709590486e-05
1.410000000000000000e+02 1.104774359537314678e-05
1.420000000000000000e+02 1.112377109827190445e-05
1.430000000000000000e+02 1.117663444672621691e-05
1.440000000000000000e+02 1.085454441262979246e-05
1.450000000000000000e+02 1.022143885399366144e-05
1.460000000000000000e+02 9.897862670146055620e-06
1.470000000000000000e+02 9.703048794569533805e-06
1.480000000000000000e+02 1.018236723327017403e-05
1.490000000000000000e+02 9.950887706677693240e-06
1.500000000000000000e+02 9.652200248108344560e-06
1.510000000000000000e+02 1.093408274588153476e-05
1.520000000000000000e+02 9.964612503660837738e-06
1.530000000000000000e+02 1.069230602941884239e-05
1.540000000000000000e+02 9.463024431983653507e-06
1.550000000000000000e+02 9.093163811663243466e-06
1.560000000000000000e+02 9.574671907008266031e-06
1.570000000000000000e+02 9.988206132287264600e-06
1.580000000000000000e+02 8.882752774409891842e-06
1.590000000000000000e+02 8.684449063521333548e-06
1.600000000000000000e+02 8.296846702168650319e-06
1.610000000000000000e+02 9.129859411676879139e-06
1.620000000000000000e+02 7.069168101766580300e-06
1.630000000000000000e+02 7.838767832292012501e-06
1.640000000000000000e+02 9.023509942622335377e-06
1.650000000000000000e+02 9.179386244440412469e-06
1.660000000000000000e+02 1.139060396816115463e-05
1.670000000000000000e+02 9.045750360504292283e-06
1.680000000000000000e+02 8.336815006337346931e-06
1.690000000000000000e+02 7.123303426647856101e-06
1.700000000000000000e+02 6.623417698659310555e-06
1.710000000000000000e+02 7.670595060357855496e-06
1.720000000000000000e+02 8.067604521363583222e-06
1.730000000000000000e+02 7.293437900255959982e-06
1.740000000000000000e+02 8.093487213252002237e-06
1.750000000000000000e+02 7.775952044294937574e-06
1.760000000000000000e+02 7.029702665271359328e-06
1.770000000000000000e+02 6.800530736863960105e-06
1.780000000000000000e+02 6.477485145375754013e-06
1.790000000000000000e+02 6.158009035068683371e-06
1.800000000000000000e+02 6.281014297888051540e-06
1.810000000000000000e+02 5.757891399866785117e-06
1.820000000000000000e+02 6.197736474433407208e-06
1.830000000000000000e+02 6.692393225830852037e-06
1.840000000000000000e+02 6.048248949878033047e-06
1.850000000000000000e+02 6.408182734435127764e-06
1.860000000000000000e+02 7.404946904949675476e-06
1.870000000000000000e+02 5.790646353509327681e-06
1.880000000000000000e+02 6.988784154464174708e-06
1.890000000000000000e+02 6.347483782490338519e-06
1.900000000000000000e+02 6.152351836023893893e-06
1.910000000000000000e+02 6.964322988095044218e-06
1.920000000000000000e+02 5.709938165792393832e-06
1.930000000000000000e+02 4.981269913715462133e-06
1.940000000000000000e+02 5.013770613827050787e-06
1.950000000000000000e+02 5.527184924799469658e-06
1.960000000000000000e+02 4.813048899330286891e-06
1.970000000000000000e+02 5.371077867072124421e-06
1.980000000000000000e+02 4.773822637361855643e-06
1.990000000000000000e+02 4.951166766280895672e-06
2.000000000000000000e+02 5.111009729187788787e-06
2.010000000000000000e+02 4.600732555519947245e-06
2.020000000000000000e+02 4.503517934704321659e-06
2.030000000000000000e+02 4.881899232310753916e-06
2.040000000000000000e+02 4.658898274959218088e-06
2.050000000000000000e+02 4.722124838814319438e-06
2.060000000000000000e+02 4.623229093228143691e-06
2.070000000000000000e+02 5.682590031176997241e-06
2.080000000000000000e+02 5.153464386140839622e-06
2.090000000000000000e+02 4.665585757445258709e-06
2.100000000000000000e+02 4.352480282014433109e-06
2.110000000000000000e+02 4.373408509116678552e-06
2.120000000000000000e+02 5.673237570160349978e-06
2.130000000000000000e+02 5.372726432233467257e-06
2.140000000000000000e+02 4.762240064957379714e-06
2.150000000000000000e+02 4.423092521289661051e-06
2.160000000000000000e+02 4.802948898866258402e-06
2.170000000000000000e+02 5.624929601531606605e-06
2.180000000000000000e+02 4.401448598129974889e-06
2.190000000000000000e+02 4.734625375736222182e-06
2.200000000000000000e+02 4.611160319376447433e-06
2.210000000000000000e+02 4.803983661925872233e-06
2.220000000000000000e+02 4.171974463243277436e-06
2.230000000000000000e+02 4.897467240490406533e-06
2.240000000000000000e+02 4.593124497279151929e-06
2.250000000000000000e+02 4.738462097597010497e-06
2.260000000000000000e+02 4.323224307223419064e-06
2.270000000000000000e+02 4.574242260605279324e-06
2.280000000000000000e+02 3.969336997408583817e-06
2.290000000000000000e+02 3.890127790456202248e-06
2.300000000000000000e+02 4.149344706106459748e-06
2.310000000000000000e+02 3.955501030776972523e-06
2.320000000000000000e+02 4.296993880510447821e-06
2.330000000000000000e+02 4.099246995684327210e-06
2.340000000000000000e+02 4.137164416184978921e-06
2.350000000000000000e+02 4.125045657456501867e-06
2.360000000000000000e+02 4.966571538321291353e-06
2.370000000000000000e+02 4.254734539993968743e-06
2.380000000000000000e+02 4.107790322823488947e-06
2.390000000000000000e+02 3.806123602872909097e-06
2.400000000000000000e+02 3.988491726700809507e-06
2.410000000000000000e+02 4.338294440848255835e-06
2.420000000000000000e+02 4.264411968547137961e-06
2.430000000000000000e+02 6.113882342356437953e-06
2.440000000000000000e+02 4.730503992446754759e-06
2.450000000000000000e+02 4.581047678933486427e-06
2.460000000000000000e+02 4.598088354441603135e-06
2.470000000000000000e+02 4.279073267039290411e-06
2.480000000000000000e+02 4.831837557562317036e-06
2.490000000000000000e+02 4.349413663860696787e-06
2.500000000000000000e+02 4.561624876192895348e-06
2.510000000000000000e+02 4.990755871417776390e-06
2.520000000000000000e+02 4.112051710849888654e-06
2.530000000000000000e+02 3.856753068193786395e-06
2.540000000000000000e+02 4.298909405611312742e-06
2.550000000000000000e+02 4.569538916078964825e-06
2.560000000000000000e+02 4.390687743339398753e-06
2.570000000000000000e+02 3.910777112662738784e-06
2.580000000000000000e+02 4.129982957431266998e-06
2.590000000000000000e+02 4.399531651299917971e-06
2.600000000000000000e+02 4.214343786864158100e-06
2.610000000000000000e+02 3.966256165436936605e-06
2.620000000000000000e+02 3.975129002199141919e-06
2.630000000000000000e+02 4.070510706468965626e-06
2.640000000000000000e+02 3.800537500030973825e-06
2.650000000000000000e+02 3.878707220231036027e-06
2.660000000000000000e+02 4.177345029590822826e-06
2.670000000000000000e+02 3.766238694254901021e-06
2.680000000000000000e+02 4.046718918805695153e-06
2.690000000000000000e+02 4.177450967457456166e-06
2.700000000000000000e+02 4.043959353936383056e-06
2.710000000000000000e+02 3.972114748949096370e-06
2.720000000000000000e+02 3.771971483382601870e-06
2.730000000000000000e+02 4.212632768959666709e-06
2.740000000000000000e+02 4.230179085982254989e-06
2.750000000000000000e+02 4.231057677631272189e-06
2.760000000000000000e+02 4.585642955966233192e-06
2.770000000000000000e+02 3.869747239159450064e-06
2.780000000000000000e+02 3.656570392087684452e-06
2.790000000000000000e+02 3.814327271357867169e-06
2.800000000000000000e+02 3.835579922891997665e-06
2.810000000000000000e+02 3.746587776019707458e-06
2.820000000000000000e+02 3.763872586314612975e-06
2.830000000000000000e+02 3.840288206776895326e-06
2.840000000000000000e+02 3.903885521229017702e-06
2.850000000000000000e+02 3.724014925970668924e-06
2.860000000000000000e+02 3.975590360822066937e-06
2.870000000000000000e+02 3.816345397217305061e-06
2.880000000000000000e+02 3.788855059456444434e-06
2.890000000000000000e+02 3.868770215382627836e-06
2.900000000000000000e+02 4.259416733361925176e-06
2.910000000000000000e+02 3.808598620429421055e-06
2.920000000000000000e+02 3.835357003107495828e-06
2.930000000000000000e+02 3.807861122551582984e-06
2.940000000000000000e+02 3.831053278560556845e-06
2.950000000000000000e+02 3.926151456302172098e-06
2.960000000000000000e+02 3.676413244486765104e-06
2.970000000000000000e+02 4.109511481651647681e-06
2.980000000000000000e+02 3.747540524545763392e-06
2.990000000000000000e+02 3.668609728331097177e-06
3.000000000000000000e+02 4.030029869877096890e-06
3.010000000000000000e+02 3.661255276557858407e-06
3.020000000000000000e+02 3.785666740882153127e-06
3.030000000000000000e+02 4.110064955996210563e-06
3.040000000000000000e+02 4.247200357825342226e-06
3.050000000000000000e+02 4.047233481126665081e-06
3.060000000000000000e+02 4.019364889696358505e-06
3.070000000000000000e+02 3.819212466964618812e-06
3.080000000000000000e+02 3.794388316571967902e-06
3.090000000000000000e+02 4.008445499438722841e-06
3.100000000000000000e+02 3.810502408790088227e-06
3.110000000000000000e+02 3.662057148579440881e-06
3.120000000000000000e+02 3.563789235161121015e-06
3.130000000000000000e+02 3.845996751553564693e-06
3.140000000000000000e+02 3.784324827837279662e-06
3.150000000000000000e+02 3.742864032789446732e-06
3.160000000000000000e+02 3.973592362137321392e-06
3.170000000000000000e+02 3.933397553629764994e-06
3.180000000000000000e+02 3.618675772467076378e-06
3.190000000000000000e+02 3.798109575381162505e-06
3.200000000000000000e+02 3.911204070177824056e-06
3.210000000000000000e+02 4.160642856343580336e-06
3.220000000000000000e+02 3.785689562389976152e-06
3.230000000000000000e+02 3.718161738205953674e-06
3.240000000000000000e+02 3.793631901298787038e-06
3.250000000000000000e+02 3.796322336902178709e-06
3.260000000000000000e+02 3.719750436668018608e-06
3.270000000000000000e+02 3.780394400807781717e-06
3.280000000000000000e+02 3.604776317528923527e-06
3.290000000000000000e+02 3.816215804161709742e-06
3.300000000000000000e+02 3.996978637315642090e-06
3.310000000000000000e+02 3.687810932445065765e-06
3.320000000000000000e+02 3.815531335914970065e-06
3.330000000000000000e+02 3.723259657460809298e-06
3.340000000000000000e+02 3.776204224609949718e-06
3.350000000000000000e+02 3.707591725734368492e-06
3.360000000000000000e+02 3.581065634009409652e-06
3.370000000000000000e+02 3.594001921841507647e-06
3.380000000000000000e+02 3.834649765228304698e-06
3.390000000000000000e+02 3.716692805999071525e-06
3.400000000000000000e+02 3.858357657514157693e-06
3.410000000000000000e+02 3.793898486922304549e-06
3.420000000000000000e+02 3.871953952603955861e-06
3.430000000000000000e+02 3.898822596135102670e-06
3.440000000000000000e+02 3.713531666312264614e-06
3.450000000000000000e+02 3.671196222684607767e-06
3.460000000000000000e+02 3.593990852768371622e-06
3.470000000000000000e+02 3.602600437639127681e-06
