0.000000000000000000e+00 6.905779298971420881e-04
1.000000000000000000e+00 2.807927573980937641e-04
2.000000000000000000e+00 2.646878797730726389e-04
3.000000000000000000e+00 2.264922538673108394e-04
4.000000000000000000e+00 1.448951893450425485e-04
5.000000000000000000e+00 5.685734686627876342e-05
6.000000000000000000e+00 5.024651143768449986e-05
7.000000000000000000e+00 4.456312496387665570e-05
8.000000000000000000e+00 4.228435793232684106e-05
9.000000000000000000e+00 3.822379390391359393e-05
1.000000000000000000e+01 3.803231008190128171e-05
1.100000000000000000e+01 3.726826484345126348e-05
1.200000000000000000e+01 3.915959274151124462e-05
1.300000000000000000e+01 4.200967791160858673e-05
1.400000000000000000e+01 3.796487205569527222e-05
1.500000000000000000e+01 3.611747259336810548e-05
1.600000000000000000e+01 3.768019335866601812e-05
1.700000000000000000e+01 3.981605128997207243e-05
1.800000000000000000e+01 4.090711305240437901e-05
1.900000000000000000e+01 3.826106426979011084e-05
2.000000000000000000e+01 3.663872990049950806e-05
2.100000000000000000e+01 4.310344513890195260e-05
2.200000000000000000e+01 3.593755211040545409e-05
2.300000000000000000e+01 3.759238148731039155e-05
2.400000000000000000e+01 3.722009544338607013e-05
2.500000000000000000e+01 4.074824099047571362e-05
2.600000000000000000e+01 3.646728107215004656e-05
2.700000000000000000e+01 3.545262853344961025e-05
2.800000000000000000e+01 3.525042400733211656e-05
2.900000000000000000e+01 3.509975926929876391e-05
3.000000000000000000e+01 3.575047423481424142e-05
3.100000000000000000e+01 3.585133426140760813e-05
3.200000000000000000e+01 3.517831458774389698e-05
3.300000000000000000e+01 3.630504141269255572e-05
3.400000000000000000e+01 3.584321208771565099e-05
3.500000000000000000e+01 3.632529565557147890e-05
3.600000000000000000e+01 3.529687404841672142e-05
3.700000000000000000e+01 3.621800818739208020e-05
3.800000000000000000e+01 3.603092243203564072e-05
3.900000000000000000e+01 3.729846213411994036e-05
4.000000000000000000e+01 3.553980227351526697e-05
4.100000000000000000e+01 3.545751297963038175e-05
4.200000000000000000e+01 3.559387537278307250e-05
4.300000000000000000e+01 3.665735559218696703e-05
4.400000000000000000e+01 4.056275459238666573e-05
4.500000000000000000e+01 3.633156001651955498e-05
4.600000000000000000e+01 3.834482864894377151e-05
4.700000000000000000e+01 3.597552512172273731e-05
4.800000000000000000e+01 3.556248034924285387e-05
4.900000000000000000e+01 3.473049661128876144e-05
5.000000000000000000e+01 3.559455481547701316e-05
5.100000000000000000e+01 3.693250226190548550e-05
5.200000000000000000e+01 3.720683758994881748e-05
5.300000000000000000e+01 3.515268401583463310e-05
5.400000000000000000e+01 3.769857140822400446e-05
5.500000000000000000e+01 3.499012170270013875e-05
5.600000000000000000e+01 3.481460737842649361e-05
5.700000000000000000e+01 3.507710511482509108e-05
5.800000000000000000e+01 3.611675637763015693e-05
5.900000000000000000e+01 3.563293701438103737e-05
6.000000000000000000e+01 3.824502950141638269e-05
6.100000000000000000e+01 3.761754226406123226e-05
6.200000000000000000e+01 3.501066098629267593e-05
6.300000000000000000e+01 3.456706944464837863e-05
6.400000000000000000e+01 3.635860424279543365e-05
6.500000000000000000e+01 3.744082405291170338e-05
6.600000000000000000e+01 3.716918171015256986e-05
6.700000000000000000e+01 3.482696198245958057e-05
6.800000000000000000e+01 3.531373816670651709e-05
6.900000000000000000e+01 4.009588293716804830e-05
7.000000000000000000e+01 3.702933051122349296e-05
7.100000000000000000e+01 3.602035108346071521e-05
7.200000000000000000e+01 3.668583894035521993e-05
7.300000000000000000e+01 3.546576035580225331e-05
7.400000000000000000e+01 3.554098967018957857e-05
7.500000000000000000e+01 3.459587813890054037e-05
7.600000000000000000e+01 3.486161796393625868e-05
7.700000000000000000e+01 3.699148891017976201e-05
7.800000000000000000e+01 3.613863789879576875e-05
7.900000000000000000e+01 3.535155460842433824e-05
8.000000000000000000e+01 3.533074799141887356e-05
8.100000000000000000e+01 3.622557737438543679e-05
8.200000000000000000e+01 3.613213932292197943e-05
8.300000000000000000e+01 3.544695049428934033e-05
8.400000000000000000e+01 3.505082914329946114e-05
8.500000000000000000e+01 3.508043902078099497e-05
8.600000000000000000e+01 3.526246856361838861e-05
8.700000000000000000e+01 3.548670613398654134e-05
8.800000000000000000e+01 3.605586759680243794e-05
8.900000000000000000e+01 3.550930795385339860e-05
9.000000000000000000e+01 3.475745596918448753e-05
9.100000000000000000e+01 3.561338833498515994e-05
9.200000000000000000e+01 3.566966251873991526e-05
9.300000000000000000e+01 3.672951339970398224e-05
9.400000000000000000e+01 3.481388447843057344e-05
9.500000000000000000e+01 3.779062562554892776e-05
9.600000000000000000e+01 3.526916006574729533e-05
9.700000000000000000e+01 3.641575304102844229e-05
9.800000000000000000e+01 3.621885885128696175e-05
9.900000000000000000e+01 3.732414467222331522e-05
1.000000000000000000e+02 3.592406180561346014e-05
1.010000000000000000e+02 3.610766168962686298e-05
1.020000000000000000e+02 3.485369721601347268e-05
1.030000000000000000e+02 3.492076752947133290e-05
1.040000000000000000e+02 3.586291168440062431e-05
1.050000000000000000e+02 3.452986452510428363e-05
1.060000000000000000e+02 3.452173145586407571e-05
1.070000000000000000e+02 3.452583775163164189e-05
1.080000000000000000e+02 3.539593681347028605e-05
1.090000000000000000e+02 3.522122074017302115e-05
1.100000000000000000e+02 3.601728947736792966e-05
1.110000000000000000e+02 3.647527011170584196e-05
1.120000000000000000e+02 3.476006091261878633e-05
1.130000000000000000e+02 3.521684675777032202e-05
1.140000000000000000e+02 3.597388609287487191e-05
1.150000000000000000e+02 3.494798438758693626e-05
1.160000000000000000e+02 3.655327562884694276e-05
1.170000000000000000e+02 3.557024926205295368e-05
1.180000000000000000e+02 3.719263560051926408e-05
1.190000000000000000e+02 3.483428809525947336e-05
1.200000000000000000e+02 3.473902531340089859e-05
1.210000000000000000e+02 3.555843064135137595e-05
1.220000000000000000e+02 3.458828949678395494e-05
1.230000000000000000e+02 3.455824684290301424e-05
1.240000000000000000e+02 3.571901249744528653e-05
1.250000000000000000e+02 3.522168538042796948e-05
1.260000000000000000e+02 3.505790777290686570e-05
1.270000000000000000e+02 3.462382823671815852e-05
1.280000000000000000e+02 3.463484354068437293e-05
1.290000000000000000e+02 3.545424592104886127e-05
1.300000000000000000e+02 3.506066993437357372e-05
1.310000000000000000e+02 3.465117042062664367e-05
1.320000000000000000e+02 3.508321708995419729e-05
1.330000000000000000e+02 3.488467396604603087e-05
1.340000000000000000e+02 3.493918691705554235e-05
1.350000000000000000e+02 3.541491104729303644e-05
1.360000000000000000e+02 3.523301660598884789e-05
1.370000000000000000e+02 3.457010062378615482e-05
1.380000000000000000e+02 3.553742221356836296e-05
1.390000000000000000e+02 3.509790728354147439e-05
1.400000000000000000e+02 3.610591676766398121e-05
1.410000000000000000e+02 3.461311077997351453e-05
1.420000000000000000e+02 3.469229180562700396e-05
1.430000000000000000e+02 3.501125737670331779e-05
1.440000000000000000e+02 3.541774396731032034e-05
1.450000000000000000e+02 3.487890702403969109e-05
1.460000000000000000e+02 3.445437197723032804e-05
1.470000000000000000e+02 3.445898267360013984e-05
1.480000000000000000e+02 3.445994248339693259e-05
1.490000000000000000e+02 3.469016396787253178e-05
1.500000000000000000e+02 3.527692116525239270e-05
