0.000000000000000000e+00 2.360150635734841330e-04
1.000000000000000000e+00 1.689962803685942055e-04
2.000000000000000000e+00 1.318942689780917203e-04
3.000000000000000000e+00 8.732982916730980814e-05
4.000000000000000000e+00 6.335835193028611380e-05
5.000000000000000000e+00 7.829572542975371074e-05
6.000000000000000000e+00 9.729819224215252441e-05
7.000000000000000000e+00 7.072122260854615545e-05
8.000000000000000000e+00 5.585592054066475861e-05
9.000000000000000000e+00 5.855560100964556563e-05
1.000000000000000000e+01 5.745465403151688792e-05
1.100000000000000000e+01 6.575473968756463856e-05
1.200000000000000000e+01 5.517625973944654595e-05
1.300000000000000000e+01 6.161085654257963571e-05
1.400000000000000000e+01 5.687902994117734038e-05
1.500000000000000000e+01 7.338891553180649076e-05
1.600000000000000000e+01 6.483676947193805823e-05
1.700000000000000000e+01 6.141706884819764906e-05
1.800000000000000000e+01 5.961097353168960303e-05
1.900000000000000000e+01 5.535790037440915643e-05
2.000000000000000000e+01 5.166840609803098334e-05
2.100000000000000000e+01 5.476669692084610983e-05
2.200000000000000000e+01 5.531391547831287825e-05
2.300000000000000000e+01 5.732524856368094728e-05
2.400000000000000000e+01 7.462985056453967853e-05
2.500000000000000000e+01 5.892901557760965483e-05
2.600000000000000000e+01 5.329214815350644834e-05
2.700000000000000000e+01 5.742148258657721061e-05
2.800000000000000000e+01 5.881655208194493936e-05
2.900000000000000000e+01 5.537319833391727582e-05
3.000000000000000000e+01 6.424195308099580845e-05
3.100000000000000000e+01 6.654312284786758312e-05
3.200000000000000000e+01 5.845947351268583874e-05
3.300000000000000000e+01 5.635158691143896700e-05
3.400000000000000000e+01 5.330702857968139664e-05
3.500000000000000000e+01 5.440393794350375617e-05
3.600000000000000000e+01 5.577126036284842629e-05
3.700000000000000000e+01 5.565837837519485207e-05
3.800000000000000000e+01 5.579828985780994460e-05
3.900000000000000000e+01 5.503067519708353307e-05
4.000000000000000000e+01 5.246238970920497015e-05
4.100000000000000000e+01 5.321328170755683850e-05
4.200000000000000000e+01 5.773283671577349191e-05
4.300000000000000000e+01 5.618652874410629238e-05
4.400000000000000000e+01 6.533329476963589818e-05
4.500000000000000000e+01 5.858279783353075693e-05
4.600000000000000000e+01 5.808913956909221723e-05
4.700000000000000000e+01 5.199178216606516298e-05
4.800000000000000000e+01 5.276813496386742057e-05
4.900000000000000000e+01 5.493790726165177112e-05
5.000000000000000000e+01 6.259292683532802204e-05
5.100000000000000000e+01 5.660074026931901579e-05
5.200000000000000000e+01 5.455428627948796924e-05
5.300000000000000000e+01 5.303902829869957028e-05
5.400000000000000000e+01 5.252486317853738234e-05
5.500000000000000000e+01 5.199001645461793684e-05
5.600000000000000000e+01 6.676424673403312038e-05
5.700000000000000000e+01 5.609705147025794168e-05
5.800000000000000000e+01 5.597006443661283240e-05
5.900000000000000000e+01 5.322814670242906001e-05
6.000000000000000000e+01 5.256350175041992395e-05
6.100000000000000000e+01 5.346525956313995389e-05
6.200000000000000000e+01 6.090954979216426464e-05
6.300000000000000000e+01 6.071143449468467906e-05
6.400000000000000000e+01 5.857322183982877040e-05
6.500000000000000000e+01 5.623037070981006663e-05
6.600000000000000000e+01 5.682462936239397717e-05
6.700000000000000000e+01 5.852572437251428889e-05
6.800000000000000000e+01 5.454556335506702334e-05
6.900000000000000000e+01 5.961788855826951310e-05
7.000000000000000000e+01 5.752255695147939763e-05
7.100000000000000000e+01 5.672528836320729173e-05
7.200000000000000000e+01 5.138212165616164303e-05
7.300000000000000000e+01 5.458614516465759976e-05
7.400000000000000000e+01 5.016318378317989157e-05
7.500000000000000000e+01 5.375534623105524245e-05
7.600000000000000000e+01 5.652843879216780062e-05
7.700000000000000000e+01 5.204270959693889397e-05
7.800000000000000000e+01 5.604826040011530528e-05
7.900000000000000000e+01 5.581140253996338290e-05
8.000000000000000000e+01 5.527699461132335265e-05
8.100000000000000000e+01 5.328252446562446943e-05
8.200000000000000000e+01 5.407726082469633134e-05
8.300000000000000000e+01 6.014115810447425451e-05
8.400000000000000000e+01 5.439827661229831656e-05
8.500000000000000000e+01 7.256383332455122607e-05
8.600000000000000000e+01 5.164455195009872649e-05
8.700000000000000000e+01 5.575582918912429508e-05
8.800000000000000000e+01 5.118529342533131984e-05
8.900000000000000000e+01 5.412251651481082246e-05
9.000000000000000000e+01 5.319597657683314160e-05
9.100000000000000000e+01 5.205026552384935882e-05
9.200000000000000000e+01 5.292123240382887156e-05
9.300000000000000000e+01 5.248998244937598090e-05
9.400000000000000000e+01 5.654853932459974491e-05
9.500000000000000000e+01 5.162480380743802858e-05
9.600000000000000000e+01 5.414883301111268868e-05
9.700000000000000000e+01 5.560368325070996618e-05
9.800000000000000000e+01 5.380212881204411788e-05
9.900000000000000000e+01 5.108064781309365373e-05
