0.000000000000000000e+00 1.741154883947794416e-05
1.000000000000000000e+00 7.601767644069949409e-06
2.000000000000000000e+00 7.720617800301219757e-06
3.000000000000000000e+00 6.643762448212011468e-06
4.000000000000000000e+00 6.511346305501221125e-06
5.000000000000000000e+00 5.996717470374319702e-06
6.000000000000000000e+00 5.785916568521349536e-06
7.000000000000000000e+00 4.979930339633503992e-06
8.000000000000000000e+00 4.458131982248307610e-06
9.000000000000000000e+00 3.966676877726101572e-06
1.000000000000000000e+01 3.239336908180208908e-06
1.100000000000000000e+01 2.348272221428726950e-06
1.200000000000000000e+01 1.545505999706810791e-06
1.300000000000000000e+01 1.277641503517271742e-06
1.400000000000000000e+01 8.586943346493647000e-07
1.500000000000000000e+01 5.296820722339647550e-07
1.600000000000000000e+01 4.057696129033139276e-07
1.700000000000000000e+01 3.784689715162671634e-07
1.800000000000000000e+01 3.720241026411422890e-07
1.900000000000000000e+01 3.016132736096859774e-07
2.000000000000000000e+01 3.073282134951614478e-07
2.100000000000000000e+01 3.062637320460019120e-07
2.200000000000000000e+01 2.825530884300764036e-07
2.300000000000000000e+01 2.870120302838600957e-07
2.400000000000000000e+01 2.955846057124232978e-07
2.500000000000000000e+01 3.502866600131057729e-07
2.600000000000000000e+01 3.496831508796168060e-07
2.700000000000000000e+01 2.457368021614833590e-07
2.800000000000000000e+01 2.325670558832889037e-07
2.900000000000000000e+01 2.103215228081174301e-07
3.000000000000000000e+01 2.121523344343282404e-07
3.100000000000000000e+01 2.100395822536824626e-07
3.200000000000000000e+01 1.931287763671573000e-07
3.300000000000000000e+01 1.961644198278500267e-07
3.400000000000000000e+01 1.754227022752386177e-07
3.500000000000000000e+01 1.845480620025752506e-07
3.600000000000000000e+01 1.506537173441795820e-07
3.700000000000000000e+01 1.344912801372811904e-07
3.800000000000000000e+01 1.496853732532900454e-07
3.900000000000000000e+01 1.265590834186912431e-07
4.000000000000000000e+01 1.243002709644074092e-07
4.100000000000000000e+01 1.209947530002351673e-07
4.200000000000000000e+01 1.204668240516396146e-07
4.300000000000000000e+01 1.183451044322410308e-07
4.400000000000000000e+01 1.116233893079273811e-07
4.500000000000000000e+01 1.002365219137089546e-07
4.600000000000000000e+01 9.891190290373103757e-08
4.700000000000000000e+01 9.640781443207630970e-08
4.800000000000000000e+01 9.904298769086266509e-08
4.900000000000000000e+01 9.394516591771297773e-08
5.000000000000000000e+01 8.710496092777781740e-08
5.100000000000000000e+01 8.399803231120981024e-08
5.200000000000000000e+01 9.784907732174465070e-08
5.300000000000000000e+01 9.769293621388444119e-08
5.400000000000000000e+01 9.457607961757671935e-08
5.500000000000000000e+01 7.484997555788180027e-08
5.600000000000000000e+01 7.975485178150507949e-08
5.700000000000000000e+01 7.158700992669270071e-08
5.800000000000000000e+01 7.126629462889733861e-08
5.900000000000000000e+01 9.631662137755245882e-08
6.000000000000000000e+01 8.330194818250814803e-08
6.100000000000000000e+01 7.520172710364595872e-08
6.200000000000000000e+01 6.444798179852473987e-08
6.300000000000000000e+01 6.925403893349262913e-08
6.400000000000000000e+01 1.024221130066478340e-07
6.500000000000000000e+01 1.055275102023089884e-07
6.600000000000000000e+01 9.452306801583132432e-08
6.700000000000000000e+01 7.500694489192222584e-08
6.800000000000000000e+01 6.737334664050515374e-08
6.900000000000000000e+01 6.928294278541757412e-08
7.000000000000000000e+01 6.587751930959128823e-08
7.100000000000000000e+01 6.608446265404954616e-08
7.200000000000000000e+01 6.131142785231725430e-08
7.300000000000000000e+01 5.729411628247865272e-08
7.400000000000000000e+01 6.256420919246716141e-08
7.500000000000000000e+01 7.667683774090440077e-08
7.600000000000000000e+01 7.200638699232941917e-08
7.700000000000000000e+01 6.123062055521038899e-08
7.800000000000000000e+01 5.805419950476284705e-08
7.900000000000000000e+01 6.736066780397989030e-08
8.000000000000000000e+01 6.928124410057799759e-08
8.100000000000000000e+01 6.001585753228108615e-08
8.200000000000000000e+01 9.197365027883006545e-08
8.300000000000000000e+01 9.752625334269059183e-08
8.400000000000000000e+01 6.290371812022253753e-08
8.500000000000000000e+01 5.340109582424390635e-08
8.600000000000000000e+01 5.786071100768959832e-08
8.700000000000000000e+01 6.162218687890647336e-08
8.800000000000000000e+01 6.441376882205834205e-08
8.900000000000000000e+01 5.614934695545374668e-08
9.000000000000000000e+01 5.949459335103756866e-08
9.100000000000000000e+01 5.565246185786902554e-08
9.200000000000000000e+01 5.285130994459822269e-08
9.300000000000000000e+01 5.066176218643085074e-08
9.400000000000000000e+01 6.652527483022467339e-08
9.500000000000000000e+01 7.808601462836010228e-08
9.600000000000000000e+01 5.704314048292931830e-08
9.700000000000000000e+01 5.831893132165323981e-08
9.800000000000000000e+01 6.053013880180669278e-08
9.900000000000000000e+01 5.607657154515313657e-08
1.000000000000000000e+02 6.169618140478005867e-08
1.010000000000000000e+02 5.029887561160318605e-08
1.020000000000000000e+02 5.655166256637781868e-08
1.030000000000000000e+02 7.678276693455797831e-08
1.040000000000000000e+02 1.032866261622638620e-07
1.050000000000000000e+02 6.784872334001624559e-08
1.060000000000000000e+02 5.761763683016993405e-08
1.070000000000000000e+02 7.149204999213073165e-08
1.080000000000000000e+02 6.921780398698529431e-08
1.090000000000000000e+02 5.439976075560965742e-08
1.100000000000000000e+02 4.813704284765165486e-08
1.110000000000000000e+02 5.001701483602453812e-08
1.120000000000000000e+02 5.398970581747277884e-08
1.130000000000000000e+02 5.755095183793340257e-08
1.140000000000000000e+02 5.904173903755331134e-08
1.150000000000000000e+02 5.513935768107062497e-08
1.160000000000000000e+02 5.370860007839927808e-08
1.170000000000000000e+02 5.020417909014070187e-08
1.180000000000000000e+02 5.364452223912614407e-08
1.190000000000000000e+02 5.580078316045260234e-08
1.200000000000000000e+02 4.725297966743333828e-08
1.210000000000000000e+02 4.668801064040512692e-08
1.220000000000000000e+02 4.482388863640382084e-08
1.230000000000000000e+02 4.784664168908427135e-08
1.240000000000000000e+02 5.041843087058234914e-08
1.250000000000000000e+02 4.843591862703681019e-08
1.260000000000000000e+02 4.761671857799616368e-08
1.270000000000000000e+02 4.649339916405073688e-08
1.280000000000000000e+02 5.167374758761670485e-08
1.290000000000000000e+02 4.768264885128601666e-08
1.300000000000000000e+02 5.569816149406224318e-08
1.310000000000000000e+02 4.978127035456391629e-08
1.320000000000000000e+02 7.036014244552478676e-08
1.330000000000000000e+02 6.110321122101166053e-08
1.340000000000000000e+02 5.173927091402684536e-08
1.350000000000000000e+02 4.672539590614221506e-08
1.360000000000000000e+02 4.187004472419611461e-08
1.370000000000000000e+02 4.356924265136170803e-08
1.380000000000000000e+02 5.225051179698750983e-08
1.390000000000000000e+02 6.230683983957929717e-08
1.400000000000000000e+02 4.372251236810671864e-08
1.410000000000000000e+02 4.775565565573637300e-08
1.420000000000000000e+02 4.932506484928268051e-08
1.430000000000000000e+02 4.328066450923141124e-08
1.440000000000000000e+02 4.736418266128204803e-08
1.450000000000000000e+02 5.389630228106169036e-08
1.460000000000000000e+02 4.730126233884465012e-08
1.470000000000000000e+02 5.460391322606732901e-08
1.480000000000000000e+02 5.211081368259213396e-08
1.490000000000000000e+02 6.309792441627070485e-08
1.500000000000000000e+02 5.111846616489950516e-08
1.510000000000000000e+02 4.582079838309218252e-08
1.520000000000000000e+02 4.339758067780160861e-08
1.530000000000000000e+02 4.296946849174940075e-08
1.540000000000000000e+02 4.436606406400080588e-08
1.550000000000000000e+02 4.985903136969006756e-08
1.560000000000000000e+02 4.262041861649607078e-08
1.570000000000000000e+02 4.251095341905709418e-08
1.580000000000000000e+02 3.971022963760702867e-08
1.590000000000000000e+02 3.952064053183717580e-08
1.600000000000000000e+02 4.138640203004728272e-08
1.610000000000000000e+02 4.172027315669655901e-08
1.620000000000000000e+02 4.576521067980889101e-08
1.630000000000000000e+02 5.058844336746730595e-08
1.640000000000000000e+02 4.797520695395257676e-08
1.650000000000000000e+02 4.025276361853589390e-08
1.660000000000000000e+02 4.287629101680285367e-08
1.670000000000000000e+02 3.885177607192481422e-08
1.680000000000000000e+02 4.274969825137501861e-08
1.690000000000000000e+02 4.300162212467016265e-08
1.700000000000000000e+02 4.127470215296535070e-08
1.710000000000000000e+02 3.969877006888715454e-08
1.720000000000000000e+02 4.050915356254962769e-08
1.730000000000000000e+02 3.979646695518068207e-08
1.740000000000000000e+02 3.733983255344840438e-08
1.750000000000000000e+02 4.117357471690768129e-08
1.760000000000000000e+02 4.091035804184802211e-08
1.770000000000000000e+02 3.835859947409438665e-08
1.780000000000000000e+02 3.893053160107965855e-08
1.790000000000000000e+02 4.019984994601286732e-08
1.800000000000000000e+02 4.554406103559987195e-08
1.810000000000000000e+02 4.580239826205362709e-08
1.820000000000000000e+02 4.322622050207988797e-08
1.830000000000000000e+02 4.065876896049261265e-08
1.840000000000000000e+02 4.113625684083937032e-08
1.850000000000000000e+02 5.003731364478610016e-08
1.860000000000000000e+02 5.102242097660757422e-08
1.870000000000000000e+02 4.025160014183239164e-08
1.880000000000000000e+02 4.733510440407561834e-08
1.890000000000000000e+02 4.801374390764072531e-08
1.900000000000000000e+02 3.995396055022672173e-08
1.910000000000000000e+02 3.749237875567622581e-08
1.920000000000000000e+02 3.590903101330864198e-08
1.930000000000000000e+02 3.760535484754510962e-08
1.940000000000000000e+02 3.914378251027408760e-08
1.950000000000000000e+02 3.842787999504061534e-08
1.960000000000000000e+02 3.612778963294993576e-08
1.970000000000000000e+02 3.734077318244705914e-08
1.980000000000000000e+02 3.698857247064909632e-08
1.990000000000000000e+02 3.739063518532333765e-08
2.000000000000000000e+02 3.959450425613517195e-08
2.010000000000000000e+02 3.519255505727406168e-08
2.020000000000000000e+02 3.631100862082717644e-08
2.030000000000000000e+02 3.551373067148733716e-08
2.040000000000000000e+02 3.576589205419998006e-08
2.050000000000000000e+02 3.600604577275978734e-08
2.060000000000000000e+02 3.962521200144611077e-08
2.070000000000000000e+02 3.560938485007940192e-08
2.080000000000000000e+02 3.582983967493378782e-08
2.090000000000000000e+02 3.535020349966668517e-08
2.100000000000000000e+02 3.766434496940732700e-08
2.110000000000000000e+02 3.666193735841075266e-08
2.120000000000000000e+02 3.544838755785296931e-08
2.130000000000000000e+02 3.762013178870974005e-08
2.140000000000000000e+02 3.541704763572564682e-08
2.150000000000000000e+02 3.501811611428470963e-08
2.160000000000000000e+02 4.008950596271789612e-08
2.170000000000000000e+02 3.677753897521231745e-08
2.180000000000000000e+02 3.442977293080552950e-08
2.190000000000000000e+02 3.634544217822762446e-08
2.200000000000000000e+02 3.720079680158837022e-08
2.210000000000000000e+02 3.472888660246834640e-08
2.220000000000000000e+02 3.989437876554414370e-08
2.230000000000000000e+02 4.128704444030365270e-08
2.240000000000000000e+02 4.043611367305234534e-08
2.250000000000000000e+02 3.468647317418249103e-08
2.260000000000000000e+02 3.500157463497954052e-08
2.270000000000000000e+02 3.430164728780874092e-08
2.280000000000000000e+02 3.437588864169351977e-08
2.290000000000000000e+02 3.501350164320733428e-08
2.300000000000000000e+02 3.592553212843362380e-08
2.310000000000000000e+02 3.684827721216143022e-08
2.320000000000000000e+02 3.820708899592606717e-08
2.330000000000000000e+02 3.456936937771096857e-08
2.340000000000000000e+02 3.505852217079961087e-08
2.350000000000000000e+02 3.668297989509258578e-08
2.360000000000000000e+02 3.401238908012809458e-08
2.370000000000000000e+02 3.355001502933626563e-08
2.380000000000000000e+02 3.406484238738933082e-08
2.390000000000000000e+02 3.413925702927406551e-08
2.400000000000000000e+02 3.245309571544927734e-08
2.410000000000000000e+02 3.411785364543050740e-08
2.420000000000000000e+02 3.356534455580220177e-08
2.430000000000000000e+02 3.348203335106274662e-08
2.440000000000000000e+02 3.372897535216745976e-08
2.450000000000000000e+02 3.341347338881528547e-08
2.460000000000000000e+02 3.800012809544386166e-08
2.470000000000000000e+02 3.658766841126304009e-08
2.480000000000000000e+02 3.311277035229364829e-08
2.490000000000000000e+02 3.272561394054145097e-08
2.500000000000000000e+02 3.546539004983441468e-08
2.510000000000000000e+02 3.642901212759594999e-08
2.520000000000000000e+02 3.609904123491630389e-08
2.530000000000000000e+02 3.387697404142309860e-08
2.540000000000000000e+02 3.183320918567782934e-08
2.550000000000000000e+02 3.366302929159529522e-08
2.560000000000000000e+02 3.150833628549610228e-08
2.570000000000000000e+02 3.232573257761970726e-08
2.580000000000000000e+02 3.227643141605963136e-08
2.590000000000000000e+02 3.345165975190643023e-08
2.600000000000000000e+02 3.221142546525145076e-08
2.610000000000000000e+02 3.273189854387341546e-08
2.620000000000000000e+02 3.318849860675076912e-08
2.630000000000000000e+02 3.480235276169371203e-08
2.640000000000000000e+02 3.300931561225265848e-08
2.650000000000000000e+02 3.247698158874254931e-08
2.660000000000000000e+02 3.434265114137791499e-08
2.670000000000000000e+02 3.243704397051271384e-08
2.680000000000000000e+02 3.268389540877260091e-08
2.690000000000000000e+02 3.105028817312083812e-08
2.700000000000000000e+02 3.237757879948564442e-08
2.710000000000000000e+02 3.132097487673897306e-08
2.720000000000000000e+02 3.114190899774796701e-08
2.730000000000000000e+02 3.174038709191751994e-08
2.740000000000000000e+02 3.248416162320285969e-08
2.750000000000000000e+02 3.205978710828770174e-08
2.760000000000000000e+02 3.182185516902768988e-08
2.770000000000000000e+02 3.090879754117376434e-08
2.780000000000000000e+02 3.070904859737678479e-08
2.790000000000000000e+02 3.114110023461263446e-08
2.800000000000000000e+02 3.208546542655280064e-08
2.810000000000000000e+02 3.198793831124815432e-08
2.820000000000000000e+02 3.233390911355393604e-08
2.830000000000000000e+02 3.039271403193320272e-08
2.840000000000000000e+02 3.151249437766146145e-08
2.850000000000000000e+02 3.174550037481579612e-08
2.860000000000000000e+02 3.267931938792754735e-08
2.870000000000000000e+02 3.079257320042071014e-08
2.880000000000000000e+02 3.148185767831846413e-08
2.890000000000000000e+02 3.164794749338037271e-08
2.900000000000000000e+02 3.046134369965941596e-08
2.910000000000000000e+02 3.104518478845612916e-08
2.920000000000000000e+02 3.046522799413480147e-08
2.930000000000000000e+02 3.005316111751885281e-08
2.940000000000000000e+02 3.033245835347137222e-08
2.950000000000000000e+02 3.072732858420220355e-08
2.960000000000000000e+02 3.157446827336829558e-08
2.970000000000000000e+02 3.078972355675985246e-08
2.980000000000000000e+02 3.020820799625424333e-08
2.990000000000000000e+02 3.098484711140366255e-08
3.000000000000000000e+02 3.130663211384933995e-08
3.010000000000000000e+02 3.094549501445090399e-08
3.020000000000000000e+02 2.977376860562051837e-08
3.030000000000000000e+02 3.009020762709695467e-08
3.040000000000000000e+02 3.034416507700770254e-08
3.050000000000000000e+02 3.070280758871564039e-08
3.060000000000000000e+02 2.994237852707810900e-08
3.070000000000000000e+02 3.135076252179687024e-08
3.080000000000000000e+02 3.275323429048931135e-08
3.090000000000000000e+02 3.073201841802388115e-08
3.100000000000000000e+02 3.052953787308824061e-08
3.110000000000000000e+02 3.013133676783162934e-08
3.120000000000000000e+02 2.958762025577480481e-08
3.130000000000000000e+02 3.087969910660692079e-08
3.140000000000000000e+02 2.987511785921374632e-08
3.150000000000000000e+02 3.026122307160979034e-08
3.160000000000000000e+02 2.946957863077539020e-08
3.170000000000000000e+02 3.015198764116636401e-08
3.180000000000000000e+02 2.963430145018505040e-08
3.190000000000000000e+02 2.968585520353469373e-08
3.200000000000000000e+02 2.948245601410221382e-08
3.210000000000000000e+02 2.979985995474460180e-08
3.220000000000000000e+02 2.947797102607650652e-08
3.230000000000000000e+02 2.932748792180189370e-08
3.240000000000000000e+02 2.969289941872236061e-08
3.250000000000000000e+02 3.000026401934690294e-08
3.260000000000000000e+02 2.996492973218611023e-08
3.270000000000000000e+02 3.036257159562227670e-08
3.280000000000000000e+02 2.914699507420587108e-08
3.290000000000000000e+02 2.975405645357554965e-08
3.300000000000000000e+02 2.936119430223190343e-08
3.310000000000000000e+02 2.986938651208195233e-08
3.320000000000000000e+02 2.973749446614329966e-08
3.330000000000000000e+02 2.868445094395567673e-08
3.340000000000000000e+02 2.981341269178425146e-08
3.350000000000000000e+02 2.898348056917159386e-08
3.360000000000000000e+02 2.906336016689510618e-08
3.370000000000000000e+02 3.104816487927696418e-08
3.380000000000000000e+02 3.078498082554330543e-08
3.390000000000000000e+02 2.974100292142314145e-08
3.400000000000000000e+02 2.920653718891320837e-08
3.410000000000000000e+02 2.977874425352880564e-08
3.420000000000000000e+02 2.929881466846504477e-08
3.430000000000000000e+02 2.945697735719978557e-08
3.440000000000000000e+02 2.888794272566589597e-08
3.450000000000000000e+02 2.871192534833530677e-08
3.460000000000000000e+02 2.859635663628294874e-08
3.470000000000000000e+02 2.860449337081910387e-08
3.480000000000000000e+02 2.861022172867595198e-08
3.490000000000000000e+02 2.869912624162674428e-08
3.500000000000000000e+02 2.865155887199917600e-08
3.510000000000000000e+02 3.009398543018510764e-08
3.520000000000000000e+02 3.063646700151514058e-08
3.530000000000000000e+02 2.936465386475209612e-08
3.540000000000000000e+02 2.888657397132369201e-08
3.550000000000000000e+02 2.952055674293959022e-08
3.560000000000000000e+02 2.872752654340270325e-08
3.570000000000000000e+02 2.843175212102323348e-08
3.580000000000000000e+02 2.864593283840528013e-08
3.590000000000000000e+02 2.998985368159625763e-08
3.600000000000000000e+02 2.929741178896345829e-08
3.610000000000000000e+02 2.930123345322891732e-08
3.620000000000000000e+02 2.902772460632522034e-08
3.630000000000000000e+02 2.817752474707167390e-08
3.640000000000000000e+02 2.842238937302977585e-08
3.650000000000000000e+02 2.866944041565915923e-08
3.660000000000000000e+02 2.833059282454876507e-08
3.670000000000000000e+02 2.853530856148791281e-08
3.680000000000000000e+02 2.900228279570587520e-08
3.690000000000000000e+02 2.920537310555786023e-08
3.700000000000000000e+02 2.905348415944310724e-08
3.710000000000000000e+02 2.815835685940301384e-08
3.720000000000000000e+02 2.868157739661474279e-08
3.730000000000000000e+02 2.795133096748630241e-08
3.740000000000000000e+02 2.864355824971101013e-08
3.750000000000000000e+02 2.794773278327299259e-08
3.760000000000000000e+02 2.833296973791461244e-08
3.770000000000000000e+02 2.860165320350383674e-08
3.780000000000000000e+02 2.826623639425509404e-08
3.790000000000000000e+02 2.794126723065071206e-08
3.800000000000000000e+02 2.849392769316080984e-08
3.810000000000000000e+02 2.796590173141641613e-08
3.820000000000000000e+02 2.801219835279803354e-08
3.830000000000000000e+02 2.809764281472242176e-08
3.840000000000000000e+02 2.794653739227207520e-08
3.850000000000000000e+02 2.793447058724343069e-08
3.860000000000000000e+02 2.806191811800819056e-08
3.870000000000000000e+02 2.779404897586995668e-08
3.880000000000000000e+02 2.807364310530402851e-08
3.890000000000000000e+02 2.774980359408338281e-08
3.900000000000000000e+02 2.766124203348918106e-08
3.910000000000000000e+02 2.832614524491730847e-08
3.920000000000000000e+02 2.795117862505742559e-08
3.930000000000000000e+02 2.793091673684316912e-08
3.940000000000000000e+02 2.759722442689028939e-08
3.950000000000000000e+02 2.782749481046938069e-08
3.960000000000000000e+02 2.795810302477086744e-08
3.970000000000000000e+02 2.794774509041585495e-08
3.980000000000000000e+02 2.805187739897342514e-08
3.990000000000000000e+02 2.784435064619980107e-08
4.000000000000000000e+02 2.832680946275897221e-08
4.010000000000000000e+02 2.793786630092158888e-08
4.020000000000000000e+02 2.780255281841837800e-08
4.030000000000000000e+02 2.752331291830812069e-08
4.040000000000000000e+02 2.755079604342808148e-08
4.050000000000000000e+02 2.810732843653207469e-08
4.060000000000000000e+02 2.773915348531299007e-08
4.070000000000000000e+02 2.792264939285723126e-08
4.080000000000000000e+02 2.832791599003483635e-08
4.090000000000000000e+02 2.798975767134840748e-08
4.100000000000000000e+02 2.756248806621533054e-08
4.110000000000000000e+02 2.768318331864139621e-08
4.120000000000000000e+02 2.758279066113178954e-08
4.130000000000000000e+02 2.782909702215549841e-08
4.140000000000000000e+02 2.816552268286435203e-08
4.150000000000000000e+02 2.815026726616493618e-08
4.160000000000000000e+02 2.741696708024784120e-08
4.170000000000000000e+02 2.929138135401525282e-08
4.180000000000000000e+02 2.784183935749514607e-08
4.190000000000000000e+02 2.780549325722818120e-08
4.200000000000000000e+02 2.755374079075640872e-08
4.210000000000000000e+02 2.740361132815341169e-08
4.220000000000000000e+02 2.760195359816522377e-08
4.230000000000000000e+02 2.743235253347926371e-08
4.240000000000000000e+02 2.758038595374534403e-08
4.250000000000000000e+02 2.759090576275258156e-08
4.260000000000000000e+02 2.720427387803552535e-08
4.270000000000000000e+02 2.742350861890115652e-08
4.280000000000000000e+02 2.738356447208917652e-08
4.290000000000000000e+02 2.729348176051278613e-08
4.300000000000000000e+02 2.753218300592492936e-08
4.310000000000000000e+02 2.697871479955407817e-08
4.320000000000000000e+02 2.738060610147361297e-08
4.330000000000000000e+02 2.755254229180178645e-08
4.340000000000000000e+02 2.722953356479475624e-08
4.350000000000000000e+02 2.719682975398513759e-08
4.360000000000000000e+02 2.733361402525531748e-08
4.370000000000000000e+02 2.714771037333230218e-08
4.380000000000000000e+02 2.719736928213702032e-08
4.390000000000000000e+02 2.729256027965684485e-08
4.400000000000000000e+02 2.778085810602750152e-08
4.410000000000000000e+02 2.726388836064450601e-08
4.420000000000000000e+02 2.722866442730135492e-08
4.430000000000000000e+02 2.725814157356649436e-08
4.440000000000000000e+02 2.729338023268617132e-08
4.450000000000000000e+02 2.716044594889276455e-08
4.460000000000000000e+02 2.760745828340154153e-08
4.470000000000000000e+02 2.700461546473638138e-08
4.480000000000000000e+02 2.718024263880797627e-08
4.490000000000000000e+02 2.709313204747929915e-08
4.500000000000000000e+02 2.743274166264414329e-08
4.510000000000000000e+02 2.735782915707109738e-08
4.520000000000000000e+02 2.705692410325223856e-08
4.530000000000000000e+02 2.709897086730068249e-08
4.540000000000000000e+02 2.701014619536822063e-08
4.550000000000000000e+02 2.705091799859580350e-08
4.560000000000000000e+02 2.699934082073425668e-08
4.570000000000000000e+02 2.693218320547868327e-08
4.580000000000000000e+02 2.719386313599911819e-08
4.590000000000000000e+02 2.683993558357989916e-08
4.600000000000000000e+02 2.713451101239817419e-08
4.610000000000000000e+02 2.724540136731095611e-08
4.620000000000000000e+02 2.693831116792784789e-08
4.630000000000000000e+02 2.712795435647429729e-08
4.640000000000000000e+02 2.706352189218731367e-08
4.650000000000000000e+02 2.706974835880709973e-08
4.660000000000000000e+02 2.703998740292407541e-08
4.670000000000000000e+02 2.717085552091792284e-08
4.680000000000000000e+02 2.706934118582834003e-08
4.690000000000000000e+02 2.752949668997126131e-08
4.700000000000000000e+02 2.720491301140739949e-08
4.710000000000000000e+02 2.689032609845770947e-08
4.720000000000000000e+02 2.729400963725928777e-08
4.730000000000000000e+02 2.675020044551790847e-08
4.740000000000000000e+02 2.692537910122212756e-08
4.750000000000000000e+02 2.686786165760808221e-08
4.760000000000000000e+02 2.678992409306071994e-08
4.770000000000000000e+02 2.686959001046766631e-08
4.780000000000000000e+02 2.708308007497258096e-08
4.790000000000000000e+02 2.692285748861769849e-08
4.800000000000000000e+02 2.695312356885866783e-08
4.810000000000000000e+02 2.677709948529037863e-08
4.820000000000000000e+02 2.689099484608539577e-08
4.830000000000000000e+02 2.669864241794995979e-08
4.840000000000000000e+02 2.709768341551553314e-08
4.850000000000000000e+02 2.671592867214011814e-08
4.860000000000000000e+02 2.692068794868445091e-08
4.870000000000000000e+02 2.686721449130519904e-08
4.880000000000000000e+02 2.678596953647083093e-08
4.890000000000000000e+02 2.692471828988939694e-08
4.900000000000000000e+02 2.693565027577981400e-08
4.910000000000000000e+02 2.707290054296797964e-08
4.920000000000000000e+02 2.700948624282931107e-08
4.930000000000000000e+02 2.700181085474365179e-08
4.940000000000000000e+02 2.666558198315169523e-08
4.950000000000000000e+02 2.704627717589807963e-08
4.960000000000000000e+02 2.682154269306706349e-08
4.970000000000000000e+02 2.684931968996344580e-08
4.980000000000000000e+02 2.686304790059969679e-08
4.990000000000000000e+02 2.687539952591664466e-08
5.000000000000000000e+02 2.679829523618942406e-08
5.010000000000000000e+02 2.664911932261477309e-08
5.020000000000000000e+02 2.669802192939768525e-08
5.030000000000000000e+02 2.666240061598132409e-08
5.040000000000000000e+02 2.679454107705369582e-08
5.050000000000000000e+02 2.672394942949961516e-08
5.060000000000000000e+02 2.668018360334240224e-08
5.070000000000000000e+02 2.667816698939131537e-08
5.080000000000000000e+02 2.669401000395027767e-08
5.090000000000000000e+02 2.666776530403134472e-08
5.100000000000000000e+02 2.672772571995417032e-08
5.110000000000000000e+02 2.660918362605694620e-08
5.120000000000000000e+02 2.660201967732095777e-08
5.130000000000000000e+02 2.663806143651185126e-08
5.140000000000000000e+02 2.654039773664728162e-08
5.150000000000000000e+02 2.652147984983824117e-08
5.160000000000000000e+02 2.662170125677522793e-08
5.170000000000000000e+02 2.679622902058789090e-08
5.180000000000000000e+02 2.650325318047263525e-08
5.190000000000000000e+02 2.668669024960198124e-08
5.200000000000000000e+02 2.666290986593569453e-08
5.210000000000000000e+02 2.676360351474309646e-08
5.220000000000000000e+02 2.652724202636468890e-08
5.230000000000000000e+02 2.665966023952975979e-08
5.240000000000000000e+02 2.658479255268355791e-08
5.250000000000000000e+02 2.650829314823664434e-08
5.260000000000000000e+02 2.655331777101354820e-08
5.270000000000000000e+02 2.662953327241231494e-08
5.280000000000000000e+02 2.657239862886135660e-08
5.290000000000000000e+02 2.654579902041263746e-08
5.300000000000000000e+02 2.646235546655717533e-08
5.310000000000000000e+02 2.655335944012195392e-08
5.320000000000000000e+02 2.650199907521734399e-08
5.330000000000000000e+02 2.656768194656417672e-08
5.340000000000000000e+02 2.651268141101374600e-08
5.350000000000000000e+02 2.677673805982672588e-08
5.360000000000000000e+02 2.656616933890886589e-08
5.370000000000000000e+02 2.649073103146580398e-08
5.380000000000000000e+02 2.644727765965076105e-08
5.390000000000000000e+02 2.654868376250115344e-08
5.400000000000000000e+02 2.661990634126463051e-08
5.410000000000000000e+02 2.667891024034490194e-08
5.420000000000000000e+02 2.654734872370295283e-08
5.430000000000000000e+02 2.646396186146991453e-08
5.440000000000000000e+02 2.663356585752637102e-08
5.450000000000000000e+02 2.644221391892131297e-08
5.460000000000000000e+02 2.657069989690868919e-08
5.470000000000000000e+02 2.651669525824999977e-08
5.480000000000000000e+02 2.642241418910816510e-08
5.490000000000000000e+02 2.662952859102697915e-08
5.500000000000000000e+02 2.663775912761942269e-08
5.510000000000000000e+02 2.654290048473795312e-08
5.520000000000000000e+02 2.646262101921060641e-08
5.530000000000000000e+02 2.652965540773669240e-08
5.540000000000000000e+02 2.649325185056021910e-08
5.550000000000000000e+02 2.646914006521690334e-08
5.560000000000000000e+02 2.678538264581913969e-08
5.570000000000000000e+02 2.650803243511499021e-08
5.580000000000000000e+02 2.640689950143652044e-08
5.590000000000000000e+02 2.644095655398132637e-08
5.600000000000000000e+02 2.646127301200207190e-08
5.610000000000000000e+02 2.637126305878273938e-08
5.620000000000000000e+02 2.639157038345460209e-08
5.630000000000000000e+02 2.634894925178658548e-08
5.640000000000000000e+02 2.636754530627637244e-08
5.650000000000000000e+02 2.632917780413337601e-08
5.660000000000000000e+02 2.640464935636140976e-08
5.670000000000000000e+02 2.632273924665124924e-08
5.680000000000000000e+02 2.640527544150332962e-08
5.690000000000000000e+02 2.631927085232509562e-08
5.700000000000000000e+02 2.633133768114337184e-08
5.710000000000000000e+02 2.637915350763179511e-08
5.720000000000000000e+02 2.636515944625147906e-08
5.730000000000000000e+02 2.636316599979235702e-08
5.740000000000000000e+02 2.629208514626032435e-08
5.750000000000000000e+02 2.652274544555780958e-08
5.760000000000000000e+02 2.636698841388745927e-08
5.770000000000000000e+02 2.630843165396708130e-08
5.780000000000000000e+02 2.635685439313980301e-08
5.790000000000000000e+02 2.635155180214538495e-08
5.800000000000000000e+02 2.633448637160649505e-08
5.810000000000000000e+02 2.628094231548254336e-08
5.820000000000000000e+02 2.640798821159500441e-08
5.830000000000000000e+02 2.637196248393225727e-08
5.840000000000000000e+02 2.636891812488509489e-08
5.850000000000000000e+02 2.630637562197363415e-08
5.860000000000000000e+02 2.628133155974049957e-08
5.870000000000000000e+02 2.626095680721732504e-08
5.880000000000000000e+02 2.629140541703698297e-08
5.890000000000000000e+02 2.635555975787932779e-08
5.900000000000000000e+02 2.631445384614805795e-08
5.910000000000000000e+02 2.628953552252139672e-08
5.920000000000000000e+02 2.635205920786872995e-08
5.930000000000000000e+02 2.627666400628734002e-08
5.940000000000000000e+02 2.633973152892386406e-08
5.950000000000000000e+02 2.634091267006759708e-08
5.960000000000000000e+02 2.627368366324243712e-08
5.970000000000000000e+02 2.631118614814752449e-08
5.980000000000000000e+02 2.621961223228381838e-08
5.990000000000000000e+02 2.626976667656124150e-08
6.000000000000000000e+02 2.627757345042544477e-08
6.010000000000000000e+02 2.626021406296355583e-08
6.020000000000000000e+02 2.632938315115111704e-08
6.030000000000000000e+02 2.634800717396295934e-08
6.040000000000000000e+02 2.630275963920949276e-08
6.050000000000000000e+02 2.620896333267598324e-08
6.060000000000000000e+02 2.620650438022187517e-08
6.070000000000000000e+02 2.626360278810581635e-08
6.080000000000000000e+02 2.625652052931952515e-08
6.090000000000000000e+02 2.626327479159182478e-08
6.100000000000000000e+02 2.623228495190043778e-08
6.110000000000000000e+02 2.621727514731676503e-08
6.120000000000000000e+02 2.630986809573420773e-08
6.130000000000000000e+02 2.630559437738640789e-08
6.140000000000000000e+02 2.624329316503434391e-08
6.150000000000000000e+02 2.625716911598561683e-08
6.160000000000000000e+02 2.632997672482156503e-08
6.170000000000000000e+02 2.621509158317565546e-08
6.180000000000000000e+02 2.625390035912092212e-08
6.190000000000000000e+02 2.619429859435271758e-08
6.200000000000000000e+02 2.632740514210787379e-08
6.210000000000000000e+02 2.620701607337634613e-08
6.220000000000000000e+02 2.619016983487321279e-08
6.230000000000000000e+02 2.619821803994611093e-08
6.240000000000000000e+02 2.622195406267686141e-08
6.250000000000000000e+02 2.619957474407975813e-08
6.260000000000000000e+02 2.627597041242034553e-08
6.270000000000000000e+02 2.620683131792097898e-08
6.280000000000000000e+02 2.624626947073992557e-08
6.290000000000000000e+02 2.618420759837324816e-08
6.300000000000000000e+02 2.622556340353012480e-08
6.310000000000000000e+02 2.619030924345674831e-08
6.320000000000000000e+02 2.624730191564199729e-08
6.330000000000000000e+02 2.622443789104118338e-08
