0.000000000000000000e+00 4.464283902306448920e-05
1.000000000000000000e+00 3.268385334099340649e-05
2.000000000000000000e+00 2.865642281479584817e-05
3.000000000000000000e+00 3.558990370037316782e-05
4.000000000000000000e+00 3.486745705677318308e-05
5.000000000000000000e+00 3.583889690134125318e-05
6.000000000000000000e+00 3.420845979992114146e-05
7.000000000000000000e+00 3.430639528222973855e-05
8.000000000000000000e+00 3.394336897181379233e-05
9.000000000000000000e+00 3.310670945575470070e-05
1.000000000000000000e+01 3.246586417887245893e-05
1.100000000000000000e+01 3.830193483041832112e-05
1.200000000000000000e+01 4.820308228910751366e-05
1.300000000000000000e+01 3.737475313462588328e-05
1.400000000000000000e+01 3.043724689401207425e-05
1.500000000000000000e+01 3.965113612249220162e-05
1.600000000000000000e+01 3.503479858762777893e-05
1.700000000000000000e+01 3.312398879254097029e-05
1.800000000000000000e+01 3.063182512923076856e-05
1.900000000000000000e+01 2.753537080053835529e-05
2.000000000000000000e+01 2.696979439451256197e-05
2.100000000000000000e+01 3.102415968854476975e-05
2.200000000000000000e+01 2.650944730761515557e-05
2.300000000000000000e+01 2.828377008049261576e-05
2.400000000000000000e+01 4.515444609644697459e-05
2.500000000000000000e+01 3.597460087283841528e-05
2.600000000000000000e+01 2.876441745962328428e-05
2.700000000000000000e+01 2.648733306738593643e-05
2.800000000000000000e+01 3.564219954460915720e-05
2.900000000000000000e+01 4.362004957558976014e-05
3.000000000000000000e+01 3.982782049586052066e-05
3.100000000000000000e+01 3.922669757739066093e-05
3.200000000000000000e+01 3.367734630705366102e-05
3.300000000000000000e+01 4.035989644041794070e-05
3.400000000000000000e+01 4.477788489451604208e-05
3.500000000000000000e+01 3.489344507403853001e-05
3.600000000000000000e+01 5.128670401759865009e-05
3.700000000000000000e+01 3.984705632164516921e-05
3.800000000000000000e+01 4.514659689688850161e-05
3.900000000000000000e+01 4.275178758598614510e-05
4.000000000000000000e+01 3.796743863574528367e-05
4.100000000000000000e+01 4.314557085850251908e-05
4.200000000000000000e+01 3.690325331707796887e-05
4.300000000000000000e+01 3.747218783264956335e-05
4.400000000000000000e+01 3.951246435494300345e-05
4.500000000000000000e+01 3.555970307445093594e-05
4.600000000000000000e+01 4.711613777372733697e-05
4.700000000000000000e+01 4.080355355444034531e-05
4.800000000000000000e+01 4.170316239812751501e-05
4.900000000000000000e+01 4.300500821771066357e-05
5.000000000000000000e+01 3.475050921698132999e-05
5.100000000000000000e+01 4.423406093566602877e-05
5.200000000000000000e+01 3.899116514958689050e-05
5.300000000000000000e+01 3.400306470401665991e-05
5.400000000000000000e+01 4.504144278968115310e-05
5.500000000000000000e+01 3.638045510994692160e-05
5.600000000000000000e+01 3.705904975659374815e-05
5.700000000000000000e+01 4.339042452054958936e-05
5.800000000000000000e+01 3.354190327193102341e-05
5.900000000000000000e+01 3.192207903722127696e-05
6.000000000000000000e+01 4.192224257976332689e-05
6.100000000000000000e+01 3.820705485029740850e-05
6.200000000000000000e+01 4.198913950424090313e-05
6.300000000000000000e+01 4.559767027964784972e-05
6.400000000000000000e+01 3.130831882251161006e-05
6.500000000000000000e+01 3.640453467879501917e-05
6.600000000000000000e+01 4.010609579144809578e-05
6.700000000000000000e+01 4.075116394432248330e-05
6.800000000000000000e+01 4.220984549296428491e-05
6.900000000000000000e+01 4.114538893641658823e-05
7.000000000000000000e+01 3.545977301140727225e-05
7.100000000000000000e+01 4.736527512345288055e-05
7.200000000000000000e+01 5.218444164914694863e-05
7.300000000000000000e+01 3.913576965504610009e-05
7.400000000000000000e+01 3.344031783840914100e-05
7.500000000000000000e+01 3.890980880317919193e-05
7.600000000000000000e+01 3.588942030620096405e-05
7.700000000000000000e+01 3.428163407024456452e-05
7.800000000000000000e+01 4.173215708671784642e-05
7.900000000000000000e+01 3.850683654385662690e-05
8.000000000000000000e+01 3.301904521167418395e-05
8.100000000000000000e+01 3.257342211791291792e-05
8.200000000000000000e+01 3.367504834339607093e-05
8.300000000000000000e+01 3.293356198410241331e-05
8.400000000000000000e+01 3.422553551335888862e-05
8.500000000000000000e+01 3.508289428777370373e-05
8.600000000000000000e+01 4.452969575603855711e-05
8.700000000000000000e+01 4.049770492584306902e-05
8.800000000000000000e+01 4.296948042934266553e-05
8.900000000000000000e+01 3.723544652149135683e-05
9.000000000000000000e+01 4.016232024477839465e-05
9.100000000000000000e+01 3.866372799112272583e-05
9.200000000000000000e+01 3.431674003173735453e-05
9.300000000000000000e+01 3.994573043216429527e-05
9.400000000000000000e+01 4.146965665142595504e-05
9.500000000000000000e+01 4.449204060181161303e-05
9.600000000000000000e+01 4.119164646516927100e-05
9.700000000000000000e+01 4.229755709906270759e-05
9.800000000000000000e+01 4.172430066123487060e-05
9.900000000000000000e+01 4.218848074089621189e-05
1.000000000000000000e+02 3.882002337606171085e-05
1.010000000000000000e+02 3.833404561093100286e-05
1.020000000000000000e+02 3.705668872284770634e-05
1.030000000000000000e+02 3.655848307814889877e-05
1.040000000000000000e+02 3.286464981330567867e-05
1.050000000000000000e+02 3.824270199554766729e-05
1.060000000000000000e+02 3.687087361195537073e-05
1.070000000000000000e+02 3.841024684513281464e-05
1.080000000000000000e+02 4.413492262077553594e-05
1.090000000000000000e+02 4.193686599275576283e-05
1.100000000000000000e+02 4.001728959353818903e-05
1.110000000000000000e+02 4.613164293445932296e-05
1.120000000000000000e+02 4.823671199635424616e-05
1.130000000000000000e+02 4.288481027875807585e-05
1.140000000000000000e+02 4.396232881948218503e-05
1.150000000000000000e+02 4.194437218031382036e-05
1.160000000000000000e+02 4.767319935810327699e-05
1.170000000000000000e+02 4.381502943102986503e-05
1.180000000000000000e+02 4.332045882115783032e-05
1.190000000000000000e+02 4.376762048750588822e-05
1.200000000000000000e+02 4.723944004375494699e-05
1.210000000000000000e+02 4.636613340449340797e-05
1.220000000000000000e+02 4.234520995298386730e-05
1.230000000000000000e+02 4.464275820711505020e-05
