0.000000000000000000e+00 9.841394486102300609e-02
1.000000000000000000e+00 2.547587827357651949e-02
2.000000000000000000e+00 2.446013322361403550e-03
3.000000000000000000e+00 2.035600549416452260e-03
4.000000000000000000e+00 1.993238491579319392e-03
5.000000000000000000e+00 1.962587311558972210e-03
6.000000000000000000e+00 1.932252230765908090e-03
7.000000000000000000e+00 1.902703442380690186e-03
8.000000000000000000e+00 1.877593214133670531e-03
9.000000000000000000e+00 1.850952655145397243e-03
1.000000000000000000e+01 1.817808128797548982e-03
1.100000000000000000e+01 1.791933888638438986e-03
1.200000000000000000e+01 1.768580199748835376e-03
1.300000000000000000e+01 1.743545561243145699e-03
1.400000000000000000e+01 1.716684495168571299e-03
1.500000000000000000e+01 1.688122696461489625e-03
1.600000000000000000e+01 1.662538672402060326e-03
1.700000000000000000e+01 1.633509818311448120e-03
1.800000000000000000e+01 1.607863132729823400e-03
1.900000000000000000e+01 1.575685226208068833e-03
2.000000000000000000e+01 1.547440905801721143e-03
2.100000000000000000e+01 1.522234785155031833e-03
2.200000000000000000e+01 1.488769057959980378e-03
2.300000000000000000e+01 1.448020441716077727e-03
2.400000000000000000e+01 1.402695332950241840e-03
2.500000000000000000e+01 1.359087221287075178e-03
2.600000000000000000e+01 1.314578884941969153e-03
2.700000000000000000e+01 1.261920497646854423e-03
2.800000000000000000e+01 1.205408164731013162e-03
2.900000000000000000e+01 1.131948464827217974e-03
3.000000000000000000e+01 1.063733020140740938e-03
3.100000000000000000e+01 9.655909918722829863e-04
3.200000000000000000e+01 8.646525787858994581e-04
3.300000000000000000e+01 7.457383253571749256e-04
3.400000000000000000e+01 6.089906902169904502e-04
3.500000000000000000e+01 4.581938283672399507e-04
3.600000000000000000e+01 3.233156104039060404e-04
3.700000000000000000e+01 2.252614695010530903e-04
3.800000000000000000e+01 1.698370279442866894e-04
3.900000000000000000e+01 1.395372784503885223e-04
4.000000000000000000e+01 1.183067730887878805e-04
4.100000000000000000e+01 1.168401049574662609e-04
4.200000000000000000e+01 9.756996415078869427e-05
4.300000000000000000e+01 8.784132472360778635e-05
4.400000000000000000e+01 8.271681660859573845e-05
4.500000000000000000e+01 7.720965768874915006e-05
4.600000000000000000e+01 7.385858392004615537e-05
4.700000000000000000e+01 6.573263175736976599e-05
4.800000000000000000e+01 6.148836697594056656e-05
4.900000000000000000e+01 5.923712159629919395e-05
5.000000000000000000e+01 5.686079675095332092e-05
5.100000000000000000e+01 5.506367889757079451e-05
5.200000000000000000e+01 5.155378695328177453e-05
5.300000000000000000e+01 4.960866304242183964e-05
5.400000000000000000e+01 4.717087810849807561e-05
5.500000000000000000e+01 4.595920363271367606e-05
5.600000000000000000e+01 4.434208679599656799e-05
5.700000000000000000e+01 4.387954875241743266e-05
5.800000000000000000e+01 4.166585832931390303e-05
5.900000000000000000e+01 4.073670849280378330e-05
6.000000000000000000e+01 3.869506588515519562e-05
6.100000000000000000e+01 3.811477280313477336e-05
6.200000000000000000e+01 3.824470374778938142e-05
6.300000000000000000e+01 3.609826803813155177e-05
6.400000000000000000e+01 3.512918331046929743e-05
6.500000000000000000e+01 3.518092023227746285e-05
6.600000000000000000e+01 3.377322660988481815e-05
6.700000000000000000e+01 3.321932937909421855e-05
6.800000000000000000e+01 3.219436081142700441e-05
6.900000000000000000e+01 3.192329244250421256e-05
7.000000000000000000e+01 3.069669357052961383e-05
7.100000000000000000e+01 3.055207006232154654e-05
7.200000000000000000e+01 2.980388969484348250e-05
7.300000000000000000e+01 2.870544258225400162e-05
7.400000000000000000e+01 2.835209906783485356e-05
7.500000000000000000e+01 2.901299389843621474e-05
7.600000000000000000e+01 2.808619151941631157e-05
7.700000000000000000e+01 2.720020688632349273e-05
7.800000000000000000e+01 2.670650253531563879e-05
7.900000000000000000e+01 2.616307645037472079e-05
8.000000000000000000e+01 2.548176373402409096e-05
8.100000000000000000e+01 2.496918874908887948e-05
8.200000000000000000e+01 2.469966729741431799e-05
8.300000000000000000e+01 2.484157071968005361e-05
8.400000000000000000e+01 2.397596419823462433e-05
8.500000000000000000e+01 2.357541444488606415e-05
8.600000000000000000e+01 2.326070529934425512e-05
8.700000000000000000e+01 2.314574042713739082e-05
8.800000000000000000e+01 2.261528141577367581e-05
8.900000000000000000e+01 2.236448527385516210e-05
9.000000000000000000e+01 2.178768417130469645e-05
9.100000000000000000e+01 2.169192903887953475e-05
9.200000000000000000e+01 2.099195405228430715e-05
9.300000000000000000e+01 2.109820341932968352e-05
9.400000000000000000e+01 2.084990952606823961e-05
9.500000000000000000e+01 2.017448507710835383e-05
9.600000000000000000e+01 2.020156366022228913e-05
9.700000000000000000e+01 1.995574725652312300e-05
9.800000000000000000e+01 1.948764424030813614e-05
9.900000000000000000e+01 1.945633810278224669e-05
1.000000000000000000e+02 1.896257799295113767e-05
1.010000000000000000e+02 1.894960501371813157e-05
1.020000000000000000e+02 1.847886001464053502e-05
1.030000000000000000e+02 1.828224557118505921e-05
1.040000000000000000e+02 1.826986131966919685e-05
1.050000000000000000e+02 1.775487581742219329e-05
1.060000000000000000e+02 1.765267448422310146e-05
1.070000000000000000e+02 1.769523200341628085e-05
1.080000000000000000e+02 1.725108132270167330e-05
1.090000000000000000e+02 1.729875249079662570e-05
1.100000000000000000e+02 1.676144633873464639e-05
1.110000000000000000e+02 1.677946066679137808e-05
1.120000000000000000e+02 1.648478547212942319e-05
1.130000000000000000e+02 1.637712399913489656e-05
1.140000000000000000e+02 1.607733169862549466e-05
1.150000000000000000e+02 1.585251384491310838e-05
1.160000000000000000e+02 1.584222804933020830e-05
1.170000000000000000e+02 1.557531488026328109e-05
1.180000000000000000e+02 1.550254403483863089e-05
1.190000000000000000e+02 1.537382900715665701e-05
1.200000000000000000e+02 1.496025502516668714e-05
1.210000000000000000e+02 1.479820447960591897e-05
1.220000000000000000e+02 1.487527344605552654e-05
1.230000000000000000e+02 1.425536807828385044e-05
1.240000000000000000e+02 1.406073385841475361e-05
1.250000000000000000e+02 1.410367649621097180e-05
1.260000000000000000e+02 1.388738456480190444e-05
1.270000000000000000e+02 1.381693103515962912e-05
1.280000000000000000e+02 1.345680466227005595e-05
1.290000000000000000e+02 1.315045590230110586e-05
1.300000000000000000e+02 1.312732233347176441e-05
1.310000000000000000e+02 1.322608015037728338e-05
1.320000000000000000e+02 1.267849326461327213e-05
1.330000000000000000e+02 1.242852311147713130e-05
1.340000000000000000e+02 1.306033143821869462e-05
1.350000000000000000e+02 1.218294993107890433e-05
1.360000000000000000e+02 1.201151864707355178e-05
1.370000000000000000e+02 1.212234474263372703e-05
1.380000000000000000e+02 1.164444628595861506e-05
1.390000000000000000e+02 1.131671363770563077e-05
1.400000000000000000e+02 1.127352241901466791e-05
1.410000000000000000e+02 1.105063937047125102e-05
1.420000000000000000e+02 1.109100818392502342e-05
1.430000000000000000e+02 1.071152487452204597e-05
1.440000000000000000e+02 1.063062470249461001e-05
1.450000000000000000e+02 1.043366048362175401e-05
1.460000000000000000e+02 1.038519541256534027e-05
1.470000000000000000e+02 1.009872412105885960e-05
1.480000000000000000e+02 9.975675976593138358e-06
1.490000000000000000e+02 9.868302508682475854e-06
1.500000000000000000e+02 9.783018072555892149e-06
1.510000000000000000e+02 9.600171595604028074e-06
1.520000000000000000e+02 9.746955124497521183e-06
1.530000000000000000e+02 9.365610993177550091e-06
1.540000000000000000e+02 9.231211804134410430e-06
1.550000000000000000e+02 9.070453237087270127e-06
1.560000000000000000e+02 8.892476369252489644e-06
1.570000000000000000e+02 8.777040760637746817e-06
1.580000000000000000e+02 8.722058578983873006e-06
1.590000000000000000e+02 8.514808741362433152e-06
1.600000000000000000e+02 8.412378248580440335e-06
1.610000000000000000e+02 8.392676701529945527e-06
1.620000000000000000e+02 8.269194404394685153e-06
1.630000000000000000e+02 8.109188948325044173e-06
1.640000000000000000e+02 8.017267004291619509e-06
1.650000000000000000e+02 7.865164120408274926e-06
1.660000000000000000e+02 7.707341532685263398e-06
1.670000000000000000e+02 7.607973985980434510e-06
1.680000000000000000e+02 7.616407172469650770e-06
1.690000000000000000e+02 7.438176501401164529e-06
1.700000000000000000e+02 7.352571623753422041e-06
1.710000000000000000e+02 7.429532875095146056e-06
1.720000000000000000e+02 7.207891982237729096e-06
1.730000000000000000e+02 7.102652396196682208e-06
1.740000000000000000e+02 6.996507069854214909e-06
1.750000000000000000e+02 7.087857315460812813e-06
1.760000000000000000e+02 7.053092471877922305e-06
1.770000000000000000e+02 6.805438119418835760e-06
1.780000000000000000e+02 6.750835285269904303e-06
1.790000000000000000e+02 6.561791426294204646e-06
1.800000000000000000e+02 6.526496207698693346e-06
1.810000000000000000e+02 6.491619044042928342e-06
1.820000000000000000e+02 6.456781709947891903e-06
1.830000000000000000e+02 6.288520557344769456e-06
1.840000000000000000e+02 6.246721026611787001e-06
1.850000000000000000e+02 6.192175967988180339e-06
1.860000000000000000e+02 6.254002789784551162e-06
1.870000000000000000e+02 6.373766507078106198e-06
1.880000000000000000e+02 6.044380511820594744e-06
1.890000000000000000e+02 5.891227533016831660e-06
1.900000000000000000e+02 5.906111221758055550e-06
1.910000000000000000e+02 5.804251431313626820e-06
1.920000000000000000e+02 5.801381959352159392e-06
1.930000000000000000e+02 5.728183326917158308e-06
1.940000000000000000e+02 5.811859615766969630e-06
1.950000000000000000e+02 5.619022204448961747e-06
1.960000000000000000e+02 5.583771387538860636e-06
1.970000000000000000e+02 5.559483702284851514e-06
1.980000000000000000e+02 5.648101748624570080e-06
1.990000000000000000e+02 5.475677529915303859e-06
2.000000000000000000e+02 5.346811492846750850e-06
2.010000000000000000e+02 5.347119786658803172e-06
2.020000000000000000e+02 5.309584704830264606e-06
2.030000000000000000e+02 5.233520992982992614e-06
2.040000000000000000e+02 5.190213783485435010e-06
2.050000000000000000e+02 5.160265387240902390e-06
2.060000000000000000e+02 5.385195472432270777e-06
2.070000000000000000e+02 5.332675877922455563e-06
2.080000000000000000e+02 5.090622396565797199e-06
2.090000000000000000e+02 4.975936331823314171e-06
2.100000000000000000e+02 4.944598975616400533e-06
2.110000000000000000e+02 4.898750320719585615e-06
2.120000000000000000e+02 4.911699188877569267e-06
2.130000000000000000e+02 4.863424202762406956e-06
2.140000000000000000e+02 4.904708829651277252e-06
2.150000000000000000e+02 5.121474769016142187e-06
2.160000000000000000e+02 4.835826732329892568e-06
2.170000000000000000e+02 4.728224391892028148e-06
2.180000000000000000e+02 4.672141200140523691e-06
2.190000000000000000e+02 4.837931416525467389e-06
2.200000000000000000e+02 4.734756318907092783e-06
2.210000000000000000e+02 4.864662339123122228e-06
2.220000000000000000e+02 4.869662632378626390e-06
