0.000000000000000000e+00 3.258517774012510199e-05
1.000000000000000000e+00 7.251795638195686870e-06
2.000000000000000000e+00 1.297992865345351805e-06
3.000000000000000000e+00 6.824043447728545706e-07
4.000000000000000000e+00 1.778881721630888351e-07
5.000000000000000000e+00 3.141558613166974493e-08
6.000000000000000000e+00 5.611549994792497403e-08
7.000000000000000000e+00 1.360905140701387300e-07
8.000000000000000000e+00 1.797781419205453408e-07
9.000000000000000000e+00 3.820134542537291429e-07
1.000000000000000000e+01 1.644214964701833697e-07
1.100000000000000000e+01 6.236739716098664789e-08
1.200000000000000000e+01 4.042555759658905002e-08
1.300000000000000000e+01 2.287378701897934332e-08
1.400000000000000000e+01 2.913772402417980679e-08
1.500000000000000000e+01 8.496555512717563936e-08
1.600000000000000000e+01 5.429752027096484729e-08
1.700000000000000000e+01 2.861860849797690778e-07
1.800000000000000000e+01 2.629614578132712312e-07
1.900000000000000000e+01 1.298186890197590712e-07
2.000000000000000000e+01 4.949999755561817259e-08
2.100000000000000000e+01 1.492576592301544418e-08
2.200000000000000000e+01 3.643375516437451745e-08
2.300000000000000000e+01 1.780859314841332137e-08
2.400000000000000000e+01 1.566368301072471961e-08
2.500000000000000000e+01 1.242444909147056864e-08
2.600000000000000000e+01 2.125251247177202508e-08
2.700000000000000000e+01 5.482206116687361922e-08
2.800000000000000000e+01 3.430077142812606037e-08
2.900000000000000000e+01 4.291367379059491168e-08
3.000000000000000000e+01 2.462387032234476490e-08
3.100000000000000000e+01 7.296528804080425155e-09
3.200000000000000000e+01 2.353742583595980208e-08
3.300000000000000000e+01 1.581652973048859616e-08
3.400000000000000000e+01 2.541606250911346156e-08
3.500000000000000000e+01 3.436286735438018401e-08
3.600000000000000000e+01 4.589430129673373406e-08
3.700000000000000000e+01 1.089761883610469099e-07
3.800000000000000000e+01 6.435863619086470396e-08
3.900000000000000000e+01 1.416913550422183839e-07
4.000000000000000000e+01 3.350419776846175950e-07
4.100000000000000000e+01 1.508099363061093446e-06
4.200000000000000000e+01 7.845476015102444422e-07
4.300000000000000000e+01 3.936677268817608882e-07
4.400000000000000000e+01 2.333323169917280082e-07
4.500000000000000000e+01 4.652839488977805928e-08
4.600000000000000000e+01 2.449937146353660227e-08
4.700000000000000000e+01 1.302009179626511205e-08
4.800000000000000000e+01 2.057905072819812696e-08
4.900000000000000000e+01 2.480288449256462408e-08
5.000000000000000000e+01 1.102105369997312702e-08
5.100000000000000000e+01 9.464755590188808006e-09
5.200000000000000000e+01 1.227256619859965350e-08
5.300000000000000000e+01 1.184920022004330759e-08
5.400000000000000000e+01 1.118097942088313348e-08
5.500000000000000000e+01 1.598898891011186596e-08
5.600000000000000000e+01 1.308632065669084658e-08
5.700000000000000000e+01 8.684901886355276792e-09
5.800000000000000000e+01 1.015118341183376986e-08
5.900000000000000000e+01 1.295508117868675708e-08
6.000000000000000000e+01 1.329019909181763608e-08
6.100000000000000000e+01 9.822554741838893000e-09
6.200000000000000000e+01 1.024369918525395281e-08
6.300000000000000000e+01 9.481291289245784368e-09
6.400000000000000000e+01 9.178339956844359933e-09
6.500000000000000000e+01 9.333753637737344664e-09
6.600000000000000000e+01 1.042399680470659337e-08
6.700000000000000000e+01 9.636449021675161436e-09
6.800000000000000000e+01 9.363311596019053607e-09
6.900000000000000000e+01 8.740029616262467143e-09
7.000000000000000000e+01 1.612211620283563571e-08
7.100000000000000000e+01 1.748339145746621327e-08
7.200000000000000000e+01 1.211667621146643184e-08
7.300000000000000000e+01 1.928699788447952108e-08
7.400000000000000000e+01 9.815710214844074011e-09
7.500000000000000000e+01 9.034328258037594512e-09
7.600000000000000000e+01 1.868334005408191726e-08
7.700000000000000000e+01 2.033637384274107502e-08
7.800000000000000000e+01 2.851800517153321383e-08
7.900000000000000000e+01 3.246278886143370131e-08
8.000000000000000000e+01 2.237675214890565531e-08
8.100000000000000000e+01 9.977940645419202992e-09
8.200000000000000000e+01 1.280896148125838363e-08
8.300000000000000000e+01 1.032426585434515151e-08
8.400000000000000000e+01 1.147797690767501635e-08
8.500000000000000000e+01 2.070696414168497109e-08
8.600000000000000000e+01 1.809521715178887383e-08
8.700000000000000000e+01 1.449341809895354911e-08
8.800000000000000000e+01 9.176558868988759016e-09
8.900000000000000000e+01 7.668016173704133246e-09
9.000000000000000000e+01 1.023443237912703498e-08
9.100000000000000000e+01 1.227249988327626041e-08
9.200000000000000000e+01 3.952969348155230120e-08
9.300000000000000000e+01 1.832099984581575636e-08
9.400000000000000000e+01 1.044679226389818439e-08
9.500000000000000000e+01 1.341497940973371525e-08
9.600000000000000000e+01 3.181407155458876957e-08
9.700000000000000000e+01 1.444572815212351125e-07
9.800000000000000000e+01 3.278816057539530730e-07
9.900000000000000000e+01 3.427816482193143519e-07
1.000000000000000000e+02 7.929352284584392774e-07
1.010000000000000000e+02 2.541139957744781465e-07
1.020000000000000000e+02 7.874300891472429494e-08
1.030000000000000000e+02 1.329610382214709957e-08
1.040000000000000000e+02 8.255601869718785645e-09
1.050000000000000000e+02 7.184692600757017430e-09
1.060000000000000000e+02 6.441935852304033126e-09
1.070000000000000000e+02 7.205640139120045006e-09
1.080000000000000000e+02 6.521744917626017965e-09
1.090000000000000000e+02 7.468211603464357200e-09
1.100000000000000000e+02 7.682872936579598477e-09
1.110000000000000000e+02 6.762197319251823542e-09
1.120000000000000000e+02 6.872516756867692225e-09
1.130000000000000000e+02 7.035601384996528995e-09
1.140000000000000000e+02 6.414299773899132204e-09
1.150000000000000000e+02 5.924270259360613143e-09
1.160000000000000000e+02 6.553423198313213383e-09
1.170000000000000000e+02 7.847174624215487565e-09
1.180000000000000000e+02 6.981065678892468392e-09
1.190000000000000000e+02 7.430290831902152863e-09
1.200000000000000000e+02 7.983602992582957384e-09
1.210000000000000000e+02 5.381006630738921571e-09
1.220000000000000000e+02 6.687348144707653670e-09
1.230000000000000000e+02 8.064414521929175175e-09
1.240000000000000000e+02 6.759772960494070914e-09
1.250000000000000000e+02 1.149864180999052620e-08
1.260000000000000000e+02 1.215973793201052339e-08
1.270000000000000000e+02 7.249255275008955875e-09
1.280000000000000000e+02 5.682687086454820538e-09
1.290000000000000000e+02 5.325883008791493038e-09
1.300000000000000000e+02 5.605248807782050977e-09
1.310000000000000000e+02 6.321974198143465423e-09
1.320000000000000000e+02 6.459762657596332144e-09
1.330000000000000000e+02 5.930904752607279626e-09
1.340000000000000000e+02 9.044430722882283821e-09
1.350000000000000000e+02 8.286579746411023032e-09
1.360000000000000000e+02 6.966246055388342183e-09
1.370000000000000000e+02 6.691065159490970507e-09
1.380000000000000000e+02 6.434830677881993627e-09
1.390000000000000000e+02 6.743258318174768592e-09
1.400000000000000000e+02 6.004003217308743290e-09
1.410000000000000000e+02 5.678366443826975887e-09
1.420000000000000000e+02 5.281381877113627611e-09
1.430000000000000000e+02 5.953027351158077725e-09
1.440000000000000000e+02 6.626511718651377046e-09
1.450000000000000000e+02 7.636593736557111859e-09
1.460000000000000000e+02 1.080885506879691047e-08
1.470000000000000000e+02 9.218424568455682321e-09
1.480000000000000000e+02 6.642065961608518247e-09
1.490000000000000000e+02 9.199986843523539370e-09
1.500000000000000000e+02 2.018550502857354865e-08
1.510000000000000000e+02 1.419916900037255675e-08
1.520000000000000000e+02 8.939985310550761102e-09
1.530000000000000000e+02 6.000180213289417874e-09
1.540000000000000000e+02 6.256528963624906887e-09
1.550000000000000000e+02 9.545688889222485136e-09
1.560000000000000000e+02 8.991913861901352447e-09
1.570000000000000000e+02 7.664591136481657586e-09
1.580000000000000000e+02 5.124510190473764322e-09
1.590000000000000000e+02 5.925817458202017031e-09
1.600000000000000000e+02 5.799146273025562301e-09
1.610000000000000000e+02 5.370180542019171952e-09
1.620000000000000000e+02 7.027712962810783167e-09
1.630000000000000000e+02 1.493306212934540059e-08
1.640000000000000000e+02 1.133746095656807188e-08
1.650000000000000000e+02 1.140996350171112654e-08
1.660000000000000000e+02 5.826156015814975771e-09
1.670000000000000000e+02 5.672650606832211629e-09
1.680000000000000000e+02 8.954927588131518140e-09
1.690000000000000000e+02 1.106145180882031853e-08
1.700000000000000000e+02 9.320986200426026259e-09
1.710000000000000000e+02 5.903659883813131960e-09
1.720000000000000000e+02 6.297129596299061616e-09
1.730000000000000000e+02 6.781891581109142127e-09
1.740000000000000000e+02 5.978555440392206069e-09
1.750000000000000000e+02 6.865456354437850108e-09
1.760000000000000000e+02 5.560038724277792091e-09
1.770000000000000000e+02 8.009816657306642401e-09
1.780000000000000000e+02 7.409327816466643731e-09
1.790000000000000000e+02 7.568638619116132792e-09
1.800000000000000000e+02 6.087210204644727681e-09
1.810000000000000000e+02 5.111602677312979007e-09
1.820000000000000000e+02 5.204272346757836415e-09
1.830000000000000000e+02 6.667131364141524346e-09
1.840000000000000000e+02 7.603105455439523183e-09
1.850000000000000000e+02 7.440677399857252607e-09
1.860000000000000000e+02 1.252005033532276292e-08
1.870000000000000000e+02 6.289933086251410119e-09
1.880000000000000000e+02 5.295987289631351403e-09
1.890000000000000000e+02 6.273682607339758236e-09
1.900000000000000000e+02 5.758912117890492831e-09
1.910000000000000000e+02 5.107904237505318789e-09
1.920000000000000000e+02 5.133576993268101266e-09
1.930000000000000000e+02 5.017212339721747576e-09
1.940000000000000000e+02 7.065007803992631978e-09
1.950000000000000000e+02 7.271258699524223882e-09
1.960000000000000000e+02 2.474157416687275060e-08
1.970000000000000000e+02 2.383148019455304643e-08
1.980000000000000000e+02 1.619940008949524809e-08
1.990000000000000000e+02 1.841515216983359524e-08
2.000000000000000000e+02 1.165049806202406534e-08
2.010000000000000000e+02 1.176623010215429579e-08
2.020000000000000000e+02 7.094906252127555583e-09
2.030000000000000000e+02 8.613608861792221094e-09
2.040000000000000000e+02 7.014934199657304020e-09
2.050000000000000000e+02 5.007732234724585421e-09
2.060000000000000000e+02 5.645297654598139873e-09
2.070000000000000000e+02 5.529580873281713137e-09
2.080000000000000000e+02 5.928224327808906176e-09
2.090000000000000000e+02 6.394377482498977917e-09
2.100000000000000000e+02 6.527004813753269189e-09
2.110000000000000000e+02 4.818033828380473066e-09
2.120000000000000000e+02 9.496444889574346923e-09
2.130000000000000000e+02 5.916472637719077208e-08
2.140000000000000000e+02 6.106825047921726255e-08
2.150000000000000000e+02 2.711535558556287512e-08
2.160000000000000000e+02 1.003720162205856822e-08
2.170000000000000000e+02 6.105784362012843070e-09
2.180000000000000000e+02 5.466911565511056933e-09
2.190000000000000000e+02 6.137538794356247094e-09
2.200000000000000000e+02 5.246676129012777566e-09
2.210000000000000000e+02 7.076986873845309444e-09
2.220000000000000000e+02 5.135277509740293356e-09
2.230000000000000000e+02 4.249499303510246852e-09
2.240000000000000000e+02 4.237817279361673442e-09
2.250000000000000000e+02 5.023273987980217217e-09
2.260000000000000000e+02 4.649568624421922015e-09
2.270000000000000000e+02 4.912665207826831629e-09
2.280000000000000000e+02 5.060730776386331955e-09
2.290000000000000000e+02 5.623462529893061922e-09
2.300000000000000000e+02 8.018533119332496948e-09
2.310000000000000000e+02 4.919874028978987242e-09
2.320000000000000000e+02 5.748051464536639094e-09
2.330000000000000000e+02 5.162056510529694020e-09
2.340000000000000000e+02 6.542029287270884185e-09
2.350000000000000000e+02 8.431118552847121021e-09
2.360000000000000000e+02 6.826749391678963435e-09
2.370000000000000000e+02 7.770085433585976546e-09
2.380000000000000000e+02 5.411492046479090964e-09
2.390000000000000000e+02 4.341821837852303845e-09
2.400000000000000000e+02 4.300223450517893364e-09
2.410000000000000000e+02 4.332844300264679419e-09
2.420000000000000000e+02 4.333287268996395073e-09
2.430000000000000000e+02 5.205632424688496490e-09
2.440000000000000000e+02 4.398707331874301828e-09
2.450000000000000000e+02 4.305852455945167847e-09
2.460000000000000000e+02 5.134331735966108870e-09
2.470000000000000000e+02 4.584040595047175440e-09
2.480000000000000000e+02 5.431118732271748244e-09
2.490000000000000000e+02 5.112547761206467366e-09
2.500000000000000000e+02 4.735225889112312870e-09
2.510000000000000000e+02 4.616227224188889683e-09
2.520000000000000000e+02 4.356155091772626779e-09
2.530000000000000000e+02 4.433610915050136242e-09
2.540000000000000000e+02 4.403149309887937776e-09
2.550000000000000000e+02 4.718503509832819678e-09
2.560000000000000000e+02 5.508386378913527056e-09
2.570000000000000000e+02 4.456598783592791617e-09
2.580000000000000000e+02 4.567848466964378785e-09
2.590000000000000000e+02 8.048075340011693551e-09
2.600000000000000000e+02 8.624556877209080208e-09
2.610000000000000000e+02 4.781044269617833935e-09
2.620000000000000000e+02 4.665499477250707065e-09
2.630000000000000000e+02 5.415376127334918670e-09
2.640000000000000000e+02 4.606088338953967469e-09
2.650000000000000000e+02 4.888861485627914362e-09
2.660000000000000000e+02 4.719316731085378740e-09
2.670000000000000000e+02 5.109572922609672886e-09
2.680000000000000000e+02 6.900854328339119209e-09
2.690000000000000000e+02 7.886352663285047741e-09
2.700000000000000000e+02 4.793074998025291798e-09
2.710000000000000000e+02 4.153269564051627187e-09
2.720000000000000000e+02 3.963140807250326446e-09
2.730000000000000000e+02 4.640081261658290949e-09
2.740000000000000000e+02 4.548613694353182905e-09
2.750000000000000000e+02 4.089925550100856465e-09
2.760000000000000000e+02 4.085983213488341016e-09
2.770000000000000000e+02 4.545443667693276150e-09
2.780000000000000000e+02 4.245599653873785442e-09
2.790000000000000000e+02 4.876513773634257508e-09
2.800000000000000000e+02 4.958352430852545914e-09
2.810000000000000000e+02 4.600614261642609730e-09
2.820000000000000000e+02 4.257127184572981175e-09
2.830000000000000000e+02 4.919568805192750611e-09
2.840000000000000000e+02 4.503057063712201810e-09
2.850000000000000000e+02 4.573980574578810525e-09
2.860000000000000000e+02 4.245204794508610193e-09
2.870000000000000000e+02 4.755858722667916218e-09
2.880000000000000000e+02 4.286303033080931415e-09
2.890000000000000000e+02 4.608711079563166905e-09
2.900000000000000000e+02 4.486462316189457088e-09
2.910000000000000000e+02 4.337428173774955253e-09
2.920000000000000000e+02 4.500390965833213307e-09
2.930000000000000000e+02 3.903331874446300788e-09
2.940000000000000000e+02 4.019676389353680119e-09
2.950000000000000000e+02 6.071550486195899449e-09
2.960000000000000000e+02 4.636582792011057996e-09
2.970000000000000000e+02 5.216088225504199442e-09
2.980000000000000000e+02 6.151381466873845868e-09
2.990000000000000000e+02 5.651655977315402469e-09
3.000000000000000000e+02 4.892685147260296842e-09
3.010000000000000000e+02 4.006184052330733952e-09
3.020000000000000000e+02 3.795998001547635803e-09
3.030000000000000000e+02 3.759350159704550668e-09
3.040000000000000000e+02 4.139945417865260899e-09
3.050000000000000000e+02 4.671363847806210592e-09
3.060000000000000000e+02 4.090921756960915843e-09
3.070000000000000000e+02 4.278714454732011366e-09
3.080000000000000000e+02 5.454836199105887843e-09
3.090000000000000000e+02 5.122514304060536622e-09
3.100000000000000000e+02 4.903091435589564456e-09
3.110000000000000000e+02 4.126978131866436576e-09
3.120000000000000000e+02 3.929269132474508393e-09
3.130000000000000000e+02 6.852586693231056964e-09
3.140000000000000000e+02 5.800178329344503131e-09
3.150000000000000000e+02 4.873118133501247874e-09
3.160000000000000000e+02 4.416372115291196251e-09
3.170000000000000000e+02 3.753899925933000184e-09
3.180000000000000000e+02 3.921999416304498445e-09
3.190000000000000000e+02 4.193475793609440178e-09
3.200000000000000000e+02 5.635596205933068218e-09
3.210000000000000000e+02 4.115578012238433864e-09
3.220000000000000000e+02 3.878253224015214305e-09
3.230000000000000000e+02 4.423034262563996990e-09
3.240000000000000000e+02 5.667626473091601180e-09
3.250000000000000000e+02 3.857860735498881127e-09
3.260000000000000000e+02 4.955112666579430703e-09
3.270000000000000000e+02 5.480586647074129990e-09
3.280000000000000000e+02 4.532567869887611815e-09
3.290000000000000000e+02 4.372859649288482011e-09
3.300000000000000000e+02 4.358145167247561145e-09
3.310000000000000000e+02 3.793902423044387709e-09
3.320000000000000000e+02 4.713530170764079645e-09
3.330000000000000000e+02 3.871124050198991755e-09
3.340000000000000000e+02 3.983590587462441320e-09
3.350000000000000000e+02 4.003810496116204843e-09
3.360000000000000000e+02 3.680528933594146391e-09
3.370000000000000000e+02 3.652070608739065119e-09
3.380000000000000000e+02 4.136048717160419742e-09
3.390000000000000000e+02 4.163425761180978682e-09
3.400000000000000000e+02 3.936638870616527795e-09
3.410000000000000000e+02 3.899022174907974414e-09
3.420000000000000000e+02 3.706138550662585461e-09
3.430000000000000000e+02 3.982807766249388995e-09
3.440000000000000000e+02 4.106322385991848405e-09
3.450000000000000000e+02 3.690397816672914764e-09
3.460000000000000000e+02 3.736912681185812645e-09
3.470000000000000000e+02 4.476529621464630406e-09
3.480000000000000000e+02 3.858620739864057878e-09
3.490000000000000000e+02 3.819163897314493079e-09
3.500000000000000000e+02 3.571910187869901295e-09
3.510000000000000000e+02 4.414203693481133789e-09
3.520000000000000000e+02 4.060283254392167510e-09
3.530000000000000000e+02 3.717905596700856590e-09
3.540000000000000000e+02 3.692406530139339941e-09
3.550000000000000000e+02 4.119739479533036529e-09
3.560000000000000000e+02 3.679954230461810716e-09
3.570000000000000000e+02 3.875267369037025766e-09
3.580000000000000000e+02 3.758583741543379823e-09
3.590000000000000000e+02 3.865435559849292566e-09
3.600000000000000000e+02 4.027846172221109814e-09
3.610000000000000000e+02 3.909029543883750404e-09
3.620000000000000000e+02 3.620050231606511842e-09
3.630000000000000000e+02 3.721809377354379983e-09
3.640000000000000000e+02 3.542229115837995550e-09
3.650000000000000000e+02 3.742090637894009541e-09
3.660000000000000000e+02 3.782793703687894044e-09
3.670000000000000000e+02 3.997047083490770619e-09
3.680000000000000000e+02 3.734708659912403690e-09
3.690000000000000000e+02 3.756965524784272458e-09
3.700000000000000000e+02 4.141905483316131452e-09
3.710000000000000000e+02 3.579306989458462793e-09
3.720000000000000000e+02 3.680109230538628691e-09
3.730000000000000000e+02 3.817811213167319942e-09
3.740000000000000000e+02 3.714164868922788646e-09
3.750000000000000000e+02 3.700965267174756462e-09
3.760000000000000000e+02 3.810936845633167035e-09
3.770000000000000000e+02 3.524197753906558962e-09
3.780000000000000000e+02 3.688940050771582389e-09
3.790000000000000000e+02 3.596925995608646062e-09
3.800000000000000000e+02 3.700501493225568889e-09
3.810000000000000000e+02 3.703916040523189571e-09
3.820000000000000000e+02 4.542026218486874068e-09
3.830000000000000000e+02 3.925243859274930918e-09
3.840000000000000000e+02 3.768287500221009478e-09
3.850000000000000000e+02 3.695394349964729160e-09
3.860000000000000000e+02 3.558023598504217149e-09
3.870000000000000000e+02 3.868958884133296018e-09
3.880000000000000000e+02 3.872819112909843797e-09
3.890000000000000000e+02 3.489902054003036294e-09
3.900000000000000000e+02 3.511158909279743241e-09
3.910000000000000000e+02 3.716226499294389935e-09
3.920000000000000000e+02 3.576499798849164442e-09
3.930000000000000000e+02 3.491228322014421894e-09
3.940000000000000000e+02 3.547936138677202773e-09
3.950000000000000000e+02 3.752700871768885234e-09
3.960000000000000000e+02 3.419341203412284917e-09
3.970000000000000000e+02 3.495272882892967077e-09
3.980000000000000000e+02 3.759358967985422189e-09
3.990000000000000000e+02 3.805704602294733455e-09
4.000000000000000000e+02 3.611666655207557284e-09
4.010000000000000000e+02 3.622515963451201221e-09
4.020000000000000000e+02 3.470099376562233207e-09
4.030000000000000000e+02 3.672043210135954680e-09
4.040000000000000000e+02 3.672656487591391804e-09
4.050000000000000000e+02 3.628315738845018242e-09
4.060000000000000000e+02 4.357273645416710631e-09
4.070000000000000000e+02 3.482080557550965996e-09
4.080000000000000000e+02 3.406560081240330668e-09
4.090000000000000000e+02 3.658778239685217319e-09
4.100000000000000000e+02 3.880703969122664690e-09
4.110000000000000000e+02 3.557127894708705793e-09
4.120000000000000000e+02 3.426824611565045181e-09
4.130000000000000000e+02 3.886556293435356031e-09
4.140000000000000000e+02 3.548128295449429337e-09
4.150000000000000000e+02 3.446611182125112024e-09
4.160000000000000000e+02 3.406875106546224045e-09
4.170000000000000000e+02 3.557627439450422461e-09
4.180000000000000000e+02 3.609408356309672646e-09
4.190000000000000000e+02 3.559155086671375778e-09
4.200000000000000000e+02 3.495779033106802824e-09
4.210000000000000000e+02 3.739654462370938298e-09
4.220000000000000000e+02 3.701153633922961154e-09
4.230000000000000000e+02 3.718915636850961698e-09
4.240000000000000000e+02 3.633560768710713625e-09
4.250000000000000000e+02 3.933839603319321126e-09
4.260000000000000000e+02 3.950446768476002880e-09
4.270000000000000000e+02 3.551690852926948020e-09
4.280000000000000000e+02 3.504522191413586988e-09
4.290000000000000000e+02 3.592045468585653193e-09
4.300000000000000000e+02 3.386856181625548838e-09
4.310000000000000000e+02 3.440995660962856545e-09
4.320000000000000000e+02 3.361801652061462528e-09
4.330000000000000000e+02 3.444610424653289200e-09
4.340000000000000000e+02 3.994829934655143612e-09
4.350000000000000000e+02 3.525390465317334883e-09
4.360000000000000000e+02 3.564981701255316840e-09
4.370000000000000000e+02 3.612400170773273446e-09
4.380000000000000000e+02 3.883616944994592528e-09
4.390000000000000000e+02 3.446314229435925571e-09
4.400000000000000000e+02 3.388498548444288734e-09
4.410000000000000000e+02 3.478269038377532469e-09
4.420000000000000000e+02 3.604052166687374630e-09
4.430000000000000000e+02 3.446074975238782027e-09
4.440000000000000000e+02 3.355710937915844244e-09
4.450000000000000000e+02 3.494881171551645114e-09
4.460000000000000000e+02 3.592488800857232393e-09
4.470000000000000000e+02 3.487135984447456397e-09
4.480000000000000000e+02 3.447575529112675025e-09
4.490000000000000000e+02 3.395886267162282127e-09
4.500000000000000000e+02 3.465027637534794782e-09
4.510000000000000000e+02 3.425027118178232828e-09
4.520000000000000000e+02 3.413688838595875208e-09
4.530000000000000000e+02 3.349114248736004681e-09
4.540000000000000000e+02 3.342513695411870483e-09
4.550000000000000000e+02 3.402638672901199739e-09
4.560000000000000000e+02 3.375381385513680244e-09
4.570000000000000000e+02 3.582825128247671372e-09
4.580000000000000000e+02 3.355624993043928016e-09
4.590000000000000000e+02 3.347245640100789075e-09
4.600000000000000000e+02 3.453912348700172565e-09
4.610000000000000000e+02 3.380410358318020315e-09
4.620000000000000000e+02 3.371808085661050291e-09
4.630000000000000000e+02 3.480696044415537595e-09
4.640000000000000000e+02 3.465021205716369828e-09
4.650000000000000000e+02 3.428820507120930620e-09
4.660000000000000000e+02 3.379556081664660629e-09
4.670000000000000000e+02 3.516323306752985816e-09
4.680000000000000000e+02 3.452353879357278484e-09
4.690000000000000000e+02 3.347950565865797682e-09
4.700000000000000000e+02 3.314306264242924715e-09
4.710000000000000000e+02 3.402171197980772321e-09
4.720000000000000000e+02 3.359134382459537004e-09
4.730000000000000000e+02 3.609026845109839869e-09
4.740000000000000000e+02 3.474617531154376143e-09
4.750000000000000000e+02 3.609826794292749022e-09
4.760000000000000000e+02 3.479700482643799887e-09
4.770000000000000000e+02 3.428688479065350766e-09
4.780000000000000000e+02 3.317855996480969282e-09
4.790000000000000000e+02 3.345471698268078342e-09
4.800000000000000000e+02 3.491956368708112800e-09
4.810000000000000000e+02 3.349866206559013856e-09
4.820000000000000000e+02 3.365687595667868030e-09
4.830000000000000000e+02 3.382418436149261734e-09
4.840000000000000000e+02 3.392567345336652234e-09
4.850000000000000000e+02 3.288787770869174469e-09
4.860000000000000000e+02 3.425233725500963448e-09
4.870000000000000000e+02 3.276353763410321697e-09
4.880000000000000000e+02 3.322510234784188422e-09
4.890000000000000000e+02 3.285710799534696912e-09
4.900000000000000000e+02 3.296263992621120025e-09
4.910000000000000000e+02 3.349530722224892110e-09
4.920000000000000000e+02 3.272443190664050118e-09
4.930000000000000000e+02 3.266984149698174101e-09
4.940000000000000000e+02 3.344532976729546511e-09
4.950000000000000000e+02 3.341831100134772296e-09
4.960000000000000000e+02 3.344484666840093064e-09
4.970000000000000000e+02 3.264473117955060882e-09
4.980000000000000000e+02 3.415722619232864383e-09
4.990000000000000000e+02 3.292360953939761464e-09
5.000000000000000000e+02 3.323593218979877410e-09
5.010000000000000000e+02 3.472171204049530915e-09
5.020000000000000000e+02 3.354182750478293345e-09
5.030000000000000000e+02 3.469777362711621930e-09
5.040000000000000000e+02 3.321217294784628928e-09
5.050000000000000000e+02 3.294975798957903425e-09
5.060000000000000000e+02 3.292043538436867065e-09
5.070000000000000000e+02 3.246452978629342422e-09
5.080000000000000000e+02 3.251173842474932041e-09
5.090000000000000000e+02 3.237287414857802543e-09
5.100000000000000000e+02 3.303627500671212115e-09
5.110000000000000000e+02 3.277917639739739222e-09
5.120000000000000000e+02 3.261581215690193253e-09
5.130000000000000000e+02 3.377930238451203535e-09
5.140000000000000000e+02 3.288406303798259393e-09
5.150000000000000000e+02 3.233241952531194693e-09
5.160000000000000000e+02 3.269214405367430529e-09
5.170000000000000000e+02 3.306015580235532526e-09
5.180000000000000000e+02 3.269428320575536876e-09
5.190000000000000000e+02 3.243845880209031820e-09
5.200000000000000000e+02 3.253005798989245700e-09
5.210000000000000000e+02 3.238856992836094354e-09
5.220000000000000000e+02 3.282524130525804746e-09
5.230000000000000000e+02 3.277305721296659054e-09
5.240000000000000000e+02 3.230746451840471011e-09
5.250000000000000000e+02 3.255571731027147608e-09
5.260000000000000000e+02 3.256837667748502319e-09
5.270000000000000000e+02 3.293810503111982894e-09
5.280000000000000000e+02 3.282168562980059858e-09
5.290000000000000000e+02 3.301661953829699569e-09
5.300000000000000000e+02 3.326156023650145045e-09
5.310000000000000000e+02 3.295172606655729205e-09
5.320000000000000000e+02 3.265636970863538769e-09
5.330000000000000000e+02 3.265637356129311857e-09
5.340000000000000000e+02 3.287497160283630135e-09
5.350000000000000000e+02 3.266694801222505423e-09
5.360000000000000000e+02 3.357471621789003654e-09
5.370000000000000000e+02 3.299634362843757293e-09
5.380000000000000000e+02 3.225364893028513553e-09
5.390000000000000000e+02 3.275802544973847717e-09
5.400000000000000000e+02 3.256738464395942002e-09
5.410000000000000000e+02 3.327461924099614522e-09
5.420000000000000000e+02 3.267441770896877471e-09
5.430000000000000000e+02 3.236225705809716655e-09
5.440000000000000000e+02 3.232579732634927029e-09
5.450000000000000000e+02 3.240412788628875964e-09
5.460000000000000000e+02 3.237590771572528352e-09
5.470000000000000000e+02 3.189177668235855886e-09
5.480000000000000000e+02 3.224634938930989354e-09
5.490000000000000000e+02 3.232198815122896974e-09
5.500000000000000000e+02 3.245310104444092222e-09
5.510000000000000000e+02 3.318467172522166358e-09
5.520000000000000000e+02 3.208212002796550253e-09
5.530000000000000000e+02 3.276867756891210853e-09
5.540000000000000000e+02 3.284380373316820527e-09
5.550000000000000000e+02 3.224347505800406314e-09
5.560000000000000000e+02 3.211602993929912587e-09
5.570000000000000000e+02 3.223503570440705974e-09
5.580000000000000000e+02 3.230046293222154115e-09
5.590000000000000000e+02 3.286869404181200775e-09
5.600000000000000000e+02 3.277958488423412586e-09
5.610000000000000000e+02 3.218899956719079449e-09
5.620000000000000000e+02 3.259638875704843680e-09
5.630000000000000000e+02 3.222457544098471752e-09
5.640000000000000000e+02 3.265024428391216889e-09
5.650000000000000000e+02 3.217027155772282132e-09
5.660000000000000000e+02 3.176108402259287932e-09
5.670000000000000000e+02 3.209695643847396740e-09
5.680000000000000000e+02 3.227052871490316940e-09
5.690000000000000000e+02 3.240798066489666856e-09
5.700000000000000000e+02 3.249867559591191165e-09
5.710000000000000000e+02 3.214612148486586825e-09
5.720000000000000000e+02 3.282211704424670683e-09
5.730000000000000000e+02 3.219850837982606389e-09
5.740000000000000000e+02 3.195709104855115556e-09
5.750000000000000000e+02 3.304814245251501033e-09
5.760000000000000000e+02 3.251222475778962012e-09
5.770000000000000000e+02 3.193958068617600753e-09
5.780000000000000000e+02 3.166858129591152442e-09
5.790000000000000000e+02 3.188119122475181395e-09
5.800000000000000000e+02 3.188065213042660734e-09
5.810000000000000000e+02 3.280430799997234590e-09
5.820000000000000000e+02 3.255577500392382295e-09
5.830000000000000000e+02 3.218297736023252076e-09
5.840000000000000000e+02 3.200804697669796852e-09
5.850000000000000000e+02 3.242282518157947516e-09
5.860000000000000000e+02 3.197268010529277811e-09
5.870000000000000000e+02 3.211135032070594089e-09
5.880000000000000000e+02 3.184303697643705504e-09
5.890000000000000000e+02 3.187686441156891541e-09
5.900000000000000000e+02 3.215343245577208766e-09
5.910000000000000000e+02 3.236619599387887808e-09
5.920000000000000000e+02 3.167168766904381231e-09
5.930000000000000000e+02 3.204453091089936132e-09
5.940000000000000000e+02 3.190121004615095874e-09
5.950000000000000000e+02 3.171228471452494855e-09
5.960000000000000000e+02 3.168441904873158861e-09
5.970000000000000000e+02 3.216503720319007822e-09
5.980000000000000000e+02 3.174182356550374013e-09
5.990000000000000000e+02 3.178717648377007982e-09
6.000000000000000000e+02 3.192158746932346809e-09
6.010000000000000000e+02 3.254203542108792585e-09
6.020000000000000000e+02 3.192339753082663587e-09
6.030000000000000000e+02 3.169748184962883805e-09
6.040000000000000000e+02 3.195137709496623503e-09
6.050000000000000000e+02 3.189527270712606466e-09
6.060000000000000000e+02 3.195725872855454454e-09
6.070000000000000000e+02 3.184232705117065318e-09
6.080000000000000000e+02 3.184063953638232620e-09
6.090000000000000000e+02 3.179789948009269730e-09
6.100000000000000000e+02 3.168258190644834001e-09
6.110000000000000000e+02 3.163578810015086349e-09
6.120000000000000000e+02 3.157092337238165514e-09
6.130000000000000000e+02 3.180383532648048270e-09
6.140000000000000000e+02 3.172981377025446815e-09
6.150000000000000000e+02 3.221330270793515027e-09
6.160000000000000000e+02 3.171126747465955133e-09
6.170000000000000000e+02 3.224908626071694538e-09
6.180000000000000000e+02 3.176413428686634854e-09
6.190000000000000000e+02 3.180214131792218851e-09
6.200000000000000000e+02 3.198896922973622606e-09
6.210000000000000000e+02 3.179050859382750178e-09
6.220000000000000000e+02 3.166172391844944604e-09
6.230000000000000000e+02 3.156717219673349536e-09
6.240000000000000000e+02 3.157097212154570541e-09
6.250000000000000000e+02 3.188243197097509599e-09
6.260000000000000000e+02 3.229752076199297921e-09
6.270000000000000000e+02 3.159318627444596416e-09
6.280000000000000000e+02 3.159878207434045765e-09
6.290000000000000000e+02 3.161279763879035185e-09
6.300000000000000000e+02 3.175009298052587258e-09
6.310000000000000000e+02 3.173111332604569595e-09
6.320000000000000000e+02 3.156725759766151749e-09
6.330000000000000000e+02 3.170311442322037209e-09
6.340000000000000000e+02 3.158904616594698241e-09
6.350000000000000000e+02 3.149527449778272163e-09
6.360000000000000000e+02 3.136951521886780114e-09
6.370000000000000000e+02 3.161836088348651436e-09
6.380000000000000000e+02 3.149255630517449153e-09
6.390000000000000000e+02 3.191992952135464323e-09
6.400000000000000000e+02 3.165755828958011201e-09
6.410000000000000000e+02 3.200104175602721668e-09
6.420000000000000000e+02 3.164341892134270940e-09
6.430000000000000000e+02 3.156271502244617419e-09
6.440000000000000000e+02 3.152188762049605810e-09
6.450000000000000000e+02 3.148158134501502994e-09
6.460000000000000000e+02 3.170654460987384839e-09
6.470000000000000000e+02 3.146014754445667148e-09
6.480000000000000000e+02 3.179486686013290632e-09
6.490000000000000000e+02 3.151811618664606522e-09
6.500000000000000000e+02 3.146086269866382176e-09
6.510000000000000000e+02 3.150517798018404176e-09
6.520000000000000000e+02 3.157010706813582095e-09
6.530000000000000000e+02 3.157496684234876465e-09
6.540000000000000000e+02 3.168882488922320610e-09
6.550000000000000000e+02 3.151405712322246803e-09
6.560000000000000000e+02 3.169353479304982390e-09
6.570000000000000000e+02 3.203090531784541289e-09
6.580000000000000000e+02 3.192192239211410223e-09
6.590000000000000000e+02 3.159047295691980641e-09
6.600000000000000000e+02 3.140224417138389331e-09
6.610000000000000000e+02 3.141343427438560382e-09
6.620000000000000000e+02 3.141793488784514545e-09
6.630000000000000000e+02 3.148273681590433999e-09
6.640000000000000000e+02 3.138554787303339214e-09
6.650000000000000000e+02 3.189879881743514786e-09
6.660000000000000000e+02 3.203287701575428032e-09
6.670000000000000000e+02 3.145186932184632126e-09
6.680000000000000000e+02 3.139470661683363169e-09
6.690000000000000000e+02 3.152017411028695335e-09
6.700000000000000000e+02 3.144586556076469536e-09
6.710000000000000000e+02 3.217377436416112279e-09
6.720000000000000000e+02 3.133290218032869161e-09
6.730000000000000000e+02 3.137102479190754046e-09
6.740000000000000000e+02 3.143615835201591880e-09
6.750000000000000000e+02 3.174984159762472660e-09
6.760000000000000000e+02 3.131138301370128195e-09
6.770000000000000000e+02 3.125785301883195332e-09
6.780000000000000000e+02 3.175719462294183716e-09
6.790000000000000000e+02 3.154039464826136554e-09
6.800000000000000000e+02 3.131979608160821701e-09
6.810000000000000000e+02 3.135417504650189316e-09
6.820000000000000000e+02 3.142658160290739153e-09
6.830000000000000000e+02 3.141479290741516685e-09
6.840000000000000000e+02 3.151291570905981918e-09
6.850000000000000000e+02 3.135819742403774569e-09
6.860000000000000000e+02 3.164980230793952720e-09
6.870000000000000000e+02 3.138767951992609105e-09
6.880000000000000000e+02 3.148109316404605359e-09
6.890000000000000000e+02 3.135379283604405688e-09
6.900000000000000000e+02 3.141276322539425743e-09
6.910000000000000000e+02 3.139916631049522760e-09
6.920000000000000000e+02 3.136591084151765569e-09
6.930000000000000000e+02 3.134735283989420479e-09
6.940000000000000000e+02 3.134228702107916598e-09
6.950000000000000000e+02 3.153193042633103084e-09
6.960000000000000000e+02 3.137743831741216289e-09
6.970000000000000000e+02 3.130823128786009296e-09
6.980000000000000000e+02 3.158622820314345328e-09
6.990000000000000000e+02 3.135623976181343368e-09
7.000000000000000000e+02 3.141400152730599277e-09
7.010000000000000000e+02 3.132784540320599045e-09
7.020000000000000000e+02 3.127413552338477179e-09
7.030000000000000000e+02 3.129409741700623298e-09
7.040000000000000000e+02 3.126274433100724872e-09
7.050000000000000000e+02 3.123606871464751624e-09
7.060000000000000000e+02 3.127572339612632422e-09
7.070000000000000000e+02 3.137526375732584758e-09
7.080000000000000000e+02 3.125356956015349552e-09
7.090000000000000000e+02 3.126469128843380968e-09
7.100000000000000000e+02 3.127001163414889690e-09
7.110000000000000000e+02 3.139947619945987840e-09
7.120000000000000000e+02 3.142885605140934056e-09
7.130000000000000000e+02 3.133450118521636636e-09
7.140000000000000000e+02 3.137282418709220401e-09
7.150000000000000000e+02 3.137718162771589276e-09
7.160000000000000000e+02 3.138562351585792802e-09
7.170000000000000000e+02 3.140552569928605161e-09
7.180000000000000000e+02 3.157292974065284336e-09
7.190000000000000000e+02 3.144037969443085025e-09
7.200000000000000000e+02 3.152012538132399367e-09
7.210000000000000000e+02 3.127695624008170033e-09
7.220000000000000000e+02 3.138188201802817957e-09
7.230000000000000000e+02 3.150812317406135922e-09
7.240000000000000000e+02 3.124895430902422145e-09
7.250000000000000000e+02 3.132274099534898307e-09
7.260000000000000000e+02 3.127373832728747273e-09
7.270000000000000000e+02 3.119835419943537190e-09
7.280000000000000000e+02 3.120192084390876852e-09
7.290000000000000000e+02 3.129513162132584008e-09
7.300000000000000000e+02 3.120350118811851417e-09
7.310000000000000000e+02 3.114982874430963036e-09
7.320000000000000000e+02 3.118847717134820496e-09
7.330000000000000000e+02 3.120560645137328634e-09
7.340000000000000000e+02 3.132132035501144568e-09
7.350000000000000000e+02 3.128881713555396830e-09
7.360000000000000000e+02 3.128894634505594568e-09
7.370000000000000000e+02 3.120557036558043024e-09
7.380000000000000000e+02 3.123540640621811216e-09
7.390000000000000000e+02 3.133631395928074079e-09
7.400000000000000000e+02 3.118670009815501695e-09
7.410000000000000000e+02 3.118310677449316087e-09
7.420000000000000000e+02 3.130053046369030422e-09
7.430000000000000000e+02 3.126501052847089320e-09
7.440000000000000000e+02 3.137045661625377375e-09
7.450000000000000000e+02 3.115445388450956205e-09
7.460000000000000000e+02 3.116589249612360890e-09
7.470000000000000000e+02 3.115082929465618974e-09
7.480000000000000000e+02 3.118277110143190608e-09
7.490000000000000000e+02 3.119814714206631447e-09
7.500000000000000000e+02 3.121240861252625216e-09
7.510000000000000000e+02 3.120341377260602749e-09
7.520000000000000000e+02 3.114207007414964902e-09
7.530000000000000000e+02 3.115669002974381369e-09
7.540000000000000000e+02 3.115055534542043301e-09
7.550000000000000000e+02 3.115492878327303045e-09
7.560000000000000000e+02 3.114575204248844166e-09
7.570000000000000000e+02 3.123629436277584967e-09
7.580000000000000000e+02 3.119959454907350602e-09
7.590000000000000000e+02 3.115267473879356549e-09
7.600000000000000000e+02 3.117040819378757741e-09
7.610000000000000000e+02 3.117255709639593855e-09
7.620000000000000000e+02 3.121687598831401273e-09
7.630000000000000000e+02 3.118696358849112504e-09
7.640000000000000000e+02 3.119692857326601405e-09
7.650000000000000000e+02 3.109275417248104217e-09
7.660000000000000000e+02 3.118295265612377292e-09
7.670000000000000000e+02 3.119654971901237093e-09
7.680000000000000000e+02 3.114053554635338906e-09
7.690000000000000000e+02 3.136887948271319573e-09
7.700000000000000000e+02 3.138409980595239619e-09
7.710000000000000000e+02 3.115040406705730871e-09
7.720000000000000000e+02 3.112697542792675915e-09
7.730000000000000000e+02 3.121307783327122550e-09
7.740000000000000000e+02 3.119449381726815366e-09
7.750000000000000000e+02 3.114894396882941440e-09
7.760000000000000000e+02 3.115181099770198813e-09
7.770000000000000000e+02 3.120876804937505901e-09
7.780000000000000000e+02 3.119994241058162076e-09
7.790000000000000000e+02 3.119906834867246918e-09
7.800000000000000000e+02 3.113814698649108876e-09
7.810000000000000000e+02 3.113568034043775972e-09
7.820000000000000000e+02 3.110637762517945925e-09
7.830000000000000000e+02 3.111310424387710377e-09
7.840000000000000000e+02 3.113635251825534826e-09
7.850000000000000000e+02 3.116439702692799166e-09
7.860000000000000000e+02 3.118843174861636811e-09
7.870000000000000000e+02 3.119587077342662635e-09
7.880000000000000000e+02 3.113001521907630334e-09
7.890000000000000000e+02 3.117184630001525663e-09
7.900000000000000000e+02 3.121237739352911632e-09
7.910000000000000000e+02 3.104837577698881739e-09
7.920000000000000000e+02 3.111534474082080246e-09
7.930000000000000000e+02 3.109168241134939306e-09
7.940000000000000000e+02 3.107855341691597569e-09
7.950000000000000000e+02 3.116854845048347072e-09
7.960000000000000000e+02 3.109537769265328981e-09
7.970000000000000000e+02 3.112245547404720941e-09
7.980000000000000000e+02 3.110697515848224723e-09
7.990000000000000000e+02 3.115394552277982755e-09
8.000000000000000000e+02 3.110350114041923342e-09
8.010000000000000000e+02 3.111164174814194063e-09
8.020000000000000000e+02 3.111038443709445673e-09
8.030000000000000000e+02 3.106791107306421541e-09
8.040000000000000000e+02 3.106960377801045216e-09
8.050000000000000000e+02 3.111320638747202622e-09
8.060000000000000000e+02 3.111865692113030351e-09
8.070000000000000000e+02 3.104548139974648138e-09
8.080000000000000000e+02 3.126160972920177794e-09
8.090000000000000000e+02 3.108863953666467284e-09
8.100000000000000000e+02 3.108388107055713799e-09
8.110000000000000000e+02 3.115507344674929796e-09
8.120000000000000000e+02 3.107953818355924210e-09
8.130000000000000000e+02 3.110109923020179293e-09
8.140000000000000000e+02 3.114160200507962090e-09
8.150000000000000000e+02 3.109962956701869426e-09
8.160000000000000000e+02 3.110313590354792501e-09
8.170000000000000000e+02 3.129019538189695412e-09
8.180000000000000000e+02 3.111742042008775690e-09
8.190000000000000000e+02 3.116244749558284156e-09
8.200000000000000000e+02 3.114228937990664701e-09
8.210000000000000000e+02 3.112479888873287894e-09
8.220000000000000000e+02 3.114942510671290374e-09
8.230000000000000000e+02 3.116639438740622988e-09
8.240000000000000000e+02 3.111894391940284897e-09
8.250000000000000000e+02 3.111755423772871569e-09
8.260000000000000000e+02 3.112959390385488027e-09
8.270000000000000000e+02 3.107276709362727723e-09
8.280000000000000000e+02 3.114892234220088947e-09
8.290000000000000000e+02 3.107266820013423966e-09
8.300000000000000000e+02 3.109195976232764984e-09
8.310000000000000000e+02 3.112018986122891581e-09
8.320000000000000000e+02 3.104543408585088749e-09
8.330000000000000000e+02 3.107835128801170769e-09
8.340000000000000000e+02 3.107641085283324671e-09
8.350000000000000000e+02 3.109543956563673213e-09
8.360000000000000000e+02 3.113249993267611506e-09
8.370000000000000000e+02 3.105724740193500629e-09
8.380000000000000000e+02 3.104939774166968494e-09
8.390000000000000000e+02 3.110091746235049081e-09
8.400000000000000000e+02 3.104811173095372505e-09
8.410000000000000000e+02 3.105940015160606932e-09
8.420000000000000000e+02 3.102189245679372809e-09
8.430000000000000000e+02 3.112055149369023950e-09
8.440000000000000000e+02 3.106343549624434093e-09
8.450000000000000000e+02 3.108032123094864832e-09
8.460000000000000000e+02 3.112083853423785607e-09
8.470000000000000000e+02 3.111063919933134334e-09
8.480000000000000000e+02 3.111146386566903708e-09
8.490000000000000000e+02 3.104311965984532256e-09
8.500000000000000000e+02 3.104689704204356255e-09
8.510000000000000000e+02 3.107817293873376876e-09
8.520000000000000000e+02 3.106224510265714486e-09
8.530000000000000000e+02 3.104654909728001280e-09
8.540000000000000000e+02 3.108197518431635154e-09
8.550000000000000000e+02 3.106806362245828310e-09
8.560000000000000000e+02 3.105293056697275560e-09
8.570000000000000000e+02 3.102893131257732990e-09
8.580000000000000000e+02 3.108328453932219432e-09
8.590000000000000000e+02 3.109551452026476620e-09
8.600000000000000000e+02 3.112090527989988166e-09
8.610000000000000000e+02 3.105455153817429274e-09
8.620000000000000000e+02 3.103722759440337457e-09
8.630000000000000000e+02 3.105309644080185367e-09
8.640000000000000000e+02 3.105688535914794387e-09
8.650000000000000000e+02 3.103724524858242652e-09
8.660000000000000000e+02 3.102891528731078694e-09
8.670000000000000000e+02 3.106322833985675973e-09
8.680000000000000000e+02 3.106311159394559209e-09
8.690000000000000000e+02 3.103074390403832089e-09
8.700000000000000000e+02 3.107017293380908035e-09
8.710000000000000000e+02 3.107498237168150781e-09
8.720000000000000000e+02 3.106773975932254926e-09
8.730000000000000000e+02 3.103263208095163030e-09
8.740000000000000000e+02 3.101939394573945773e-09
8.750000000000000000e+02 3.104915926059674210e-09
8.760000000000000000e+02 3.104750583554025502e-09
8.770000000000000000e+02 3.105440524645017242e-09
