0.000000000000000000e+00 2.306619649772103677e-04
1.000000000000000000e+00 1.155818243178666411e-04
2.000000000000000000e+00 8.588293987480674152e-05
3.000000000000000000e+00 4.889780225157963086e-05
4.000000000000000000e+00 5.436028251380840978e-05
5.000000000000000000e+00 4.363339165625286720e-05
6.000000000000000000e+00 2.056955694957323121e-05
7.000000000000000000e+00 1.996503121358718854e-05
8.000000000000000000e+00 1.880208351038306096e-05
9.000000000000000000e+00 2.958770790503593775e-05
1.000000000000000000e+01 2.174336617826311467e-05
1.100000000000000000e+01 2.095801403974305343e-05
1.200000000000000000e+01 1.159606725546096649e-05
1.300000000000000000e+01 1.561297859759124216e-05
1.400000000000000000e+01 1.482805709165484525e-05
1.500000000000000000e+01 3.200658598208946243e-05
1.600000000000000000e+01 2.604410761866670442e-05
1.700000000000000000e+01 2.737510797285219770e-05
1.800000000000000000e+01 1.475416763281806910e-05
1.900000000000000000e+01 1.929667709834685234e-05
2.000000000000000000e+01 1.607313298497869798e-05
2.100000000000000000e+01 1.239795501652244909e-05
2.200000000000000000e+01 1.386421589201605785e-05
2.300000000000000000e+01 1.573438743301969279e-05
2.400000000000000000e+01 1.146242968780217784e-05
2.500000000000000000e+01 1.315955422431659057e-05
2.600000000000000000e+01 1.390053697228033827e-05
2.700000000000000000e+01 2.017727719544027703e-05
2.800000000000000000e+01 1.527616506120715859e-05
2.900000000000000000e+01 7.941992777832938209e-06
3.000000000000000000e+01 1.103523518985110494e-05
3.100000000000000000e+01 1.097503096640878133e-05
3.200000000000000000e+01 1.405014325901988396e-05
3.300000000000000000e+01 8.162796008786116808e-06
3.400000000000000000e+01 1.024414702724777356e-05
3.500000000000000000e+01 9.439593050734841948e-06
3.600000000000000000e+01 1.234939125290359348e-05
3.700000000000000000e+01 2.300351674799332649e-05
3.800000000000000000e+01 1.454762997651582333e-05
3.900000000000000000e+01 1.620833632008652434e-05
4.000000000000000000e+01 1.660693733686422358e-05
4.100000000000000000e+01 2.381910028095517756e-05
4.200000000000000000e+01 1.078412656475113190e-05
4.300000000000000000e+01 7.579571373312597138e-06
4.400000000000000000e+01 1.282197156171414352e-05
4.500000000000000000e+01 1.065597626978733779e-05
4.600000000000000000e+01 1.300496322518624042e-05
4.700000000000000000e+01 1.430679723305941639e-05
4.800000000000000000e+01 6.904477268625042386e-06
4.900000000000000000e+01 7.569058804187033496e-06
5.000000000000000000e+01 9.431331003051926230e-06
5.100000000000000000e+01 1.329074913270173673e-05
5.200000000000000000e+01 1.084851596293947946e-05
5.300000000000000000e+01 1.067428428483631944e-05
5.400000000000000000e+01 8.726221748305462207e-06
5.500000000000000000e+01 1.233323497321167486e-05
5.600000000000000000e+01 1.196716503271483541e-05
5.700000000000000000e+01 7.213786222002473831e-06
5.800000000000000000e+01 1.225064672585882285e-05
5.900000000000000000e+01 1.404368002570209435e-05
6.000000000000000000e+01 1.469249566607418197e-05
6.100000000000000000e+01 9.499245280878249891e-06
6.200000000000000000e+01 9.630091919193340712e-06
6.300000000000000000e+01 8.714965472599638867e-06
6.400000000000000000e+01 8.189776420563403477e-06
6.500000000000000000e+01 1.078441857241904378e-05
6.600000000000000000e+01 9.286579090728466453e-06
6.700000000000000000e+01 6.139735574736801282e-06
6.800000000000000000e+01 5.263567776261585679e-06
6.900000000000000000e+01 1.087663640332291712e-05
7.000000000000000000e+01 8.919902493529509489e-06
7.100000000000000000e+01 1.005329210496940052e-05
7.200000000000000000e+01 5.245091451724110243e-06
7.300000000000000000e+01 4.120724636422171595e-06
7.400000000000000000e+01 1.074492630428559913e-05
7.500000000000000000e+01 9.255459096466104872e-06
7.600000000000000000e+01 1.457319905259244198e-05
7.700000000000000000e+01 1.688863058359433851e-05
7.800000000000000000e+01 8.253409325155198762e-06
7.900000000000000000e+01 8.415528137552088494e-06
8.000000000000000000e+01 1.074472826016052231e-05
8.100000000000000000e+01 1.202041924177682657e-05
8.200000000000000000e+01 8.118317408941075938e-06
8.300000000000000000e+01 8.821727370732600210e-06
8.400000000000000000e+01 4.906780416980247806e-06
8.500000000000000000e+01 1.170949031036414208e-05
8.600000000000000000e+01 8.136088641920756682e-06
8.700000000000000000e+01 7.498818581488889263e-06
8.800000000000000000e+01 8.223950644880691978e-06
8.900000000000000000e+01 4.178769416246338074e-06
9.000000000000000000e+01 5.633910523537157504e-06
9.100000000000000000e+01 7.132623775115121587e-06
9.200000000000000000e+01 6.555910933592212345e-06
9.300000000000000000e+01 4.112743356910856633e-06
9.400000000000000000e+01 5.362608880615977753e-06
9.500000000000000000e+01 6.406020517178687471e-06
9.600000000000000000e+01 5.608511074687451838e-06
9.700000000000000000e+01 6.952709981042160260e-06
9.800000000000000000e+01 1.067393705439703265e-05
9.900000000000000000e+01 1.168856004800565237e-05
1.000000000000000000e+02 1.738449645483884913e-05
1.010000000000000000e+02 8.644753924929414474e-06
1.020000000000000000e+02 5.872562533415175570e-06
1.030000000000000000e+02 7.755971798712279664e-06
1.040000000000000000e+02 6.191980865982073408e-06
1.050000000000000000e+02 7.098971714447727868e-06
1.060000000000000000e+02 6.792456810419556177e-06
1.070000000000000000e+02 1.001984226398514831e-05
1.080000000000000000e+02 8.318605563120121368e-06
1.090000000000000000e+02 8.642148783517534011e-06
1.100000000000000000e+02 8.502700952277772586e-06
1.110000000000000000e+02 1.012244063090048079e-05
1.120000000000000000e+02 5.405574991796972436e-06
1.130000000000000000e+02 6.658054910656796927e-06
1.140000000000000000e+02 4.450437053649649108e-06
1.150000000000000000e+02 4.359470021198332688e-06
1.160000000000000000e+02 4.274540616787181875e-06
1.170000000000000000e+02 6.164144750999949398e-06
1.180000000000000000e+02 5.247804703004072304e-06
1.190000000000000000e+02 4.308552847843645109e-06
1.200000000000000000e+02 4.790201729595055175e-06
1.210000000000000000e+02 5.931942932757658477e-06
1.220000000000000000e+02 5.590221054057142323e-06
1.230000000000000000e+02 3.288569798559242572e-06
1.240000000000000000e+02 4.356904074777011181e-06
1.250000000000000000e+02 4.920459144534281034e-06
1.260000000000000000e+02 5.494952584463326026e-06
1.270000000000000000e+02 4.975598334018589353e-06
1.280000000000000000e+02 3.454972395428192393e-06
1.290000000000000000e+02 5.170129113151173252e-06
1.300000000000000000e+02 5.828411602831137015e-06
1.310000000000000000e+02 4.022805404228052992e-06
1.320000000000000000e+02 3.317776016260009523e-06
1.330000000000000000e+02 3.784424203971057578e-06
1.340000000000000000e+02 4.927550442893321244e-06
1.350000000000000000e+02 4.425583302283174359e-06
1.360000000000000000e+02 4.481073885133939832e-06
1.370000000000000000e+02 3.646819028837942545e-06
1.380000000000000000e+02 3.380536855347745182e-06
1.390000000000000000e+02 5.556957857531430403e-06
1.400000000000000000e+02 4.351734514465760370e-06
1.410000000000000000e+02 3.995894108345694847e-06
1.420000000000000000e+02 3.578044661673585160e-06
1.430000000000000000e+02 3.012084286320779734e-06
1.440000000000000000e+02 4.796461595598253725e-06
1.450000000000000000e+02 3.649195123639666500e-06
1.460000000000000000e+02 3.179389851460740322e-06
1.470000000000000000e+02 4.663279273696428353e-06
1.480000000000000000e+02 3.755940264348442520e-06
1.490000000000000000e+02 3.515484155834974442e-06
1.500000000000000000e+02 4.303045955357306528e-06
1.510000000000000000e+02 2.649292635614323196e-06
1.520000000000000000e+02 4.794160042540721571e-06
1.530000000000000000e+02 4.195993925128529651e-06
1.540000000000000000e+02 5.026207474186906345e-06
1.550000000000000000e+02 4.161455346441568758e-06
1.560000000000000000e+02 2.745763063542020603e-06
1.570000000000000000e+02 6.433226056529309356e-06
1.580000000000000000e+02 4.378477405374644975e-06
1.590000000000000000e+02 4.042767672001872904e-06
1.600000000000000000e+02 4.301820434253954297e-06
1.610000000000000000e+02 2.812955111896984926e-06
1.620000000000000000e+02 3.492386723103799677e-06
1.630000000000000000e+02 4.043723246999574023e-06
1.640000000000000000e+02 4.017194613307817801e-06
1.650000000000000000e+02 5.293093729078060650e-06
1.660000000000000000e+02 4.101151790782011775e-06
1.670000000000000000e+02 4.070805674539348327e-06
1.680000000000000000e+02 3.501411711010944801e-06
1.690000000000000000e+02 2.885426622624863139e-06
1.700000000000000000e+02 3.397168944459648206e-06
1.710000000000000000e+02 3.340695642826158367e-06
1.720000000000000000e+02 2.702815060669528913e-06
1.730000000000000000e+02 2.745464633392832010e-06
1.740000000000000000e+02 4.164699771417697602e-06
1.750000000000000000e+02 3.217197658951458620e-06
1.760000000000000000e+02 3.213661689914832089e-06
1.770000000000000000e+02 3.032627859386229588e-06
1.780000000000000000e+02 3.070928550613851253e-06
1.790000000000000000e+02 4.761362797117990309e-06
1.800000000000000000e+02 4.194932529201031417e-06
1.810000000000000000e+02 3.376026063332694790e-06
1.820000000000000000e+02 2.713150996008455326e-06
1.830000000000000000e+02 3.158594123620345427e-06
1.840000000000000000e+02 2.736982380703685583e-06
1.850000000000000000e+02 2.983181160018206055e-06
1.860000000000000000e+02 2.286221845706299021e-06
1.870000000000000000e+02 2.531606012766835691e-06
1.880000000000000000e+02 3.096538444001492081e-06
1.890000000000000000e+02 3.599985720333300394e-06
1.900000000000000000e+02 3.325686648538560105e-06
1.910000000000000000e+02 3.045131303019065884e-06
1.920000000000000000e+02 2.758475340413979993e-06
1.930000000000000000e+02 2.641412451999114944e-06
1.940000000000000000e+02 3.247520043161476458e-06
1.950000000000000000e+02 2.799255752409502773e-06
1.960000000000000000e+02 3.387524156245330100e-06
1.970000000000000000e+02 2.641477583528284847e-06
1.980000000000000000e+02 2.741814531257559463e-06
1.990000000000000000e+02 3.010853745474182673e-06
2.000000000000000000e+02 3.340535802481773804e-06
2.010000000000000000e+02 2.501401412994031206e-06
2.020000000000000000e+02 2.498945575855433988e-06
2.030000000000000000e+02 2.718981597076921373e-06
2.040000000000000000e+02 2.897295137071583838e-06
2.050000000000000000e+02 2.827517294620101261e-06
2.060000000000000000e+02 2.752388988262985916e-06
2.070000000000000000e+02 2.762181524729573510e-06
2.080000000000000000e+02 2.193120123993963580e-06
2.090000000000000000e+02 2.181558877148363125e-06
2.100000000000000000e+02 2.937429742319865187e-06
2.110000000000000000e+02 2.581437098348172967e-06
2.120000000000000000e+02 2.461847601391808713e-06
2.130000000000000000e+02 2.371953949898135331e-06
2.140000000000000000e+02 2.432731075249707624e-06
2.150000000000000000e+02 2.528275860254544090e-06
2.160000000000000000e+02 3.688703060033647562e-06
2.170000000000000000e+02 2.299950845506980446e-06
2.180000000000000000e+02 2.055683057605806772e-06
2.190000000000000000e+02 2.539966461523036518e-06
2.200000000000000000e+02 2.318686153049163897e-06
2.210000000000000000e+02 2.401017951804832463e-06
2.220000000000000000e+02 3.382415687061019248e-06
2.230000000000000000e+02 2.406130855364956789e-06
2.240000000000000000e+02 2.246586904532187566e-06
2.250000000000000000e+02 2.240780336264286171e-06
2.260000000000000000e+02 2.167674048700362735e-06
2.270000000000000000e+02 2.062406394531170177e-06
2.280000000000000000e+02 2.261139040464010996e-06
2.290000000000000000e+02 2.246751936597628285e-06
2.300000000000000000e+02 2.188305295955749750e-06
2.310000000000000000e+02 2.192811014448398416e-06
2.320000000000000000e+02 2.182547922332622478e-06
2.330000000000000000e+02 2.384220981967971209e-06
2.340000000000000000e+02 2.078460796905252665e-06
2.350000000000000000e+02 2.093832344566679212e-06
2.360000000000000000e+02 2.353159418997879922e-06
2.370000000000000000e+02 2.329284061469278247e-06
2.380000000000000000e+02 2.153945823688339766e-06
2.390000000000000000e+02 2.893088137686535390e-06
2.400000000000000000e+02 2.403647999663125472e-06
2.410000000000000000e+02 2.117207557465656386e-06
2.420000000000000000e+02 2.339788883911001763e-06
2.430000000000000000e+02 2.296968551546140737e-06
2.440000000000000000e+02 2.051968672497998910e-06
2.450000000000000000e+02 2.183014131213313615e-06
2.460000000000000000e+02 2.418228231258157865e-06
2.470000000000000000e+02 2.158493255114880487e-06
2.480000000000000000e+02 1.995309625491314533e-06
2.490000000000000000e+02 2.221234358184134294e-06
2.500000000000000000e+02 2.234158946613693665e-06
2.510000000000000000e+02 2.168988228768315184e-06
2.520000000000000000e+02 2.864518947114461755e-06
2.530000000000000000e+02 2.377956705139693843e-06
2.540000000000000000e+02 2.024598473202465786e-06
2.550000000000000000e+02 2.308321843521511543e-06
2.560000000000000000e+02 2.312962181380571960e-06
2.570000000000000000e+02 2.166635560320255499e-06
2.580000000000000000e+02 1.971277597482723255e-06
2.590000000000000000e+02 1.966672858605400453e-06
2.600000000000000000e+02 2.143756616993718599e-06
2.610000000000000000e+02 1.975196772608889100e-06
2.620000000000000000e+02 2.764038402871806007e-06
2.630000000000000000e+02 2.810778512372759535e-06
2.640000000000000000e+02 2.780854783902165378e-06
2.650000000000000000e+02 2.535626976141742854e-06
2.660000000000000000e+02 2.201954039414530812e-06
2.670000000000000000e+02 2.347171390300257860e-06
2.680000000000000000e+02 2.363996168881616682e-06
2.690000000000000000e+02 1.978996599456703725e-06
2.700000000000000000e+02 1.851304542159503424e-06
2.710000000000000000e+02 1.987547871030223975e-06
2.720000000000000000e+02 1.961292908577181242e-06
2.730000000000000000e+02 1.932792464797186464e-06
2.740000000000000000e+02 2.065512639203302904e-06
2.750000000000000000e+02 2.137393951403857516e-06
2.760000000000000000e+02 2.064499405201121359e-06
2.770000000000000000e+02 1.931668151888966426e-06
2.780000000000000000e+02 2.220348028858325902e-06
2.790000000000000000e+02 2.038097218650715154e-06
2.800000000000000000e+02 1.953542028686643453e-06
2.810000000000000000e+02 2.042365756091155145e-06
2.820000000000000000e+02 1.957557538590542930e-06
2.830000000000000000e+02 2.082967946631135879e-06
2.840000000000000000e+02 2.022127946666226171e-06
2.850000000000000000e+02 1.913314030529886268e-06
2.860000000000000000e+02 2.032624992712891147e-06
2.870000000000000000e+02 2.040869962396758178e-06
2.880000000000000000e+02 2.609772152573939546e-06
2.890000000000000000e+02 2.403657372584003714e-06
2.900000000000000000e+02 1.866995502222534472e-06
2.910000000000000000e+02 1.866468346929474021e-06
2.920000000000000000e+02 2.101169683086215383e-06
2.930000000000000000e+02 1.875004231233054594e-06
2.940000000000000000e+02 2.050313032088242974e-06
2.950000000000000000e+02 2.040954402777639775e-06
2.960000000000000000e+02 1.789808759311048189e-06
2.970000000000000000e+02 2.097911581130328130e-06
2.980000000000000000e+02 2.084307333827285983e-06
2.990000000000000000e+02 1.777525585800495350e-06
3.000000000000000000e+02 1.835335685475035333e-06
3.010000000000000000e+02 2.019433552264744640e-06
3.020000000000000000e+02 2.356721143944126600e-06
3.030000000000000000e+02 1.938297174157341298e-06
3.040000000000000000e+02 1.793109465211626482e-06
3.050000000000000000e+02 2.006492999432994232e-06
3.060000000000000000e+02 1.818251096297799709e-06
3.070000000000000000e+02 1.834657127920405482e-06
3.080000000000000000e+02 1.929787284580520137e-06
3.090000000000000000e+02 1.970806181777510303e-06
3.100000000000000000e+02 2.069222932115422418e-06
3.110000000000000000e+02 2.121146695003204736e-06
3.120000000000000000e+02 2.176935001323779279e-06
3.130000000000000000e+02 1.962329496401758415e-06
3.140000000000000000e+02 1.981288156348526751e-06
3.150000000000000000e+02 1.837022279349501864e-06
3.160000000000000000e+02 1.703970613846456043e-06
3.170000000000000000e+02 2.020813260259068436e-06
3.180000000000000000e+02 2.155084065512269036e-06
3.190000000000000000e+02 1.827905420112387161e-06
3.200000000000000000e+02 2.095838338541576202e-06
3.210000000000000000e+02 1.780994044954657133e-06
3.220000000000000000e+02 1.773770197905450752e-06
3.230000000000000000e+02 1.797108026730368998e-06
3.240000000000000000e+02 1.781165924349292080e-06
3.250000000000000000e+02 1.872599469094484784e-06
3.260000000000000000e+02 1.811955575519866547e-06
3.270000000000000000e+02 1.886247184770112927e-06
3.280000000000000000e+02 1.674428732322420814e-06
3.290000000000000000e+02 1.727615111286462368e-06
3.300000000000000000e+02 1.788972720687001614e-06
3.310000000000000000e+02 1.749934310812894890e-06
3.320000000000000000e+02 1.734730309010772385e-06
3.330000000000000000e+02 1.722257912547501994e-06
3.340000000000000000e+02 1.888045722665935624e-06
3.350000000000000000e+02 1.871802040174091748e-06
3.360000000000000000e+02 1.944615370236055845e-06
3.370000000000000000e+02 1.919959882510127489e-06
3.380000000000000000e+02 1.803576157351538780e-06
3.390000000000000000e+02 1.729282932600915486e-06
3.400000000000000000e+02 1.996453166788210331e-06
3.410000000000000000e+02 1.769950255948992701e-06
3.420000000000000000e+02 1.693274665002675409e-06
3.430000000000000000e+02 1.726366340377431506e-06
3.440000000000000000e+02 1.848653437292140341e-06
3.450000000000000000e+02 1.961558271660123611e-06
3.460000000000000000e+02 1.941607070305909965e-06
3.470000000000000000e+02 1.708872941978509881e-06
3.480000000000000000e+02 1.830505976164543733e-06
3.490000000000000000e+02 1.901351371532007431e-06
3.500000000000000000e+02 1.758122772232209814e-06
3.510000000000000000e+02 1.676443929015606324e-06
3.520000000000000000e+02 1.792998496696094083e-06
3.530000000000000000e+02 1.738569225513468439e-06
3.540000000000000000e+02 1.699125222990342638e-06
3.550000000000000000e+02 1.721869505719453483e-06
3.560000000000000000e+02 1.735369059501129714e-06
3.570000000000000000e+02 1.724712036839872148e-06
3.580000000000000000e+02 1.745337736873094169e-06
3.590000000000000000e+02 1.833837370841686638e-06
3.600000000000000000e+02 1.733102517588418224e-06
3.610000000000000000e+02 2.008372530267440697e-06
3.620000000000000000e+02 1.776184147169350072e-06
3.630000000000000000e+02 1.722663295474978367e-06
3.640000000000000000e+02 1.734659920668630839e-06
3.650000000000000000e+02 1.762318720381909775e-06
3.660000000000000000e+02 1.688916638218186627e-06
3.670000000000000000e+02 1.943622704883474950e-06
3.680000000000000000e+02 1.820347976279482261e-06
3.690000000000000000e+02 1.600057304072956069e-06
3.700000000000000000e+02 1.617410998649044974e-06
3.710000000000000000e+02 1.678178198358101586e-06
3.720000000000000000e+02 1.657004074693219741e-06
3.730000000000000000e+02 1.694692759561967337e-06
3.740000000000000000e+02 1.876812172430498645e-06
3.750000000000000000e+02 1.695356611774938741e-06
3.760000000000000000e+02 1.817380994904782639e-06
3.770000000000000000e+02 1.751247523594658610e-06
3.780000000000000000e+02 1.735566269911957481e-06
3.790000000000000000e+02 1.630353132635400617e-06
3.800000000000000000e+02 1.610261726416233402e-06
3.810000000000000000e+02 1.632014721019517479e-06
3.820000000000000000e+02 1.644762386824435000e-06
3.830000000000000000e+02 1.896342868164813368e-06
3.840000000000000000e+02 1.664190812963372720e-06
3.850000000000000000e+02 1.653721453067371245e-06
3.860000000000000000e+02 1.716273117986475091e-06
3.870000000000000000e+02 1.621487057489102249e-06
3.880000000000000000e+02 1.664998928284691660e-06
3.890000000000000000e+02 1.730822825852055125e-06
3.900000000000000000e+02 1.619831281964058604e-06
3.910000000000000000e+02 1.607916536211107658e-06
3.920000000000000000e+02 1.606819240550312998e-06
3.930000000000000000e+02 1.628782936832763314e-06
3.940000000000000000e+02 1.773755889595744780e-06
3.950000000000000000e+02 1.674015155523691253e-06
3.960000000000000000e+02 1.658399559322450477e-06
3.970000000000000000e+02 1.610804482417480150e-06
3.980000000000000000e+02 1.630135931490796798e-06
3.990000000000000000e+02 1.680373215558102141e-06
4.000000000000000000e+02 1.658271486588194901e-06
4.010000000000000000e+02 1.647117360104358853e-06
4.020000000000000000e+02 1.845215882992085585e-06
4.030000000000000000e+02 1.813837585600755970e-06
4.040000000000000000e+02 1.621184012658317246e-06
4.050000000000000000e+02 1.584303349340753511e-06
4.060000000000000000e+02 1.633526087382533615e-06
4.070000000000000000e+02 1.610613281584588561e-06
4.080000000000000000e+02 1.701419404782279826e-06
4.090000000000000000e+02 1.608554772437973407e-06
4.100000000000000000e+02 1.715740880880784456e-06
4.110000000000000000e+02 1.710206993155439238e-06
4.120000000000000000e+02 1.579472324590409765e-06
4.130000000000000000e+02 1.565368736150103517e-06
4.140000000000000000e+02 1.637561516874071457e-06
4.150000000000000000e+02 1.592484306747640440e-06
4.160000000000000000e+02 1.641811035229875006e-06
4.170000000000000000e+02 1.584612232817969496e-06
4.180000000000000000e+02 1.558342514238488509e-06
4.190000000000000000e+02 1.610178745671530404e-06
4.200000000000000000e+02 1.591558057870554349e-06
4.210000000000000000e+02 1.604358178330185681e-06
4.220000000000000000e+02 1.557686915111298859e-06
4.230000000000000000e+02 1.593897945835305520e-06
4.240000000000000000e+02 1.660629972913173216e-06
4.250000000000000000e+02 1.662280977759154420e-06
4.260000000000000000e+02 1.613912838647964431e-06
4.270000000000000000e+02 1.616682120239050759e-06
4.280000000000000000e+02 1.590364525321850508e-06
4.290000000000000000e+02 1.588418381621515066e-06
4.300000000000000000e+02 1.582959448024422704e-06
4.310000000000000000e+02 1.654046910892727072e-06
4.320000000000000000e+02 1.699125203339359103e-06
4.330000000000000000e+02 1.579104338763588673e-06
4.340000000000000000e+02 1.558183498808952070e-06
4.350000000000000000e+02 1.652381693728188749e-06
4.360000000000000000e+02 1.611404858699915166e-06
4.370000000000000000e+02 1.706754750130608330e-06
4.380000000000000000e+02 1.679384166550545070e-06
4.390000000000000000e+02 1.628726007159635609e-06
4.400000000000000000e+02 1.621801033947755665e-06
4.410000000000000000e+02 1.613742864215127267e-06
4.420000000000000000e+02 1.584637784816747591e-06
4.430000000000000000e+02 1.582722353053928668e-06
4.440000000000000000e+02 1.586622083528677878e-06
4.450000000000000000e+02 1.636518399241058650e-06
4.460000000000000000e+02 1.588819265940805466e-06
4.470000000000000000e+02 1.706765778483598281e-06
4.480000000000000000e+02 1.673787777444785462e-06
4.490000000000000000e+02 1.685749223150651326e-06
4.500000000000000000e+02 1.622722292371266311e-06
4.510000000000000000e+02 1.621969364846688768e-06
4.520000000000000000e+02 1.561439884850037625e-06
4.530000000000000000e+02 1.602285429329211927e-06
4.540000000000000000e+02 1.556844397949227127e-06
4.550000000000000000e+02 1.560674808898554820e-06
4.560000000000000000e+02 1.646274748681954380e-06
4.570000000000000000e+02 1.603409900004260037e-06
4.580000000000000000e+02 1.587051257677399479e-06
4.590000000000000000e+02 1.668870284696248813e-06
4.600000000000000000e+02 1.611015388577962166e-06
4.610000000000000000e+02 1.609774893942934768e-06
4.620000000000000000e+02 1.636949388672896904e-06
4.630000000000000000e+02 1.516945550257945347e-06
4.640000000000000000e+02 1.554615263777739196e-06
4.650000000000000000e+02 1.565923630996350530e-06
4.660000000000000000e+02 1.552346175500229755e-06
4.670000000000000000e+02 1.613267190182668231e-06
4.680000000000000000e+02 1.542387608554492743e-06
4.690000000000000000e+02 1.549620104856960844e-06
4.700000000000000000e+02 1.553767676824558102e-06
4.710000000000000000e+02 1.622141700436386892e-06
4.720000000000000000e+02 1.609055017339190280e-06
4.730000000000000000e+02 1.565899689466956502e-06
4.740000000000000000e+02 1.540400301219537635e-06
4.750000000000000000e+02 1.555133083134442541e-06
4.760000000000000000e+02 1.538574194436181693e-06
4.770000000000000000e+02 1.600249204394685296e-06
4.780000000000000000e+02 1.583374116799764987e-06
4.790000000000000000e+02 1.595290943871476908e-06
4.800000000000000000e+02 1.566650061977778173e-06
4.810000000000000000e+02 1.547067323731492914e-06
4.820000000000000000e+02 1.594031065888286879e-06
4.830000000000000000e+02 1.553414779601285988e-06
4.840000000000000000e+02 1.555074879626774289e-06
4.850000000000000000e+02 1.602844116611592807e-06
4.860000000000000000e+02 1.555153275860081669e-06
4.870000000000000000e+02 1.609651683490712638e-06
4.880000000000000000e+02 1.519600457840936737e-06
4.890000000000000000e+02 1.550238752194345320e-06
4.900000000000000000e+02 1.592656277155226321e-06
4.910000000000000000e+02 1.518017284730383942e-06
4.920000000000000000e+02 1.542198163984217595e-06
4.930000000000000000e+02 1.508016741227739270e-06
4.940000000000000000e+02 1.529896888288087653e-06
4.950000000000000000e+02 1.508272722702124211e-06
4.960000000000000000e+02 1.585046653331306142e-06
4.970000000000000000e+02 1.484114322689133487e-06
4.980000000000000000e+02 1.529279501210544210e-06
4.990000000000000000e+02 1.566912869926571218e-06
5.000000000000000000e+02 1.503149946638442798e-06
5.010000000000000000e+02 1.531261304559979709e-06
5.020000000000000000e+02 1.565595956203588007e-06
5.030000000000000000e+02 1.599220486581323012e-06
5.040000000000000000e+02 1.526542946504945194e-06
5.050000000000000000e+02 1.608021822274921550e-06
5.060000000000000000e+02 1.552546837832868151e-06
5.070000000000000000e+02 1.549241087450839421e-06
5.080000000000000000e+02 1.583813975759784278e-06
5.090000000000000000e+02 1.594427966066885054e-06
5.100000000000000000e+02 1.512224867053975690e-06
5.110000000000000000e+02 1.562504074934832178e-06
5.120000000000000000e+02 1.535714707097035942e-06
5.130000000000000000e+02 1.483375711137868103e-06
5.140000000000000000e+02 1.514718629172634000e-06
5.150000000000000000e+02 1.525082730718288649e-06
5.160000000000000000e+02 1.547481756947802235e-06
5.170000000000000000e+02 1.548957390395205803e-06
5.180000000000000000e+02 1.596221553308624929e-06
5.190000000000000000e+02 1.558747532302315216e-06
5.200000000000000000e+02 1.629759090517362521e-06
5.210000000000000000e+02 1.569206957239369903e-06
5.220000000000000000e+02 1.503502318139858720e-06
5.230000000000000000e+02 1.539897470726759562e-06
5.240000000000000000e+02 1.551677199341855389e-06
5.250000000000000000e+02 1.535712503853926636e-06
5.260000000000000000e+02 1.538541589974257671e-06
5.270000000000000000e+02 1.458666143227475790e-06
5.280000000000000000e+02 1.515071967245189319e-06
5.290000000000000000e+02 1.567393606619266118e-06
5.300000000000000000e+02 1.481204361832701936e-06
5.310000000000000000e+02 1.629934296790979858e-06
5.320000000000000000e+02 1.530974559053377658e-06
5.330000000000000000e+02 1.521203325515884815e-06
5.340000000000000000e+02 1.495143632441689539e-06
5.350000000000000000e+02 1.554703973602676043e-06
5.360000000000000000e+02 1.563609867107041305e-06
5.370000000000000000e+02 1.479009681123387939e-06
5.380000000000000000e+02 1.587611523286960395e-06
5.390000000000000000e+02 1.532429535598915635e-06
5.400000000000000000e+02 1.504795495954439522e-06
5.410000000000000000e+02 1.510545104903346356e-06
5.420000000000000000e+02 1.549507302725758545e-06
5.430000000000000000e+02 1.529399586942714534e-06
5.440000000000000000e+02 1.536846914307655684e-06
5.450000000000000000e+02 1.547083721770548313e-06
5.460000000000000000e+02 1.656444641110637301e-06
5.470000000000000000e+02 1.583376732817632895e-06
5.480000000000000000e+02 1.508564356115652531e-06
5.490000000000000000e+02 1.522899050077900780e-06
5.500000000000000000e+02 1.506403378325354739e-06
5.510000000000000000e+02 1.514358348445895672e-06
5.520000000000000000e+02 1.565300741610104817e-06
5.530000000000000000e+02 1.528562326214578212e-06
5.540000000000000000e+02 1.574989074476752414e-06
5.550000000000000000e+02 1.513063708798334087e-06
5.560000000000000000e+02 1.524695323123361100e-06
5.570000000000000000e+02 1.549186339957929490e-06
5.580000000000000000e+02 1.532214576570015967e-06
5.590000000000000000e+02 1.501457346288501335e-06
5.600000000000000000e+02 1.555743766519120377e-06
5.610000000000000000e+02 1.488105646617386153e-06
5.620000000000000000e+02 1.547885903529480970e-06
5.630000000000000000e+02 1.553603120628308001e-06
5.640000000000000000e+02 1.492667500880379756e-06
5.650000000000000000e+02 1.527269308385184866e-06
5.660000000000000000e+02 1.527775337264671550e-06
5.670000000000000000e+02 1.484722066783016262e-06
5.680000000000000000e+02 1.488456597692999390e-06
5.690000000000000000e+02 1.519462103595592997e-06
5.700000000000000000e+02 1.538115245203661523e-06
5.710000000000000000e+02 1.539159479836232101e-06
5.720000000000000000e+02 1.523938034149031888e-06
5.730000000000000000e+02 1.534260740275682503e-06
5.740000000000000000e+02 1.500225275318516728e-06
5.750000000000000000e+02 1.516453521503418856e-06
5.760000000000000000e+02 1.488282759947101035e-06
5.770000000000000000e+02 1.498674351668202447e-06
5.780000000000000000e+02 1.518222981737615520e-06
5.790000000000000000e+02 1.522018657106587891e-06
5.800000000000000000e+02 1.510955361250021659e-06
5.810000000000000000e+02 1.482212314758358298e-06
