0.000000000000000000e+00 3.547343022439912235e-04
1.000000000000000000e+00 1.247037529290056439e-04
2.000000000000000000e+00 7.553457909098622194e-05
3.000000000000000000e+00 5.871511767714695357e-05
4.000000000000000000e+00 5.062696046906707867e-05
5.000000000000000000e+00 4.445315470861349019e-05
6.000000000000000000e+00 3.233416562409850080e-05
7.000000000000000000e+00 3.218075393592288871e-05
8.000000000000000000e+00 2.668460031297010062e-05
9.000000000000000000e+00 2.799917480493551149e-05
1.000000000000000000e+01 2.849231190327882675e-05
1.100000000000000000e+01 3.135195680110486284e-05
1.200000000000000000e+01 2.179396985124306717e-05
1.300000000000000000e+01 2.003194384004833192e-05
1.400000000000000000e+01 1.926183052053450376e-05
1.500000000000000000e+01 2.830310273229312112e-05
1.600000000000000000e+01 2.420378937099088330e-05
1.700000000000000000e+01 2.137244464613526109e-05
1.800000000000000000e+01 1.511028178274580761e-05
1.900000000000000000e+01 1.843957213380831428e-05
2.000000000000000000e+01 1.981257634930339568e-05
2.100000000000000000e+01 2.403332430966349353e-05
2.200000000000000000e+01 2.189343940796800091e-05
2.300000000000000000e+01 1.349970357618124213e-05
2.400000000000000000e+01 1.482815418769214758e-05
2.500000000000000000e+01 1.286826819299363225e-05
2.600000000000000000e+01 1.392859888917096813e-05
2.700000000000000000e+01 1.286538962356791086e-05
2.800000000000000000e+01 1.300202922536625261e-05
2.900000000000000000e+01 1.992619051903671287e-05
3.000000000000000000e+01 1.362012325298549013e-05
3.100000000000000000e+01 1.167690675096885501e-05
3.200000000000000000e+01 1.234342467291420857e-05
3.300000000000000000e+01 1.509024958085668470e-05
3.400000000000000000e+01 1.609553170177145559e-05
3.500000000000000000e+01 1.396346964884663593e-05
3.600000000000000000e+01 1.291126357153855757e-05
3.700000000000000000e+01 9.940756276094747380e-06
3.800000000000000000e+01 1.105607818613142158e-05
3.900000000000000000e+01 1.159136874500969018e-05
4.000000000000000000e+01 1.008195312849404002e-05
4.100000000000000000e+01 9.731452066314467224e-06
4.200000000000000000e+01 1.045864842717297570e-05
4.300000000000000000e+01 1.052630661745826948e-05
4.400000000000000000e+01 1.275171932972314543e-05
4.500000000000000000e+01 1.462189847696196146e-05
4.600000000000000000e+01 1.038649301571840609e-05
4.700000000000000000e+01 1.058989344027553977e-05
4.800000000000000000e+01 8.139001063330106170e-06
4.900000000000000000e+01 7.896752050942161370e-06
5.000000000000000000e+01 9.332123325165929300e-06
5.100000000000000000e+01 1.831701533425315195e-05
5.200000000000000000e+01 1.925265791502303023e-05
5.300000000000000000e+01 1.086568982073322128e-05
5.400000000000000000e+01 8.864155075801833113e-06
5.500000000000000000e+01 9.342167872571447839e-06
5.600000000000000000e+01 8.023375844065889167e-06
5.700000000000000000e+01 9.671495413222296013e-06
5.800000000000000000e+01 7.207074885203200081e-06
5.900000000000000000e+01 8.594368372051875977e-06
6.000000000000000000e+01 9.492448227361360014e-06
6.100000000000000000e+01 7.019121246582917536e-06
6.200000000000000000e+01 8.851242421186322361e-06
6.300000000000000000e+01 8.051707815850210593e-06
6.400000000000000000e+01 8.209362191142202729e-06
6.500000000000000000e+01 7.145699112196140852e-06
6.600000000000000000e+01 8.267032494957283741e-06
6.700000000000000000e+01 6.446588254471922067e-06
6.800000000000000000e+01 5.905187505715077610e-06
6.900000000000000000e+01 7.071733552937663927e-06
7.000000000000000000e+01 6.637970359449777420e-06
7.100000000000000000e+01 6.464957006621965322e-06
7.200000000000000000e+01 5.624020605551670820e-06
7.300000000000000000e+01 7.807386483352011838e-06
7.400000000000000000e+01 1.006542554728688819e-05
7.500000000000000000e+01 9.312981796611098756e-06
7.600000000000000000e+01 7.981108230687548622e-06
7.700000000000000000e+01 6.719513658370699724e-06
7.800000000000000000e+01 5.393272429831864634e-06
7.900000000000000000e+01 8.028011140624315175e-06
8.000000000000000000e+01 7.147702296128948111e-06
8.100000000000000000e+01 7.420982005396281423e-06
8.200000000000000000e+01 6.585120430386150944e-06
8.300000000000000000e+01 6.519376979292695864e-06
8.400000000000000000e+01 5.892689400129562174e-06
8.500000000000000000e+01 9.010389568660867401e-06
8.600000000000000000e+01 7.124964660349013672e-06
8.700000000000000000e+01 6.901584856203589699e-06
8.800000000000000000e+01 6.818253829575995663e-06
8.900000000000000000e+01 6.047375834671268648e-06
9.000000000000000000e+01 5.463291869138848927e-06
9.100000000000000000e+01 6.346258868126780498e-06
9.200000000000000000e+01 5.558156120523974220e-06
9.300000000000000000e+01 7.246796075944843299e-06
9.400000000000000000e+01 6.943501313824965717e-06
9.500000000000000000e+01 7.906058268478289243e-06
9.600000000000000000e+01 7.740669351186209768e-06
9.700000000000000000e+01 5.902604484850259079e-06
9.800000000000000000e+01 5.954508642948799851e-06
9.900000000000000000e+01 4.762883639864169491e-06
1.000000000000000000e+02 5.325167585299211747e-06
1.010000000000000000e+02 5.208631973844312521e-06
1.020000000000000000e+02 5.017822253215263884e-06
1.030000000000000000e+02 7.987818200895841471e-06
1.040000000000000000e+02 6.756170339652309264e-06
1.050000000000000000e+02 4.823446622657521380e-06
1.060000000000000000e+02 5.492104649919303209e-06
1.070000000000000000e+02 5.353186832991491382e-06
1.080000000000000000e+02 4.403656760842437509e-06
1.090000000000000000e+02 4.687383728644503617e-06
1.100000000000000000e+02 6.401787136218233996e-06
1.110000000000000000e+02 5.585743015233262305e-06
1.120000000000000000e+02 6.181297213193676158e-06
1.130000000000000000e+02 5.896607519168227803e-06
1.140000000000000000e+02 6.080121455207627293e-06
1.150000000000000000e+02 4.935279421809403286e-06
1.160000000000000000e+02 5.031126190002815878e-06
1.170000000000000000e+02 4.959507694520042519e-06
1.180000000000000000e+02 4.657841317593637493e-06
1.190000000000000000e+02 5.348987760874307848e-06
1.200000000000000000e+02 7.515317172547174705e-06
1.210000000000000000e+02 4.038736734474377868e-06
1.220000000000000000e+02 4.746912823947059766e-06
1.230000000000000000e+02 4.403302333278342374e-06
1.240000000000000000e+02 6.071461759743921192e-06
1.250000000000000000e+02 4.216081315026883393e-06
1.260000000000000000e+02 4.785293337133672412e-06
1.270000000000000000e+02 4.864748287524308016e-06
1.280000000000000000e+02 6.054624105084309534e-06
1.290000000000000000e+02 6.038008781126429857e-06
1.300000000000000000e+02 3.816200139399590930e-06
1.310000000000000000e+02 4.148521407917548872e-06
1.320000000000000000e+02 4.219981141213241738e-06
1.330000000000000000e+02 4.447077443694931847e-06
1.340000000000000000e+02 5.312583208429791968e-06
1.350000000000000000e+02 4.907583703868683210e-06
1.360000000000000000e+02 4.726059005208900982e-06
1.370000000000000000e+02 4.429534720597704838e-06
1.380000000000000000e+02 4.018240093356912983e-06
1.390000000000000000e+02 5.600610216239618002e-06
1.400000000000000000e+02 3.964494160509484285e-06
1.410000000000000000e+02 4.050339750351580914e-06
1.420000000000000000e+02 3.952887159159550930e-06
1.430000000000000000e+02 3.931810592583620607e-06
1.440000000000000000e+02 5.184623004741931721e-06
1.450000000000000000e+02 5.093593347354039797e-06
1.460000000000000000e+02 4.020443537465129018e-06
1.470000000000000000e+02 3.966054403153648288e-06
1.480000000000000000e+02 3.889803153573503469e-06
1.490000000000000000e+02 3.695153867419973172e-06
1.500000000000000000e+02 3.351828763413903156e-06
1.510000000000000000e+02 3.949616774222888590e-06
1.520000000000000000e+02 5.394869088775167602e-06
1.530000000000000000e+02 5.177655411791738351e-06
1.540000000000000000e+02 4.744660452990306640e-06
1.550000000000000000e+02 4.320523505477205234e-06
1.560000000000000000e+02 4.019697329085425577e-06
1.570000000000000000e+02 3.745344975681483898e-06
1.580000000000000000e+02 5.192883776790211742e-06
1.590000000000000000e+02 4.641290171107590929e-06
1.600000000000000000e+02 3.692485910499960071e-06
1.610000000000000000e+02 3.678591814898786213e-06
1.620000000000000000e+02 4.220479376742127298e-06
1.630000000000000000e+02 3.972921172479503491e-06
1.640000000000000000e+02 3.604711945016924570e-06
1.650000000000000000e+02 3.260698858285039565e-06
1.660000000000000000e+02 3.594356158690866587e-06
1.670000000000000000e+02 3.680695789216333957e-06
1.680000000000000000e+02 3.178709635920759608e-06
1.690000000000000000e+02 3.311177530617326686e-06
1.700000000000000000e+02 3.271148044173140004e-06
1.710000000000000000e+02 3.657672470199234453e-06
1.720000000000000000e+02 3.651914867229161338e-06
1.730000000000000000e+02 4.239641586355634308e-06
1.740000000000000000e+02 3.563140693227232200e-06
1.750000000000000000e+02 3.069687925313192706e-06
1.760000000000000000e+02 3.548198084295364630e-06
1.770000000000000000e+02 4.052433331533528522e-06
1.780000000000000000e+02 3.566209152898089556e-06
1.790000000000000000e+02 3.647839605330915896e-06
1.800000000000000000e+02 4.161513959307002235e-06
1.810000000000000000e+02 3.060440923659874519e-06
1.820000000000000000e+02 4.314922128211735140e-06
1.830000000000000000e+02 4.095013647687136659e-06
1.840000000000000000e+02 3.578745431653594640e-06
1.850000000000000000e+02 3.892297189912040880e-06
1.860000000000000000e+02 3.553733367486722473e-06
1.870000000000000000e+02 3.767255467591645572e-06
1.880000000000000000e+02 3.240458002364738792e-06
1.890000000000000000e+02 3.730609979927745237e-06
1.900000000000000000e+02 3.593026594785519998e-06
1.910000000000000000e+02 3.921268159163124416e-06
1.920000000000000000e+02 3.493720155329542886e-06
1.930000000000000000e+02 3.154592159382910432e-06
1.940000000000000000e+02 3.559060886854510699e-06
1.950000000000000000e+02 3.070434995255546730e-06
1.960000000000000000e+02 3.129433292391932430e-06
1.970000000000000000e+02 3.472686293341524904e-06
1.980000000000000000e+02 3.021040876885784711e-06
1.990000000000000000e+02 3.019553309277457708e-06
2.000000000000000000e+02 3.183489309438008958e-06
2.010000000000000000e+02 3.182842139080401547e-06
2.020000000000000000e+02 3.047458676506133170e-06
2.030000000000000000e+02 3.257599164104477158e-06
2.040000000000000000e+02 4.076770719810748448e-06
2.050000000000000000e+02 3.281372142923338753e-06
2.060000000000000000e+02 3.170488901261916822e-06
2.070000000000000000e+02 3.143119571556741603e-06
2.080000000000000000e+02 2.965829805638964449e-06
2.090000000000000000e+02 3.216428127336747575e-06
2.100000000000000000e+02 2.803259326213118956e-06
2.110000000000000000e+02 3.271827331624710405e-06
2.120000000000000000e+02 3.385164284422466406e-06
2.130000000000000000e+02 3.105544204003314020e-06
2.140000000000000000e+02 2.995758425678909650e-06
2.150000000000000000e+02 3.450536760266384853e-06
2.160000000000000000e+02 3.287148605285504597e-06
2.170000000000000000e+02 3.224393260613480662e-06
2.180000000000000000e+02 3.245091841086048394e-06
2.190000000000000000e+02 3.285082913792729517e-06
2.200000000000000000e+02 2.918392701939048651e-06
2.210000000000000000e+02 2.991673472054668349e-06
2.220000000000000000e+02 3.168699503251029902e-06
2.230000000000000000e+02 3.596411733431148758e-06
2.240000000000000000e+02 3.038553785903315295e-06
2.250000000000000000e+02 3.000555367135044261e-06
2.260000000000000000e+02 3.313095147051160750e-06
2.270000000000000000e+02 2.956971849632910296e-06
2.280000000000000000e+02 2.862730759150842604e-06
2.290000000000000000e+02 3.448949964638860312e-06
2.300000000000000000e+02 3.219240391597525955e-06
2.310000000000000000e+02 2.693926235391578815e-06
2.320000000000000000e+02 2.912208491419641544e-06
2.330000000000000000e+02 2.785241151917284501e-06
2.340000000000000000e+02 2.705247904175304137e-06
2.350000000000000000e+02 3.180318053244358011e-06
2.360000000000000000e+02 2.894162677418929148e-06
2.370000000000000000e+02 2.881887681720470540e-06
2.380000000000000000e+02 3.658659154482306987e-06
2.390000000000000000e+02 3.073411370832165014e-06
2.400000000000000000e+02 2.845241735903321860e-06
2.410000000000000000e+02 2.803987767740471918e-06
2.420000000000000000e+02 3.059172271958346810e-06
2.430000000000000000e+02 3.021627287804160789e-06
2.440000000000000000e+02 3.331704966676434394e-06
2.450000000000000000e+02 2.796249888555530932e-06
2.460000000000000000e+02 2.752743945017592433e-06
2.470000000000000000e+02 2.876577933240024163e-06
2.480000000000000000e+02 2.862564543496968359e-06
2.490000000000000000e+02 2.720967640884280593e-06
2.500000000000000000e+02 2.966723977419025458e-06
2.510000000000000000e+02 2.705767588453884458e-06
2.520000000000000000e+02 2.703773406217179397e-06
2.530000000000000000e+02 2.791250370185019976e-06
2.540000000000000000e+02 2.654713735891692894e-06
2.550000000000000000e+02 2.761432722500355331e-06
2.560000000000000000e+02 2.739150834687536770e-06
2.570000000000000000e+02 2.756320452213962481e-06
2.580000000000000000e+02 2.717845673867830599e-06
2.590000000000000000e+02 2.769877456015145698e-06
2.600000000000000000e+02 2.754057495080161185e-06
2.610000000000000000e+02 2.677759804122408855e-06
2.620000000000000000e+02 2.754275761007090611e-06
2.630000000000000000e+02 3.145154903289808055e-06
2.640000000000000000e+02 2.654064426801142024e-06
2.650000000000000000e+02 2.674228908897658407e-06
2.660000000000000000e+02 2.749408309646557462e-06
2.670000000000000000e+02 2.726779206309589742e-06
2.680000000000000000e+02 2.629940809178857915e-06
2.690000000000000000e+02 2.686703408642103190e-06
2.700000000000000000e+02 2.653673891625876825e-06
2.710000000000000000e+02 2.968082971594483897e-06
2.720000000000000000e+02 2.997806403828984319e-06
2.730000000000000000e+02 2.620748539086119699e-06
2.740000000000000000e+02 2.495040024642007525e-06
2.750000000000000000e+02 2.566546688827436277e-06
2.760000000000000000e+02 2.619084619402395122e-06
2.770000000000000000e+02 3.344912435581528615e-06
2.780000000000000000e+02 2.941041664200005474e-06
2.790000000000000000e+02 2.519777688326772982e-06
2.800000000000000000e+02 2.697335118396806253e-06
2.810000000000000000e+02 2.847229560701000766e-06
2.820000000000000000e+02 2.656663949150266926e-06
2.830000000000000000e+02 2.493418228274039061e-06
2.840000000000000000e+02 2.697941449771682106e-06
2.850000000000000000e+02 2.604924181550984961e-06
2.860000000000000000e+02 2.531526274129592277e-06
2.870000000000000000e+02 2.578055011996836123e-06
2.880000000000000000e+02 2.705322662382803414e-06
2.890000000000000000e+02 2.526583201615498213e-06
2.900000000000000000e+02 2.526335071241804735e-06
2.910000000000000000e+02 2.633638619086290300e-06
2.920000000000000000e+02 2.755509860033271776e-06
2.930000000000000000e+02 2.772383308893776390e-06
2.940000000000000000e+02 2.513515117884249715e-06
2.950000000000000000e+02 2.491082719069974933e-06
2.960000000000000000e+02 2.658906328928939073e-06
2.970000000000000000e+02 2.542519064369104267e-06
2.980000000000000000e+02 2.476314190324186961e-06
2.990000000000000000e+02 2.410045769944594747e-06
3.000000000000000000e+02 2.924436265013766884e-06
3.010000000000000000e+02 2.688139116276921915e-06
3.020000000000000000e+02 2.570917533060718491e-06
3.030000000000000000e+02 2.479205836045861659e-06
3.040000000000000000e+02 2.690380405252002963e-06
3.050000000000000000e+02 2.730568038382565450e-06
3.060000000000000000e+02 2.438797847511757162e-06
3.070000000000000000e+02 2.616349555108126429e-06
3.080000000000000000e+02 2.436021476218256282e-06
3.090000000000000000e+02 2.475566808043660254e-06
3.100000000000000000e+02 2.460728448685363865e-06
3.110000000000000000e+02 2.423684499133825670e-06
3.120000000000000000e+02 2.573290921064719658e-06
3.130000000000000000e+02 2.435474503099695949e-06
3.140000000000000000e+02 2.517345490706124435e-06
3.150000000000000000e+02 2.481316028502348538e-06
3.160000000000000000e+02 2.476212437817643672e-06
3.170000000000000000e+02 2.510016160792108227e-06
3.180000000000000000e+02 2.614051324743267729e-06
3.190000000000000000e+02 2.456842379930342048e-06
3.200000000000000000e+02 2.474238593658734225e-06
3.210000000000000000e+02 2.514546999923358815e-06
3.220000000000000000e+02 2.462077733172500500e-06
3.230000000000000000e+02 2.454684297173369517e-06
3.240000000000000000e+02 2.806028183521738587e-06
3.250000000000000000e+02 2.493409170062718281e-06
3.260000000000000000e+02 2.425101316261424000e-06
3.270000000000000000e+02 2.495488448712070207e-06
3.280000000000000000e+02 2.455342065695879536e-06
3.290000000000000000e+02 2.506871204485900266e-06
3.300000000000000000e+02 2.535824091205190101e-06
3.310000000000000000e+02 2.491187758371172619e-06
3.320000000000000000e+02 2.554593297235751506e-06
3.330000000000000000e+02 2.424420986414098450e-06
3.340000000000000000e+02 2.399581582883150610e-06
3.350000000000000000e+02 2.446515142195334135e-06
3.360000000000000000e+02 2.419046973413605001e-06
3.370000000000000000e+02 2.401015557477959059e-06
3.380000000000000000e+02 2.408973315086806066e-06
3.390000000000000000e+02 2.453075416004503292e-06
3.400000000000000000e+02 2.398204664082164471e-06
3.410000000000000000e+02 2.407066069999045134e-06
3.420000000000000000e+02 2.363056180302755991e-06
3.430000000000000000e+02 2.472396325117807824e-06
3.440000000000000000e+02 2.353198336318228241e-06
3.450000000000000000e+02 2.432606561798088619e-06
3.460000000000000000e+02 2.463722438305785767e-06
3.470000000000000000e+02 2.423602029291577564e-06
3.480000000000000000e+02 2.461295499319955606e-06
3.490000000000000000e+02 2.552133850777013670e-06
3.500000000000000000e+02 2.539773635868246452e-06
3.510000000000000000e+02 2.489373847261437925e-06
3.520000000000000000e+02 2.381402556246577786e-06
3.530000000000000000e+02 2.390545811322188543e-06
3.540000000000000000e+02 2.531890589246427628e-06
3.550000000000000000e+02 2.338882503373259379e-06
3.560000000000000000e+02 2.389615345421015643e-06
3.570000000000000000e+02 2.449813083085351227e-06
3.580000000000000000e+02 2.378605839985847336e-06
3.590000000000000000e+02 2.438210607675526826e-06
3.600000000000000000e+02 2.329048728856219237e-06
3.610000000000000000e+02 2.327587170038790513e-06
3.620000000000000000e+02 2.410227818590053874e-06
3.630000000000000000e+02 2.459691958678566333e-06
3.640000000000000000e+02 2.428527441703831476e-06
3.650000000000000000e+02 2.493769452561129145e-06
3.660000000000000000e+02 2.407792082068819228e-06
3.670000000000000000e+02 2.387105171884184869e-06
3.680000000000000000e+02 2.425928857925172479e-06
3.690000000000000000e+02 2.397244283800686603e-06
3.700000000000000000e+02 2.415038377944132086e-06
3.710000000000000000e+02 2.366491140094465525e-06
3.720000000000000000e+02 2.452157735877401724e-06
3.730000000000000000e+02 2.296830089368245839e-06
3.740000000000000000e+02 2.370855408436128431e-06
3.750000000000000000e+02 2.405077285606169955e-06
3.760000000000000000e+02 2.352318315220145516e-06
3.770000000000000000e+02 2.279887460693531744e-06
3.780000000000000000e+02 2.296589650397046377e-06
3.790000000000000000e+02 2.280098991512304408e-06
3.800000000000000000e+02 2.297972585264939872e-06
3.810000000000000000e+02 2.300538571147756516e-06
3.820000000000000000e+02 2.425458249293298250e-06
3.830000000000000000e+02 2.335801973358016688e-06
3.840000000000000000e+02 2.321167036302062716e-06
3.850000000000000000e+02 2.277046659668760810e-06
3.860000000000000000e+02 2.353074260506504720e-06
3.870000000000000000e+02 2.259982680701972016e-06
3.880000000000000000e+02 2.369220692698395822e-06
3.890000000000000000e+02 2.333436470721226871e-06
3.900000000000000000e+02 2.377962153401599676e-06
3.910000000000000000e+02 2.293605416313091015e-06
3.920000000000000000e+02 2.313705370258036064e-06
3.930000000000000000e+02 2.331349437580756385e-06
3.940000000000000000e+02 2.273295327090171313e-06
3.950000000000000000e+02 2.409737225653416696e-06
3.960000000000000000e+02 2.337038700859619027e-06
3.970000000000000000e+02 2.334223390293135619e-06
3.980000000000000000e+02 2.378876100176938742e-06
3.990000000000000000e+02 2.281146642659702780e-06
4.000000000000000000e+02 2.318602646809005601e-06
4.010000000000000000e+02 2.272132972170034650e-06
4.020000000000000000e+02 2.282389038496091311e-06
4.030000000000000000e+02 2.252271885709248631e-06
4.040000000000000000e+02 2.295814114701310521e-06
4.050000000000000000e+02 2.279026952652894744e-06
4.060000000000000000e+02 2.254038460338214861e-06
4.070000000000000000e+02 2.278567532507642987e-06
4.080000000000000000e+02 2.286910968376767083e-06
4.090000000000000000e+02 2.314930288327369581e-06
4.100000000000000000e+02 2.346724246989006664e-06
4.110000000000000000e+02 2.484214704442627495e-06
4.120000000000000000e+02 2.261935945363826219e-06
4.130000000000000000e+02 2.310488393441261264e-06
4.140000000000000000e+02 2.309062157809061196e-06
4.150000000000000000e+02 2.259955392907389903e-06
4.160000000000000000e+02 2.300040990790949876e-06
4.170000000000000000e+02 2.276545536800862604e-06
4.180000000000000000e+02 2.263338568186641311e-06
4.190000000000000000e+02 2.302849396461494291e-06
4.200000000000000000e+02 2.225605193109092353e-06
4.210000000000000000e+02 2.311313378564022974e-06
4.220000000000000000e+02 2.314848430718430875e-06
4.230000000000000000e+02 2.294994715088785189e-06
4.240000000000000000e+02 2.306900446819597147e-06
4.250000000000000000e+02 2.315507051187872288e-06
4.260000000000000000e+02 2.271277399073168011e-06
4.270000000000000000e+02 2.269896763553607050e-06
4.280000000000000000e+02 2.306665999508012973e-06
4.290000000000000000e+02 2.277088272860374135e-06
4.300000000000000000e+02 2.263341371739044968e-06
4.310000000000000000e+02 2.246552280288308755e-06
