0.000000000000000000e+00 4.091292932629585488e-01
1.000000000000000000e+00 1.910700304433703492e-02
2.000000000000000000e+00 1.293031098321080138e-02
3.000000000000000000e+00 1.288986665895208716e-02
4.000000000000000000e+00 1.288829927798360551e-02
5.000000000000000000e+00 1.288865032838657464e-02
6.000000000000000000e+00 1.288605101872235606e-02
7.000000000000000000e+00 1.288342501502484118e-02
8.000000000000000000e+00 1.288192603969946434e-02
9.000000000000000000e+00 1.288214059313759138e-02
1.000000000000000000e+01 1.287659996887668967e-02
1.100000000000000000e+01 1.287331102648749982e-02
1.200000000000000000e+01 1.287519937613978982e-02
1.300000000000000000e+01 1.287111415294930374e-02
1.400000000000000000e+01 1.286825200077146292e-02
1.500000000000000000e+01 1.286301251966506277e-02
1.600000000000000000e+01 1.286243879003450344e-02
1.700000000000000000e+01 1.285823903745040263e-02
1.800000000000000000e+01 1.285407991381362115e-02
1.900000000000000000e+01 1.284695655340328813e-02
2.000000000000000000e+01 1.284719118848443031e-02
2.100000000000000000e+01 1.284410803345963428e-02
2.200000000000000000e+01 1.283781428355723619e-02
2.300000000000000000e+01 1.282819955376908114e-02
2.400000000000000000e+01 1.282485282281413744e-02
2.500000000000000000e+01 1.282864749664440820e-02
2.600000000000000000e+01 1.280713615706190536e-02
2.700000000000000000e+01 1.281084907241165569e-02
2.800000000000000000e+01 1.279553893255069852e-02
2.900000000000000000e+01 1.279857991030439700e-02
3.000000000000000000e+01 1.278124609962105751e-02
3.100000000000000000e+01 1.276941167889162829e-02
3.200000000000000000e+01 1.275903306668624282e-02
3.300000000000000000e+01 1.276715202257037128e-02
3.400000000000000000e+01 1.274726638803258538e-02
3.500000000000000000e+01 1.274362123804166982e-02
3.600000000000000000e+01 1.272906856611371110e-02
3.700000000000000000e+01 1.271888569463044440e-02
3.800000000000000000e+01 1.271002724533900653e-02
3.900000000000000000e+01 1.269305797759443487e-02
4.000000000000000000e+01 1.269638962112367223e-02
4.100000000000000000e+01 1.266591179883107612e-02
4.200000000000000000e+01 1.266509795095771551e-02
4.300000000000000000e+01 1.263909006956964731e-02
4.400000000000000000e+01 1.261808086419478024e-02
4.500000000000000000e+01 1.260510779684409499e-02
4.600000000000000000e+01 1.257458769250661100e-02
4.700000000000000000e+01 1.258063984569162200e-02
4.800000000000000000e+01 1.254521070513874362e-02
4.900000000000000000e+01 1.252549395430833067e-02
5.000000000000000000e+01 1.249822298996150494e-02
5.100000000000000000e+01 1.248503477545455029e-02
5.200000000000000000e+01 1.248447359539568355e-02
5.300000000000000000e+01 1.246566232293844223e-02
5.400000000000000000e+01 1.244964018696919153e-02
5.500000000000000000e+01 1.243115946417674457e-02
5.600000000000000000e+01 1.242389995604753494e-02
5.700000000000000000e+01 1.242919062497094274e-02
5.800000000000000000e+01 1.238953568972647225e-02
5.900000000000000000e+01 1.237044516019523109e-02
6.000000000000000000e+01 1.234984749462455546e-02
6.100000000000000000e+01 1.233612371142953600e-02
6.200000000000000000e+01 1.231915565440431203e-02
6.300000000000000000e+01 1.227763319620862534e-02
6.400000000000000000e+01 1.227207574993371964e-02
6.500000000000000000e+01 1.225529628572985530e-02
6.600000000000000000e+01 1.222263687523081864e-02
6.700000000000000000e+01 1.218682496109977330e-02
6.800000000000000000e+01 1.216476595727726887e-02
6.900000000000000000e+01 1.214461543131619727e-02
7.000000000000000000e+01 1.211311873048543861e-02
7.100000000000000000e+01 1.209485653089359403e-02
7.200000000000000000e+01 1.205238119000568917e-02
7.300000000000000000e+01 1.202983607072383165e-02
7.400000000000000000e+01 1.198949258541688254e-02
7.500000000000000000e+01 1.196780890459194814e-02
7.600000000000000000e+01 1.191643336787819897e-02
7.700000000000000000e+01 1.188612785190343822e-02
7.800000000000000000e+01 1.184683284955099190e-02
7.900000000000000000e+01 1.179887937614694168e-02
8.000000000000000000e+01 1.177275485824793612e-02
8.100000000000000000e+01 1.172905353596434032e-02
8.200000000000000000e+01 1.167452923255041242e-02
8.300000000000000000e+01 1.162613388150930335e-02
8.400000000000000000e+01 1.159317519050091436e-02
8.500000000000000000e+01 1.152936134021729196e-02
8.600000000000000000e+01 1.149117649765685201e-02
8.700000000000000000e+01 1.145028087776154245e-02
8.800000000000000000e+01 1.139051412465050782e-02
8.900000000000000000e+01 1.134370701620355214e-02
9.000000000000000000e+01 1.128316774265840719e-02
9.100000000000000000e+01 1.124040400609374081e-02
9.200000000000000000e+01 1.117830264847725560e-02
9.300000000000000000e+01 1.112147005042061175e-02
9.400000000000000000e+01 1.106303791748359730e-02
9.500000000000000000e+01 1.100628892891108990e-02
9.600000000000000000e+01 1.094959962647408178e-02
9.700000000000000000e+01 1.089270125376060570e-02
9.800000000000000000e+01 1.082760428544133832e-02
9.900000000000000000e+01 1.076622592518106103e-02
1.000000000000000000e+02 1.072489900980144739e-02
1.010000000000000000e+02 1.069097156869247556e-02
1.020000000000000000e+02 1.066251872107386658e-02
1.030000000000000000e+02 1.062358501367271016e-02
1.040000000000000000e+02 1.059676998993381788e-02
1.050000000000000000e+02 1.056818853830918635e-02
1.060000000000000000e+02 1.053300328785553540e-02
1.070000000000000000e+02 1.050344208488240838e-02
1.080000000000000000e+02 1.047086832113564014e-02
1.090000000000000000e+02 1.043548398884013365e-02
1.100000000000000000e+02 1.040820874040946330e-02
1.110000000000000000e+02 1.037081556860357592e-02
1.120000000000000000e+02 1.034242381574585964e-02
1.130000000000000000e+02 1.030601909151300857e-02
1.140000000000000000e+02 1.028232700191438267e-02
1.150000000000000000e+02 1.024113047169521520e-02
1.160000000000000000e+02 1.021238316316157649e-02
1.170000000000000000e+02 1.017533343983814155e-02
1.180000000000000000e+02 1.014068465447053383e-02
1.190000000000000000e+02 1.010850726161152159e-02
1.200000000000000000e+02 1.007823584368452464e-02
1.210000000000000000e+02 1.004492912907153403e-02
1.220000000000000000e+02 1.001256696181371773e-02
1.230000000000000000e+02 9.982025343924760472e-03
1.240000000000000000e+02 9.948791202623397459e-03
1.250000000000000000e+02 9.915036708116531025e-03
1.260000000000000000e+02 9.884885628707706928e-03
1.270000000000000000e+02 9.848339727614074252e-03
1.280000000000000000e+02 9.824466716963797808e-03
1.290000000000000000e+02 9.791312681045383215e-03
1.300000000000000000e+02 9.768275008536875942e-03
1.310000000000000000e+02 9.727400448173283837e-03
1.320000000000000000e+02 9.705530211795121778e-03
1.330000000000000000e+02 9.673207520972938039e-03
1.340000000000000000e+02 9.638213354628532778e-03
1.350000000000000000e+02 9.607856732327491739e-03
1.360000000000000000e+02 9.581649664323777654e-03
1.370000000000000000e+02 9.551557467784733274e-03
1.380000000000000000e+02 9.528566361404955040e-03
1.390000000000000000e+02 9.498796891421079636e-03
1.400000000000000000e+02 9.470453881658614376e-03
1.410000000000000000e+02 9.442650893470272075e-03
1.420000000000000000e+02 9.414729016134515752e-03
1.430000000000000000e+02 9.387949539814144373e-03
1.440000000000000000e+02 9.365481679560616265e-03
1.450000000000000000e+02 9.342685109004378319e-03
1.460000000000000000e+02 9.311949781840666782e-03
1.470000000000000000e+02 9.292824688600376248e-03
1.480000000000000000e+02 9.269000694621354688e-03
1.490000000000000000e+02 9.242837596684694984e-03
1.500000000000000000e+02 9.223820385523140084e-03
1.510000000000000000e+02 9.212506597395985625e-03
1.520000000000000000e+02 9.202528960304334066e-03
1.530000000000000000e+02 9.189901384525000702e-03
1.540000000000000000e+02 9.180728171486407518e-03
1.550000000000000000e+02 9.167775005334988930e-03
1.560000000000000000e+02 9.156846621772274028e-03
1.570000000000000000e+02 9.146749292267487147e-03
1.580000000000000000e+02 9.133114619180560459e-03
1.590000000000000000e+02 9.122210240457206618e-03
1.600000000000000000e+02 9.113555506337434400e-03
1.610000000000000000e+02 9.100201330147683967e-03
1.620000000000000000e+02 9.090315952198580254e-03
1.630000000000000000e+02 9.081233514007181623e-03
1.640000000000000000e+02 9.069773979717865586e-03
1.650000000000000000e+02 9.058294910937547337e-03
1.660000000000000000e+02 9.046815562760457743e-03
1.670000000000000000e+02 9.038488782243803490e-03
1.680000000000000000e+02 9.026040125172584902e-03
1.690000000000000000e+02 9.016973903635516416e-03
1.700000000000000000e+02 9.005405602511017821e-03
1.710000000000000000e+02 8.997855836059897444e-03
1.720000000000000000e+02 8.986715268110855720e-03
1.730000000000000000e+02 8.976893412182107568e-03
1.740000000000000000e+02 8.966836141189560641e-03
1.750000000000000000e+02 8.957858674693851969e-03
1.760000000000000000e+02 8.948744769440963864e-03
1.770000000000000000e+02 8.937453001271933664e-03
1.780000000000000000e+02 8.928928268142044197e-03
1.790000000000000000e+02 8.921495819231494914e-03
1.800000000000000000e+02 8.910470869159326304e-03
1.810000000000000000e+02 8.900981140322982918e-03
1.820000000000000000e+02 8.893584652105346669e-03
1.830000000000000000e+02 8.884327631676569581e-03
1.840000000000000000e+02 8.875685906969011524e-03
1.850000000000000000e+02 8.869059005519375205e-03
1.860000000000000000e+02 8.858954417519271374e-03
1.870000000000000000e+02 8.851578528992831013e-03
1.880000000000000000e+02 8.842234237818047404e-03
1.890000000000000000e+02 8.834720199229196408e-03
1.900000000000000000e+02 8.828354190336539994e-03
1.910000000000000000e+02 8.819642086746171811e-03
1.920000000000000000e+02 8.810786879621446133e-03
1.930000000000000000e+02 8.804791531292720935e-03
1.940000000000000000e+02 8.796025544870644114e-03
1.950000000000000000e+02 8.787880389718338847e-03
1.960000000000000000e+02 8.780434937216341149e-03
1.970000000000000000e+02 8.774506300687790264e-03
1.980000000000000000e+02 8.766602864488959659e-03
1.990000000000000000e+02 8.760027069365605365e-03
2.000000000000000000e+02 8.754165377467870712e-03
2.010000000000000000e+02 8.750739193055778395e-03
2.020000000000000000e+02 8.747496880823745977e-03
2.030000000000000000e+02 8.743727608816698194e-03
2.040000000000000000e+02 8.740043424768372676e-03
2.050000000000000000e+02 8.736608183244242570e-03
2.060000000000000000e+02 8.734529797220603325e-03
2.070000000000000000e+02 8.730795321753248572e-03
2.080000000000000000e+02 8.726468903478234312e-03
2.090000000000000000e+02 8.722576790023594401e-03
2.100000000000000000e+02 8.719467016635461948e-03
2.110000000000000000e+02 8.715806255349890092e-03
2.120000000000000000e+02 8.712246612412854682e-03
2.130000000000000000e+02 8.708909660344942710e-03
2.140000000000000000e+02 8.705791080137715091e-03
2.150000000000000000e+02 8.702018734766170382e-03
2.160000000000000000e+02 8.698816510150208375e-03
2.170000000000000000e+02 8.695159270428121784e-03
2.180000000000000000e+02 8.691854134667664766e-03
2.190000000000000000e+02 8.688514167442918518e-03
2.200000000000000000e+02 8.685577148571609757e-03
2.210000000000000000e+02 8.681870147120207895e-03
2.220000000000000000e+02 8.678589988267048499e-03
2.230000000000000000e+02 8.675280906027182590e-03
2.240000000000000000e+02 8.672086027218028903e-03
2.250000000000000000e+02 8.668930182466283441e-03
2.260000000000000000e+02 8.666008414002135743e-03
2.270000000000000000e+02 8.662660833215341319e-03
2.280000000000000000e+02 8.659089263528586128e-03
2.290000000000000000e+02 8.656225178856401942e-03
2.300000000000000000e+02 8.654268074315041651e-03
2.310000000000000000e+02 8.649964584037661552e-03
2.320000000000000000e+02 8.647231361828744065e-03
2.330000000000000000e+02 8.644189493497832916e-03
2.340000000000000000e+02 8.640857011778279792e-03
2.350000000000000000e+02 8.638510224409401070e-03
2.360000000000000000e+02 8.635271550156175743e-03
2.370000000000000000e+02 8.632312295958399773e-03
2.380000000000000000e+02 8.629634924000128757e-03
2.390000000000000000e+02 8.626409625867382039e-03
2.400000000000000000e+02 8.623557491227984081e-03
2.410000000000000000e+02 8.620743028586730361e-03
2.420000000000000000e+02 8.618486131308601000e-03
2.430000000000000000e+02 8.615627017570659171e-03
2.440000000000000000e+02 8.612248930148780346e-03
2.450000000000000000e+02 8.609726262511685838e-03
2.460000000000000000e+02 8.606950228568166494e-03
2.470000000000000000e+02 8.604721771553159107e-03
2.480000000000000000e+02 8.601760090095922004e-03
2.490000000000000000e+02 8.599760389188304543e-03
2.500000000000000000e+02 8.596934552770107985e-03
2.510000000000000000e+02 8.596411376493051995e-03
2.520000000000000000e+02 8.594724751310423363e-03
2.530000000000000000e+02 8.593436615774408330e-03
2.540000000000000000e+02 8.591986709507181547e-03
2.550000000000000000e+02 8.590552175883203398e-03
2.560000000000000000e+02 8.589745825156569134e-03
2.570000000000000000e+02 8.588338497793302287e-03
2.580000000000000000e+02 8.586901339003815553e-03
2.590000000000000000e+02 8.585823600878939726e-03
2.600000000000000000e+02 8.584396686637773763e-03
2.610000000000000000e+02 8.583288750378415335e-03
2.620000000000000000e+02 8.581833838252349994e-03
2.630000000000000000e+02 8.580914634512737740e-03
2.640000000000000000e+02 8.579368272330611597e-03
2.650000000000000000e+02 8.578102535102516760e-03
2.660000000000000000e+02 8.576966868713498809e-03
2.670000000000000000e+02 8.575950306840241302e-03
2.680000000000000000e+02 8.574475976638495575e-03
2.690000000000000000e+02 8.573230239562690258e-03
2.700000000000000000e+02 8.572514296974986098e-03
2.710000000000000000e+02 8.570986991981045106e-03
2.720000000000000000e+02 8.569620986236259341e-03
2.730000000000000000e+02 8.568411687156185855e-03
2.740000000000000000e+02 8.567411196418106209e-03
2.750000000000000000e+02 8.566294430056586168e-03
2.760000000000000000e+02 8.565018937224522580e-03
2.770000000000000000e+02 8.563885826151817343e-03
2.780000000000000000e+02 8.562543813604861151e-03
2.790000000000000000e+02 8.562007336877286434e-03
2.800000000000000000e+02 8.560352801578120091e-03
2.810000000000000000e+02 8.559193724067881703e-03
2.820000000000000000e+02 8.558459597406909564e-03
2.830000000000000000e+02 8.557071024551988342e-03
2.840000000000000000e+02 8.555925375549121997e-03
2.850000000000000000e+02 8.554769970942288637e-03
2.860000000000000000e+02 8.553750778082758535e-03
2.870000000000000000e+02 8.552648907061666597e-03
2.880000000000000000e+02 8.551675378112123110e-03
2.890000000000000000e+02 8.550766448024660349e-03
2.900000000000000000e+02 8.549685031175613750e-03
2.910000000000000000e+02 8.548445813357830741e-03
2.920000000000000000e+02 8.547535882098600962e-03
2.930000000000000000e+02 8.546262222807854414e-03
2.940000000000000000e+02 8.545293100178241383e-03
2.950000000000000000e+02 8.544351090677082539e-03
2.960000000000000000e+02 8.543336769798770200e-03
2.970000000000000000e+02 8.542190003208816745e-03
2.980000000000000000e+02 8.541199745377526381e-03
2.990000000000000000e+02 8.540537738008424293e-03
3.000000000000000000e+02 8.539376687258482326e-03
3.010000000000000000e+02 8.538932300871238459e-03
3.020000000000000000e+02 8.538457541726529251e-03
3.030000000000000000e+02 8.537963090930134058e-03
3.040000000000000000e+02 8.537349058315157890e-03
3.050000000000000000e+02 8.537023200187832811e-03
3.060000000000000000e+02 8.536405314225703131e-03
3.070000000000000000e+02 8.536022435873747566e-03
3.080000000000000000e+02 8.535459975246340730e-03
3.090000000000000000e+02 8.535119547741488316e-03
3.100000000000000000e+02 8.534533740021287701e-03
3.110000000000000000e+02 8.534166228491813291e-03
3.120000000000000000e+02 8.533561998046935299e-03
3.130000000000000000e+02 8.533035952132195581e-03
3.140000000000000000e+02 8.532609482062979839e-03
3.150000000000000000e+02 8.532043802551925529e-03
3.160000000000000000e+02 8.531565143493935119e-03
3.170000000000000000e+02 8.531208842759952296e-03
3.180000000000000000e+02 8.530617947690189232e-03
3.190000000000000000e+02 8.530162542592733751e-03
3.200000000000000000e+02 8.529878652188927282e-03
3.210000000000000000e+02 8.529275079490616571e-03
3.220000000000000000e+02 8.528762654168530605e-03
3.230000000000000000e+02 8.528221503365785577e-03
3.240000000000000000e+02 8.527777338167652141e-03
3.250000000000000000e+02 8.527467737440019152e-03
3.260000000000000000e+02 8.526884129969403495e-03
3.270000000000000000e+02 8.526545367203652859e-03
3.280000000000000000e+02 8.526016009273006818e-03
3.290000000000000000e+02 8.525550499325618842e-03
3.300000000000000000e+02 8.525151235517114401e-03
3.310000000000000000e+02 8.524732268415390751e-03
3.320000000000000000e+02 8.524215320358052503e-03
3.330000000000000000e+02 8.523776236688717506e-03
3.340000000000000000e+02 8.523418137338012110e-03
3.350000000000000000e+02 8.522925683064386942e-03
3.360000000000000000e+02 8.522547176107763897e-03
3.370000000000000000e+02 8.522062347037718394e-03
3.380000000000000000e+02 8.521807484794408777e-03
3.390000000000000000e+02 8.521210105391219605e-03
3.400000000000000000e+02 8.520832308568060745e-03
3.410000000000000000e+02 8.520553604466841319e-03
3.420000000000000000e+02 8.520023705204948089e-03
3.430000000000000000e+02 8.519660466117785075e-03
3.440000000000000000e+02 8.519167476333678463e-03
3.450000000000000000e+02 8.518865826772525907e-03
3.460000000000000000e+02 8.518620114773511193e-03
3.470000000000000000e+02 8.518036332679912795e-03
3.480000000000000000e+02 8.517698716605081460e-03
3.490000000000000000e+02 8.517195022432134249e-03
3.500000000000000000e+02 8.516857965150847337e-03
3.510000000000000000e+02 8.516624267213047245e-03
3.520000000000000000e+02 8.516452106414362441e-03
3.530000000000000000e+02 8.516249025706201098e-03
3.540000000000000000e+02 8.516066189622506152e-03
3.550000000000000000e+02 8.515819313470274904e-03
3.560000000000000000e+02 8.515714679379015467e-03
3.570000000000000000e+02 8.515459770569578160e-03
3.580000000000000000e+02 8.515217015519738544e-03
3.590000000000000000e+02 8.515112346503882906e-03
3.600000000000000000e+02 8.514933678088709018e-03
3.610000000000000000e+02 8.514684438705445030e-03
3.620000000000000000e+02 8.514459949219599019e-03
3.630000000000000000e+02 8.514317026128991744e-03
3.640000000000000000e+02 8.514125569490715861e-03
3.650000000000000000e+02 8.513886545551940452e-03
3.660000000000000000e+02 8.513750653946772218e-03
3.670000000000000000e+02 8.513562846928834915e-03
3.680000000000000000e+02 8.513341576326638113e-03
3.690000000000000000e+02 8.513214089907706131e-03
3.700000000000000000e+02 8.512961067026481032e-03
3.710000000000000000e+02 8.512854628497735013e-03
3.720000000000000000e+02 8.512742229504511107e-03
3.730000000000000000e+02 8.512461074860765836e-03
3.740000000000000000e+02 8.512300450820475123e-03
3.750000000000000000e+02 8.512036042520775697e-03
3.760000000000000000e+02 8.511826983885839235e-03
3.770000000000000000e+02 8.511652896413580277e-03
3.780000000000000000e+02 8.511536580044776201e-03
3.790000000000000000e+02 8.511327515589073994e-03
3.800000000000000000e+02 8.511088910745456468e-03
3.810000000000000000e+02 8.510903798742220153e-03
3.820000000000000000e+02 8.510751422727480184e-03
3.830000000000000000e+02 8.510540326824411750e-03
3.840000000000000000e+02 8.510377409402280699e-03
3.850000000000000000e+02 8.510152844246476542e-03
3.860000000000000000e+02 8.510016009677202203e-03
3.870000000000000000e+02 8.509852539282292475e-03
3.880000000000000000e+02 8.509698673151433468e-03
3.890000000000000000e+02 8.509555598720908165e-03
3.900000000000000000e+02 8.509264228632674315e-03
3.910000000000000000e+02 8.509130746824666511e-03
3.920000000000000000e+02 8.508948510279879668e-03
3.930000000000000000e+02 8.508714119670912623e-03
3.940000000000000000e+02 8.508558192988856933e-03
3.950000000000000000e+02 8.508388366317376147e-03
3.960000000000000000e+02 8.508249890292063009e-03
3.970000000000000000e+02 8.508013031678274621e-03
3.980000000000000000e+02 8.507923886645585645e-03
3.990000000000000000e+02 8.507661416660993597e-03
4.000000000000000000e+02 8.507506491150706660e-03
4.010000000000000000e+02 8.507409819867462614e-03
4.020000000000000000e+02 8.507293980801477334e-03
4.030000000000000000e+02 8.507217204896732471e-03
4.040000000000000000e+02 8.507113752420992006e-03
4.050000000000000000e+02 8.507090306375175368e-03
4.060000000000000000e+02 8.506972959730773817e-03
4.070000000000000000e+02 8.506866241805254719e-03
4.080000000000000000e+02 8.506792946718633175e-03
4.090000000000000000e+02 8.506685472093522202e-03
4.100000000000000000e+02 8.506610244512557290e-03
4.110000000000000000e+02 8.506518311332911947e-03
4.120000000000000000e+02 8.506402996135874889e-03
4.130000000000000000e+02 8.506336831487715244e-03
4.140000000000000000e+02 8.506257680710404417e-03
4.150000000000000000e+02 8.506162458797917464e-03
4.160000000000000000e+02 8.506064704852179040e-03
4.170000000000000000e+02 8.505974960280581962e-03
4.180000000000000000e+02 8.505885530030354164e-03
4.190000000000000000e+02 8.505814825184643269e-03
4.200000000000000000e+02 8.505703194532542727e-03
4.210000000000000000e+02 8.505620789946988225e-03
4.220000000000000000e+02 8.505533635616301796e-03
4.230000000000000000e+02 8.505424641771241329e-03
4.240000000000000000e+02 8.505364554002881397e-03
4.250000000000000000e+02 8.505263138795271169e-03
4.260000000000000000e+02 8.505212923046201814e-03
4.270000000000000000e+02 8.505111967679113150e-03
4.280000000000000000e+02 8.505031786626204848e-03
4.290000000000000000e+02 8.504935941891745080e-03
4.300000000000000000e+02 8.504839986562729229e-03
4.310000000000000000e+02 8.504789939615875136e-03
4.320000000000000000e+02 8.504649298265576710e-03
4.330000000000000000e+02 8.504598663421347737e-03
4.340000000000000000e+02 8.504519576672465303e-03
4.350000000000000000e+02 8.504433708731084715e-03
4.360000000000000000e+02 8.504300552885979414e-03
4.370000000000000000e+02 8.504269819241017103e-03
4.380000000000000000e+02 8.504150807857513775e-03
4.390000000000000000e+02 8.504039817489683281e-03
4.400000000000000000e+02 8.503961423411966064e-03
4.410000000000000000e+02 8.503882039804011583e-03
4.420000000000000000e+02 8.503790292888880470e-03
4.430000000000000000e+02 8.503715699771419861e-03
4.440000000000000000e+02 8.503645833116024733e-03
4.450000000000000000e+02 8.503541653044521115e-03
4.460000000000000000e+02 8.503449067939072500e-03
4.470000000000000000e+02 8.503386302618310549e-03
4.480000000000000000e+02 8.503259619465098132e-03
4.490000000000000000e+02 8.503174793440848242e-03
4.500000000000000000e+02 8.503110165474937060e-03
4.510000000000000000e+02 8.503062819363549699e-03
4.520000000000000000e+02 8.503015711903571736e-03
4.530000000000000000e+02 8.502992021385579954e-03
4.540000000000000000e+02 8.502929483074694178e-03
4.550000000000000000e+02 8.502890262752771725e-03
4.560000000000000000e+02 8.502853027312084339e-03
4.570000000000000000e+02 8.502819325076415441e-03
4.580000000000000000e+02 8.502757840324193586e-03
4.590000000000000000e+02 8.502714300993830313e-03
4.600000000000000000e+02 8.502673893235623143e-03
4.610000000000000000e+02 8.502637903438881387e-03
4.620000000000000000e+02 8.502614038297906865e-03
4.630000000000000000e+02 8.502566273091361621e-03
4.640000000000000000e+02 8.502519462490453969e-03
4.650000000000000000e+02 8.502455602865666151e-03
4.660000000000000000e+02 8.502416271949187615e-03
4.670000000000000000e+02 8.502385474275796912e-03
4.680000000000000000e+02 8.502350345952435634e-03
4.690000000000000000e+02 8.502306463196874359e-03
4.700000000000000000e+02 8.502262423280625842e-03
4.710000000000000000e+02 8.502211800077930093e-03
4.720000000000000000e+02 8.502165024401620377e-03
4.730000000000000000e+02 8.502131712157278906e-03
4.740000000000000000e+02 8.502075646538287748e-03
4.750000000000000000e+02 8.502038457663729787e-03
4.760000000000000000e+02 8.501993439858778964e-03
4.770000000000000000e+02 8.501953852828592062e-03
4.780000000000000000e+02 8.501913951477035880e-03
4.790000000000000000e+02 8.501874958164989601e-03
4.800000000000000000e+02 8.501819602679460894e-03
4.810000000000000000e+02 8.501783345127477548e-03
4.820000000000000000e+02 8.501732180593534610e-03
4.830000000000000000e+02 8.501693332800642350e-03
4.840000000000000000e+02 8.501655131112784147e-03
4.850000000000000000e+02 8.501604589400812290e-03
4.860000000000000000e+02 8.501573553076013923e-03
4.870000000000000000e+02 8.501531719230116108e-03
4.880000000000000000e+02 8.501483901636675694e-03
4.890000000000000000e+02 8.501447015441953789e-03
4.900000000000000000e+02 8.501423639245331287e-03
4.910000000000000000e+02 8.501354948384687651e-03
4.920000000000000000e+02 8.501327404519542358e-03
4.930000000000000000e+02 8.501261606579647162e-03
4.940000000000000000e+02 8.501238306052982807e-03
4.950000000000000000e+02 8.501206792425363909e-03
4.960000000000000000e+02 8.501154213445261815e-03
4.970000000000000000e+02 8.501114865066484311e-03
4.980000000000000000e+02 8.501063147559762695e-03
4.990000000000000000e+02 8.501020661788061608e-03
