0.000000000000000000e+00 1.042208849768542639e-01
1.000000000000000000e+00 3.435380073810494206e-02
2.000000000000000000e+00 3.423962536988976301e-03
3.000000000000000000e+00 2.823360084772236992e-03
4.000000000000000000e+00 2.759626410199925509e-03
5.000000000000000000e+00 2.737419208675028262e-03
6.000000000000000000e+00 2.717013111056286456e-03
7.000000000000000000e+00 2.693501551258057052e-03
8.000000000000000000e+00 2.676727904085425287e-03
9.000000000000000000e+00 2.655466097351696139e-03
1.000000000000000000e+01 2.636445190688316981e-03
1.100000000000000000e+01 2.618960080690247057e-03
1.200000000000000000e+01 2.602757156905487115e-03
1.300000000000000000e+01 2.583431679851952694e-03
1.400000000000000000e+01 2.569365942655380940e-03
1.500000000000000000e+01 2.550680883175135936e-03
1.600000000000000000e+01 2.542071715078163263e-03
1.700000000000000000e+01 2.522468809535692320e-03
1.800000000000000000e+01 2.503906461610150031e-03
1.900000000000000000e+01 2.491781395594640149e-03
2.000000000000000000e+01 2.474764210085919104e-03
2.100000000000000000e+01 2.456771825901320812e-03
2.200000000000000000e+01 2.438917444665184096e-03
2.300000000000000000e+01 2.427183666513807545e-03
2.400000000000000000e+01 2.406468118965372858e-03
2.500000000000000000e+01 2.386250138924824685e-03
2.600000000000000000e+01 2.369421444513983375e-03
2.700000000000000000e+01 2.347108099601492512e-03
2.800000000000000000e+01 2.330713686094543040e-03
2.900000000000000000e+01 2.308564356344187159e-03
3.000000000000000000e+01 2.287263879498967895e-03
3.100000000000000000e+01 2.258675115326593246e-03
3.200000000000000000e+01 2.236512349223466079e-03
3.300000000000000000e+01 2.207346029066038860e-03
3.400000000000000000e+01 2.185546605715781368e-03
3.500000000000000000e+01 2.144860965517990815e-03
3.600000000000000000e+01 2.116147517011049070e-03
3.700000000000000000e+01 2.079300991378553974e-03
3.800000000000000000e+01 2.024964012798616091e-03
3.900000000000000000e+01 1.993541845947781593e-03
4.000000000000000000e+01 1.920131064249830551e-03
4.100000000000000000e+01 1.838881043788638840e-03
4.200000000000000000e+01 1.765338289332756948e-03
4.300000000000000000e+01 1.707435794560457345e-03
4.400000000000000000e+01 1.614306298533382290e-03
4.500000000000000000e+01 1.471223580559030989e-03
4.600000000000000000e+01 1.360628447629628037e-03
4.700000000000000000e+01 1.241173201857082627e-03
4.800000000000000000e+01 1.155589972783224034e-03
4.900000000000000000e+01 1.089910454413064826e-03
5.000000000000000000e+01 1.059611931319979486e-03
5.100000000000000000e+01 1.041570658740609279e-03
5.200000000000000000e+01 1.025516765165151263e-03
5.300000000000000000e+01 1.020431377692743212e-03
5.400000000000000000e+01 1.013903210305321361e-03
5.500000000000000000e+01 1.013420155017546878e-03
5.600000000000000000e+01 1.006393478713860177e-03
5.700000000000000000e+01 1.006626884334756947e-03
5.800000000000000000e+01 9.987256160523946477e-04
5.900000000000000000e+01 9.992416495608993140e-04
6.000000000000000000e+01 1.012732421177216062e-03
6.100000000000000000e+01 9.981646890175526008e-04
6.200000000000000000e+01 9.971782341918285133e-04
6.300000000000000000e+01 1.002778639156155045e-03
6.400000000000000000e+01 9.945894755445541888e-04
6.500000000000000000e+01 9.982565774434243398e-04
6.600000000000000000e+01 9.908515436242246871e-04
6.700000000000000000e+01 9.878522432260569176e-04
6.800000000000000000e+01 9.905784952180831087e-04
6.900000000000000000e+01 9.951256344127590043e-04
7.000000000000000000e+01 9.901547290791848626e-04
7.100000000000000000e+01 9.864233060055942887e-04
7.200000000000000000e+01 9.945150172431178100e-04
7.300000000000000000e+01 9.888990798364246954e-04
7.400000000000000000e+01 9.875815479892511607e-04
7.500000000000000000e+01 9.912692608847160913e-04
7.600000000000000000e+01 9.876873300248860052e-04
7.700000000000000000e+01 9.859596718598167067e-04
7.800000000000000000e+01 9.835433445207323894e-04
7.900000000000000000e+01 9.938971519833003903e-04
8.000000000000000000e+01 9.864483108286737929e-04
8.100000000000000000e+01 9.830260264375272061e-04
8.200000000000000000e+01 9.797054713354944912e-04
8.300000000000000000e+01 9.819758793421066740e-04
8.400000000000000000e+01 9.881879480239863164e-04
8.500000000000000000e+01 9.826343496932776148e-04
8.600000000000000000e+01 9.840951579353205726e-04
8.700000000000000000e+01 9.910482022346008262e-04
8.800000000000000000e+01 9.852724410637492530e-04
8.900000000000000000e+01 9.828516075600019549e-04
9.000000000000000000e+01 9.792697770825144980e-04
9.100000000000000000e+01 9.863945647507873973e-04
9.200000000000000000e+01 9.766884372417413730e-04
9.300000000000000000e+01 9.874299862755540197e-04
9.400000000000000000e+01 9.765694739735702925e-04
9.500000000000000000e+01 9.766315654576407206e-04
9.600000000000000000e+01 9.786522251141079043e-04
9.700000000000000000e+01 9.784782430784866661e-04
9.800000000000000000e+01 9.795391663494799547e-04
9.900000000000000000e+01 9.735829425618547014e-04
1.000000000000000000e+02 9.852987316208102787e-04
1.010000000000000000e+02 9.818013542613880477e-04
1.020000000000000000e+02 9.789490319724568086e-04
1.030000000000000000e+02 9.795751065413682828e-04
1.040000000000000000e+02 9.739760583102366172e-04
1.050000000000000000e+02 9.818506513589336272e-04
1.060000000000000000e+02 9.756292958612186551e-04
1.070000000000000000e+02 9.728406930228021120e-04
1.080000000000000000e+02 9.729358083798494636e-04
1.090000000000000000e+02 9.748164379099694479e-04
1.100000000000000000e+02 9.711214435231938944e-04
1.110000000000000000e+02 9.718718343306599183e-04
1.120000000000000000e+02 9.702268627454768701e-04
1.130000000000000000e+02 9.745108541391119157e-04
1.140000000000000000e+02 9.727123355926756447e-04
1.150000000000000000e+02 9.709094717904589653e-04
1.160000000000000000e+02 9.718648843476833171e-04
1.170000000000000000e+02 9.746518046193122483e-04
1.180000000000000000e+02 9.707000282739407107e-04
1.190000000000000000e+02 9.708319511905953800e-04
1.200000000000000000e+02 9.710557445519740760e-04
1.210000000000000000e+02 9.732064476269719532e-04
1.220000000000000000e+02 9.814801486933753902e-04
1.230000000000000000e+02 9.720871052566876485e-04
1.240000000000000000e+02 9.688037429012120788e-04
1.250000000000000000e+02 9.677723811615696363e-04
1.260000000000000000e+02 9.661975792922390888e-04
1.270000000000000000e+02 9.764358873461566205e-04
1.280000000000000000e+02 9.701111327443579955e-04
1.290000000000000000e+02 9.694622428361369774e-04
1.300000000000000000e+02 9.721162713216325614e-04
1.310000000000000000e+02 9.666104189153210688e-04
1.320000000000000000e+02 9.723886367454061047e-04
1.330000000000000000e+02 9.697968152608996790e-04
1.340000000000000000e+02 9.668866006619656131e-04
1.350000000000000000e+02 9.665434241854708661e-04
1.360000000000000000e+02 9.667302093453594702e-04
1.370000000000000000e+02 9.763241239389269235e-04
1.380000000000000000e+02 9.691355125993122641e-04
1.390000000000000000e+02 9.666068326155332225e-04
1.400000000000000000e+02 9.666014251949480275e-04
1.410000000000000000e+02 9.678097178077579247e-04
1.420000000000000000e+02 9.668162273390629472e-04
1.430000000000000000e+02 9.647269716132260246e-04
1.440000000000000000e+02 9.702214181236862344e-04
1.450000000000000000e+02 9.695276350835330473e-04
1.460000000000000000e+02 9.723678232013293916e-04
1.470000000000000000e+02 9.648347322275073858e-04
1.480000000000000000e+02 9.661784560355228665e-04
1.490000000000000000e+02 9.638966749058224199e-04
1.500000000000000000e+02 9.649808747137247856e-04
1.510000000000000000e+02 9.701895436486642713e-04
1.520000000000000000e+02 9.653487791772230554e-04
1.530000000000000000e+02 9.636507473047096822e-04
1.540000000000000000e+02 9.654115117823873059e-04
1.550000000000000000e+02 9.699081092690775216e-04
1.560000000000000000e+02 9.686915515271064684e-04
1.570000000000000000e+02 9.643178729284333306e-04
1.580000000000000000e+02 9.669142617874514501e-04
1.590000000000000000e+02 9.691839869216167845e-04
1.600000000000000000e+02 9.660051647727875687e-04
1.610000000000000000e+02 9.812845380813724466e-04
1.620000000000000000e+02 9.683501852464810071e-04
1.630000000000000000e+02 9.640029702047641204e-04
1.640000000000000000e+02 9.630527446436939771e-04
1.650000000000000000e+02 9.646464688306079010e-04
1.660000000000000000e+02 9.630470410306144228e-04
1.670000000000000000e+02 9.660949485882523507e-04
1.680000000000000000e+02 9.795991868591057139e-04
1.690000000000000000e+02 9.703073412156719337e-04
1.700000000000000000e+02 9.694038607955379055e-04
1.710000000000000000e+02 9.652106408115997301e-04
1.720000000000000000e+02 9.644283089683316351e-04
1.730000000000000000e+02 9.709108144474714458e-04
1.740000000000000000e+02 9.732899183851147131e-04
1.750000000000000000e+02 9.631661587407376775e-04
1.760000000000000000e+02 9.702913930777194327e-04
1.770000000000000000e+02 9.661841071095504272e-04
1.780000000000000000e+02 9.641917587338049355e-04
1.790000000000000000e+02 9.674275713599806824e-04
1.800000000000000000e+02 9.655783233061972747e-04
1.810000000000000000e+02 9.640895729100105614e-04
1.820000000000000000e+02 9.672535114335408662e-04
1.830000000000000000e+02 9.634150041674141530e-04
1.840000000000000000e+02 9.702431592962645207e-04
1.850000000000000000e+02 9.621297238121397175e-04
1.860000000000000000e+02 9.642207734272574679e-04
1.870000000000000000e+02 9.645487182276812899e-04
1.880000000000000000e+02 9.621324027100189606e-04
1.890000000000000000e+02 9.648247706766149498e-04
1.900000000000000000e+02 9.645596017646630889e-04
1.910000000000000000e+02 9.638983672204708619e-04
1.920000000000000000e+02 9.747515075222634110e-04
1.930000000000000000e+02 9.637468965833285474e-04
1.940000000000000000e+02 9.603077849159759446e-04
1.950000000000000000e+02 9.637197168706336352e-04
1.960000000000000000e+02 9.619742465172705613e-04
1.970000000000000000e+02 9.612862074081766775e-04
1.980000000000000000e+02 9.628306011398275006e-04
1.990000000000000000e+02 9.601992284564561317e-04
2.000000000000000000e+02 9.621982560000756765e-04
2.010000000000000000e+02 9.608312220652376074e-04
2.020000000000000000e+02 9.654738929899481584e-04
2.030000000000000000e+02 9.701716328038180589e-04
