0.000000000000000000e+00 6.926791820939644240e-02
1.000000000000000000e+00 1.570593887778645205e-03
2.000000000000000000e+00 4.789892348403145439e-04
3.000000000000000000e+00 4.240468275616960086e-04
4.000000000000000000e+00 4.231165372228120453e-04
5.000000000000000000e+00 4.233710533929475840e-04
6.000000000000000000e+00 4.228928300134939867e-04
7.000000000000000000e+00 4.238609866156900496e-04
8.000000000000000000e+00 4.233160320343853141e-04
9.000000000000000000e+00 4.242797919777086283e-04
1.000000000000000000e+01 4.232261685960992835e-04
1.100000000000000000e+01 4.246400079871050096e-04
1.200000000000000000e+01 4.273718834913424881e-04
1.300000000000000000e+01 4.280414879122294890e-04
1.400000000000000000e+01 4.242132619748891550e-04
1.500000000000000000e+01 4.260216355489909908e-04
1.600000000000000000e+01 4.226089815112412502e-04
1.700000000000000000e+01 4.228157340198284223e-04
1.800000000000000000e+01 4.237397615301250007e-04
1.900000000000000000e+01 4.249911405461958809e-04
2.000000000000000000e+01 4.328044513846321579e-04
2.100000000000000000e+01 4.298189753642493250e-04
2.200000000000000000e+01 4.258844330338603062e-04
2.300000000000000000e+01 4.232775528445845170e-04
2.400000000000000000e+01 4.234658328294666168e-04
2.500000000000000000e+01 4.288699592098499120e-04
2.600000000000000000e+01 4.252386607593072786e-04
2.700000000000000000e+01 4.236471798343037845e-04
2.800000000000000000e+01 4.360019773844867009e-04
2.900000000000000000e+01 4.270125657839416670e-04
3.000000000000000000e+01 4.220737093488685665e-04
3.100000000000000000e+01 4.269190317074569689e-04
3.200000000000000000e+01 4.243124773941547379e-04
3.300000000000000000e+01 4.241373749968057379e-04
3.400000000000000000e+01 4.230712178881584863e-04
3.500000000000000000e+01 4.232347157608488996e-04
3.600000000000000000e+01 4.219439547184553703e-04
3.700000000000000000e+01 4.271798660464445983e-04
3.800000000000000000e+01 4.342036021415936697e-04
3.900000000000000000e+01 4.225758610708899498e-04
4.000000000000000000e+01 4.292913264287662807e-04
4.100000000000000000e+01 4.253482708144192643e-04
4.200000000000000000e+01 4.226977827961935700e-04
4.300000000000000000e+01 4.265277481748263504e-04
4.400000000000000000e+01 4.225294380562089752e-04
4.500000000000000000e+01 4.288783800982730559e-04
4.600000000000000000e+01 4.241740351873590840e-04
4.700000000000000000e+01 4.258729371016490369e-04
4.800000000000000000e+01 4.223905176733560858e-04
4.900000000000000000e+01 4.354969629395411533e-04
5.000000000000000000e+01 4.287042589239042564e-04
5.100000000000000000e+01 4.338450702504793475e-04
5.200000000000000000e+01 4.280273101493234193e-04
5.300000000000000000e+01 4.279052610763862756e-04
5.400000000000000000e+01 4.330338190257139344e-04
5.500000000000000000e+01 4.281675594932865753e-04
5.600000000000000000e+01 4.239337060586833975e-04
5.700000000000000000e+01 4.278243605997583752e-04
5.800000000000000000e+01 4.290445681891033049e-04
5.900000000000000000e+01 4.228938135037662812e-04
6.000000000000000000e+01 4.281004050105092313e-04
6.100000000000000000e+01 4.354312575810841872e-04
6.200000000000000000e+01 4.337204467024634996e-04
6.300000000000000000e+01 4.205755854314534412e-04
6.400000000000000000e+01 4.328995021575946845e-04
6.500000000000000000e+01 4.239799027007696577e-04
6.600000000000000000e+01 4.243569976208103165e-04
6.700000000000000000e+01 4.332410952735586901e-04
6.800000000000000000e+01 4.172077454072203829e-04
6.900000000000000000e+01 4.177176734017932157e-04
7.000000000000000000e+01 4.199274026868883981e-04
7.100000000000000000e+01 4.196859873667136624e-04
7.200000000000000000e+01 4.155749919517690862e-04
7.300000000000000000e+01 4.191804649297368080e-04
7.400000000000000000e+01 4.132326148610284962e-04
7.500000000000000000e+01 4.022562727205348273e-04
7.600000000000000000e+01 3.836109053732404033e-04
7.700000000000000000e+01 3.363110118732314012e-04
7.800000000000000000e+01 3.289107582551152923e-04
7.900000000000000000e+01 2.542792473116604044e-04
8.000000000000000000e+01 2.226351208321637721e-04
8.100000000000000000e+01 1.351901265674044096e-04
8.200000000000000000e+01 1.193862354620483628e-04
8.300000000000000000e+01 8.998488225309284538e-05
8.400000000000000000e+01 9.610761915205818899e-05
8.500000000000000000e+01 1.208057242135929780e-04
8.600000000000000000e+01 8.464640279191158908e-05
8.700000000000000000e+01 9.017307013827549633e-05
8.800000000000000000e+01 8.363299163263822800e-05
8.900000000000000000e+01 8.395706712391620317e-05
9.000000000000000000e+01 8.836173113154952539e-05
9.100000000000000000e+01 7.915309545273587714e-05
9.200000000000000000e+01 7.732531403441947663e-05
9.300000000000000000e+01 8.248323383181628522e-05
9.400000000000000000e+01 7.903838341627457116e-05
9.500000000000000000e+01 7.620722128214562632e-05
9.600000000000000000e+01 8.147684100574321313e-05
9.700000000000000000e+01 7.842544848865571380e-05
9.800000000000000000e+01 1.081642858355350267e-04
9.900000000000000000e+01 8.619335245818647660e-05
1.000000000000000000e+02 8.001801779182791214e-05
1.010000000000000000e+02 7.590698164969841930e-05
1.020000000000000000e+02 8.341614716247006491e-05
1.030000000000000000e+02 8.416341514983196530e-05
1.040000000000000000e+02 7.783742590647738362e-05
1.050000000000000000e+02 7.653847665491767568e-05
1.060000000000000000e+02 7.484235198159834026e-05
1.070000000000000000e+02 7.789309897958067018e-05
1.080000000000000000e+02 8.585251608307399856e-05
1.090000000000000000e+02 7.983928442854800790e-05
1.100000000000000000e+02 8.481219624173355707e-05
1.110000000000000000e+02 7.570226197443053980e-05
1.120000000000000000e+02 7.617884843851996260e-05
1.130000000000000000e+02 7.906461165069200974e-05
1.140000000000000000e+02 8.620559539544847137e-05
1.150000000000000000e+02 9.063495843780577769e-05
1.160000000000000000e+02 8.168951389505359640e-05
1.170000000000000000e+02 9.420291166432443960e-05
1.180000000000000000e+02 8.355259485443071671e-05
1.190000000000000000e+02 8.644384589466834251e-05
1.200000000000000000e+02 7.532734848499189986e-05
1.210000000000000000e+02 7.570160382977110893e-05
1.220000000000000000e+02 8.077667938402265904e-05
1.230000000000000000e+02 7.787767752810354003e-05
1.240000000000000000e+02 7.464328171897599779e-05
1.250000000000000000e+02 7.957453244065670309e-05
1.260000000000000000e+02 7.572898050375668209e-05
1.270000000000000000e+02 8.298460517046478294e-05
1.280000000000000000e+02 9.110161396584925140e-05
1.290000000000000000e+02 8.065263025581142055e-05
1.300000000000000000e+02 9.141040274041704601e-05
1.310000000000000000e+02 8.157691906992952920e-05
1.320000000000000000e+02 7.905993030449402000e-05
1.330000000000000000e+02 7.954277861613884022e-05
1.340000000000000000e+02 7.624475778323825553e-05
1.350000000000000000e+02 7.628874934265445396e-05
1.360000000000000000e+02 8.326976214256169920e-05
1.370000000000000000e+02 7.732088803624094920e-05
1.380000000000000000e+02 7.764483521915116894e-05
1.390000000000000000e+02 7.476996336568389934e-05
1.400000000000000000e+02 7.682486536133996716e-05
1.410000000000000000e+02 8.142149609326942907e-05
1.420000000000000000e+02 7.723484986761241426e-05
1.430000000000000000e+02 7.581338564734050559e-05
1.440000000000000000e+02 8.357265673622561492e-05
1.450000000000000000e+02 8.677169145042005951e-05
1.460000000000000000e+02 7.807682107636083511e-05
1.470000000000000000e+02 7.581102977765578779e-05
1.480000000000000000e+02 8.866747123723896489e-05
1.490000000000000000e+02 8.019079788634830321e-05
1.500000000000000000e+02 8.202214114429508555e-05
1.510000000000000000e+02 9.292063625570941223e-05
1.520000000000000000e+02 8.271906346499162247e-05
1.530000000000000000e+02 7.731532664189616282e-05
1.540000000000000000e+02 7.577930759587854449e-05
1.550000000000000000e+02 7.620600266758870633e-05
1.560000000000000000e+02 7.701103170054240379e-05
1.570000000000000000e+02 8.790295908109493743e-05
1.580000000000000000e+02 9.352071701494905453e-05
1.590000000000000000e+02 8.060299720022111856e-05
1.600000000000000000e+02 7.464657463228945467e-05
1.610000000000000000e+02 8.020542453639435611e-05
1.620000000000000000e+02 7.573810116659613603e-05
1.630000000000000000e+02 7.536028183280542173e-05
1.640000000000000000e+02 8.649462159757822166e-05
1.650000000000000000e+02 1.000828617608379227e-04
1.660000000000000000e+02 7.518422373561799469e-05
1.670000000000000000e+02 8.193899364336669760e-05
1.680000000000000000e+02 7.941451818024912544e-05
1.690000000000000000e+02 7.496776374812233793e-05
1.700000000000000000e+02 8.017298358359899874e-05
1.710000000000000000e+02 7.517593506276183668e-05
1.720000000000000000e+02 7.746876529703589130e-05
1.730000000000000000e+02 8.466275648049988829e-05
1.740000000000000000e+02 8.022652576274417362e-05
1.750000000000000000e+02 7.603862826171356069e-05
1.760000000000000000e+02 7.641235429320600574e-05
1.770000000000000000e+02 7.686418331336631888e-05
1.780000000000000000e+02 8.584734497300332214e-05
1.790000000000000000e+02 8.032973145373020914e-05
1.800000000000000000e+02 7.568146611412706855e-05
1.810000000000000000e+02 7.661454805614637280e-05
1.820000000000000000e+02 8.105900692274556395e-05
1.830000000000000000e+02 7.601088395566381935e-05
1.840000000000000000e+02 7.877844302585274873e-05
1.850000000000000000e+02 8.355520769757111908e-05
1.860000000000000000e+02 8.171562795708711268e-05
1.870000000000000000e+02 8.119507148894396687e-05
1.880000000000000000e+02 7.588199920650670724e-05
1.890000000000000000e+02 7.519427878211749330e-05
1.900000000000000000e+02 7.449574363480181865e-05
1.910000000000000000e+02 8.035314507203192367e-05
1.920000000000000000e+02 7.532118902936660147e-05
1.930000000000000000e+02 8.059143659713019514e-05
1.940000000000000000e+02 7.759628936583635322e-05
1.950000000000000000e+02 8.223542469150218158e-05
1.960000000000000000e+02 8.548709730670711528e-05
1.970000000000000000e+02 8.208749963866304581e-05
1.980000000000000000e+02 7.765111516558513625e-05
1.990000000000000000e+02 7.676516331413320055e-05
2.000000000000000000e+02 7.744955238607231828e-05
2.010000000000000000e+02 9.338400819860371443e-05
2.020000000000000000e+02 8.905198283100559779e-05
2.030000000000000000e+02 8.817283670870387704e-05
2.040000000000000000e+02 8.279055737395346777e-05
2.050000000000000000e+02 8.511152483660872168e-05
2.060000000000000000e+02 7.711827708895977113e-05
2.070000000000000000e+02 7.521248236050162290e-05
2.080000000000000000e+02 7.661925484259078894e-05
2.090000000000000000e+02 7.950356551932695188e-05
2.100000000000000000e+02 7.773702443162034640e-05
2.110000000000000000e+02 8.089928558771752258e-05
2.120000000000000000e+02 8.761122677901888851e-05
2.130000000000000000e+02 7.482138379710016028e-05
2.140000000000000000e+02 7.482718130373283043e-05
2.150000000000000000e+02 7.931579498711766236e-05
2.160000000000000000e+02 7.772569976423557574e-05
2.170000000000000000e+02 7.772939991305261162e-05
2.180000000000000000e+02 7.845987985226466992e-05
2.190000000000000000e+02 7.800363431533802606e-05
2.200000000000000000e+02 9.305517089094078489e-05
2.210000000000000000e+02 8.434550267397851171e-05
2.220000000000000000e+02 7.640007161906491344e-05
2.230000000000000000e+02 7.587822184962087564e-05
2.240000000000000000e+02 7.686032402680024339e-05
2.250000000000000000e+02 7.641757446894585301e-05
2.260000000000000000e+02 7.649780608949868137e-05
2.270000000000000000e+02 7.762552849397216662e-05
2.280000000000000000e+02 7.891085398241459768e-05
2.290000000000000000e+02 8.228573972706921993e-05
2.300000000000000000e+02 7.505823769355595787e-05
2.310000000000000000e+02 7.699663783076310646e-05
2.320000000000000000e+02 7.423683251116970085e-05
2.330000000000000000e+02 7.630489439579681097e-05
2.340000000000000000e+02 8.089224013796887409e-05
2.350000000000000000e+02 1.021257856134605047e-04
2.360000000000000000e+02 7.880044808869458503e-05
2.370000000000000000e+02 7.476518234879259356e-05
2.380000000000000000e+02 7.621128191635915974e-05
2.390000000000000000e+02 7.651757509377018508e-05
2.400000000000000000e+02 8.419544280695591388e-05
2.410000000000000000e+02 8.646185635892197755e-05
2.420000000000000000e+02 7.697297921504275852e-05
2.430000000000000000e+02 7.753597029431194717e-05
2.440000000000000000e+02 7.940742621365306901e-05
2.450000000000000000e+02 7.876702096347833540e-05
2.460000000000000000e+02 7.587796197790489178e-05
2.470000000000000000e+02 8.054493210735986358e-05
2.480000000000000000e+02 7.825815421395658185e-05
2.490000000000000000e+02 7.474194073704697216e-05
2.500000000000000000e+02 7.761620987990022638e-05
2.510000000000000000e+02 7.820274081383338108e-05
2.520000000000000000e+02 7.943906235058875883e-05
2.530000000000000000e+02 7.961598209906506579e-05
2.540000000000000000e+02 7.706950330623360784e-05
2.550000000000000000e+02 7.827753433163664508e-05
2.560000000000000000e+02 7.897297824667403004e-05
2.570000000000000000e+02 7.675090274669230908e-05
2.580000000000000000e+02 7.704522934170074627e-05
2.590000000000000000e+02 7.438474832631139695e-05
2.600000000000000000e+02 7.834680598916230474e-05
2.610000000000000000e+02 7.846836277238021864e-05
2.620000000000000000e+02 7.512061965549866459e-05
2.630000000000000000e+02 7.708818319618118415e-05
2.640000000000000000e+02 7.675429189228793222e-05
2.650000000000000000e+02 7.790268042972719770e-05
2.660000000000000000e+02 8.226734718092424477e-05
2.670000000000000000e+02 7.560034323953314459e-05
2.680000000000000000e+02 7.740534895553979259e-05
2.690000000000000000e+02 7.650093039184599313e-05
2.700000000000000000e+02 8.064033537293828317e-05
2.710000000000000000e+02 7.918156708143280972e-05
2.720000000000000000e+02 8.788508871695876340e-05
2.730000000000000000e+02 8.153239091201065205e-05
2.740000000000000000e+02 8.341263795422912343e-05
2.750000000000000000e+02 7.553610904538191246e-05
2.760000000000000000e+02 7.682149178516569298e-05
2.770000000000000000e+02 7.910398360504430145e-05
2.780000000000000000e+02 7.698359850899237134e-05
2.790000000000000000e+02 7.491341002244703115e-05
2.800000000000000000e+02 7.740416128691140444e-05
2.810000000000000000e+02 7.618023563183253313e-05
2.820000000000000000e+02 7.807167247262744732e-05
2.830000000000000000e+02 7.398048409934026507e-05
2.840000000000000000e+02 8.204134763809713799e-05
2.850000000000000000e+02 7.789789792210715465e-05
2.860000000000000000e+02 7.585914913045133502e-05
2.870000000000000000e+02 7.779491826736291275e-05
2.880000000000000000e+02 7.610746460153761605e-05
2.890000000000000000e+02 7.553382699288889305e-05
2.900000000000000000e+02 7.525019297325372255e-05
2.910000000000000000e+02 7.406027796808650179e-05
2.920000000000000000e+02 7.500684277596315918e-05
2.930000000000000000e+02 7.724785966626666748e-05
2.940000000000000000e+02 7.460013949940494469e-05
2.950000000000000000e+02 8.003834528806870777e-05
2.960000000000000000e+02 7.688473041673190374e-05
2.970000000000000000e+02 7.929418262393591536e-05
2.980000000000000000e+02 7.562339490437783871e-05
2.990000000000000000e+02 7.772471070992276057e-05
3.000000000000000000e+02 7.396630066492979158e-05
3.010000000000000000e+02 8.080723843255106092e-05
3.020000000000000000e+02 7.388495506769494610e-05
3.030000000000000000e+02 7.347138374498605269e-05
3.040000000000000000e+02 7.493473680307568912e-05
3.050000000000000000e+02 7.536233865857839512e-05
3.060000000000000000e+02 7.890180557804617385e-05
3.070000000000000000e+02 7.538124909560623159e-05
3.080000000000000000e+02 7.573266946943832693e-05
3.090000000000000000e+02 7.713050590846265301e-05
3.100000000000000000e+02 8.465241994615818556e-05
3.110000000000000000e+02 8.352271828680925400e-05
3.120000000000000000e+02 7.776509422540953695e-05
3.130000000000000000e+02 7.487253133019523864e-05
3.140000000000000000e+02 7.729861992807885958e-05
3.150000000000000000e+02 7.536855183826859028e-05
3.160000000000000000e+02 7.687227210580658795e-05
3.170000000000000000e+02 7.687986828019231366e-05
3.180000000000000000e+02 7.594999766744940065e-05
3.190000000000000000e+02 7.994546005468101773e-05
3.200000000000000000e+02 7.400761888139780094e-05
3.210000000000000000e+02 7.362512555575321355e-05
3.220000000000000000e+02 7.555737105936196968e-05
3.230000000000000000e+02 7.491489702735892203e-05
3.240000000000000000e+02 7.575170059338227197e-05
3.250000000000000000e+02 7.513311371636165854e-05
3.260000000000000000e+02 7.420941581910994614e-05
3.270000000000000000e+02 7.465074030404595545e-05
3.280000000000000000e+02 7.489568718936436584e-05
3.290000000000000000e+02 7.687249161836016216e-05
3.300000000000000000e+02 7.533168484923785397e-05
3.310000000000000000e+02 7.549789334640269760e-05
3.320000000000000000e+02 7.926796455685131344e-05
3.330000000000000000e+02 7.622060427661530321e-05
3.340000000000000000e+02 7.620588881577508231e-05
3.350000000000000000e+02 7.897930356805248108e-05
3.360000000000000000e+02 7.579086435386047651e-05
3.370000000000000000e+02 8.062629223647325787e-05
3.380000000000000000e+02 7.695835961701409580e-05
3.390000000000000000e+02 7.862851936891498809e-05
3.400000000000000000e+02 7.777973337757621225e-05
3.410000000000000000e+02 7.599458540066807643e-05
3.420000000000000000e+02 7.477112937216005872e-05
3.430000000000000000e+02 7.691243786964005360e-05
3.440000000000000000e+02 7.584048401841976441e-05
3.450000000000000000e+02 7.384900612626846890e-05
3.460000000000000000e+02 7.531107475913116146e-05
3.470000000000000000e+02 7.384574377605845170e-05
3.480000000000000000e+02 7.402812058395042099e-05
3.490000000000000000e+02 7.609719930263366859e-05
3.500000000000000000e+02 7.553494051017509668e-05
3.510000000000000000e+02 8.062322101733994514e-05
3.520000000000000000e+02 8.134852652629132464e-05
3.530000000000000000e+02 7.529372739490049649e-05
3.540000000000000000e+02 7.616694295246582741e-05
3.550000000000000000e+02 7.469490839756177535e-05
3.560000000000000000e+02 7.542064768155885000e-05
3.570000000000000000e+02 7.750201772198940769e-05
3.580000000000000000e+02 7.490947728964546628e-05
3.590000000000000000e+02 7.416522190807173058e-05
3.600000000000000000e+02 7.555665952284811103e-05
3.610000000000000000e+02 7.568603507007647482e-05
3.620000000000000000e+02 7.480317413111444358e-05
3.630000000000000000e+02 7.587129650284908026e-05
3.640000000000000000e+02 7.718718987031749853e-05
3.650000000000000000e+02 7.678005135772404286e-05
3.660000000000000000e+02 7.799084586685239525e-05
3.670000000000000000e+02 7.535960307017723278e-05
3.680000000000000000e+02 7.499819361136118531e-05
3.690000000000000000e+02 7.830830713131945093e-05
3.700000000000000000e+02 7.465499102031884792e-05
3.710000000000000000e+02 7.470264726916013554e-05
3.720000000000000000e+02 7.411769322732894300e-05
3.730000000000000000e+02 7.596825922342115907e-05
3.740000000000000000e+02 7.611900042070987484e-05
3.750000000000000000e+02 7.506553876028122069e-05
3.760000000000000000e+02 7.546373379727835810e-05
3.770000000000000000e+02 7.733673295484555922e-05
3.780000000000000000e+02 8.538802134109534363e-05
3.790000000000000000e+02 7.597780900195614552e-05
3.800000000000000000e+02 7.324954018692422016e-05
3.810000000000000000e+02 7.656475128771402764e-05
3.820000000000000000e+02 7.661676962369874135e-05
3.830000000000000000e+02 7.533967416555480731e-05
3.840000000000000000e+02 7.751586030969391907e-05
3.850000000000000000e+02 7.425771444622465158e-05
3.860000000000000000e+02 7.569354313382270201e-05
3.870000000000000000e+02 7.530901582120871636e-05
3.880000000000000000e+02 7.358818340238397883e-05
3.890000000000000000e+02 7.679014611750060125e-05
3.900000000000000000e+02 7.350372329167284286e-05
3.910000000000000000e+02 7.620063582562111235e-05
3.920000000000000000e+02 7.338402682060975299e-05
3.930000000000000000e+02 7.813847226010481827e-05
3.940000000000000000e+02 7.724571447529809444e-05
3.950000000000000000e+02 7.725327935466022719e-05
3.960000000000000000e+02 7.504224779961244447e-05
3.970000000000000000e+02 8.290372195660570653e-05
3.980000000000000000e+02 7.562044175179907877e-05
3.990000000000000000e+02 7.525837250382344480e-05
4.000000000000000000e+02 7.469103807463455739e-05
4.010000000000000000e+02 7.613082686369196850e-05
4.020000000000000000e+02 7.490898149901084504e-05
4.030000000000000000e+02 7.365619674554291338e-05
4.040000000000000000e+02 7.710348343549448661e-05
4.050000000000000000e+02 7.439739950705514973e-05
4.060000000000000000e+02 7.498812657043683774e-05
4.070000000000000000e+02 7.837127594416028870e-05
4.080000000000000000e+02 7.318834745310116656e-05
4.090000000000000000e+02 7.360016071926339166e-05
4.100000000000000000e+02 7.647407916727042259e-05
4.110000000000000000e+02 7.619445670040796961e-05
4.120000000000000000e+02 7.667368674938705600e-05
4.130000000000000000e+02 7.755204883852826565e-05
4.140000000000000000e+02 7.388897255782831991e-05
4.150000000000000000e+02 7.430678601389435560e-05
4.160000000000000000e+02 7.610819119289925110e-05
4.170000000000000000e+02 7.457426415028563726e-05
4.180000000000000000e+02 7.606089047444231175e-05
4.190000000000000000e+02 7.371890166316267320e-05
4.200000000000000000e+02 7.322116109284323006e-05
4.210000000000000000e+02 7.708588854890429277e-05
4.220000000000000000e+02 7.462688048835046991e-05
4.230000000000000000e+02 7.496907011716427878e-05
4.240000000000000000e+02 7.409327924798272578e-05
4.250000000000000000e+02 7.490771483649218403e-05
4.260000000000000000e+02 7.359224864219431354e-05
4.270000000000000000e+02 7.593100855187184556e-05
4.280000000000000000e+02 7.329786214482246552e-05
4.290000000000000000e+02 7.413019787593942613e-05
4.300000000000000000e+02 7.518799555168218635e-05
4.310000000000000000e+02 7.435915456606822095e-05
4.320000000000000000e+02 7.682186782240603374e-05
4.330000000000000000e+02 7.398162006597689853e-05
4.340000000000000000e+02 7.340772394803416704e-05
4.350000000000000000e+02 7.488123094260687917e-05
4.360000000000000000e+02 7.408706604333240768e-05
4.370000000000000000e+02 7.683167822119343654e-05
4.380000000000000000e+02 7.517418891949938383e-05
4.390000000000000000e+02 7.477155950074906854e-05
4.400000000000000000e+02 7.534627222343165593e-05
4.410000000000000000e+02 7.463998592308072660e-05
4.420000000000000000e+02 7.405564398216203832e-05
4.430000000000000000e+02 7.583073272268056858e-05
4.440000000000000000e+02 7.765441715056583866e-05
4.450000000000000000e+02 7.330428288022936066e-05
4.460000000000000000e+02 7.370898411812983530e-05
4.470000000000000000e+02 7.540770819878527833e-05
4.480000000000000000e+02 7.540707586239898215e-05
4.490000000000000000e+02 7.503561494647309938e-05
4.500000000000000000e+02 7.485442702377794952e-05
4.510000000000000000e+02 7.670425983632930833e-05
4.520000000000000000e+02 7.322968417919714255e-05
4.530000000000000000e+02 7.884513320434854706e-05
4.540000000000000000e+02 7.517037708159122610e-05
4.550000000000000000e+02 7.563503105304429468e-05
4.560000000000000000e+02 7.438902060128838435e-05
4.570000000000000000e+02 7.519661275424090511e-05
4.580000000000000000e+02 7.471823634519238471e-05
4.590000000000000000e+02 7.475090580350305996e-05
4.600000000000000000e+02 7.442541366554906003e-05
4.610000000000000000e+02 7.338512763309970295e-05
4.620000000000000000e+02 7.462064244346977462e-05
4.630000000000000000e+02 7.349525802668156423e-05
4.640000000000000000e+02 7.492472725552477982e-05
4.650000000000000000e+02 7.477706576519737094e-05
4.660000000000000000e+02 7.514239274959550710e-05
4.670000000000000000e+02 7.779443029672851342e-05
4.680000000000000000e+02 7.551625292301307251e-05
4.690000000000000000e+02 7.364529611139478029e-05
4.700000000000000000e+02 7.304785836376387689e-05
4.710000000000000000e+02 7.363134616984604378e-05
4.720000000000000000e+02 7.551026416264150932e-05
4.730000000000000000e+02 7.472074885692916080e-05
4.740000000000000000e+02 7.639819717300692155e-05
4.750000000000000000e+02 7.405685615646367395e-05
4.760000000000000000e+02 7.530968629645019147e-05
4.770000000000000000e+02 7.347174678633261718e-05
4.780000000000000000e+02 7.636547515457453182e-05
4.790000000000000000e+02 7.380015541241820970e-05
4.800000000000000000e+02 7.448987258231990112e-05
4.810000000000000000e+02 7.586523529459552717e-05
4.820000000000000000e+02 7.511193379603644626e-05
4.830000000000000000e+02 7.316387159216411473e-05
4.840000000000000000e+02 7.409253037826433260e-05
4.850000000000000000e+02 7.457038514503089798e-05
4.860000000000000000e+02 7.978083681267717441e-05
4.870000000000000000e+02 8.153172248753894145e-05
4.880000000000000000e+02 7.341019036065081645e-05
4.890000000000000000e+02 7.362206856607327759e-05
4.900000000000000000e+02 7.313879780564312640e-05
4.910000000000000000e+02 7.581502139709743720e-05
4.920000000000000000e+02 7.405979325169869255e-05
4.930000000000000000e+02 7.446824482190391239e-05
4.940000000000000000e+02 7.447854710641280043e-05
4.950000000000000000e+02 7.358458465926099256e-05
4.960000000000000000e+02 7.465581699008456203e-05
4.970000000000000000e+02 7.531157470689521668e-05
4.980000000000000000e+02 7.369279712769910594e-05
4.990000000000000000e+02 7.338221037291077910e-05
5.000000000000000000e+02 7.299422084610563040e-05
5.010000000000000000e+02 7.349698490197402575e-05
5.020000000000000000e+02 7.329425359348207638e-05
5.030000000000000000e+02 7.354052816818386178e-05
5.040000000000000000e+02 7.441361336789511062e-05
5.050000000000000000e+02 7.533608179111402753e-05
5.060000000000000000e+02 7.757567370543910757e-05
5.070000000000000000e+02 7.354405163606156891e-05
5.080000000000000000e+02 7.346232000529339117e-05
5.090000000000000000e+02 7.481722390092699953e-05
5.100000000000000000e+02 7.366204003181290737e-05
5.110000000000000000e+02 7.351228597657508623e-05
5.120000000000000000e+02 7.341371078016517690e-05
5.130000000000000000e+02 7.356167554633269586e-05
5.140000000000000000e+02 7.416545337000940040e-05
5.150000000000000000e+02 7.499952690799170305e-05
5.160000000000000000e+02 7.450736045412627393e-05
5.170000000000000000e+02 7.346659518570885518e-05
5.180000000000000000e+02 7.359241468206420935e-05
5.190000000000000000e+02 7.686418662610648353e-05
5.200000000000000000e+02 7.337240274711206989e-05
5.210000000000000000e+02 7.374166278449083485e-05
5.220000000000000000e+02 7.382299045616382081e-05
5.230000000000000000e+02 7.306922309926226430e-05
5.240000000000000000e+02 7.322514366865044005e-05
5.250000000000000000e+02 7.417895091759871219e-05
5.260000000000000000e+02 7.346257681437413304e-05
5.270000000000000000e+02 7.372063922015892009e-05
5.280000000000000000e+02 7.324072027905717932e-05
5.290000000000000000e+02 7.461688186569469087e-05
5.300000000000000000e+02 7.539231564176005634e-05
5.310000000000000000e+02 7.383500725719480476e-05
5.320000000000000000e+02 7.473227717175842026e-05
5.330000000000000000e+02 7.414400692174895444e-05
5.340000000000000000e+02 7.304822449632332817e-05
5.350000000000000000e+02 7.296373305549222954e-05
5.360000000000000000e+02 7.294984227560911754e-05
5.370000000000000000e+02 7.345951681225565898e-05
5.380000000000000000e+02 7.618261680270606154e-05
5.390000000000000000e+02 7.520013988939262979e-05
5.400000000000000000e+02 7.478590006880798794e-05
5.410000000000000000e+02 7.438130668981101680e-05
5.420000000000000000e+02 7.431192431705398139e-05
5.430000000000000000e+02 7.372797502284254173e-05
5.440000000000000000e+02 7.308309072035000607e-05
5.450000000000000000e+02 7.369144521434616674e-05
5.460000000000000000e+02 7.393977781952398376e-05
5.470000000000000000e+02 7.433981573657577537e-05
5.480000000000000000e+02 7.378853837159017994e-05
5.490000000000000000e+02 7.349856973398318318e-05
5.500000000000000000e+02 7.460849340145691319e-05
5.510000000000000000e+02 7.380695474831647576e-05
5.520000000000000000e+02 7.449548515839368138e-05
5.530000000000000000e+02 7.378278978964577150e-05
5.540000000000000000e+02 7.305749597762213371e-05
5.550000000000000000e+02 7.364976821727951600e-05
5.560000000000000000e+02 7.399965750267171408e-05
5.570000000000000000e+02 7.495022164823992889e-05
5.580000000000000000e+02 7.514228349927325797e-05
5.590000000000000000e+02 7.416210454560703380e-05
5.600000000000000000e+02 7.336406435061451560e-05
5.610000000000000000e+02 7.406606946137449677e-05
5.620000000000000000e+02 7.487074165728349964e-05
5.630000000000000000e+02 7.358599776422460243e-05
5.640000000000000000e+02 7.380378314172887297e-05
5.650000000000000000e+02 7.317842480111344419e-05
5.660000000000000000e+02 7.644813790502371492e-05
5.670000000000000000e+02 7.362532910792889812e-05
5.680000000000000000e+02 7.507518549930211203e-05
5.690000000000000000e+02 7.382985327800406776e-05
5.700000000000000000e+02 7.444293136742335980e-05
5.710000000000000000e+02 7.427579310846283193e-05
5.720000000000000000e+02 7.400606267498524690e-05
5.730000000000000000e+02 7.929386373964640361e-05
5.740000000000000000e+02 7.403239288821872929e-05
5.750000000000000000e+02 7.332729606685574894e-05
5.760000000000000000e+02 7.354148803486864087e-05
5.770000000000000000e+02 7.361203318924058035e-05
5.780000000000000000e+02 7.386720097904374001e-05
5.790000000000000000e+02 7.347246116183536681e-05
5.800000000000000000e+02 7.412905137757123215e-05
5.810000000000000000e+02 7.327600969909266540e-05
5.820000000000000000e+02 7.410950616493257727e-05
5.830000000000000000e+02 7.320509073505084886e-05
5.840000000000000000e+02 7.345439318285917364e-05
5.850000000000000000e+02 7.326466897915896975e-05
5.860000000000000000e+02 7.331874264909700890e-05
5.870000000000000000e+02 7.328521149046225561e-05
5.880000000000000000e+02 7.350137752818063281e-05
5.890000000000000000e+02 7.350700394701015791e-05
5.900000000000000000e+02 7.337191724038122278e-05
5.910000000000000000e+02 7.432784619175918171e-05
5.920000000000000000e+02 7.531567544337661071e-05
5.930000000000000000e+02 7.354513389105148623e-05
5.940000000000000000e+02 7.329290840807828116e-05
5.950000000000000000e+02 7.346819370751539588e-05
5.960000000000000000e+02 7.293715493294162177e-05
5.970000000000000000e+02 7.326956466156362021e-05
5.980000000000000000e+02 7.394539080431594864e-05
5.990000000000000000e+02 7.383005224183104907e-05
6.000000000000000000e+02 7.345041031428487812e-05
6.010000000000000000e+02 7.323959733853182272e-05
6.020000000000000000e+02 7.399046029130222646e-05
6.030000000000000000e+02 7.360346414452691003e-05
6.040000000000000000e+02 7.318034993720601690e-05
6.050000000000000000e+02 7.313278282838493716e-05
6.060000000000000000e+02 7.429820912456636356e-05
6.070000000000000000e+02 7.359520803196223761e-05
6.080000000000000000e+02 7.329164735527913686e-05
6.090000000000000000e+02 7.431951617146965268e-05
6.100000000000000000e+02 7.498173744978550161e-05
6.110000000000000000e+02 7.435956408713553312e-05
6.120000000000000000e+02 7.363260577625069735e-05
6.130000000000000000e+02 7.559830241754630388e-05
6.140000000000000000e+02 7.341670188611673544e-05
6.150000000000000000e+02 7.454351114526463140e-05
6.160000000000000000e+02 7.429723961690057777e-05
6.170000000000000000e+02 7.513245447959403939e-05
6.180000000000000000e+02 7.308407640816663893e-05
6.190000000000000000e+02 7.395531123135858933e-05
6.200000000000000000e+02 7.332577295437699757e-05
6.210000000000000000e+02 7.321803624866077330e-05
6.220000000000000000e+02 7.294264670132524298e-05
6.230000000000000000e+02 7.321027776881932399e-05
6.240000000000000000e+02 7.378994638284052396e-05
6.250000000000000000e+02 7.404048088116061853e-05
6.260000000000000000e+02 7.305730909462684875e-05
6.270000000000000000e+02 7.303809189580803504e-05
6.280000000000000000e+02 7.331899651832992271e-05
6.290000000000000000e+02 7.364867686308382126e-05
6.300000000000000000e+02 7.315684136591370950e-05
6.310000000000000000e+02 7.348537209888370665e-05
6.320000000000000000e+02 7.415645628428142158e-05
6.330000000000000000e+02 7.409052672580220640e-05
6.340000000000000000e+02 7.421559980006204162e-05
6.350000000000000000e+02 7.351584096176162991e-05
6.360000000000000000e+02 7.321766313452603776e-05
6.370000000000000000e+02 7.268891177522028579e-05
6.380000000000000000e+02 7.310833543210611455e-05
6.390000000000000000e+02 7.390580006529490328e-05
6.400000000000000000e+02 7.383898491795026428e-05
6.410000000000000000e+02 7.347896606546708775e-05
6.420000000000000000e+02 7.305837178090681880e-05
6.430000000000000000e+02 7.433775461273608445e-05
6.440000000000000000e+02 7.565589670120437119e-05
6.450000000000000000e+02 7.333523433419381543e-05
6.460000000000000000e+02 7.322789053368041661e-05
6.470000000000000000e+02 7.404024960854715877e-05
6.480000000000000000e+02 7.372934454113867320e-05
6.490000000000000000e+02 7.396110293076169789e-05
6.500000000000000000e+02 7.345064181974334471e-05
6.510000000000000000e+02 7.412296870232288487e-05
6.520000000000000000e+02 7.386414671985833190e-05
6.530000000000000000e+02 7.377116520376072822e-05
6.540000000000000000e+02 7.443697045417405555e-05
6.550000000000000000e+02 7.308065156277831153e-05
6.560000000000000000e+02 7.315174481429913538e-05
6.570000000000000000e+02 7.375242223996500554e-05
6.580000000000000000e+02 7.366159433979554386e-05
6.590000000000000000e+02 7.326332583182561123e-05
6.600000000000000000e+02 7.343309041076147813e-05
6.610000000000000000e+02 7.305053544656574824e-05
6.620000000000000000e+02 7.331089238864537522e-05
6.630000000000000000e+02 7.371761042463617099e-05
6.640000000000000000e+02 7.404022293563898680e-05
6.650000000000000000e+02 7.372765280445363529e-05
6.660000000000000000e+02 7.359612064040117036e-05
6.670000000000000000e+02 7.368221520431815529e-05
6.680000000000000000e+02 7.300213590926407094e-05
6.690000000000000000e+02 7.341752971217881617e-05
6.700000000000000000e+02 7.307365950879441503e-05
6.710000000000000000e+02 7.332737913164178258e-05
6.720000000000000000e+02 7.408215912125904270e-05
6.730000000000000000e+02 7.309100661131199769e-05
6.740000000000000000e+02 7.299759932785960409e-05
6.750000000000000000e+02 7.290857051331470521e-05
6.760000000000000000e+02 7.478717201111744080e-05
6.770000000000000000e+02 7.306373218702414698e-05
6.780000000000000000e+02 7.315838272211344791e-05
6.790000000000000000e+02 7.415929524722317387e-05
6.800000000000000000e+02 7.456223393806838860e-05
6.810000000000000000e+02 7.304556687070528644e-05
6.820000000000000000e+02 7.422444046582565055e-05
6.830000000000000000e+02 7.295088966818398318e-05
6.840000000000000000e+02 7.331260649111612313e-05
6.850000000000000000e+02 7.338009696474801760e-05
6.860000000000000000e+02 7.372023091977796103e-05
6.870000000000000000e+02 7.554675674402952545e-05
6.880000000000000000e+02 7.346554033778795664e-05
6.890000000000000000e+02 7.382619104648308452e-05
6.900000000000000000e+02 7.288985295479950941e-05
6.910000000000000000e+02 7.332784762031541886e-05
6.920000000000000000e+02 7.337531330616112017e-05
6.930000000000000000e+02 7.435614603363390666e-05
6.940000000000000000e+02 7.466650697025835565e-05
6.950000000000000000e+02 7.330203911964491208e-05
6.960000000000000000e+02 7.314099607823216522e-05
6.970000000000000000e+02 7.312181660259627308e-05
6.980000000000000000e+02 7.320765286355860322e-05
6.990000000000000000e+02 7.347101689964711591e-05
7.000000000000000000e+02 7.335393680450338330e-05
7.010000000000000000e+02 7.325693380438859598e-05
7.020000000000000000e+02 7.355288611585552683e-05
7.030000000000000000e+02 7.310492417832234067e-05
7.040000000000000000e+02 7.306420517938245346e-05
7.050000000000000000e+02 7.308513318617173595e-05
7.060000000000000000e+02 7.348246152608553625e-05
7.070000000000000000e+02 7.412854097968625154e-05
7.080000000000000000e+02 7.377389571877696821e-05
7.090000000000000000e+02 7.303778034923837830e-05
7.100000000000000000e+02 7.301371046507555153e-05
7.110000000000000000e+02 7.360952212451519247e-05
7.120000000000000000e+02 7.352084492571741854e-05
7.130000000000000000e+02 7.287758828071347686e-05
7.140000000000000000e+02 7.313624056250758948e-05
7.150000000000000000e+02 7.322848004642803468e-05
7.160000000000000000e+02 7.447898388728772367e-05
7.170000000000000000e+02 7.312792383374188006e-05
7.180000000000000000e+02 7.336647985193953017e-05
7.190000000000000000e+02 7.307588917500677762e-05
7.200000000000000000e+02 7.320594432516987378e-05
7.210000000000000000e+02 7.281673255855379101e-05
7.220000000000000000e+02 7.299390123650507207e-05
7.230000000000000000e+02 7.277629130429661189e-05
7.240000000000000000e+02 7.303904647015347989e-05
7.250000000000000000e+02 7.339145889349994354e-05
7.260000000000000000e+02 7.348057754680606922e-05
7.270000000000000000e+02 7.296215537394138459e-05
7.280000000000000000e+02 7.298163493188773113e-05
7.290000000000000000e+02 7.298186710081591092e-05
7.300000000000000000e+02 7.287076101002867390e-05
7.310000000000000000e+02 7.291533044822542595e-05
7.320000000000000000e+02 7.360134246256479185e-05
7.330000000000000000e+02 7.295132572243501299e-05
7.340000000000000000e+02 7.359667904879785489e-05
7.350000000000000000e+02 7.438923304848313539e-05
7.360000000000000000e+02 7.384274579456201416e-05
7.370000000000000000e+02 7.326142450619940022e-05
7.380000000000000000e+02 7.330122592810939990e-05
7.390000000000000000e+02 7.282808493911894501e-05
7.400000000000000000e+02 7.356955520730577565e-05
7.410000000000000000e+02 7.400554930073526222e-05
7.420000000000000000e+02 7.284712045276304127e-05
7.430000000000000000e+02 7.313235404582430507e-05
7.440000000000000000e+02 7.352744649719912019e-05
7.450000000000000000e+02 7.303056610057182549e-05
7.460000000000000000e+02 7.316886617057679297e-05
7.470000000000000000e+02 7.337324977405734359e-05
7.480000000000000000e+02 7.314001813894318194e-05
7.490000000000000000e+02 7.302205444624471986e-05
7.500000000000000000e+02 7.335311558087032817e-05
7.510000000000000000e+02 7.330756351002123267e-05
7.520000000000000000e+02 7.313853551442780858e-05
7.530000000000000000e+02 7.330699291285477925e-05
7.540000000000000000e+02 7.299600019547093546e-05
7.550000000000000000e+02 7.306343422846834235e-05
7.560000000000000000e+02 7.343591210002742742e-05
7.570000000000000000e+02 7.291518445047735515e-05
7.580000000000000000e+02 7.336933563418611534e-05
7.590000000000000000e+02 7.315733165556461543e-05
7.600000000000000000e+02 7.344766869216087801e-05
7.610000000000000000e+02 7.297259843494178372e-05
7.620000000000000000e+02 7.281137530703281151e-05
7.630000000000000000e+02 7.394048970953492699e-05
7.640000000000000000e+02 7.305566645499516514e-05
7.650000000000000000e+02 7.294143635905483817e-05
7.660000000000000000e+02 7.395510173831595219e-05
7.670000000000000000e+02 7.319830731483354671e-05
7.680000000000000000e+02 7.349314339416029753e-05
7.690000000000000000e+02 7.344808691288793006e-05
7.700000000000000000e+02 7.318620989913198415e-05
7.710000000000000000e+02 7.308019209062544094e-05
7.720000000000000000e+02 7.330913577492239133e-05
7.730000000000000000e+02 7.344381472570395608e-05
7.740000000000000000e+02 7.331638435351708590e-05
7.750000000000000000e+02 7.336023363082856642e-05
7.760000000000000000e+02 7.322628219982207009e-05
7.770000000000000000e+02 7.296678804098567588e-05
7.780000000000000000e+02 7.306120148336543013e-05
7.790000000000000000e+02 7.320324379156765949e-05
7.800000000000000000e+02 7.302875261012106744e-05
7.810000000000000000e+02 7.288338993145016583e-05
7.820000000000000000e+02 7.286855717186370798e-05
7.830000000000000000e+02 7.306759958490518690e-05
7.840000000000000000e+02 7.305416186321134697e-05
7.850000000000000000e+02 7.343542856351446021e-05
7.860000000000000000e+02 7.330091987284424358e-05
