1, 4.7498e-03, 2.7517e-05, fsolve flag:1, 2.0675e-07, 524
2, 6.0588e-02, 6.3050e-04, fsolve flag:1, 3.3062e-07, 525
3, 3.0386e-01, 5.6288e-02, fsolve flag:5, 1.7669e-03, 527
4, 2.3687e-02, 1.8225e-04, fsolve flag:1, 5.1688e-07, 525
5, 2.4007e-02, 1.1453e-04, fsolve flag:1, 1.8254e-07, 526
6, 3.4587e-02, 9.2633e-04, fsolve flag:1, 3.0966e-07, 524
7, 2.5399e-01, 1.0736e-02, fsolve flag:5, 1.3711e-03, 527
8, 2.4317e-02, 9.1884e-05, fsolve flag:1, 2.0675e-07, 524
9, 6.9153e-02, 3.6863e-04, fsolve flag:1, 3.4273e-07, 524
11, 4.0961e-02, 2.1975e-04, fsolve flag:1, 1.2293e-07, 523
12, 4.4836e-02, 7.6341e-04, fsolve flag:1, 4.0745e-07, 525
13, 1.1179e-02, 4.2407e-05, fsolve flag:1, 2.1048e-07, 525
14, 4.5556e-02, 5.7557e-04, fsolve flag:1, 4.5449e-07, 525
15, 1.2157e-01, 2.7599e-03, fsolve flag:1, 1.8906e-07, 785
16, 7.0881e-02, 1.9522e-04, fsolve flag:1, 4.8336e-07, 525
17, 3.3878e-02, 2.9042e-04, fsolve flag:1, 2.7195e-07, 782
18, 1.4523e-01, 1.6770e-03, fsolve flag:1, 1.6950e-07, 524
19, 3.5788e-01, 1.4750e-02, fsolve flag:1, 2.7381e-07, 527
20, 1.9039e-02, 2.9469e-04, fsolve flag:1, 4.2329e-07, 525
21, 8.4111e-03, 2.4875e-05, fsolve flag:1, 4.3213e-07, 523
22, 4.8701e-02, 8.3789e-04, fsolve flag:1, 3.0920e-07, 525
23, 1.5171e-01, 5.4624e-04, fsolve flag:1, 3.7998e-07, 1042
24, 6.2263e-03, 3.1600e-05, fsolve flag:1, 1.7881e-07, 525
25, 2.0175e-01, 8.4153e-03, fsolve flag:1, 3.2084e-07, 524
26, 3.5698e-02, 8.2630e-04, fsolve flag:1, 3.9302e-07, 781
27, 4.6957e-02, 8.4213e-05, fsolve flag:1, 3.3155e-07, 782
28, 6.9680e-03, 2.2653e-05, fsolve flag:1, 1.4715e-07, 524
29, 5.8213e-01, 4.8923e-02, fsolve flag:5, 1.7047e-03, 527
30, 3.2102e-03, 1.6480e-05, fsolve flag:1, 2.7008e-07, 524
31, 1.5493e-02, 6.9248e-05, fsolve flag:1, 1.1572e-07, 527
32, 1.2102e-01, 8.8908e-04, fsolve flag:1, 3.9488e-07, 525
33, 1.5582e-02, 5.1474e-05, fsolve flag:1, 1.8254e-07, 526
34, 3.6794e-02, 3.9320e-04, fsolve flag:1, 2.2119e-07, 1044
35, 1.0306e-01, 6.1915e-04, fsolve flag:1, 3.1292e-07, 524
36, 8.3919e-03, 3.2177e-05, fsolve flag:1, 1.7323e-07, 526
37, 9.8519e-03, 3.0299e-05, fsolve flag:1, 1.7695e-07, 783
38, 1.5326e-01, 2.7902e-03, fsolve flag:1, 2.4855e-07, 526
40, 4.8023e-03, 3.3434e-05, fsolve flag:1, 1.7136e-07, 526
41, 1.0377e-01, 1.5336e-03, fsolve flag:1, 3.3155e-07, 523
42, 3.0309e-03, 1.6743e-05, fsolve flag:1, 2.0303e-07, 524
43, 3.7269e-02, 2.5568e-04, fsolve flag:1, 1.8859e-07, 525
44, 3.6486e-02, 3.7440e-04, fsolve flag:1, 3.1386e-07, 526
45, 4.4614e-01, 2.2714e-02, fsolve flag:1, 2.0629e-07, 788
46, 7.6539e-03, 4.6887e-05, fsolve flag:1, 3.6531e-07, 783
48, 6.7998e-02, 1.0860e-03, fsolve flag:1, 4.0652e-07, 783
49, 1.3993e-01, 1.7200e-03, fsolve flag:1, 2.6799e-07, 783
mean err: 3.9852e-03
0, 3.2024e-01, 3.3800e-02, fsolve flag:5, 2.2626e-03, 527
1, 2.9389e-03, 2.2713e-05, fsolve flag:1, 5.1036e-07, 784
2, 4.5323e-02, 4.3363e-04, fsolve flag:1, 1.6391e-07, 525
3, 1.2068e-02, 5.1519e-05, fsolve flag:1, 3.2014e-07, 524
4, 1.1420e-01, 1.7619e-03, fsolve flag:1, 3.6671e-07, 524
5, 2.9405e-01, 1.6071e-02, fsolve flag:1, 1.9744e-07, 785
6, 6.1398e-01, 4.6017e-02, fsolve flag:1, 2.6939e-07, 782
7, 1.0387e-01, 9.3299e-04, fsolve flag:1, 1.9837e-07, 785
8, 3.0349e-02, 1.9152e-04, fsolve flag:1, 3.1106e-07, 527
9, 2.7117e-02, 9.6837e-05, fsolve flag:1, 1.4086e-07, 783
10, 2.8075e-02, 2.8538e-04, fsolve flag:1, 2.8871e-07, 781
11, 5.9728e-02, 8.0044e-04, fsolve flag:1, 4.4424e-07, 785
12, 3.2687e-03, 1.8853e-05, fsolve flag:1, 1.7323e-07, 782
13, 6.9616e-02, 1.9941e-04, fsolve flag:1, 5.7835e-07, 524
14, 2.7320e-01, 2.1883e-02, fsolve flag:4, 3.5840e-04, 2105
15, 1.1085e-01, 3.5810e-04, fsolve flag:1, 1.8999e-07, 782
16, 5.6804e-02, 5.1359e-04, fsolve flag:1, 4.0513e-07, 526
17, 2.4090e-01, 8.6954e-02, fsolve flag:5, 4.6781e-03, 527
18, 5.2166e-02, 5.5116e-04, fsolve flag:1, 3.5955e-07, 785
19, 4.2502e-01, 4.8106e-02, fsolve flag:1, 1.9092e-07, 526
20, 1.3481e-02, 1.4391e-04, fsolve flag:1, 5.3342e-07, 524
21, 3.8158e-02, 2.0971e-04, fsolve flag:1, 1.5646e-07, 268
22, 1.8159e-01, 4.1458e-03, fsolve flag:1, 2.4447e-07, 783
23, 1.3344e-01, 2.3867e-03, fsolve flag:1, 2.9337e-07, 784
24, 5.0272e-03, 2.0670e-05, fsolve flag:1, 1.7695e-07, 524
25, 1.2809e-01, 1.3662e-03, fsolve flag:1, 1.9418e-07, 525
26, 9.6893e-02, 3.3489e-04, fsolve flag:1, 3.5018e-07, 781
27, 2.2719e-01, 8.8992e-02, fsolve flag:5, 6.3458e-03, 527
28, 3.0017e-02, 6.8672e-05, fsolve flag:1, 1.7509e-07, 525
29, 1.9875e-02, 1.6042e-04, fsolve flag:1, 3.7625e-07, 783
30, 5.2857e-02, 2.3755e-04, fsolve flag:1, 1.0245e-07, 523
31, 1.0203e-01, 2.1709e-03, fsolve flag:1, 2.7148e-07, 527
32, 6.7681e-02, 3.9631e-04, fsolve flag:1, 2.1607e-07, 784
33, 3.0657e-02, 1.2224e-04, fsolve flag:1, 1.5507e-07, 268
34, 2.5059e-03, 1.1732e-05, fsolve flag:1, 4.4424e-07, 783
35, 2.1219e-02, 1.8106e-04, fsolve flag:1, 3.0245e-07, 782
36, 3.5347e-01, 1.3656e-02, fsolve flag:1, 2.6554e-07, 525
37, 4.1741e-02, 1.4025e-04, fsolve flag:1, 1.5739e-07, 523
38, 4.8987e-01, 2.6018e-02, fsolve flag:1, 3.5018e-07, 807
39, 2.3665e-02, 3.4077e-04, fsolve flag:1, 4.0792e-07, 524
40, 3.6361e-03, 2.3361e-05, fsolve flag:1, 4.2189e-07, 781
41, 4.7002e-03, 1.9958e-05, fsolve flag:1, 2.2165e-07, 523
42, 1.7811e-02, 1.6062e-04, fsolve flag:1, 3.2294e-07, 524
43, 4.4170e-03, 2.1125e-05, fsolve flag:1, 1.9930e-07, 783
44, 1.6011e-02, 1.3994e-04, fsolve flag:1, 5.9884e-07, 782
45, 2.4123e-01, 1.1890e-02, fsolve flag:1, 2.9593e-07, 784
46, 1.9317e-01, 3.1247e-03, fsolve flag:1, 3.1851e-07, 530
47, 5.3288e-02, 2.2325e-04, fsolve flag:1, 3.9488e-07, 524
48, 2.5000e-03, 1.8464e-05, fsolve flag:1, 1.6391e-07, 524
49, 1.5600e-01, 9.6143e-03, fsolve flag:1, 2.9686e-07, 524
50, 1.6045e-01, 2.9410e-03, fsolve flag:1, 3.3993e-07, 525
51, 4.7498e-03, 2.7517e-05, fsolve flag:1, 2.0675e-07, 524
52, 6.0588e-02, 6.3050e-04, fsolve flag:1, 3.3062e-07, 525
53, 3.0386e-01, 5.6288e-02, fsolve flag:5, 1.7669e-03, 527
54, 2.3687e-02, 1.8225e-04, fsolve flag:1, 5.1688e-07, 525
55, 2.4007e-02, 1.1453e-04, fsolve flag:1, 1.8254e-07, 526
56, 3.4587e-02, 9.2633e-04, fsolve flag:1, 3.0966e-07, 524
57, 2.5399e-01, 1.0736e-02, fsolve flag:5, 1.3711e-03, 527
58, 2.4317e-02, 9.1884e-05, fsolve flag:1, 2.0675e-07, 524
59, 6.9153e-02, 3.6863e-04, fsolve flag:1, 3.4273e-07, 524
60, 2.9724e-03, 1.6214e-05, fsolve flag:1, 2.1420e-07, 784
61, 4.0961e-02, 2.1975e-04, fsolve flag:1, 1.2293e-07, 523
62, 4.4836e-02, 7.6341e-04, fsolve flag:1, 4.0745e-07, 525
63, 1.1179e-02, 4.2407e-05, fsolve flag:1, 2.1048e-07, 525
64, 4.5556e-02, 5.7557e-04, fsolve flag:1, 4.5449e-07, 525
65, 1.2157e-01, 2.7599e-03, fsolve flag:1, 1.8906e-07, 785
66, 7.0881e-02, 1.9522e-04, fsolve flag:1, 4.8336e-07, 525
67, 3.3878e-02, 2.9042e-04, fsolve flag:1, 2.7195e-07, 782
68, 1.4523e-01, 1.6770e-03, fsolve flag:1, 1.6950e-07, 524
69, 3.5788e-01, 1.4750e-02, fsolve flag:1, 2.7381e-07, 527
70, 1.9039e-02, 2.9469e-04, fsolve flag:1, 4.2329e-07, 525
71, 8.4111e-03, 2.4875e-05, fsolve flag:1, 4.3213e-07, 523
72, 4.8701e-02, 8.3789e-04, fsolve flag:1, 3.0920e-07, 525
73, 1.5171e-01, 5.4624e-04, fsolve flag:1, 3.7998e-07, 1042
74, 6.2263e-03, 3.1600e-05, fsolve flag:1, 1.7881e-07, 525
75, 2.0175e-01, 8.4153e-03, fsolve flag:1, 3.2084e-07, 524
76, 3.5698e-02, 8.2630e-04, fsolve flag:1, 3.9302e-07, 781
77, 4.6957e-02, 8.4213e-05, fsolve flag:1, 3.3155e-07, 782
78, 6.9680e-03, 2.2653e-05, fsolve flag:1, 1.4715e-07, 524
79, 5.8213e-01, 4.8923e-02, fsolve flag:5, 1.7047e-03, 527
80, 3.2102e-03, 1.6480e-05, fsolve flag:1, 2.7008e-07, 524
81, 1.5493e-02, 6.9248e-05, fsolve flag:1, 1.1572e-07, 527
82, 1.2102e-01, 8.8908e-04, fsolve flag:1, 3.9488e-07, 525
83, 1.5582e-02, 5.1474e-05, fsolve flag:1, 1.8254e-07, 526
84, 3.6794e-02, 3.9320e-04, fsolve flag:1, 2.2119e-07, 1044
85, 1.0306e-01, 6.1915e-04, fsolve flag:1, 3.1292e-07, 524
86, 8.3919e-03, 3.2177e-05, fsolve flag:1, 1.7323e-07, 526
87, 9.8519e-03, 3.0299e-05, fsolve flag:1, 1.7695e-07, 783
88, 1.5326e-01, 2.7902e-03, fsolve flag:1, 2.4855e-07, 526
89, 5.6378e-02, 3.2388e-04, fsolve flag:1, 2.5332e-07, 525
90, 4.8023e-03, 3.3434e-05, fsolve flag:1, 1.7136e-07, 526
91, 1.0377e-01, 1.5336e-03, fsolve flag:1, 3.3155e-07, 523
92, 3.0309e-03, 1.6743e-05, fsolve flag:1, 2.0303e-07, 524
93, 3.7269e-02, 2.5568e-04, fsolve flag:1, 1.8859e-07, 525
94, 3.6486e-02, 3.7440e-04, fsolve flag:1, 3.1386e-07, 526
95, 4.4614e-01, 2.2714e-02, fsolve flag:1, 2.0629e-07, 788
96, 7.6539e-03, 4.6887e-05, fsolve flag:1, 3.6531e-07, 783
97, 2.4269e-01, 4.5727e-03, fsolve flag:1, 2.0993e-07, 787
98, 6.7998e-02, 1.0860e-03, fsolve flag:1, 4.0652e-07, 783
99, 1.3993e-01, 1.7200e-03, fsolve flag:1, 2.6799e-07, 783
mean err: 6.1656e-03
0, 3.2024e-01, 3.3800e-02, fsolve flag:5, 2.2626e-03, 527
