0.000000000000000000e+00 8.141277460664445107e-05
1.000000000000000000e+00 5.301738506398430363e-05
2.000000000000000000e+00 3.293284950691316741e-05
3.000000000000000000e+00 2.880855183627766499e-05
4.000000000000000000e+00 2.364414494500778445e-05
5.000000000000000000e+00 2.239580642657847031e-05
6.000000000000000000e+00 2.031598168537235348e-05
7.000000000000000000e+00 1.895938544169909200e-05
8.000000000000000000e+00 1.793605722127638159e-05
9.000000000000000000e+00 1.794554911411576530e-05
1.000000000000000000e+01 2.043523839861670116e-05
1.100000000000000000e+01 1.905104090197294465e-05
1.200000000000000000e+01 1.655444976559234481e-05
1.300000000000000000e+01 1.722930591399318012e-05
1.400000000000000000e+01 1.490021326135164214e-05
1.500000000000000000e+01 1.410826388936766129e-05
1.600000000000000000e+01 1.698844955087261611e-05
1.700000000000000000e+01 1.620476693634620330e-05
1.800000000000000000e+01 1.505945386544623413e-05
1.900000000000000000e+01 1.337294879606997327e-05
2.000000000000000000e+01 1.487369642255226753e-05
2.100000000000000000e+01 1.568165525816048335e-05
2.200000000000000000e+01 1.312424131694664149e-05
2.300000000000000000e+01 1.197629771144410346e-05
2.400000000000000000e+01 1.386334760133001937e-05
2.500000000000000000e+01 1.206343210000596265e-05
2.600000000000000000e+01 1.105064074185068959e-05
2.700000000000000000e+01 1.340881778543315982e-05
2.800000000000000000e+01 1.384975799120775825e-05
2.900000000000000000e+01 1.239318978998056039e-05
3.000000000000000000e+01 1.153347483958328180e-05
3.100000000000000000e+01 1.188859491356873228e-05
3.200000000000000000e+01 1.033215763519806224e-05
3.300000000000000000e+01 1.032039330016677502e-05
3.400000000000000000e+01 9.554253547494467654e-06
3.500000000000000000e+01 1.077796594152254901e-05
3.600000000000000000e+01 9.499849312195919807e-06
3.700000000000000000e+01 1.021433513662264392e-05
3.800000000000000000e+01 9.392063568493656963e-06
3.900000000000000000e+01 1.127114300739229422e-05
4.000000000000000000e+01 1.093114158440446280e-05
4.100000000000000000e+01 1.222114786544020394e-05
4.200000000000000000e+01 9.112431517931898100e-06
4.300000000000000000e+01 1.030482082664598878e-05
4.400000000000000000e+01 1.232215690160452550e-05
4.500000000000000000e+01 1.122443463826880943e-05
4.600000000000000000e+01 1.138303424927276594e-05
4.700000000000000000e+01 1.014305327733564035e-05
4.800000000000000000e+01 8.004295864976632369e-06
4.900000000000000000e+01 8.187188925093191939e-06
5.000000000000000000e+01 8.206367048074177860e-06
5.100000000000000000e+01 6.934078579061867853e-06
5.200000000000000000e+01 7.884690218207312122e-06
5.300000000000000000e+01 7.110930036611435895e-06
5.400000000000000000e+01 6.543671231471817742e-06
5.500000000000000000e+01 9.203257195742130763e-06
5.600000000000000000e+01 7.406028496888546814e-06
5.700000000000000000e+01 6.648452719119438497e-06
5.800000000000000000e+01 8.148034643793702217e-06
5.900000000000000000e+01 1.177775795963727009e-05
6.000000000000000000e+01 1.140606920153102309e-05
6.100000000000000000e+01 8.282248679741673229e-06
6.200000000000000000e+01 7.719498043394840332e-06
6.300000000000000000e+01 8.285773118583078463e-06
6.400000000000000000e+01 1.013639684378194750e-05
6.500000000000000000e+01 7.841270402310595750e-06
6.600000000000000000e+01 9.041494823991220108e-06
6.700000000000000000e+01 1.085790108559848581e-05
6.800000000000000000e+01 7.327863310002850123e-06
6.900000000000000000e+01 5.989620186785523494e-06
7.000000000000000000e+01 7.036660034685804862e-06
7.100000000000000000e+01 5.551481627600665444e-06
7.200000000000000000e+01 5.737452560861129677e-06
7.300000000000000000e+01 6.421607827489813081e-06
7.400000000000000000e+01 7.054436648792441377e-06
7.500000000000000000e+01 5.536337193695875224e-06
7.600000000000000000e+01 7.590163951611801705e-06
7.700000000000000000e+01 9.112022455770487422e-06
7.800000000000000000e+01 6.257356938537552386e-06
7.900000000000000000e+01 5.233087116205774992e-06
8.000000000000000000e+01 5.917568071434686091e-06
8.100000000000000000e+01 6.810532636417383603e-06
8.200000000000000000e+01 5.591004978277886498e-06
8.300000000000000000e+01 7.060027389567193055e-06
8.400000000000000000e+01 7.315338403827075734e-06
8.500000000000000000e+01 5.595680651064769078e-06
8.600000000000000000e+01 6.880619592405326179e-06
8.700000000000000000e+01 5.380792899641153096e-06
8.800000000000000000e+01 4.968612791731153420e-06
8.900000000000000000e+01 6.187240079340196426e-06
9.000000000000000000e+01 8.189439142285548148e-06
9.100000000000000000e+01 7.621868080825514148e-06
9.200000000000000000e+01 6.945657169168265854e-06
9.300000000000000000e+01 5.956182942808627620e-06
9.400000000000000000e+01 6.851222818468265350e-06
9.500000000000000000e+01 5.493193342776323454e-06
9.600000000000000000e+01 5.301201429865839783e-06
9.700000000000000000e+01 6.303332876322135630e-06
9.800000000000000000e+01 5.851774990185578716e-06
9.900000000000000000e+01 4.792088438199106129e-06
1.000000000000000000e+02 6.549009221717799215e-06
1.010000000000000000e+02 6.464088409701015757e-06
1.020000000000000000e+02 5.220607262650512748e-06
1.030000000000000000e+02 5.797268144505359359e-06
1.040000000000000000e+02 5.572765501659409574e-06
1.050000000000000000e+02 8.277083520367619349e-06
1.060000000000000000e+02 4.477664988317412862e-06
1.070000000000000000e+02 4.188416135994962357e-06
1.080000000000000000e+02 4.791644157097047089e-06
1.090000000000000000e+02 5.932472968463290325e-06
1.100000000000000000e+02 6.369310613828069160e-06
1.110000000000000000e+02 4.787141334241487921e-06
1.120000000000000000e+02 6.395959789400030767e-06
1.130000000000000000e+02 4.279600937492862192e-06
1.140000000000000000e+02 4.317104292635107458e-06
1.150000000000000000e+02 3.996904684034477901e-06
1.160000000000000000e+02 4.945800432917816124e-06
1.170000000000000000e+02 5.612856085721445829e-06
1.180000000000000000e+02 5.076501622164911991e-06
1.190000000000000000e+02 4.101825689352219767e-06
1.200000000000000000e+02 5.344318703057776535e-06
1.210000000000000000e+02 6.382200760815647695e-06
1.220000000000000000e+02 5.130787719013832992e-06
1.230000000000000000e+02 4.160621536594158682e-06
1.240000000000000000e+02 4.049491305770991466e-06
1.250000000000000000e+02 4.109578662803608427e-06
1.260000000000000000e+02 6.220214224218464303e-06
1.270000000000000000e+02 5.235320529224312871e-06
1.280000000000000000e+02 4.156593271737549690e-06
1.290000000000000000e+02 3.644767212491034201e-06
1.300000000000000000e+02 7.046255878288123361e-06
1.310000000000000000e+02 4.830463406728667065e-06
1.320000000000000000e+02 4.674983026066042493e-06
1.330000000000000000e+02 4.565644336595882449e-06
1.340000000000000000e+02 3.970184719809525334e-06
1.350000000000000000e+02 5.233156549662778683e-06
1.360000000000000000e+02 5.107189317435997602e-06
1.370000000000000000e+02 4.503575700249988126e-06
1.380000000000000000e+02 3.516841951624532818e-06
1.390000000000000000e+02 5.118872342645494232e-06
1.400000000000000000e+02 6.685979883380798059e-06
1.410000000000000000e+02 5.974973238212613826e-06
1.420000000000000000e+02 4.135524027674270902e-06
1.430000000000000000e+02 4.003794990628238761e-06
1.440000000000000000e+02 3.251707238118060225e-06
1.450000000000000000e+02 5.056560384044068028e-06
1.460000000000000000e+02 5.863031883087785813e-06
1.470000000000000000e+02 3.567785464207471996e-06
1.480000000000000000e+02 4.533021970416154402e-06
1.490000000000000000e+02 5.381633826800651915e-06
1.500000000000000000e+02 3.848578177602202117e-06
1.510000000000000000e+02 3.793506215545238887e-06
1.520000000000000000e+02 4.031322207071994871e-06
1.530000000000000000e+02 3.598097035487956044e-06
1.540000000000000000e+02 4.327865205057636765e-06
1.550000000000000000e+02 4.218068335374550683e-06
1.560000000000000000e+02 3.805611626630145149e-06
1.570000000000000000e+02 3.873852145382369971e-06
1.580000000000000000e+02 3.688764373475971516e-06
1.590000000000000000e+02 5.969908385714092434e-06
1.600000000000000000e+02 3.837740056335296454e-06
1.610000000000000000e+02 4.832116404864753378e-06
1.620000000000000000e+02 5.269334134735521950e-06
1.630000000000000000e+02 4.433798992347050952e-06
1.640000000000000000e+02 5.069897034451527413e-06
1.650000000000000000e+02 3.704938656181542378e-06
1.660000000000000000e+02 4.233964660689194875e-06
1.670000000000000000e+02 4.431614235911754866e-06
1.680000000000000000e+02 4.411378975342839431e-06
1.690000000000000000e+02 3.453844889784242781e-06
1.700000000000000000e+02 3.067289944438785719e-06
1.710000000000000000e+02 3.688166543325426224e-06
1.720000000000000000e+02 4.178080618974009605e-06
1.730000000000000000e+02 4.027215139034130479e-06
1.740000000000000000e+02 3.035592953116970119e-06
1.750000000000000000e+02 2.673273189036794194e-06
1.760000000000000000e+02 3.629823315828488367e-06
1.770000000000000000e+02 2.919051626104995026e-06
1.780000000000000000e+02 4.337893950943427708e-06
1.790000000000000000e+02 3.869525151791937941e-06
1.800000000000000000e+02 3.104105936254820117e-06
1.810000000000000000e+02 4.041541840198065442e-06
1.820000000000000000e+02 4.523506049244024474e-06
1.830000000000000000e+02 3.156248407893663700e-06
1.840000000000000000e+02 3.714453105019031353e-06
1.850000000000000000e+02 3.346437701814270684e-06
1.860000000000000000e+02 3.132627666140216634e-06
1.870000000000000000e+02 3.382162783995382492e-06
1.880000000000000000e+02 4.338330592318053719e-06
1.890000000000000000e+02 3.993958896397589831e-06
1.900000000000000000e+02 3.699200350170674899e-06
1.910000000000000000e+02 3.531493547825469582e-06
1.920000000000000000e+02 2.767396144092568373e-06
1.930000000000000000e+02 2.850613324594004639e-06
1.940000000000000000e+02 2.797463333394549407e-06
1.950000000000000000e+02 3.074856369001015596e-06
1.960000000000000000e+02 3.336591967376937004e-06
1.970000000000000000e+02 4.076505899182065674e-06
1.980000000000000000e+02 5.564795261807753623e-06
1.990000000000000000e+02 3.784490408977239990e-06
2.000000000000000000e+02 4.236715397505131778e-06
2.010000000000000000e+02 3.623358614472568485e-06
2.020000000000000000e+02 4.319410859886067822e-06
2.030000000000000000e+02 4.773191095456218599e-06
2.040000000000000000e+02 4.415393547276078209e-06
2.050000000000000000e+02 3.627573988646131858e-06
2.060000000000000000e+02 2.940106236458098062e-06
2.070000000000000000e+02 3.599210436331512542e-06
2.080000000000000000e+02 3.494039974036911450e-06
2.090000000000000000e+02 3.285407803186663993e-06
2.100000000000000000e+02 3.403887329446690257e-06
2.110000000000000000e+02 2.892899300171877675e-06
2.120000000000000000e+02 2.518044667820645544e-06
2.130000000000000000e+02 3.162785422104844339e-06
2.140000000000000000e+02 2.972145787474979296e-06
2.150000000000000000e+02 3.080217959488328673e-06
2.160000000000000000e+02 4.582840782260433308e-06
2.170000000000000000e+02 3.762364770126019517e-06
2.180000000000000000e+02 2.879392405299997252e-06
2.190000000000000000e+02 2.816979720656496280e-06
2.200000000000000000e+02 3.088815460312567164e-06
2.210000000000000000e+02 3.406705552412822420e-06
2.220000000000000000e+02 3.712597589891046342e-06
2.230000000000000000e+02 3.215848526083513465e-06
2.240000000000000000e+02 3.376998598590060324e-06
2.250000000000000000e+02 3.089097826845353859e-06
2.260000000000000000e+02 2.755732256721672334e-06
2.270000000000000000e+02 3.668521086072771723e-06
2.280000000000000000e+02 3.560556312088286850e-06
2.290000000000000000e+02 3.314224108432633261e-06
2.300000000000000000e+02 4.015132769343887403e-06
2.310000000000000000e+02 3.149728595680382775e-06
2.320000000000000000e+02 2.682780816514904381e-06
2.330000000000000000e+02 3.085152148321631299e-06
2.340000000000000000e+02 3.051276397551080214e-06
2.350000000000000000e+02 3.412383711619929890e-06
2.360000000000000000e+02 3.008658107510939020e-06
2.370000000000000000e+02 2.942991267140735167e-06
2.380000000000000000e+02 2.789911557522679106e-06
2.390000000000000000e+02 2.584705524127670024e-06
2.400000000000000000e+02 3.089938460371121152e-06
2.410000000000000000e+02 2.554111514582786069e-06
2.420000000000000000e+02 2.648399810202419563e-06
2.430000000000000000e+02 2.857154473417950896e-06
2.440000000000000000e+02 3.231021701526343216e-06
2.450000000000000000e+02 2.997261043600286650e-06
2.460000000000000000e+02 2.983689272822465138e-06
2.470000000000000000e+02 2.754523450747403019e-06
2.480000000000000000e+02 2.582053093325673805e-06
2.490000000000000000e+02 3.712802873630140413e-06
2.500000000000000000e+02 2.725582151691073376e-06
2.510000000000000000e+02 3.185977235708108718e-06
2.520000000000000000e+02 2.514330938847435715e-06
2.530000000000000000e+02 2.357629944031614953e-06
2.540000000000000000e+02 2.742226958444870957e-06
2.550000000000000000e+02 3.660615207678561002e-06
2.560000000000000000e+02 2.946439666768035232e-06
2.570000000000000000e+02 2.963972627748613050e-06
2.580000000000000000e+02 2.996315767338793833e-06
2.590000000000000000e+02 2.982913484825878358e-06
2.600000000000000000e+02 2.582489280472760343e-06
2.610000000000000000e+02 2.471795592754558009e-06
2.620000000000000000e+02 2.270386325274738260e-06
2.630000000000000000e+02 3.071046926311867030e-06
2.640000000000000000e+02 2.678463165235812659e-06
2.650000000000000000e+02 2.567219720101512794e-06
2.660000000000000000e+02 2.516507062558704583e-06
2.670000000000000000e+02 2.386800548552112633e-06
2.680000000000000000e+02 2.336125742668026465e-06
2.690000000000000000e+02 2.792416210719696661e-06
2.700000000000000000e+02 3.533889117555308839e-06
2.710000000000000000e+02 2.691050130472357764e-06
2.720000000000000000e+02 3.255491494487624437e-06
2.730000000000000000e+02 3.294497350225072207e-06
2.740000000000000000e+02 2.348268517413990811e-06
2.750000000000000000e+02 3.048821691653256743e-06
2.760000000000000000e+02 3.025146123457040951e-06
2.770000000000000000e+02 2.806874806588282226e-06
2.780000000000000000e+02 3.102296036489676470e-06
2.790000000000000000e+02 2.584148277999005122e-06
2.800000000000000000e+02 2.473621713883301003e-06
2.810000000000000000e+02 2.638848321883502685e-06
2.820000000000000000e+02 2.524842446730450695e-06
2.830000000000000000e+02 2.935401423635164240e-06
2.840000000000000000e+02 2.848557180037573772e-06
2.850000000000000000e+02 3.013172513101929760e-06
2.860000000000000000e+02 2.309692978668008968e-06
2.870000000000000000e+02 2.221785952276315619e-06
2.880000000000000000e+02 2.149989504238762280e-06
2.890000000000000000e+02 2.250670933404060358e-06
2.900000000000000000e+02 2.387968135384354301e-06
2.910000000000000000e+02 2.382306195670151468e-06
2.920000000000000000e+02 2.178337437117180368e-06
2.930000000000000000e+02 2.416201184519574143e-06
2.940000000000000000e+02 2.222427594815907064e-06
2.950000000000000000e+02 2.044413565015588625e-06
2.960000000000000000e+02 2.555979241887254884e-06
2.970000000000000000e+02 2.476454545506620246e-06
2.980000000000000000e+02 2.692860195289057835e-06
2.990000000000000000e+02 2.386069729483828714e-06
3.000000000000000000e+02 2.546439020105577120e-06
3.010000000000000000e+02 2.168650831638596910e-06
3.020000000000000000e+02 2.441549870670267865e-06
3.030000000000000000e+02 2.556744191026294357e-06
3.040000000000000000e+02 2.817865305938988520e-06
3.050000000000000000e+02 1.915822418467508131e-06
3.060000000000000000e+02 2.039859388577353545e-06
3.070000000000000000e+02 2.040956788386958930e-06
3.080000000000000000e+02 2.009133338899881851e-06
3.090000000000000000e+02 2.094453777275399588e-06
3.100000000000000000e+02 2.716254064130364259e-06
3.110000000000000000e+02 2.849014747783474963e-06
3.120000000000000000e+02 2.615888628060537927e-06
3.130000000000000000e+02 2.405801792622075871e-06
3.140000000000000000e+02 2.549693405144940916e-06
3.150000000000000000e+02 2.686214581682550225e-06
3.160000000000000000e+02 2.391778651881214827e-06
3.170000000000000000e+02 2.238208435786557988e-06
3.180000000000000000e+02 2.793939725819424806e-06
3.190000000000000000e+02 2.201537696143829965e-06
