0.000000000000000000e+00 2.185739563351343228e-05
1.000000000000000000e+00 7.657571835105930541e-06
2.000000000000000000e+00 3.228814249491134081e-06
3.000000000000000000e+00 1.391451285659967771e-06
4.000000000000000000e+00 1.149697687229146929e-06
5.000000000000000000e+00 9.783198713514424369e-07
6.000000000000000000e+00 7.917734472186377447e-07
7.000000000000000000e+00 7.546629631893691020e-07
8.000000000000000000e+00 7.420053610453275043e-07
9.000000000000000000e+00 7.488710457724825473e-07
1.000000000000000000e+01 7.519902548289186917e-07
1.100000000000000000e+01 7.738593971216713119e-07
1.200000000000000000e+01 6.687690388397039716e-07
1.300000000000000000e+01 6.313840487984607426e-07
1.400000000000000000e+01 7.116325285305483366e-07
1.500000000000000000e+01 8.835229424726072122e-07
1.600000000000000000e+01 9.089833612689935170e-07
1.700000000000000000e+01 6.803590075885941259e-07
1.800000000000000000e+01 7.110013447626847237e-07
1.900000000000000000e+01 7.002577584398007533e-07
2.000000000000000000e+01 6.485813542393856355e-07
2.100000000000000000e+01 1.359549084911728298e-06
2.200000000000000000e+01 2.560727399592563361e-06
2.300000000000000000e+01 1.458481466579655131e-06
2.400000000000000000e+01 1.033478514067322731e-06
2.500000000000000000e+01 6.343204007084904385e-07
2.600000000000000000e+01 6.401234328185579224e-07
2.700000000000000000e+01 6.025494741166231524e-07
2.800000000000000000e+01 6.369975348238482273e-07
2.900000000000000000e+01 6.572832937995777155e-07
3.000000000000000000e+01 6.421913731035407908e-07
3.100000000000000000e+01 6.191764715993210467e-07
3.200000000000000000e+01 6.335617423363058384e-07
3.300000000000000000e+01 6.781832698142321275e-07
3.400000000000000000e+01 7.138978648455320454e-07
3.500000000000000000e+01 6.725312235060074146e-07
3.600000000000000000e+01 7.181950387868666738e-07
3.700000000000000000e+01 8.356916532653151788e-07
3.800000000000000000e+01 7.477194299995966252e-07
3.900000000000000000e+01 6.951340009404379266e-07
4.000000000000000000e+01 6.580279175357574823e-07
4.100000000000000000e+01 6.240030499210203471e-07
4.200000000000000000e+01 6.287345985770857133e-07
4.300000000000000000e+01 6.590710261667585537e-07
4.400000000000000000e+01 6.261068294666685915e-07
4.500000000000000000e+01 6.077758346192776816e-07
4.600000000000000000e+01 6.308405146068429523e-07
4.700000000000000000e+01 6.236480801510769812e-07
4.800000000000000000e+01 6.166459834561905507e-07
4.900000000000000000e+01 6.304206014799561974e-07
5.000000000000000000e+01 6.469131033368201041e-07
5.100000000000000000e+01 8.187822874608041491e-07
5.200000000000000000e+01 6.488965831881381273e-07
5.300000000000000000e+01 6.486009423519229728e-07
5.400000000000000000e+01 7.160896438706639263e-07
5.500000000000000000e+01 8.555156733197059163e-07
5.600000000000000000e+01 8.526449115432642387e-07
5.700000000000000000e+01 8.880105409222199548e-07
5.800000000000000000e+01 8.493051758615211217e-07
5.900000000000000000e+01 6.553643981799263473e-07
6.000000000000000000e+01 6.144008074579615565e-07
6.100000000000000000e+01 6.029782115412522921e-07
6.200000000000000000e+01 6.333267244075731913e-07
6.300000000000000000e+01 6.424661764058427147e-07
6.400000000000000000e+01 6.593144092463535488e-07
6.500000000000000000e+01 6.933944507650125098e-07
6.600000000000000000e+01 7.523786930124800659e-07
6.700000000000000000e+01 7.800280742908414999e-07
6.800000000000000000e+01 6.570351514917291473e-07
6.900000000000000000e+01 5.962557638589377335e-07
7.000000000000000000e+01 6.201987941359117048e-07
7.100000000000000000e+01 6.249647820164238512e-07
7.200000000000000000e+01 6.234847721589611588e-07
7.300000000000000000e+01 6.678981998620541470e-07
7.400000000000000000e+01 6.531225222572304638e-07
7.500000000000000000e+01 6.502062415660838908e-07
7.600000000000000000e+01 6.403219470257741812e-07
7.700000000000000000e+01 6.445426407318041941e-07
7.800000000000000000e+01 6.892017924871273173e-07
7.900000000000000000e+01 6.230318666348673739e-07
8.000000000000000000e+01 6.144982031586838369e-07
8.100000000000000000e+01 6.570159691787264187e-07
8.200000000000000000e+01 5.998140298446675278e-07
8.300000000000000000e+01 6.200313610488704537e-07
8.400000000000000000e+01 7.755659354652736366e-07
8.500000000000000000e+01 6.787883869306356025e-07
8.600000000000000000e+01 6.176026922451541478e-07
8.700000000000000000e+01 6.251461512375899592e-07
8.800000000000000000e+01 6.060230209856384205e-07
8.900000000000000000e+01 5.888434584081633342e-07
9.000000000000000000e+01 5.926395581076300179e-07
9.100000000000000000e+01 6.688611945143800391e-07
9.200000000000000000e+01 7.162400908531841755e-07
9.300000000000000000e+01 6.133659061751927951e-07
9.400000000000000000e+01 6.128646766989894469e-07
9.500000000000000000e+01 6.180841263998671795e-07
9.600000000000000000e+01 6.431200487153974823e-07
9.700000000000000000e+01 6.196366856049747014e-07
9.800000000000000000e+01 6.531328339803783058e-07
9.900000000000000000e+01 6.290320489942898695e-07
1.000000000000000000e+02 5.888728471527545132e-07
1.010000000000000000e+02 6.213895063116832850e-07
1.020000000000000000e+02 6.483752583075136607e-07
1.030000000000000000e+02 6.129260805588386072e-07
1.040000000000000000e+02 6.523792443834701122e-07
1.050000000000000000e+02 6.210430938417676890e-07
1.060000000000000000e+02 6.073228566893585038e-07
1.070000000000000000e+02 5.958497789986029491e-07
1.080000000000000000e+02 6.846236144104879217e-07
1.090000000000000000e+02 6.273323812376550527e-07
1.100000000000000000e+02 5.957016906633695855e-07
1.110000000000000000e+02 6.354435058940312453e-07
1.120000000000000000e+02 6.592426067370443915e-07
1.130000000000000000e+02 6.186700628845402348e-07
1.140000000000000000e+02 6.009627735813628664e-07
1.150000000000000000e+02 5.926888994912568997e-07
1.160000000000000000e+02 6.190145787494846814e-07
1.170000000000000000e+02 6.565320764645842076e-07
1.180000000000000000e+02 5.970694310257216769e-07
1.190000000000000000e+02 6.008492061172517156e-07
1.200000000000000000e+02 6.028551910998196155e-07
1.210000000000000000e+02 6.233336441524195495e-07
1.220000000000000000e+02 6.099175327902382687e-07
1.230000000000000000e+02 6.059335959564363494e-07
1.240000000000000000e+02 6.113318527596823605e-07
1.250000000000000000e+02 6.109248381327882376e-07
1.260000000000000000e+02 6.092847992601785095e-07
