0.000000000000000000e+00 1.530350562773647545e-03
1.000000000000000000e+00 3.304268317910818509e-04
2.000000000000000000e+00 2.981164610710351553e-04
3.000000000000000000e+00 2.895068263331836036e-04
4.000000000000000000e+00 2.783786314145909381e-04
5.000000000000000000e+00 2.602990431213075460e-04
6.000000000000000000e+00 2.289643046098140285e-04
7.000000000000000000e+00 1.744704098527735203e-04
8.000000000000000000e+00 1.206967738691101349e-04
9.000000000000000000e+00 1.154628462269016351e-04
1.000000000000000000e+01 1.137420990721474683e-04
1.100000000000000000e+01 1.086756201976041281e-04
1.200000000000000000e+01 1.108608568930603524e-04
1.300000000000000000e+01 1.084897351146417910e-04
1.400000000000000000e+01 1.119786237698408647e-04
1.500000000000000000e+01 1.164063771339482261e-04
1.600000000000000000e+01 1.069085664870001449e-04
1.700000000000000000e+01 1.075551352607911703e-04
1.800000000000000000e+01 1.096714460979799813e-04
1.900000000000000000e+01 1.098531318107874572e-04
2.000000000000000000e+01 1.072656125477510852e-04
2.100000000000000000e+01 1.071427751626616645e-04
2.200000000000000000e+01 1.132492685262588046e-04
2.300000000000000000e+01 1.060739185129333951e-04
2.400000000000000000e+01 1.088056112731759561e-04
2.500000000000000000e+01 1.061742783160278070e-04
2.600000000000000000e+01 1.093250619392782382e-04
2.700000000000000000e+01 1.061703977960911060e-04
2.800000000000000000e+01 1.101383315797382976e-04
2.900000000000000000e+01 1.067191354068950803e-04
3.000000000000000000e+01 1.156828729464790808e-04
3.100000000000000000e+01 1.098589399419498122e-04
3.200000000000000000e+01 1.089788045572301096e-04
3.300000000000000000e+01 1.091919437402530244e-04
3.400000000000000000e+01 1.171197691020084810e-04
3.500000000000000000e+01 1.088470241733794405e-04
3.600000000000000000e+01 1.214091882718309893e-04
3.700000000000000000e+01 1.078007904759613713e-04
3.800000000000000000e+01 1.040712318873614043e-04
3.900000000000000000e+01 1.038641441685645854e-04
4.000000000000000000e+01 1.055221916538619264e-04
4.100000000000000000e+01 1.062453676736166332e-04
4.200000000000000000e+01 1.099137420523412482e-04
4.300000000000000000e+01 1.077388314487824270e-04
4.400000000000000000e+01 1.070664996770010505e-04
4.500000000000000000e+01 1.046997376441648745e-04
4.600000000000000000e+01 1.056987404642779904e-04
4.700000000000000000e+01 1.043231295219604826e-04
4.800000000000000000e+01 1.074785799167457854e-04
4.900000000000000000e+01 1.068757111593576488e-04
5.000000000000000000e+01 1.038419864949151859e-04
5.100000000000000000e+01 1.033336389611000893e-04
5.200000000000000000e+01 1.029193564040522076e-04
5.300000000000000000e+01 1.135311186290817719e-04
5.400000000000000000e+01 1.087161789984686968e-04
5.500000000000000000e+01 1.028477512585372584e-04
5.600000000000000000e+01 1.026495944985899634e-04
5.700000000000000000e+01 1.028282698683515684e-04
5.800000000000000000e+01 1.033057486670055884e-04
5.900000000000000000e+01 1.027645384945910208e-04
6.000000000000000000e+01 1.026567662709714130e-04
6.100000000000000000e+01 1.022722584372975490e-04
6.200000000000000000e+01 1.023060634273708242e-04
6.300000000000000000e+01 1.028461458352178279e-04
6.400000000000000000e+01 1.049516666473296838e-04
6.500000000000000000e+01 1.018945985172307146e-04
6.600000000000000000e+01 1.024010981144545603e-04
6.700000000000000000e+01 1.069451614138773544e-04
6.800000000000000000e+01 1.015674675744182825e-04
6.900000000000000000e+01 1.016830800791213485e-04
7.000000000000000000e+01 1.029282181811799383e-04
7.100000000000000000e+01 1.025076381170130326e-04
7.200000000000000000e+01 1.019450062644085752e-04
7.300000000000000000e+01 1.052158340269175038e-04
7.400000000000000000e+01 1.043214569571702970e-04
7.500000000000000000e+01 1.028340969957135292e-04
7.600000000000000000e+01 1.033044850108173551e-04
7.700000000000000000e+01 9.976346422404168098e-05
7.800000000000000000e+01 1.007788118884457855e-04
7.900000000000000000e+01 1.010010727650371233e-04
8.000000000000000000e+01 1.010477216222532821e-04
8.100000000000000000e+01 1.011592569458790006e-04
8.200000000000000000e+01 9.853205631731743873e-05
8.300000000000000000e+01 9.924903862658109824e-05
8.400000000000000000e+01 1.002993399326712414e-04
8.500000000000000000e+01 1.011528210739073201e-04
8.600000000000000000e+01 1.055801249654106074e-04
8.700000000000000000e+01 9.877806635527240035e-05
8.800000000000000000e+01 9.842941713624771922e-05
8.900000000000000000e+01 9.849595357348979452e-05
9.000000000000000000e+01 9.769213967323513506e-05
9.100000000000000000e+01 9.744273376313283450e-05
9.200000000000000000e+01 9.738750516872719711e-05
9.300000000000000000e+01 9.767440519309153631e-05
9.400000000000000000e+01 9.764780050723250446e-05
9.500000000000000000e+01 9.721116727401659329e-05
9.600000000000000000e+01 9.543697516786037432e-05
9.700000000000000000e+01 9.811220622405387754e-05
9.800000000000000000e+01 9.658889745789516715e-05
9.900000000000000000e+01 9.569473917024523047e-05
1.000000000000000000e+02 9.524977657257868529e-05
1.010000000000000000e+02 9.522514288038628474e-05
1.020000000000000000e+02 9.722444348254918943e-05
1.030000000000000000e+02 9.567740199863925031e-05
1.040000000000000000e+02 9.480523983364496634e-05
1.050000000000000000e+02 9.717083326847775681e-05
1.060000000000000000e+02 9.956963132445795694e-05
1.070000000000000000e+02 9.602893501803525639e-05
1.080000000000000000e+02 9.367297739408325056e-05
1.090000000000000000e+02 9.474480312215177616e-05
1.100000000000000000e+02 9.370563689395831973e-05
1.110000000000000000e+02 9.295990335664129699e-05
1.120000000000000000e+02 9.499325755082526105e-05
1.130000000000000000e+02 9.403519144959267349e-05
1.140000000000000000e+02 9.191863730280560403e-05
1.150000000000000000e+02 9.140016278223426496e-05
1.160000000000000000e+02 9.271335166621396274e-05
1.170000000000000000e+02 9.060493040378996997e-05
1.180000000000000000e+02 9.126503625466963706e-05
1.190000000000000000e+02 9.122175764152207005e-05
1.200000000000000000e+02 9.280308796001794397e-05
1.210000000000000000e+02 9.072821124124688240e-05
1.220000000000000000e+02 8.954164823554751763e-05
1.230000000000000000e+02 9.002495139540244600e-05
1.240000000000000000e+02 8.962805071093541331e-05
1.250000000000000000e+02 9.009001213893181367e-05
1.260000000000000000e+02 8.919204843992842866e-05
1.270000000000000000e+02 8.849694586983398266e-05
1.280000000000000000e+02 8.928078415842603073e-05
1.290000000000000000e+02 8.712205904754988695e-05
1.300000000000000000e+02 8.765694350260207158e-05
1.310000000000000000e+02 8.881784185284816125e-05
1.320000000000000000e+02 8.790322846081297299e-05
1.330000000000000000e+02 8.675546007800529391e-05
1.340000000000000000e+02 8.610928684839655586e-05
1.350000000000000000e+02 8.450177186104518149e-05
1.360000000000000000e+02 8.636099671153717725e-05
1.370000000000000000e+02 8.595567634331409044e-05
1.380000000000000000e+02 8.404024338971578627e-05
1.390000000000000000e+02 8.354769796606591626e-05
1.400000000000000000e+02 8.441358753167389935e-05
1.410000000000000000e+02 8.278417145230161439e-05
1.420000000000000000e+02 8.446525733736723427e-05
1.430000000000000000e+02 8.202245772665705495e-05
1.440000000000000000e+02 8.568353344118443988e-05
1.450000000000000000e+02 8.141406740475310149e-05
1.460000000000000000e+02 8.287142262510593179e-05
1.470000000000000000e+02 8.631892901324135828e-05
1.480000000000000000e+02 8.426362497080908890e-05
1.490000000000000000e+02 7.953956746853937455e-05
1.500000000000000000e+02 8.012452790680813235e-05
1.510000000000000000e+02 8.097057392051884887e-05
1.520000000000000000e+02 8.044765282476180250e-05
1.530000000000000000e+02 7.837277292244265703e-05
1.540000000000000000e+02 7.798755476171147368e-05
1.550000000000000000e+02 7.796071793507250859e-05
1.560000000000000000e+02 7.776127249236312227e-05
1.570000000000000000e+02 7.684862804833270762e-05
1.580000000000000000e+02 7.632844466153729181e-05
1.590000000000000000e+02 7.670059572080606641e-05
1.600000000000000000e+02 7.616190267246877301e-05
1.610000000000000000e+02 7.552789958971750715e-05
1.620000000000000000e+02 7.422043984651923712e-05
1.630000000000000000e+02 7.319162267611365781e-05
1.640000000000000000e+02 7.490282656131534592e-05
1.650000000000000000e+02 7.261676407546389380e-05
1.660000000000000000e+02 7.192274946423312624e-05
1.670000000000000000e+02 7.128064299339265596e-05
1.680000000000000000e+02 7.096971559523243425e-05
1.690000000000000000e+02 7.086271719643361664e-05
1.700000000000000000e+02 7.162630767282591863e-05
1.710000000000000000e+02 6.979294892166284354e-05
1.720000000000000000e+02 6.871720200901623081e-05
1.730000000000000000e+02 6.841350431214351555e-05
1.740000000000000000e+02 6.795814402348049474e-05
1.750000000000000000e+02 6.914950986674064991e-05
