0.000000000000000000e+00 2.215345313587384433e-03
1.000000000000000000e+00 4.280156770802776012e-04
2.000000000000000000e+00 1.428477321677092289e-04
3.000000000000000000e+00 1.321505011432451610e-04
4.000000000000000000e+00 1.307242324052286921e-04
5.000000000000000000e+00 1.299971673705021104e-04
6.000000000000000000e+00 1.292235264162432302e-04
7.000000000000000000e+00 1.283203319988149326e-04
8.000000000000000000e+00 1.275297322351775532e-04
9.000000000000000000e+00 1.267528238491326539e-04
1.000000000000000000e+01 1.260436387983671482e-04
1.100000000000000000e+01 1.252784661247028166e-04
1.200000000000000000e+01 1.249935899021239214e-04
1.300000000000000000e+01 1.239231930510690399e-04
1.400000000000000000e+01 1.232899080754934669e-04
1.500000000000000000e+01 1.224205655127299976e-04
1.600000000000000000e+01 1.221522789914411067e-04
1.700000000000000000e+01 1.209252779305781001e-04
1.800000000000000000e+01 1.208283801774977348e-04
1.900000000000000000e+01 1.190273384319306569e-04
2.000000000000000000e+01 1.186732909685781775e-04
2.100000000000000000e+01 1.178918826375033416e-04
2.200000000000000000e+01 1.173452428642774310e-04
2.300000000000000000e+01 1.163201100122473021e-04
2.400000000000000000e+01 1.146463546743604781e-04
2.500000000000000000e+01 1.139701821993270180e-04
2.600000000000000000e+01 1.124784144710699489e-04
2.700000000000000000e+01 1.120234298779005505e-04
2.800000000000000000e+01 1.090517266905682039e-04
2.900000000000000000e+01 1.074835475713758158e-04
3.000000000000000000e+01 1.052770340654004860e-04
3.100000000000000000e+01 1.037500791505142011e-04
3.200000000000000000e+01 1.012625395804667405e-04
3.300000000000000000e+01 9.779314337658235245e-05
3.400000000000000000e+01 9.218010883932768892e-05
3.500000000000000000e+01 8.627343912141347199e-05
3.600000000000000000e+01 7.877410862289503635e-05
3.700000000000000000e+01 7.012169539901173202e-05
3.800000000000000000e+01 6.254022359982804610e-05
3.900000000000000000e+01 5.735834108862175877e-05
4.000000000000000000e+01 5.488586573232527224e-05
4.100000000000000000e+01 5.422037090081980850e-05
4.200000000000000000e+01 5.429192824741623441e-05
4.300000000000000000e+01 5.362539344911167215e-05
4.400000000000000000e+01 5.389898836060779807e-05
4.500000000000000000e+01 5.386048754069010708e-05
4.600000000000000000e+01 5.343544892072788806e-05
4.700000000000000000e+01 5.348493962938083175e-05
4.800000000000000000e+01 5.338596829182523158e-05
4.900000000000000000e+01 5.331256299528247430e-05
5.000000000000000000e+01 5.326518235145457335e-05
5.100000000000000000e+01 5.319296604267700706e-05
5.200000000000000000e+01 5.341258131701923009e-05
5.300000000000000000e+01 5.329679543217775891e-05
5.400000000000000000e+01 5.341935174800908822e-05
5.500000000000000000e+01 5.329527381172987163e-05
5.600000000000000000e+01 5.342776439566800746e-05
5.700000000000000000e+01 5.323015704587608343e-05
5.800000000000000000e+01 5.363904758866193964e-05
5.900000000000000000e+01 5.402061000297232312e-05
6.000000000000000000e+01 5.331620083593071317e-05
6.100000000000000000e+01 5.306425194466571078e-05
6.200000000000000000e+01 5.305713357354499657e-05
6.300000000000000000e+01 5.294501075805140716e-05
6.400000000000000000e+01 5.342628183658161957e-05
6.500000000000000000e+01 5.313997693554906639e-05
6.600000000000000000e+01 5.309416935626102679e-05
6.700000000000000000e+01 5.311780981884155575e-05
6.800000000000000000e+01 5.293882480500181146e-05
6.900000000000000000e+01 5.300680854220879223e-05
7.000000000000000000e+01 5.293012218934710383e-05
7.100000000000000000e+01 5.296585379348627410e-05
7.200000000000000000e+01 5.314911206135471827e-05
7.300000000000000000e+01 5.296285105614878411e-05
7.400000000000000000e+01 5.278151745564344660e-05
7.500000000000000000e+01 5.299035988688502875e-05
7.600000000000000000e+01 5.282481507689057166e-05
7.700000000000000000e+01 5.287358035470666123e-05
7.800000000000000000e+01 5.276516291005554969e-05
7.900000000000000000e+01 5.290293753365552318e-05
8.000000000000000000e+01 5.276046692949078925e-05
8.100000000000000000e+01 5.281950025197909966e-05
8.200000000000000000e+01 5.281541246935539835e-05
8.300000000000000000e+01 5.270330401511112706e-05
8.400000000000000000e+01 5.281326066818737696e-05
8.500000000000000000e+01 5.296348506581114742e-05
8.600000000000000000e+01 5.289921171461819081e-05
8.700000000000000000e+01 5.270711902839769525e-05
8.800000000000000000e+01 5.274997883064002854e-05
8.900000000000000000e+01 5.290203962471120268e-05
9.000000000000000000e+01 5.273507020535273709e-05
9.100000000000000000e+01 5.341206318254944596e-05
9.200000000000000000e+01 5.287112615319429802e-05
9.300000000000000000e+01 5.270761574278150534e-05
9.400000000000000000e+01 5.266539098123049629e-05
9.500000000000000000e+01 5.262316164251975041e-05
9.600000000000000000e+01 5.259030511174298244e-05
9.700000000000000000e+01 5.325515450858733199e-05
9.800000000000000000e+01 5.297205153072131366e-05
9.900000000000000000e+01 5.314477277892271274e-05
1.000000000000000000e+02 5.273529518405049762e-05
1.010000000000000000e+02 5.263506690696298187e-05
1.020000000000000000e+02 5.278217554081658029e-05
1.030000000000000000e+02 5.282226190723057329e-05
1.040000000000000000e+02 5.262747497307949262e-05
1.050000000000000000e+02 5.267666770909728392e-05
1.060000000000000000e+02 5.297592111194334531e-05
1.070000000000000000e+02 5.268543958602665172e-05
1.080000000000000000e+02 5.271581366642523806e-05
1.090000000000000000e+02 5.273704013467914273e-05
1.100000000000000000e+02 5.259229224197218601e-05
1.110000000000000000e+02 5.250596096134926496e-05
1.120000000000000000e+02 5.250529689203854803e-05
1.130000000000000000e+02 5.268864145362850285e-05
1.140000000000000000e+02 5.251313861750139204e-05
1.150000000000000000e+02 5.256539727729983872e-05
1.160000000000000000e+02 5.245448142104798111e-05
1.170000000000000000e+02 5.265680867378896884e-05
1.180000000000000000e+02 5.259486615329382104e-05
1.190000000000000000e+02 5.257657487646933060e-05
1.200000000000000000e+02 5.264918921672807786e-05
1.210000000000000000e+02 5.244004295642864247e-05
1.220000000000000000e+02 5.247345420627403642e-05
1.230000000000000000e+02 5.244093753864381881e-05
1.240000000000000000e+02 5.246669453860331508e-05
1.250000000000000000e+02 5.242773829337319194e-05
1.260000000000000000e+02 5.303004172483943656e-05
1.270000000000000000e+02 5.267488408267110244e-05
1.280000000000000000e+02 5.288465541447458896e-05
1.290000000000000000e+02 5.240277235055843170e-05
1.300000000000000000e+02 5.279316981506987084e-05
1.310000000000000000e+02 5.295174506186212939e-05
