0.000000000000000000e+00 7.070308642446192227e-02
1.000000000000000000e+00 3.870231329634300343e-03
2.000000000000000000e+00 2.360051620193485706e-03
3.000000000000000000e+00 2.266508998856315779e-03
4.000000000000000000e+00 2.249265294558854163e-03
5.000000000000000000e+00 2.247919756199299058e-03
6.000000000000000000e+00 2.235549591700822323e-03
7.000000000000000000e+00 2.228015224201462374e-03
8.000000000000000000e+00 2.220418391987645946e-03
9.000000000000000000e+00 2.210491194843928510e-03
1.000000000000000000e+01 2.202289223975407734e-03
1.100000000000000000e+01 2.192022975445038178e-03
1.200000000000000000e+01 2.183816748313889035e-03
1.300000000000000000e+01 2.175341863462631163e-03
1.400000000000000000e+01 2.165178160965812101e-03
1.500000000000000000e+01 2.160484252707710936e-03
1.600000000000000000e+01 2.152345577830471791e-03
1.700000000000000000e+01 2.140604250260673240e-03
1.800000000000000000e+01 2.132700074903674369e-03
1.900000000000000000e+01 2.119099801444235352e-03
2.000000000000000000e+01 2.110512481222631773e-03
2.100000000000000000e+01 2.099122432415122946e-03
2.200000000000000000e+01 2.085363105197985539e-03
2.300000000000000000e+01 2.077433428299768972e-03
2.400000000000000000e+01 2.068028981900396461e-03
2.500000000000000000e+01 2.056285045794933528e-03
2.600000000000000000e+01 2.046397676794692051e-03
2.700000000000000000e+01 2.029151061307874447e-03
2.800000000000000000e+01 2.017568400933417508e-03
2.900000000000000000e+01 2.002080974744075217e-03
3.000000000000000000e+01 1.986707286887260792e-03
3.100000000000000000e+01 1.981351806639318827e-03
3.200000000000000000e+01 1.957285352759808358e-03
3.300000000000000000e+01 1.939911363833958730e-03
3.400000000000000000e+01 1.923373292056022952e-03
3.500000000000000000e+01 1.891419621349195272e-03
3.600000000000000000e+01 1.861492495935919683e-03
3.700000000000000000e+01 1.817013942975934451e-03
3.800000000000000000e+01 1.743317778772510759e-03
3.900000000000000000e+01 1.623904343374930068e-03
4.000000000000000000e+01 1.417424896104374976e-03
4.100000000000000000e+01 1.078459951027210253e-03
4.200000000000000000e+01 6.900517043258483059e-04
4.300000000000000000e+01 4.272370325289834834e-04
4.400000000000000000e+01 3.227278485200040176e-04
4.500000000000000000e+01 2.804529495007586077e-04
4.600000000000000000e+01 2.624109004346006639e-04
4.700000000000000000e+01 2.534653141599249896e-04
4.800000000000000000e+01 2.381543990089653780e-04
4.900000000000000000e+01 2.266229524270906178e-04
5.000000000000000000e+01 2.156773114344943520e-04
5.100000000000000000e+01 2.062762259963386966e-04
5.200000000000000000e+01 1.961506995273097187e-04
5.300000000000000000e+01 1.903212863869722384e-04
5.400000000000000000e+01 1.795455555873978954e-04
5.500000000000000000e+01 1.734843860876367769e-04
5.600000000000000000e+01 1.678745702839964981e-04
5.700000000000000000e+01 1.627098915739648064e-04
5.800000000000000000e+01 1.567193446093811124e-04
5.900000000000000000e+01 1.529979104267171553e-04
6.000000000000000000e+01 1.472938436362705977e-04
6.100000000000000000e+01 1.453437508367141538e-04
6.200000000000000000e+01 1.418039504819958684e-04
6.300000000000000000e+01 1.374509759764607614e-04
6.400000000000000000e+01 1.343868993750975188e-04
6.500000000000000000e+01 1.321831713367233106e-04
6.600000000000000000e+01 1.295437801566443677e-04
6.700000000000000000e+01 1.274826947838963737e-04
6.800000000000000000e+01 1.245011179720473661e-04
6.900000000000000000e+01 1.230352949497396438e-04
7.000000000000000000e+01 1.219192112628969023e-04
7.100000000000000000e+01 1.192509723888444240e-04
7.200000000000000000e+01 1.162739144515876569e-04
7.300000000000000000e+01 1.142642079046759265e-04
7.400000000000000000e+01 1.144123318174646606e-04
7.500000000000000000e+01 1.108066538465375233e-04
7.600000000000000000e+01 1.094974842671194999e-04
7.700000000000000000e+01 1.080025237788704689e-04
7.800000000000000000e+01 1.063577067436702989e-04
7.900000000000000000e+01 1.047264364528780432e-04
8.000000000000000000e+01 1.037758583472676540e-04
8.100000000000000000e+01 1.014385143078199922e-04
8.200000000000000000e+01 1.003555180954510053e-04
8.300000000000000000e+01 9.847029678125703792e-05
8.400000000000000000e+01 9.878865838815325813e-05
8.500000000000000000e+01 9.771105435305764506e-05
8.600000000000000000e+01 9.501670053402657985e-05
8.700000000000000000e+01 9.449572720688782898e-05
8.800000000000000000e+01 9.262672959485122653e-05
8.900000000000000000e+01 9.109817497894542361e-05
9.000000000000000000e+01 9.040671247739625542e-05
9.100000000000000000e+01 8.930686219870018693e-05
9.200000000000000000e+01 8.795972834834635929e-05
9.300000000000000000e+01 8.614874705097739648e-05
9.400000000000000000e+01 8.552660141024252349e-05
9.500000000000000000e+01 8.447980262013088208e-05
9.600000000000000000e+01 8.336640608422694204e-05
9.700000000000000000e+01 8.254331013204753756e-05
9.800000000000000000e+01 8.196765656266808049e-05
9.900000000000000000e+01 7.998292027647036569e-05
1.000000000000000000e+02 7.995047325807741272e-05
1.010000000000000000e+02 7.846986138545295321e-05
1.020000000000000000e+02 7.778460684902975325e-05
1.030000000000000000e+02 7.678460749644263836e-05
1.040000000000000000e+02 7.611319527334079957e-05
1.050000000000000000e+02 7.561681986719352006e-05
1.060000000000000000e+02 7.530733809138147230e-05
1.070000000000000000e+02 7.468842371209693035e-05
1.080000000000000000e+02 7.239688835967666275e-05
1.090000000000000000e+02 7.178878021060236699e-05
1.100000000000000000e+02 7.167320724481002073e-05
1.110000000000000000e+02 7.179183692326615422e-05
1.120000000000000000e+02 7.022924411953504671e-05
1.130000000000000000e+02 7.019197627973024136e-05
1.140000000000000000e+02 6.876441556790729634e-05
1.150000000000000000e+02 6.834508981428103651e-05
1.160000000000000000e+02 6.746267328341842341e-05
1.170000000000000000e+02 6.681593805021841066e-05
1.180000000000000000e+02 6.597032671330032812e-05
1.190000000000000000e+02 6.527460486035976831e-05
1.200000000000000000e+02 6.513056800800768882e-05
1.210000000000000000e+02 6.413570864598086649e-05
1.220000000000000000e+02 6.508895046292814039e-05
1.230000000000000000e+02 6.354849335501638115e-05
1.240000000000000000e+02 6.292867976516099430e-05
1.250000000000000000e+02 6.265066708498587451e-05
1.260000000000000000e+02 6.234987739316184981e-05
1.270000000000000000e+02 6.196209548308693256e-05
1.280000000000000000e+02 6.123595058448892334e-05
1.290000000000000000e+02 6.114264840310189980e-05
1.300000000000000000e+02 6.044208169759321804e-05
1.310000000000000000e+02 6.152426832659473770e-05
1.320000000000000000e+02 5.964952458353642458e-05
1.330000000000000000e+02 5.996082244817588339e-05
1.340000000000000000e+02 5.972828600201286579e-05
1.350000000000000000e+02 5.860047657157714513e-05
1.360000000000000000e+02 5.799508584975311774e-05
1.370000000000000000e+02 5.796101915177518684e-05
1.380000000000000000e+02 5.732661440894511418e-05
1.390000000000000000e+02 5.729660295220396143e-05
1.400000000000000000e+02 5.706044525674201177e-05
1.410000000000000000e+02 5.680541114647130220e-05
1.420000000000000000e+02 5.632066010718808408e-05
1.430000000000000000e+02 5.588420622896028922e-05
1.440000000000000000e+02 5.560141327172004629e-05
1.450000000000000000e+02 5.717943621241931748e-05
1.460000000000000000e+02 5.519075272726875204e-05
1.470000000000000000e+02 5.538507491135240247e-05
1.480000000000000000e+02 5.445843538493543338e-05
1.490000000000000000e+02 5.465797710332421757e-05
1.500000000000000000e+02 5.457422136972723956e-05
1.510000000000000000e+02 5.416866291527282646e-05
1.520000000000000000e+02 5.366430102848086949e-05
1.530000000000000000e+02 5.328397527311849448e-05
1.540000000000000000e+02 5.338308063830914753e-05
1.550000000000000000e+02 5.272986703506533560e-05
1.560000000000000000e+02 5.270731478328303279e-05
1.570000000000000000e+02 5.244337740119015266e-05
1.580000000000000000e+02 5.219097399526238660e-05
1.590000000000000000e+02 5.205478506108707497e-05
1.600000000000000000e+02 5.171009810254288534e-05
1.610000000000000000e+02 5.158867964049116501e-05
1.620000000000000000e+02 5.142145531751116675e-05
1.630000000000000000e+02 5.098554902614227841e-05
1.640000000000000000e+02 5.098024838216957152e-05
1.650000000000000000e+02 5.141400302583689784e-05
1.660000000000000000e+02 5.114839507274275522e-05
1.670000000000000000e+02 5.052872009480716885e-05
1.680000000000000000e+02 5.050128972967563154e-05
1.690000000000000000e+02 5.069178357841236030e-05
1.700000000000000000e+02 5.030775333294632153e-05
1.710000000000000000e+02 4.987491320543031257e-05
1.720000000000000000e+02 4.946663248218017227e-05
1.730000000000000000e+02 4.928594548744744911e-05
1.740000000000000000e+02 4.987985134897923706e-05
1.750000000000000000e+02 4.909415038865140308e-05
1.760000000000000000e+02 4.881276409675500431e-05
1.770000000000000000e+02 4.869542505993561401e-05
1.780000000000000000e+02 4.940460291632889909e-05
1.790000000000000000e+02 4.895483783986691518e-05
1.800000000000000000e+02 4.863873403153826759e-05
1.810000000000000000e+02 4.818186971243040845e-05
1.820000000000000000e+02 4.859109425372996611e-05
1.830000000000000000e+02 4.794850132013312035e-05
1.840000000000000000e+02 4.798506242575375710e-05
1.850000000000000000e+02 4.754706448476366323e-05
1.860000000000000000e+02 4.765617701046100932e-05
1.870000000000000000e+02 4.726124888406147236e-05
1.880000000000000000e+02 4.723007949671101944e-05
1.890000000000000000e+02 4.698353929198708512e-05
1.900000000000000000e+02 4.714069794182186254e-05
1.910000000000000000e+02 4.699612884339702661e-05
1.920000000000000000e+02 4.658065075974864418e-05
1.930000000000000000e+02 4.643242151294894670e-05
1.940000000000000000e+02 4.789677900521819844e-05
1.950000000000000000e+02 4.709356159092886886e-05
1.960000000000000000e+02 4.617350152438030696e-05
1.970000000000000000e+02 4.631023324372532071e-05
1.980000000000000000e+02 4.641331139280333853e-05
1.990000000000000000e+02 4.599806608025192273e-05
2.000000000000000000e+02 4.611444018867640900e-05
2.010000000000000000e+02 4.580907466197496814e-05
2.020000000000000000e+02 4.559099034569007375e-05
2.030000000000000000e+02 4.559044089444626616e-05
2.040000000000000000e+02 4.533704828631141486e-05
2.050000000000000000e+02 4.505697995907465215e-05
2.060000000000000000e+02 4.497789846243914491e-05
2.070000000000000000e+02 4.497563586671680632e-05
2.080000000000000000e+02 4.496575084802499790e-05
2.090000000000000000e+02 4.473815419353289200e-05
2.100000000000000000e+02 4.457307944148864023e-05
2.110000000000000000e+02 4.466220019490041166e-05
2.120000000000000000e+02 4.486128554975031134e-05
2.130000000000000000e+02 4.446654095300778850e-05
2.140000000000000000e+02 4.507969743105598827e-05
2.150000000000000000e+02 4.498242394147361863e-05
2.160000000000000000e+02 4.447977450157620719e-05
2.170000000000000000e+02 4.407480359706656033e-05
2.180000000000000000e+02 4.400818534696397590e-05
2.190000000000000000e+02 4.388247107059015990e-05
2.200000000000000000e+02 4.397629393160676310e-05
2.210000000000000000e+02 4.379358549034479065e-05
2.220000000000000000e+02 4.354479276849284214e-05
2.230000000000000000e+02 4.354972983569853524e-05
2.240000000000000000e+02 4.355345641911664091e-05
2.250000000000000000e+02 4.392171296990049332e-05
2.260000000000000000e+02 4.327000570199906451e-05
2.270000000000000000e+02 4.326747200051156937e-05
2.280000000000000000e+02 4.296733755104896506e-05
2.290000000000000000e+02 4.306198948704753469e-05
2.300000000000000000e+02 4.329576064139377503e-05
2.310000000000000000e+02 4.316327319537834083e-05
2.320000000000000000e+02 4.272166554031900907e-05
2.330000000000000000e+02 4.273498521338576209e-05
2.340000000000000000e+02 4.278648248581958750e-05
2.350000000000000000e+02 4.261919126354752073e-05
2.360000000000000000e+02 4.269949804954667851e-05
2.370000000000000000e+02 4.288439819072230921e-05
2.380000000000000000e+02 4.283505840717709051e-05
2.390000000000000000e+02 4.275561600867142678e-05
2.400000000000000000e+02 4.212361900722224640e-05
2.410000000000000000e+02 4.220327796559041419e-05
2.420000000000000000e+02 4.220915274942586896e-05
2.430000000000000000e+02 4.223865357741692973e-05
2.440000000000000000e+02 4.207534976868392517e-05
2.450000000000000000e+02 4.204007149290211760e-05
2.460000000000000000e+02 4.185564641806250170e-05
2.470000000000000000e+02 4.179747540344598642e-05
2.480000000000000000e+02 4.218055754300970494e-05
2.490000000000000000e+02 4.165324060972482116e-05
2.500000000000000000e+02 4.161070213977393126e-05
2.510000000000000000e+02 4.169753873571598144e-05
2.520000000000000000e+02 4.185992101197993215e-05
2.530000000000000000e+02 4.144296294401689717e-05
2.540000000000000000e+02 4.213235234736945040e-05
2.550000000000000000e+02 4.202443731340620023e-05
2.560000000000000000e+02 4.130843135141378051e-05
2.570000000000000000e+02 4.133018684537066321e-05
2.580000000000000000e+02 4.130166654112600052e-05
2.590000000000000000e+02 4.125772314917860848e-05
2.600000000000000000e+02 4.098545236052759819e-05
2.610000000000000000e+02 4.089020875172845123e-05
2.620000000000000000e+02 4.110480950619562846e-05
2.630000000000000000e+02 4.115081533492600933e-05
2.640000000000000000e+02 4.127032992038015552e-05
2.650000000000000000e+02 4.085160442945352197e-05
2.660000000000000000e+02 4.069266178120287900e-05
2.670000000000000000e+02 4.066760426805297586e-05
2.680000000000000000e+02 4.060873335426282941e-05
2.690000000000000000e+02 4.071009436979484416e-05
2.700000000000000000e+02 4.046565132928899863e-05
2.710000000000000000e+02 4.062583643342977289e-05
2.720000000000000000e+02 4.047525108173380848e-05
2.730000000000000000e+02 4.061547485567251379e-05
2.740000000000000000e+02 4.046786203056572124e-05
2.750000000000000000e+02 4.027632415979717507e-05
2.760000000000000000e+02 4.023173247280108965e-05
2.770000000000000000e+02 4.022829702558406183e-05
2.780000000000000000e+02 4.035993008265433728e-05
2.790000000000000000e+02 4.012302093833510630e-05
2.800000000000000000e+02 4.007480605686835652e-05
2.810000000000000000e+02 4.032839241743518003e-05
2.820000000000000000e+02 4.009596239711982316e-05
2.830000000000000000e+02 3.986526416115028910e-05
2.840000000000000000e+02 3.988686728559076046e-05
2.850000000000000000e+02 3.979701139045415737e-05
2.860000000000000000e+02 3.971853884959709885e-05
2.870000000000000000e+02 3.977564013459393026e-05
2.880000000000000000e+02 3.973749333160155847e-05
2.890000000000000000e+02 3.966858115026185218e-05
2.900000000000000000e+02 3.965315503593198329e-05
2.910000000000000000e+02 3.954781418416051359e-05
2.920000000000000000e+02 3.962993880937588388e-05
2.930000000000000000e+02 3.958564496743662372e-05
2.940000000000000000e+02 3.943120426262803420e-05
2.950000000000000000e+02 3.950841442238025789e-05
2.960000000000000000e+02 3.947759815644549201e-05
2.970000000000000000e+02 3.933595498435562101e-05
2.980000000000000000e+02 3.928369349577032763e-05
2.990000000000000000e+02 3.945347303220172992e-05
3.000000000000000000e+02 3.924170936799546158e-05
3.010000000000000000e+02 3.921015368690487616e-05
3.020000000000000000e+02 3.933201253313069055e-05
3.030000000000000000e+02 3.920087348550969577e-05
3.040000000000000000e+02 3.940183483578173316e-05
3.050000000000000000e+02 3.919573115360798802e-05
3.060000000000000000e+02 3.903671304961943471e-05
3.070000000000000000e+02 3.901005747846705520e-05
3.080000000000000000e+02 3.894207405431768514e-05
3.090000000000000000e+02 3.892942508466528875e-05
3.100000000000000000e+02 3.882777180130250766e-05
3.110000000000000000e+02 3.882884385002003362e-05
3.120000000000000000e+02 3.878040272574248895e-05
3.130000000000000000e+02 3.871600661209958041e-05
3.140000000000000000e+02 3.873880652984148940e-05
3.150000000000000000e+02 3.873485910374053158e-05
3.160000000000000000e+02 3.875841557793669801e-05
3.170000000000000000e+02 3.876429577649620115e-05
3.180000000000000000e+02 3.865390533591483513e-05
3.190000000000000000e+02 3.858197860174279438e-05
3.200000000000000000e+02 3.866158377416926506e-05
3.210000000000000000e+02 3.887272827007888921e-05
3.220000000000000000e+02 3.875830759515592024e-05
3.230000000000000000e+02 3.865792116160968379e-05
3.240000000000000000e+02 3.851869038676490023e-05
3.250000000000000000e+02 3.848841711416706017e-05
3.260000000000000000e+02 3.844019033657932702e-05
3.270000000000000000e+02 3.843709959605424124e-05
3.280000000000000000e+02 3.838494499440688778e-05
3.290000000000000000e+02 3.829968602147716780e-05
3.300000000000000000e+02 3.825206857546157885e-05
3.310000000000000000e+02 3.822575009283441026e-05
3.320000000000000000e+02 3.831641729932167494e-05
3.330000000000000000e+02 3.823417751187902289e-05
3.340000000000000000e+02 3.816577283000497934e-05
3.350000000000000000e+02 3.813809741990141673e-05
3.360000000000000000e+02 3.816227070670974577e-05
3.370000000000000000e+02 3.817591406194189972e-05
3.380000000000000000e+02 3.825973098049478322e-05
3.390000000000000000e+02 3.806402748713544522e-05
3.400000000000000000e+02 3.816068786734900522e-05
3.410000000000000000e+02 3.799052515643834218e-05
3.420000000000000000e+02 3.795167231621821041e-05
3.430000000000000000e+02 3.791004462619387513e-05
3.440000000000000000e+02 3.797801656522473168e-05
3.450000000000000000e+02 3.800399072269495821e-05
3.460000000000000000e+02 3.792765819568910484e-05
3.470000000000000000e+02 3.787762877846583475e-05
3.480000000000000000e+02 3.785287602389536771e-05
3.490000000000000000e+02 3.779379581892057787e-05
3.500000000000000000e+02 3.777574766220736992e-05
3.510000000000000000e+02 3.770195628758883991e-05
3.520000000000000000e+02 3.776746443962694747e-05
3.530000000000000000e+02 3.777525675765459000e-05
3.540000000000000000e+02 3.771814747301466248e-05
3.550000000000000000e+02 3.768241592904905836e-05
3.560000000000000000e+02 3.767606384704709146e-05
3.570000000000000000e+02 3.767977355958620860e-05
3.580000000000000000e+02 3.765575567922332977e-05
3.590000000000000000e+02 3.774015308549688976e-05
3.600000000000000000e+02 3.771639312851225663e-05
3.610000000000000000e+02 3.767730378362216427e-05
3.620000000000000000e+02 3.757917320954102348e-05
3.630000000000000000e+02 3.752329866536408703e-05
3.640000000000000000e+02 3.757622681384601234e-05
3.650000000000000000e+02 3.757694657045094881e-05
3.660000000000000000e+02 3.753543877136970695e-05
