0.000000000000000000e+00 3.361094917937240749e-05
1.000000000000000000e+00 2.628294660789503318e-06
2.000000000000000000e+00 5.435288633908360917e-07
3.000000000000000000e+00 5.128176199356146479e-07
4.000000000000000000e+00 9.924943053225211498e-07
5.000000000000000000e+00 4.752874532119005797e-07
6.000000000000000000e+00 9.706672200375646106e-07
7.000000000000000000e+00 6.607578515263727253e-07
8.000000000000000000e+00 1.762115015915540788e-07
9.000000000000000000e+00 6.782109858564037348e-08
1.000000000000000000e+01 5.914580667989595948e-08
1.100000000000000000e+01 5.780773060845900111e-08
1.200000000000000000e+01 8.228369709536928929e-08
1.300000000000000000e+01 2.281351478544292140e-07
1.400000000000000000e+01 1.083329065464005572e-07
1.500000000000000000e+01 2.283660037143687471e-07
1.600000000000000000e+01 2.549185431324596122e-07
1.700000000000000000e+01 1.197256199318189241e-07
1.800000000000000000e+01 6.761127524527605916e-08
1.900000000000000000e+01 8.051594170364530630e-08
2.000000000000000000e+01 8.364301858509020769e-08
2.100000000000000000e+01 5.500023998037982502e-08
2.200000000000000000e+01 4.411044713557511694e-08
2.300000000000000000e+01 3.859596449303556995e-08
2.400000000000000000e+01 7.977241363639587488e-08
2.500000000000000000e+01 8.776872546459132965e-08
2.600000000000000000e+01 6.818075800709333430e-08
2.700000000000000000e+01 1.072699497633021595e-07
2.800000000000000000e+01 5.879140780395521484e-07
2.900000000000000000e+01 3.173997790349013729e-07
3.000000000000000000e+01 2.612730102597123416e-07
3.100000000000000000e+01 1.357452547502791502e-07
3.200000000000000000e+01 3.965604714684460261e-07
3.300000000000000000e+01 4.348035370493863303e-07
3.400000000000000000e+01 5.869333456747874074e-07
3.500000000000000000e+01 3.339555107944917835e-07
3.600000000000000000e+01 1.028186590145316935e-07
3.700000000000000000e+01 3.980038841990552285e-08
3.800000000000000000e+01 2.851064329596202200e-08
3.900000000000000000e+01 2.795000436289159599e-08
4.000000000000000000e+01 4.041259199159400692e-08
4.100000000000000000e+01 5.149254856376368067e-08
4.200000000000000000e+01 4.465626266614239474e-08
4.300000000000000000e+01 3.484803284880330472e-08
4.400000000000000000e+01 3.608961776155081358e-08
4.500000000000000000e+01 4.003908108310952422e-08
4.600000000000000000e+01 5.888052655708733983e-08
4.700000000000000000e+01 7.511445877963492001e-08
4.800000000000000000e+01 1.320924065585871065e-07
4.900000000000000000e+01 1.765582940450068504e-07
5.000000000000000000e+01 8.843861956829575384e-07
5.100000000000000000e+01 2.255232188820134200e-07
5.200000000000000000e+01 8.095184465091668171e-08
5.300000000000000000e+01 5.005474629395373067e-08
5.400000000000000000e+01 7.594350623363519498e-08
5.500000000000000000e+01 3.878330015725183237e-08
5.600000000000000000e+01 3.246532503116749802e-08
5.700000000000000000e+01 3.509626076222377563e-08
5.800000000000000000e+01 4.706381478494060549e-08
5.900000000000000000e+01 3.787054058472849019e-08
6.000000000000000000e+01 3.788410216387113952e-08
6.100000000000000000e+01 5.252430501504943519e-08
6.200000000000000000e+01 3.172722317821115789e-08
6.300000000000000000e+01 2.939535049698929458e-08
6.400000000000000000e+01 3.633040470604030779e-08
6.500000000000000000e+01 2.993717733158052223e-08
6.600000000000000000e+01 3.748311335152286707e-08
6.700000000000000000e+01 3.251341521758888536e-08
6.800000000000000000e+01 5.151072397304552748e-08
6.900000000000000000e+01 7.586897801732353328e-08
7.000000000000000000e+01 1.272016432423136320e-07
7.100000000000000000e+01 1.047156231599525024e-07
7.200000000000000000e+01 1.278479354410661197e-07
7.300000000000000000e+01 1.174479945897186170e-07
7.400000000000000000e+01 9.473652103577356905e-08
7.500000000000000000e+01 5.626489582892445902e-08
7.600000000000000000e+01 5.791879185827288941e-08
7.700000000000000000e+01 4.565479514501621455e-08
7.800000000000000000e+01 3.788396569959432509e-08
7.900000000000000000e+01 2.823184726072871392e-08
8.000000000000000000e+01 2.741718291857306051e-08
8.100000000000000000e+01 2.638490636767301168e-08
8.200000000000000000e+01 3.140598263874721234e-08
8.300000000000000000e+01 3.246649935060688641e-08
8.400000000000000000e+01 2.680954740553751214e-08
8.500000000000000000e+01 2.670008824855782718e-08
8.600000000000000000e+01 3.841821947838350987e-08
8.700000000000000000e+01 4.648109066590669746e-08
8.800000000000000000e+01 3.450611278174274180e-08
8.900000000000000000e+01 3.179215540349492177e-08
9.000000000000000000e+01 2.939067863101732584e-08
9.100000000000000000e+01 2.742447202426380422e-08
9.200000000000000000e+01 2.706500200636323092e-08
9.300000000000000000e+01 3.017060162379939379e-08
9.400000000000000000e+01 4.332293799336592246e-08
9.500000000000000000e+01 3.040527619568415404e-08
9.600000000000000000e+01 3.511530166577128511e-08
9.700000000000000000e+01 5.122108511406400754e-08
9.800000000000000000e+01 4.224223051150263234e-08
9.900000000000000000e+01 2.962912141222140410e-08
1.000000000000000000e+02 2.707686153487352307e-08
1.010000000000000000e+02 2.619386297963567574e-08
1.020000000000000000e+02 3.489207247809869655e-08
1.030000000000000000e+02 3.546976196646019806e-08
1.040000000000000000e+02 2.903876327255410606e-08
1.050000000000000000e+02 3.185344023909712058e-08
1.060000000000000000e+02 2.813469282283800158e-08
1.070000000000000000e+02 5.646134095819671844e-08
1.080000000000000000e+02 2.209628217439086486e-07
1.090000000000000000e+02 4.791259389898697660e-07
1.100000000000000000e+02 3.548698844112998796e-07
1.110000000000000000e+02 9.338397884394078455e-08
1.120000000000000000e+02 4.101225300351021189e-08
1.130000000000000000e+02 3.373991294466254191e-08
1.140000000000000000e+02 3.533013683168953740e-08
1.150000000000000000e+02 3.039985286824653012e-08
1.160000000000000000e+02 2.700179964003307483e-08
1.170000000000000000e+02 2.861873187911727812e-08
1.180000000000000000e+02 3.101164904745373441e-08
1.190000000000000000e+02 4.577217647110574694e-08
1.200000000000000000e+02 3.849034757342035842e-08
1.210000000000000000e+02 3.476845157075030698e-08
1.220000000000000000e+02 2.884913206891639541e-08
1.230000000000000000e+02 4.476128533984016776e-08
1.240000000000000000e+02 2.881411688963655024e-08
1.250000000000000000e+02 3.092130072443785110e-08
1.260000000000000000e+02 2.703227111922918863e-08
1.270000000000000000e+02 3.031470517712752545e-08
1.280000000000000000e+02 2.812015225127403291e-08
1.290000000000000000e+02 2.913499396444290740e-08
1.300000000000000000e+02 2.866997281754130711e-08
1.310000000000000000e+02 3.474984603675684323e-08
1.320000000000000000e+02 2.801564834178657341e-08
1.330000000000000000e+02 3.458601488596367402e-08
1.340000000000000000e+02 4.221046831743578362e-08
1.350000000000000000e+02 3.060691045003525720e-08
1.360000000000000000e+02 2.456714085588308416e-08
1.370000000000000000e+02 2.722504656945803231e-08
1.380000000000000000e+02 3.735641098990162269e-08
1.390000000000000000e+02 4.959288228273740234e-08
1.400000000000000000e+02 4.335524495665665783e-08
1.410000000000000000e+02 2.706062934388154690e-08
1.420000000000000000e+02 2.581861257302145142e-08
1.430000000000000000e+02 2.742907843888106434e-08
1.440000000000000000e+02 2.762062307625596276e-08
1.450000000000000000e+02 3.783185683719344657e-08
1.460000000000000000e+02 3.508336958317382541e-08
1.470000000000000000e+02 3.023416783237211214e-08
1.480000000000000000e+02 2.419060008692102508e-08
1.490000000000000000e+02 2.637496382493865635e-08
1.500000000000000000e+02 2.692049749691072223e-08
1.510000000000000000e+02 2.480535335655522313e-08
1.520000000000000000e+02 2.795737835355857812e-08
1.530000000000000000e+02 3.075952780076764066e-08
1.540000000000000000e+02 3.150618903147849888e-08
1.550000000000000000e+02 2.889646935389656600e-08
1.560000000000000000e+02 3.220796415459741751e-08
1.570000000000000000e+02 4.030594359277625053e-08
1.580000000000000000e+02 5.870428649389217225e-08
1.590000000000000000e+02 3.820370074591501378e-08
1.600000000000000000e+02 2.912715092310164257e-08
1.610000000000000000e+02 2.925918361247697707e-08
1.620000000000000000e+02 2.828257859904681385e-08
1.630000000000000000e+02 3.523230219706797674e-08
1.640000000000000000e+02 2.881166495777657152e-08
1.650000000000000000e+02 2.549424152052019610e-08
1.660000000000000000e+02 2.720146237953029244e-08
1.670000000000000000e+02 2.899556473316492877e-08
1.680000000000000000e+02 3.079508654641029333e-08
1.690000000000000000e+02 2.716550224815706560e-08
1.700000000000000000e+02 2.545744226106086437e-08
1.710000000000000000e+02 2.947738152461850707e-08
1.720000000000000000e+02 2.779493137254820121e-08
1.730000000000000000e+02 2.847418769007896714e-08
1.740000000000000000e+02 2.912949858435194552e-08
1.750000000000000000e+02 2.604180829497703768e-08
1.760000000000000000e+02 3.269181566326247543e-08
1.770000000000000000e+02 3.002192592288094432e-08
1.780000000000000000e+02 3.325205471814789411e-08
1.790000000000000000e+02 2.718132964163682387e-08
1.800000000000000000e+02 2.618572279533108293e-08
1.810000000000000000e+02 2.473145439301299809e-08
1.820000000000000000e+02 2.513393036876894191e-08
1.830000000000000000e+02 2.468693700981473726e-08
1.840000000000000000e+02 2.504383289360078235e-08
1.850000000000000000e+02 2.871406249017786216e-08
1.860000000000000000e+02 4.417634659206047493e-08
1.870000000000000000e+02 2.668794130007156433e-08
1.880000000000000000e+02 2.734497818713129381e-08
1.890000000000000000e+02 2.596081267873643712e-08
1.900000000000000000e+02 2.940222003467051916e-08
1.910000000000000000e+02 2.678336732814994420e-08
1.920000000000000000e+02 2.394053345988808076e-08
1.930000000000000000e+02 2.485562478290852340e-08
1.940000000000000000e+02 2.628709407312321871e-08
1.950000000000000000e+02 4.291337486449738553e-08
1.960000000000000000e+02 4.785420220565626218e-08
1.970000000000000000e+02 5.412146939101680476e-08
1.980000000000000000e+02 4.109638907511840997e-08
1.990000000000000000e+02 2.611338159996081432e-08
2.000000000000000000e+02 2.939196671454052861e-08
2.010000000000000000e+02 2.621551010350620583e-08
2.020000000000000000e+02 2.657285933279182070e-08
2.030000000000000000e+02 2.578124230898274522e-08
2.040000000000000000e+02 2.573565132874548514e-08
2.050000000000000000e+02 2.622750018650765966e-08
