0.000000000000000000e+00 4.447899413784829614e-02
1.000000000000000000e+00 7.111964888798179285e-03
2.000000000000000000e+00 6.362821176775026316e-03
3.000000000000000000e+00 6.303056411853095488e-03
4.000000000000000000e+00 6.321748426239669726e-03
5.000000000000000000e+00 6.170528929848726439e-03
6.000000000000000000e+00 6.114857656235234140e-03
7.000000000000000000e+00 5.991169870879537937e-03
8.000000000000000000e+00 5.896141711534863723e-03
9.000000000000000000e+00 5.852078679970217426e-03
1.000000000000000000e+01 5.848703003377069692e-03
1.100000000000000000e+01 5.628948925471969830e-03
1.200000000000000000e+01 5.457273053305308416e-03
1.300000000000000000e+01 5.303303032753811479e-03
1.400000000000000000e+01 5.069811007934317722e-03
1.500000000000000000e+01 4.853138976256471393e-03
1.600000000000000000e+01 4.459964792014629517e-03
1.700000000000000000e+01 3.948449074592083954e-03
1.800000000000000000e+01 3.385534365756803256e-03
1.900000000000000000e+01 2.300307457585537736e-03
2.000000000000000000e+01 1.393812767895133463e-03
2.100000000000000000e+01 7.339580170051990564e-04
2.200000000000000000e+01 4.120731733125757132e-04
2.300000000000000000e+01 2.653552751393787787e-04
2.400000000000000000e+01 2.160841723100419807e-04
2.500000000000000000e+01 1.589448931858965567e-04
2.600000000000000000e+01 1.597529259620153268e-04
2.700000000000000000e+01 1.250304586465242839e-04
2.800000000000000000e+01 1.190253679120835227e-04
2.900000000000000000e+01 1.136788558685665885e-04
3.000000000000000000e+01 1.026120099464301536e-04
3.100000000000000000e+01 1.065734912991758324e-04
3.200000000000000000e+01 8.732314174334788440e-05
3.300000000000000000e+01 9.514644101460615461e-05
3.400000000000000000e+01 9.897488903488995445e-05
3.500000000000000000e+01 9.441498372218196794e-05
3.600000000000000000e+01 8.195883574773538442e-05
3.700000000000000000e+01 8.236290629987043279e-05
3.800000000000000000e+01 8.337704543201422788e-05
3.900000000000000000e+01 7.908978357666363859e-05
4.000000000000000000e+01 7.941927414924809564e-05
4.100000000000000000e+01 7.051816109070359329e-05
4.200000000000000000e+01 7.326775171715002241e-05
4.300000000000000000e+01 8.788622512170452699e-05
4.400000000000000000e+01 7.413936223130841426e-05
4.500000000000000000e+01 7.213363523975409102e-05
4.600000000000000000e+01 1.132747211041410938e-04
4.700000000000000000e+01 9.809307082034328027e-05
4.800000000000000000e+01 6.340854101037651271e-05
4.900000000000000000e+01 6.918039504918204537e-05
5.000000000000000000e+01 6.683637666180814319e-05
5.100000000000000000e+01 6.059770845410258883e-05
5.200000000000000000e+01 6.828783360009878462e-05
5.300000000000000000e+01 5.795809290626317763e-05
5.400000000000000000e+01 5.843384828596098686e-05
5.500000000000000000e+01 5.484366338034405493e-05
5.600000000000000000e+01 4.481907274683675173e-05
5.700000000000000000e+01 4.474751894858888470e-05
5.800000000000000000e+01 4.114932173784485736e-05
5.900000000000000000e+01 4.227668984723869278e-05
6.000000000000000000e+01 3.674270180953094213e-05
6.100000000000000000e+01 3.764555473425315141e-05
6.200000000000000000e+01 3.596439387143060470e-05
6.300000000000000000e+01 4.572285211642458809e-05
6.400000000000000000e+01 3.828388696513977522e-05
6.500000000000000000e+01 4.252566614511267361e-05
6.600000000000000000e+01 3.673866114792958908e-05
6.700000000000000000e+01 3.617611927603531111e-05
6.800000000000000000e+01 3.055459621293187504e-05
6.900000000000000000e+01 5.290566763189645885e-05
7.000000000000000000e+01 3.648628339483937034e-05
7.100000000000000000e+01 4.370477554185890292e-05
7.200000000000000000e+01 3.032329314178920459e-05
7.300000000000000000e+01 3.403321253783099412e-05
7.400000000000000000e+01 3.469184299246216206e-05
7.500000000000000000e+01 2.580281449719102124e-05
7.600000000000000000e+01 3.647393863736077691e-05
7.700000000000000000e+01 2.880850603456399270e-05
7.800000000000000000e+01 3.248563191531465594e-05
7.900000000000000000e+01 3.032020849162081271e-05
8.000000000000000000e+01 3.580702624785020465e-05
8.100000000000000000e+01 2.386545026133279196e-05
8.200000000000000000e+01 2.576271282243069844e-05
8.300000000000000000e+01 4.864035376789450395e-05
8.400000000000000000e+01 2.558512966455951193e-05
8.500000000000000000e+01 4.120414858730301174e-05
8.600000000000000000e+01 2.876254845703456257e-05
8.700000000000000000e+01 2.616194045637648707e-05
8.800000000000000000e+01 4.619104178859162875e-05
8.900000000000000000e+01 2.079091935261133858e-05
9.000000000000000000e+01 2.387624489204955396e-05
9.100000000000000000e+01 2.565992461485380020e-05
9.200000000000000000e+01 2.364362885975139261e-05
9.300000000000000000e+01 2.085030336285251007e-05
9.400000000000000000e+01 2.465366795601532047e-05
9.500000000000000000e+01 2.394074030508425792e-05
9.600000000000000000e+01 2.445189419735120491e-05
9.700000000000000000e+01 1.922232174021351863e-05
9.800000000000000000e+01 3.122204843741080725e-05
9.900000000000000000e+01 1.940236418062765906e-05
1.000000000000000000e+02 2.111536264628619688e-05
1.010000000000000000e+02 2.888205725063698628e-05
1.020000000000000000e+02 2.333375847308970558e-05
1.030000000000000000e+02 1.992882438079034656e-05
1.040000000000000000e+02 2.255265318747097297e-05
1.050000000000000000e+02 2.207209365307451744e-05
1.060000000000000000e+02 2.232799636012627214e-05
1.070000000000000000e+02 3.416507615219471419e-05
1.080000000000000000e+02 2.734047129932880673e-05
1.090000000000000000e+02 2.434191023520001815e-05
1.100000000000000000e+02 2.143181405544883195e-05
1.110000000000000000e+02 2.024330557778601525e-05
1.120000000000000000e+02 2.528124196310147894e-05
1.130000000000000000e+02 2.519334253666134890e-05
1.140000000000000000e+02 2.825130943948577178e-05
1.150000000000000000e+02 4.000603820270461346e-05
1.160000000000000000e+02 5.173506847297528767e-05
1.170000000000000000e+02 3.559987099906969875e-05
1.180000000000000000e+02 2.267450424684765961e-05
1.190000000000000000e+02 2.590649687184535014e-05
1.200000000000000000e+02 2.034670152151248909e-05
1.210000000000000000e+02 1.732877150759169326e-05
1.220000000000000000e+02 9.284102784360531138e-05
1.230000000000000000e+02 2.651177383092323303e-05
1.240000000000000000e+02 1.823127467842120840e-05
1.250000000000000000e+02 1.862251816699059322e-05
1.260000000000000000e+02 2.036900026073799251e-05
1.270000000000000000e+02 1.918650674304503296e-05
1.280000000000000000e+02 1.739924113294495157e-05
1.290000000000000000e+02 1.829170434664353500e-05
1.300000000000000000e+02 1.722411810575734815e-05
1.310000000000000000e+02 1.966229086163785432e-05
1.320000000000000000e+02 1.520939507245981134e-05
1.330000000000000000e+02 2.895851665303815796e-05
1.340000000000000000e+02 3.373346381022705189e-05
1.350000000000000000e+02 3.048711086658251060e-05
1.360000000000000000e+02 1.728365714405006619e-05
1.370000000000000000e+02 1.880559579172534277e-05
1.380000000000000000e+02 1.745450075643694969e-05
1.390000000000000000e+02 1.954880553389124509e-05
1.400000000000000000e+02 1.379114317674074969e-05
1.410000000000000000e+02 2.276612790132772119e-05
1.420000000000000000e+02 2.607460636530728438e-05
1.430000000000000000e+02 1.654139720566822816e-05
1.440000000000000000e+02 1.933258054680104217e-05
1.450000000000000000e+02 1.607414227238434289e-05
1.460000000000000000e+02 1.397656253624324053e-05
1.470000000000000000e+02 1.561192161734811819e-05
1.480000000000000000e+02 1.408314851636293511e-05
1.490000000000000000e+02 1.778013143494606605e-05
1.500000000000000000e+02 1.780870804589530421e-05
1.510000000000000000e+02 1.332261388987826985e-05
1.520000000000000000e+02 1.359538263073495205e-05
1.530000000000000000e+02 1.464638161217310883e-05
1.540000000000000000e+02 1.933770920603051615e-05
1.550000000000000000e+02 1.386886341717497420e-05
1.560000000000000000e+02 1.494320598102886172e-05
1.570000000000000000e+02 2.366555843323095320e-05
1.580000000000000000e+02 1.640198198317179037e-05
1.590000000000000000e+02 1.526456803913136225e-05
1.600000000000000000e+02 1.260428631545441473e-05
1.610000000000000000e+02 2.439103855044139077e-05
1.620000000000000000e+02 1.795635687754584486e-05
1.630000000000000000e+02 1.637342289623774336e-05
1.640000000000000000e+02 1.141447421837988582e-05
1.650000000000000000e+02 1.190591471914019024e-05
1.660000000000000000e+02 1.294499513919768477e-05
1.670000000000000000e+02 1.349889440269119695e-05
1.680000000000000000e+02 1.214782084786498824e-05
1.690000000000000000e+02 2.428944957233225010e-05
1.700000000000000000e+02 1.275030982216458695e-05
1.710000000000000000e+02 1.584464469892789582e-05
1.720000000000000000e+02 1.133112346280382538e-05
1.730000000000000000e+02 1.668819682438622677e-05
1.740000000000000000e+02 1.953269869258470018e-05
1.750000000000000000e+02 1.247586799399822208e-05
1.760000000000000000e+02 3.510762495562353477e-05
1.770000000000000000e+02 2.087519014867255675e-05
1.780000000000000000e+02 1.924335844890706672e-05
1.790000000000000000e+02 2.600756974798314043e-05
1.800000000000000000e+02 1.603621954706886267e-05
1.810000000000000000e+02 1.717551466120712566e-05
1.820000000000000000e+02 1.124088739937463415e-05
1.830000000000000000e+02 2.181318671965710995e-05
1.840000000000000000e+02 2.075739231276058365e-05
1.850000000000000000e+02 1.767036572531796210e-05
1.860000000000000000e+02 1.052268796875481524e-05
1.870000000000000000e+02 1.092351393354136262e-05
1.880000000000000000e+02 1.425621015438174268e-05
1.890000000000000000e+02 1.513058262461341628e-05
1.900000000000000000e+02 1.209950061922172842e-05
1.910000000000000000e+02 1.794789249722004892e-05
1.920000000000000000e+02 1.459348414273138202e-05
1.930000000000000000e+02 1.590113672873728239e-05
1.940000000000000000e+02 1.091976827068597083e-05
1.950000000000000000e+02 1.614072710724775764e-05
1.960000000000000000e+02 1.103408370177056960e-05
1.970000000000000000e+02 1.303883224176648007e-05
1.980000000000000000e+02 1.153077420842800853e-05
1.990000000000000000e+02 1.704957359825409161e-05
2.000000000000000000e+02 2.705726928515322951e-05
2.010000000000000000e+02 1.383585412911317112e-05
2.020000000000000000e+02 1.262810021020288639e-05
2.030000000000000000e+02 1.346898632197465790e-05
2.040000000000000000e+02 2.713299487441914485e-05
2.050000000000000000e+02 9.984541530367753285e-06
2.060000000000000000e+02 9.698039124361585009e-06
2.070000000000000000e+02 1.584280312306755655e-05
2.080000000000000000e+02 1.173315625748327019e-05
2.090000000000000000e+02 1.084445821078083639e-05
2.100000000000000000e+02 9.359764668875720996e-06
2.110000000000000000e+02 9.447528045163851486e-06
2.120000000000000000e+02 1.184438718041975832e-05
2.130000000000000000e+02 9.361587266102584632e-06
2.140000000000000000e+02 1.724035877857837051e-05
2.150000000000000000e+02 1.878042547942933093e-05
2.160000000000000000e+02 1.715111314161801823e-05
2.170000000000000000e+02 1.201962848585990189e-05
2.180000000000000000e+02 1.813217005436765022e-05
2.190000000000000000e+02 2.540283783186043706e-05
2.200000000000000000e+02 1.233516798317151282e-05
2.210000000000000000e+02 9.464459800305034825e-06
2.220000000000000000e+02 1.178473127166778177e-05
2.230000000000000000e+02 1.043485436039012333e-05
2.240000000000000000e+02 9.195324847629179356e-06
2.250000000000000000e+02 1.201180641158783281e-05
2.260000000000000000e+02 1.975148158213972403e-05
2.270000000000000000e+02 8.967765216137185412e-06
2.280000000000000000e+02 9.040916304446320269e-06
2.290000000000000000e+02 1.231243332772041628e-05
2.300000000000000000e+02 1.318577736469425581e-05
2.310000000000000000e+02 1.322827256052565386e-05
2.320000000000000000e+02 1.136652768021032248e-05
2.330000000000000000e+02 8.817455978819044483e-06
2.340000000000000000e+02 1.746856599962357627e-05
2.350000000000000000e+02 9.467301241577856597e-06
2.360000000000000000e+02 9.720191644436829598e-06
2.370000000000000000e+02 1.064936291561161739e-05
2.380000000000000000e+02 1.199239992655629958e-05
2.390000000000000000e+02 1.033250787804510425e-05
2.400000000000000000e+02 9.838445517482502525e-06
2.410000000000000000e+02 7.962326880570292964e-06
2.420000000000000000e+02 8.662496265584298543e-06
2.430000000000000000e+02 9.905188566435628062e-06
2.440000000000000000e+02 1.427393547392700394e-05
2.450000000000000000e+02 9.365779014475591712e-06
2.460000000000000000e+02 1.070687101974085138e-05
2.470000000000000000e+02 9.520078053578398596e-06
2.480000000000000000e+02 2.386143349333191260e-05
2.490000000000000000e+02 1.350370022581137991e-05
2.500000000000000000e+02 7.831046868819182757e-06
2.510000000000000000e+02 9.913516140538039279e-06
2.520000000000000000e+02 1.301571765143029986e-05
2.530000000000000000e+02 9.307177630971400224e-06
2.540000000000000000e+02 8.477577854599799566e-06
2.550000000000000000e+02 1.289096405889211434e-05
2.560000000000000000e+02 1.416433841124208345e-05
2.570000000000000000e+02 1.902436375887779586e-05
2.580000000000000000e+02 1.212394229359228956e-05
2.590000000000000000e+02 1.066565870822080194e-05
2.600000000000000000e+02 2.347412510097410425e-05
2.610000000000000000e+02 3.009355588658168762e-05
2.620000000000000000e+02 1.001349857225412199e-05
2.630000000000000000e+02 1.050298146632389986e-05
2.640000000000000000e+02 1.203227962174259766e-05
2.650000000000000000e+02 8.268943603537043903e-06
2.660000000000000000e+02 7.335675018162270899e-06
2.670000000000000000e+02 7.220987533692469307e-06
2.680000000000000000e+02 7.405394461964539700e-06
2.690000000000000000e+02 7.265826110504939227e-06
2.700000000000000000e+02 8.044159578580158812e-06
2.710000000000000000e+02 7.404254504329287993e-06
2.720000000000000000e+02 7.803010511238087611e-06
2.730000000000000000e+02 7.538401205900055233e-06
2.740000000000000000e+02 8.743774000517892629e-06
2.750000000000000000e+02 1.015215974837668579e-05
2.760000000000000000e+02 1.090264361843670738e-05
2.770000000000000000e+02 9.467763789415540015e-06
2.780000000000000000e+02 7.037987968011715074e-06
2.790000000000000000e+02 7.826018614627420263e-06
2.800000000000000000e+02 8.445370825837545338e-06
2.810000000000000000e+02 1.342726474451633707e-05
2.820000000000000000e+02 9.602533962942962100e-06
2.830000000000000000e+02 1.124323568390654817e-05
2.840000000000000000e+02 8.179456873944047801e-06
2.850000000000000000e+02 8.745085240192337634e-06
2.860000000000000000e+02 8.083803091384352099e-06
2.870000000000000000e+02 7.253511439596019582e-06
2.880000000000000000e+02 6.705165599524851284e-06
2.890000000000000000e+02 7.825257516041999185e-06
2.900000000000000000e+02 1.131569346732747739e-05
2.910000000000000000e+02 1.354933061235847080e-05
2.920000000000000000e+02 8.294787099500270869e-06
2.930000000000000000e+02 8.602050752335409223e-06
2.940000000000000000e+02 8.992753746730586495e-06
2.950000000000000000e+02 7.512685672365531766e-06
2.960000000000000000e+02 7.605780311065297273e-06
2.970000000000000000e+02 8.056471314389533286e-06
2.980000000000000000e+02 8.222745507144312466e-06
2.990000000000000000e+02 6.589913153215529190e-06
3.000000000000000000e+02 7.889265795764065768e-06
3.010000000000000000e+02 7.492432026864263676e-06
3.020000000000000000e+02 9.683993436806547590e-06
3.030000000000000000e+02 7.728131573725704621e-06
3.040000000000000000e+02 8.042746655931285230e-06
3.050000000000000000e+02 1.403761662147477818e-05
3.060000000000000000e+02 8.730286036831198340e-06
3.070000000000000000e+02 6.758554389177850243e-06
3.080000000000000000e+02 6.215568755415534559e-06
3.090000000000000000e+02 9.720972241831351161e-06
3.100000000000000000e+02 6.711466862516188968e-06
3.110000000000000000e+02 8.428856268927395265e-06
3.120000000000000000e+02 1.477126083706291301e-05
3.130000000000000000e+02 6.038875597088341510e-06
3.140000000000000000e+02 6.301999298535638826e-06
3.150000000000000000e+02 6.039514148582845508e-06
3.160000000000000000e+02 8.050478021961050400e-06
3.170000000000000000e+02 7.398467816994008106e-06
3.180000000000000000e+02 9.689396469081911194e-06
3.190000000000000000e+02 7.871221831831007310e-06
3.200000000000000000e+02 6.286691584659760160e-06
3.210000000000000000e+02 6.589507254342263595e-06
3.220000000000000000e+02 6.662664983308044174e-06
3.230000000000000000e+02 6.993640396180194238e-06
3.240000000000000000e+02 6.684974074033839946e-06
3.250000000000000000e+02 6.850453654274017390e-06
3.260000000000000000e+02 6.148133497927739427e-06
3.270000000000000000e+02 7.639803901612471487e-06
3.280000000000000000e+02 6.748146495222792135e-06
3.290000000000000000e+02 6.210098637749518366e-06
3.300000000000000000e+02 6.148835768293691359e-06
3.310000000000000000e+02 6.326292941751554136e-06
3.320000000000000000e+02 8.692051108537717966e-06
3.330000000000000000e+02 6.339103700858465649e-06
3.340000000000000000e+02 5.890080408716925110e-06
3.350000000000000000e+02 7.190128624006980036e-06
3.360000000000000000e+02 7.059512507921658744e-06
3.370000000000000000e+02 7.698615966321266862e-06
3.380000000000000000e+02 6.187701572383697717e-06
3.390000000000000000e+02 6.113349115459657627e-06
3.400000000000000000e+02 8.018233252116985915e-06
3.410000000000000000e+02 5.641448293934370148e-06
3.420000000000000000e+02 7.777235383566698048e-06
3.430000000000000000e+02 5.988685649635334717e-06
3.440000000000000000e+02 6.793336238793797125e-06
3.450000000000000000e+02 5.922553911116455222e-06
3.460000000000000000e+02 8.500920148074198423e-06
3.470000000000000000e+02 6.820422295408295335e-06
3.480000000000000000e+02 5.786690783008898219e-06
3.490000000000000000e+02 5.536632758526371783e-06
3.500000000000000000e+02 5.666734531096208860e-06
3.510000000000000000e+02 1.039746440662862532e-05
3.520000000000000000e+02 6.820983412536414073e-06
3.530000000000000000e+02 6.398237552466954710e-06
3.540000000000000000e+02 5.365994334628007109e-06
3.550000000000000000e+02 5.522919210684301088e-06
3.560000000000000000e+02 5.629639383191089458e-06
3.570000000000000000e+02 6.210424249413158163e-06
3.580000000000000000e+02 5.783874865277881435e-06
3.590000000000000000e+02 6.914138850597838934e-06
3.600000000000000000e+02 5.776409409580757143e-06
3.610000000000000000e+02 6.589306850970382784e-06
3.620000000000000000e+02 6.005350862929586447e-06
3.630000000000000000e+02 5.381569034282703569e-06
3.640000000000000000e+02 5.135681311257816802e-06
3.650000000000000000e+02 7.681167362492191593e-06
3.660000000000000000e+02 5.943250728552724903e-06
3.670000000000000000e+02 6.283099646840231928e-06
3.680000000000000000e+02 6.681330283541490099e-06
3.690000000000000000e+02 8.095188609059281810e-06
3.700000000000000000e+02 7.021214723015169457e-06
3.710000000000000000e+02 6.792832405470266043e-06
3.720000000000000000e+02 5.024690757055366914e-06
3.730000000000000000e+02 5.830091814606344768e-06
3.740000000000000000e+02 5.800112504602073770e-06
3.750000000000000000e+02 5.236588519088842258e-06
3.760000000000000000e+02 5.202969036385438855e-06
3.770000000000000000e+02 5.469016186452632087e-06
3.780000000000000000e+02 5.335084391084971578e-06
3.790000000000000000e+02 4.989912858174981043e-06
3.800000000000000000e+02 5.265966763113393030e-06
3.810000000000000000e+02 6.504967430407200279e-06
3.820000000000000000e+02 7.342210234561332381e-06
3.830000000000000000e+02 5.462798550742017440e-06
3.840000000000000000e+02 6.103859715835557130e-06
3.850000000000000000e+02 5.994412225100878585e-06
3.860000000000000000e+02 4.968007015329070870e-06
3.870000000000000000e+02 6.503928192025700130e-06
3.880000000000000000e+02 6.673821840600994419e-06
3.890000000000000000e+02 4.995767637718238105e-06
3.900000000000000000e+02 5.156441834349602060e-06
3.910000000000000000e+02 5.523336087414860067e-06
3.920000000000000000e+02 4.839069999482694519e-06
3.930000000000000000e+02 5.411673594625058573e-06
3.940000000000000000e+02 5.333021878841724984e-06
3.950000000000000000e+02 5.200761920829624906e-06
3.960000000000000000e+02 5.363997469437961608e-06
3.970000000000000000e+02 7.398124157622782470e-06
3.980000000000000000e+02 4.683949379547370301e-06
3.990000000000000000e+02 4.720350173862781128e-06
4.000000000000000000e+02 5.237313036099119040e-06
4.010000000000000000e+02 6.366574360332164301e-06
4.020000000000000000e+02 4.606548371780304631e-06
4.030000000000000000e+02 5.429604186639299187e-06
4.040000000000000000e+02 4.866840335525504350e-06
4.050000000000000000e+02 6.244042111772725110e-06
4.060000000000000000e+02 6.973991766539297032e-06
4.070000000000000000e+02 5.112866640890974373e-06
4.080000000000000000e+02 4.793634118766598308e-06
4.090000000000000000e+02 4.717324229435745339e-06
4.100000000000000000e+02 6.738168395781284496e-06
4.110000000000000000e+02 4.668139034401966440e-06
4.120000000000000000e+02 5.026845629859213404e-06
4.130000000000000000e+02 5.317310119325564598e-06
4.140000000000000000e+02 6.543522288721365942e-06
4.150000000000000000e+02 6.651187416297450058e-06
4.160000000000000000e+02 4.660663241455258262e-06
4.170000000000000000e+02 4.621675441573871071e-06
4.180000000000000000e+02 4.505125135431249550e-06
4.190000000000000000e+02 4.850788997402079766e-06
4.200000000000000000e+02 4.565123146338420608e-06
4.210000000000000000e+02 5.246143049052558646e-06
4.220000000000000000e+02 4.457242688833600829e-06
4.230000000000000000e+02 4.660158985895398163e-06
4.240000000000000000e+02 5.230160553579716837e-06
4.250000000000000000e+02 5.554348289708546935e-06
4.260000000000000000e+02 6.019930807793415976e-06
4.270000000000000000e+02 4.502623633155128537e-06
4.280000000000000000e+02 5.617085973023050113e-06
4.290000000000000000e+02 5.110548820680805365e-06
4.300000000000000000e+02 4.257018678577471760e-06
4.310000000000000000e+02 4.806822627149671038e-06
4.320000000000000000e+02 4.588399392927023665e-06
4.330000000000000000e+02 4.479035251944270519e-06
4.340000000000000000e+02 4.325159969327746328e-06
4.350000000000000000e+02 4.273145935649791250e-06
4.360000000000000000e+02 4.426497926754153441e-06
4.370000000000000000e+02 4.246528483903390289e-06
4.380000000000000000e+02 4.719329244948790044e-06
4.390000000000000000e+02 4.864055632258806402e-06
4.400000000000000000e+02 5.528229283554260553e-06
4.410000000000000000e+02 6.096874663032528726e-06
4.420000000000000000e+02 4.738474390401918075e-06
4.430000000000000000e+02 4.275084261310940211e-06
4.440000000000000000e+02 4.335777010702790321e-06
4.450000000000000000e+02 4.354827622985046632e-06
4.460000000000000000e+02 5.543474612554152004e-06
4.470000000000000000e+02 4.111166426322272841e-06
4.480000000000000000e+02 4.945806394879334810e-06
4.490000000000000000e+02 5.291576207295401958e-06
4.500000000000000000e+02 4.456171876603833530e-06
4.510000000000000000e+02 4.067407725042011329e-06
4.520000000000000000e+02 4.112281870177152794e-06
4.530000000000000000e+02 4.253626233154924020e-06
4.540000000000000000e+02 4.657575684832738824e-06
4.550000000000000000e+02 4.071094126165267933e-06
4.560000000000000000e+02 4.669570298742020959e-06
4.570000000000000000e+02 4.431160672015568979e-06
4.580000000000000000e+02 4.143066227875165214e-06
4.590000000000000000e+02 4.135558804894426887e-06
4.600000000000000000e+02 4.186795441038824776e-06
4.610000000000000000e+02 4.013928661051316125e-06
4.620000000000000000e+02 4.106393197320588388e-06
4.630000000000000000e+02 5.633147413072102250e-06
4.640000000000000000e+02 5.275000633396235626e-06
4.650000000000000000e+02 4.344934738660701916e-06
4.660000000000000000e+02 4.140434315684823022e-06
4.670000000000000000e+02 4.349755180283511979e-06
4.680000000000000000e+02 4.244476318443379864e-06
4.690000000000000000e+02 3.888347478546216995e-06
4.700000000000000000e+02 4.131475524466960691e-06
4.710000000000000000e+02 4.091899295153204792e-06
4.720000000000000000e+02 4.169439011001739386e-06
4.730000000000000000e+02 4.539944756083365487e-06
4.740000000000000000e+02 4.398569641933013568e-06
4.750000000000000000e+02 4.659245173956326953e-06
4.760000000000000000e+02 4.752542603668343179e-06
4.770000000000000000e+02 4.042853446695923726e-06
4.780000000000000000e+02 4.736060460952823544e-06
4.790000000000000000e+02 5.136292369804349277e-06
4.800000000000000000e+02 4.576268350652899228e-06
4.810000000000000000e+02 4.218768499394842216e-06
4.820000000000000000e+02 4.031741921105779807e-06
4.830000000000000000e+02 4.169324057432875725e-06
4.840000000000000000e+02 3.846847838943526363e-06
4.850000000000000000e+02 3.944311819327135421e-06
4.860000000000000000e+02 3.901062275459059948e-06
4.870000000000000000e+02 4.055727458431426337e-06
4.880000000000000000e+02 4.047565400309843662e-06
4.890000000000000000e+02 4.125264269179922507e-06
4.900000000000000000e+02 4.290817115165162108e-06
4.910000000000000000e+02 4.309891245463317200e-06
4.920000000000000000e+02 4.268397889350121007e-06
4.930000000000000000e+02 4.754075367493173121e-06
4.940000000000000000e+02 4.004350152204309173e-06
4.950000000000000000e+02 3.844357610896748865e-06
4.960000000000000000e+02 3.966663086229664298e-06
4.970000000000000000e+02 3.601494808313858280e-06
4.980000000000000000e+02 3.824077540820969530e-06
4.990000000000000000e+02 4.286093420137860315e-06
5.000000000000000000e+02 3.690739589075117017e-06
5.010000000000000000e+02 3.690200002314265374e-06
5.020000000000000000e+02 4.336856248953696881e-06
5.030000000000000000e+02 4.751350992655637426e-06
5.040000000000000000e+02 4.477571294705295927e-06
5.050000000000000000e+02 3.664882898252109466e-06
5.060000000000000000e+02 4.249706660651651420e-06
5.070000000000000000e+02 3.607760019051056522e-06
5.080000000000000000e+02 3.693918786065009007e-06
5.090000000000000000e+02 3.842953961513091538e-06
5.100000000000000000e+02 3.769368340245859145e-06
5.110000000000000000e+02 4.152379610756629741e-06
5.120000000000000000e+02 4.222075625943668160e-06
5.130000000000000000e+02 3.929633663503723999e-06
5.140000000000000000e+02 4.398218831714637357e-06
5.150000000000000000e+02 3.529084156225678728e-06
5.160000000000000000e+02 3.904695757070146854e-06
5.170000000000000000e+02 4.048621476633321512e-06
5.180000000000000000e+02 3.756897896689256513e-06
5.190000000000000000e+02 3.623393526340217481e-06
5.200000000000000000e+02 3.790483233623027481e-06
5.210000000000000000e+02 3.599778343445831274e-06
5.220000000000000000e+02 3.544462285952237397e-06
5.230000000000000000e+02 3.923737505895618979e-06
5.240000000000000000e+02 3.896166458737914083e-06
5.250000000000000000e+02 3.676066343146528902e-06
5.260000000000000000e+02 3.799531384374190067e-06
5.270000000000000000e+02 3.506108347180357540e-06
5.280000000000000000e+02 3.419920898291415613e-06
5.290000000000000000e+02 3.588369225781555909e-06
5.300000000000000000e+02 3.841313368275110550e-06
5.310000000000000000e+02 3.477683400300983094e-06
5.320000000000000000e+02 3.725647083913219433e-06
5.330000000000000000e+02 3.798588020349626924e-06
5.340000000000000000e+02 3.509626066094148279e-06
5.350000000000000000e+02 3.801187218131373678e-06
5.360000000000000000e+02 3.786104845362802158e-06
5.370000000000000000e+02 3.508938548132036819e-06
5.380000000000000000e+02 3.838247109782834252e-06
5.390000000000000000e+02 3.755036188322555681e-06
5.400000000000000000e+02 4.305842742277655457e-06
5.410000000000000000e+02 3.681800395204566825e-06
5.420000000000000000e+02 3.646229715375366706e-06
5.430000000000000000e+02 3.453456848636504824e-06
5.440000000000000000e+02 3.581780299354078362e-06
5.450000000000000000e+02 3.522942541945947151e-06
5.460000000000000000e+02 3.328230898497839188e-06
5.470000000000000000e+02 3.670640725989648607e-06
5.480000000000000000e+02 3.662018381166291965e-06
5.490000000000000000e+02 3.532315533538270337e-06
5.500000000000000000e+02 3.508033583323273593e-06
5.510000000000000000e+02 3.284943679036814842e-06
5.520000000000000000e+02 3.511831314762217285e-06
5.530000000000000000e+02 3.524731409074233769e-06
5.540000000000000000e+02 3.574087126024606626e-06
5.550000000000000000e+02 3.630027012467963807e-06
5.560000000000000000e+02 3.300816704587962250e-06
5.570000000000000000e+02 3.558543456121958329e-06
5.580000000000000000e+02 4.646501990974960461e-06
5.590000000000000000e+02 4.317521116324514101e-06
5.600000000000000000e+02 3.557168215875444562e-06
5.610000000000000000e+02 3.299970738979969798e-06
5.620000000000000000e+02 3.829007283558335688e-06
5.630000000000000000e+02 3.455772070334744587e-06
5.640000000000000000e+02 3.401504644749423276e-06
5.650000000000000000e+02 3.763232428857172490e-06
5.660000000000000000e+02 3.544051570781258250e-06
5.670000000000000000e+02 3.572334131075628095e-06
5.680000000000000000e+02 3.268137667824417639e-06
5.690000000000000000e+02 3.201618055221039107e-06
5.700000000000000000e+02 3.442691314093225426e-06
5.710000000000000000e+02 3.381919396094604075e-06
5.720000000000000000e+02 3.234266806608868640e-06
5.730000000000000000e+02 3.458240619284576651e-06
5.740000000000000000e+02 3.398596639162559324e-06
5.750000000000000000e+02 3.169762105465178413e-06
5.760000000000000000e+02 3.261170033823234113e-06
5.770000000000000000e+02 3.965161171364764181e-06
5.780000000000000000e+02 3.267670807339435907e-06
5.790000000000000000e+02 3.366120704915840380e-06
5.800000000000000000e+02 3.404236605198830041e-06
5.810000000000000000e+02 3.286930101916293198e-06
5.820000000000000000e+02 3.358269811909222494e-06
5.830000000000000000e+02 3.165591629293710625e-06
5.840000000000000000e+02 3.250015823543699990e-06
5.850000000000000000e+02 3.294273747642439455e-06
5.860000000000000000e+02 3.503002334045605482e-06
5.870000000000000000e+02 3.252666862147737866e-06
5.880000000000000000e+02 3.239078711206539667e-06
5.890000000000000000e+02 3.233064008426612274e-06
5.900000000000000000e+02 3.241697912509305525e-06
5.910000000000000000e+02 4.005493561458015129e-06
5.920000000000000000e+02 3.176765605076282387e-06
5.930000000000000000e+02 3.132593795360678828e-06
5.940000000000000000e+02 3.340069078171824724e-06
5.950000000000000000e+02 3.301026497627682448e-06
5.960000000000000000e+02 3.154180833660568433e-06
5.970000000000000000e+02 3.127596562256562836e-06
5.980000000000000000e+02 3.263190614183341119e-06
5.990000000000000000e+02 3.195222217491304880e-06
6.000000000000000000e+02 3.173035500528577753e-06
6.010000000000000000e+02 3.166136286564671313e-06
6.020000000000000000e+02 3.094187489519821782e-06
6.030000000000000000e+02 3.310838071604881749e-06
6.040000000000000000e+02 3.281993305447763050e-06
6.050000000000000000e+02 3.286494831177141474e-06
6.060000000000000000e+02 3.443608933385594442e-06
6.070000000000000000e+02 3.253851476380153089e-06
6.080000000000000000e+02 3.133860682017337141e-06
6.090000000000000000e+02 3.325647475004767025e-06
6.100000000000000000e+02 3.140538539517031853e-06
6.110000000000000000e+02 3.103964449549638781e-06
6.120000000000000000e+02 3.238908214306655113e-06
6.130000000000000000e+02 3.095652699391316840e-06
6.140000000000000000e+02 3.099326218386627916e-06
6.150000000000000000e+02 3.045996906206837542e-06
6.160000000000000000e+02 3.040543691434208289e-06
6.170000000000000000e+02 3.099141193978430981e-06
6.180000000000000000e+02 3.248937642955121442e-06
6.190000000000000000e+02 3.265612838530526701e-06
6.200000000000000000e+02 3.066138480625584651e-06
6.210000000000000000e+02 3.130850042790048171e-06
6.220000000000000000e+02 3.055338892303926690e-06
6.230000000000000000e+02 3.262440080820094343e-06
6.240000000000000000e+02 3.041176716092500680e-06
6.250000000000000000e+02 3.132795501799593576e-06
6.260000000000000000e+02 3.128123874264636551e-06
6.270000000000000000e+02 3.001509446565829169e-06
6.280000000000000000e+02 3.106097463411108297e-06
6.290000000000000000e+02 2.988709424763292472e-06
6.300000000000000000e+02 3.013755641515778451e-06
6.310000000000000000e+02 3.062986857548476082e-06
6.320000000000000000e+02 3.077743903250894865e-06
6.330000000000000000e+02 3.073856434284102109e-06
6.340000000000000000e+02 3.091302932854391541e-06
6.350000000000000000e+02 3.055215083939757818e-06
6.360000000000000000e+02 2.977745756326781767e-06
6.370000000000000000e+02 3.373863637831913960e-06
6.380000000000000000e+02 3.395458031168933783e-06
6.390000000000000000e+02 3.114939407145607860e-06
6.400000000000000000e+02 2.994832020299355214e-06
6.410000000000000000e+02 2.967740753538249524e-06
6.420000000000000000e+02 3.073619055925434188e-06
6.430000000000000000e+02 3.062124015523232427e-06
6.440000000000000000e+02 2.970739266102486879e-06
6.450000000000000000e+02 3.089251101934695539e-06
6.460000000000000000e+02 3.073919618116567963e-06
6.470000000000000000e+02 3.465730780530118504e-06
6.480000000000000000e+02 3.009582951239759920e-06
6.490000000000000000e+02 2.951456270579125329e-06
6.500000000000000000e+02 2.907572997973619164e-06
6.510000000000000000e+02 2.982121758425359772e-06
6.520000000000000000e+02 3.000376325956763618e-06
6.530000000000000000e+02 2.910701657894202002e-06
6.540000000000000000e+02 3.179378782692435360e-06
6.550000000000000000e+02 2.988889802509615197e-06
6.560000000000000000e+02 3.074376042066112054e-06
6.570000000000000000e+02 3.161879758608495562e-06
6.580000000000000000e+02 3.044784734647616773e-06
6.590000000000000000e+02 2.934099142538145925e-06
6.600000000000000000e+02 2.886146859867017877e-06
6.610000000000000000e+02 3.175145108654417273e-06
6.620000000000000000e+02 3.126006571627451117e-06
6.630000000000000000e+02 2.940631330149064030e-06
6.640000000000000000e+02 2.994844733551639166e-06
6.650000000000000000e+02 2.872821296212800095e-06
6.660000000000000000e+02 3.051120577875552013e-06
6.670000000000000000e+02 2.913951106356767159e-06
6.680000000000000000e+02 2.856687044945864450e-06
6.690000000000000000e+02 2.937642563234719995e-06
6.700000000000000000e+02 3.097389797642946210e-06
6.710000000000000000e+02 3.059547900989310556e-06
6.720000000000000000e+02 2.912304109790344025e-06
6.730000000000000000e+02 2.843920418090533580e-06
6.740000000000000000e+02 3.130050691355343310e-06
6.750000000000000000e+02 2.916968712438217776e-06
6.760000000000000000e+02 2.990889665726328336e-06
6.770000000000000000e+02 2.947605439853601569e-06
6.780000000000000000e+02 2.834347184836059392e-06
6.790000000000000000e+02 2.861943061010541645e-06
6.800000000000000000e+02 2.873128364528928500e-06
6.810000000000000000e+02 2.833464561003538206e-06
6.820000000000000000e+02 2.856837295999658317e-06
6.830000000000000000e+02 2.833403379326873325e-06
6.840000000000000000e+02 3.096026183431836760e-06
6.850000000000000000e+02 2.903088275275260006e-06
6.860000000000000000e+02 3.163180669529316524e-06
6.870000000000000000e+02 2.859929360577422487e-06
6.880000000000000000e+02 2.880659039131765685e-06
6.890000000000000000e+02 2.833943958962232910e-06
6.900000000000000000e+02 2.838363667467919027e-06
6.910000000000000000e+02 2.870951258707387416e-06
6.920000000000000000e+02 2.812372096749729571e-06
6.930000000000000000e+02 2.793867636872048759e-06
6.940000000000000000e+02 2.825004877762162642e-06
6.950000000000000000e+02 2.844326375867757817e-06
6.960000000000000000e+02 2.840353820738176223e-06
6.970000000000000000e+02 2.974641476431212159e-06
6.980000000000000000e+02 2.873828833993062487e-06
6.990000000000000000e+02 2.987364184885905480e-06
7.000000000000000000e+02 2.936174220412352178e-06
7.010000000000000000e+02 2.961605227787080966e-06
7.020000000000000000e+02 2.844376455616815389e-06
7.030000000000000000e+02 2.893051052211367529e-06
7.040000000000000000e+02 2.835611265684092714e-06
7.050000000000000000e+02 2.812305712177467932e-06
7.060000000000000000e+02 2.883969307846604756e-06
7.070000000000000000e+02 2.797997885644644157e-06
7.080000000000000000e+02 2.858412540908069493e-06
7.090000000000000000e+02 2.937983013659095155e-06
7.100000000000000000e+02 2.879534299436472406e-06
7.110000000000000000e+02 2.851157214846700408e-06
7.120000000000000000e+02 2.816741267744873520e-06
7.130000000000000000e+02 2.981297824152614045e-06
7.140000000000000000e+02 2.788300044508784528e-06
7.150000000000000000e+02 2.824416715463133664e-06
7.160000000000000000e+02 2.826727661460581623e-06
7.170000000000000000e+02 2.789126646781967686e-06
7.180000000000000000e+02 2.748873423787618562e-06
7.190000000000000000e+02 2.918209886329770189e-06
7.200000000000000000e+02 2.810973516085513402e-06
7.210000000000000000e+02 2.771257817345122539e-06
7.220000000000000000e+02 2.756596607711491663e-06
7.230000000000000000e+02 2.762095994773310446e-06
7.240000000000000000e+02 2.792684150464263691e-06
7.250000000000000000e+02 2.832514420772066498e-06
7.260000000000000000e+02 2.772925530589120123e-06
7.270000000000000000e+02 2.849388236904421421e-06
7.280000000000000000e+02 2.757544876114400707e-06
7.290000000000000000e+02 2.773198286128991160e-06
7.300000000000000000e+02 2.741256980806239973e-06
7.310000000000000000e+02 2.822847242667024420e-06
7.320000000000000000e+02 2.810284643199770070e-06
7.330000000000000000e+02 2.701663120843720150e-06
7.340000000000000000e+02 2.739144482730843275e-06
7.350000000000000000e+02 2.724921614940714159e-06
7.360000000000000000e+02 2.929217238561581475e-06
7.370000000000000000e+02 3.041924301198284909e-06
7.380000000000000000e+02 2.783366114595044464e-06
7.390000000000000000e+02 2.755698802561369638e-06
7.400000000000000000e+02 2.741955621857782239e-06
7.410000000000000000e+02 2.712370809818125358e-06
7.420000000000000000e+02 2.723820938179255898e-06
7.430000000000000000e+02 2.739837420654675378e-06
7.440000000000000000e+02 2.732771475531259788e-06
7.450000000000000000e+02 2.682007054205056380e-06
7.460000000000000000e+02 2.729530291685071944e-06
7.470000000000000000e+02 2.859366041479429171e-06
7.480000000000000000e+02 2.771579767729900833e-06
7.490000000000000000e+02 3.022433782129872598e-06
7.500000000000000000e+02 2.867078285357112843e-06
7.510000000000000000e+02 2.710206994418156100e-06
7.520000000000000000e+02 2.772880944753559548e-06
7.530000000000000000e+02 2.675354942444744884e-06
7.540000000000000000e+02 2.774105175590152072e-06
7.550000000000000000e+02 2.686636895166266150e-06
7.560000000000000000e+02 2.837517681387611613e-06
7.570000000000000000e+02 2.726701675494175028e-06
7.580000000000000000e+02 2.677963138958748050e-06
7.590000000000000000e+02 2.670730799635493801e-06
7.600000000000000000e+02 2.681051182552108558e-06
7.610000000000000000e+02 2.797213699783012837e-06
7.620000000000000000e+02 2.676967921261750913e-06
7.630000000000000000e+02 2.656791481542722843e-06
7.640000000000000000e+02 2.736941565449012067e-06
7.650000000000000000e+02 2.695027138079004464e-06
7.660000000000000000e+02 2.800320280783169185e-06
7.670000000000000000e+02 2.695030949022902885e-06
7.680000000000000000e+02 2.717093926643980502e-06
7.690000000000000000e+02 2.708804613808743578e-06
7.700000000000000000e+02 2.802257598868713572e-06
7.710000000000000000e+02 2.714190482905137907e-06
7.720000000000000000e+02 2.804410095601663256e-06
7.730000000000000000e+02 2.662478805128546999e-06
7.740000000000000000e+02 2.662686901373000021e-06
7.750000000000000000e+02 2.662356439337328937e-06
7.760000000000000000e+02 2.720273173282857774e-06
7.770000000000000000e+02 2.723660151525302560e-06
7.780000000000000000e+02 2.735826395297983921e-06
7.790000000000000000e+02 2.697772430005530248e-06
7.800000000000000000e+02 2.694617087476153476e-06
7.810000000000000000e+02 2.686331260490868205e-06
7.820000000000000000e+02 2.686930112084353069e-06
7.830000000000000000e+02 2.645948512755719144e-06
7.840000000000000000e+02 2.634207554229769753e-06
7.850000000000000000e+02 2.739872561289493106e-06
7.860000000000000000e+02 2.692694038523555131e-06
7.870000000000000000e+02 2.693861996203151903e-06
7.880000000000000000e+02 2.634834752217417710e-06
7.890000000000000000e+02 2.648365161640094817e-06
7.900000000000000000e+02 2.638078037020274205e-06
7.910000000000000000e+02 2.812078670895325325e-06
7.920000000000000000e+02 2.775251150651524576e-06
7.930000000000000000e+02 2.781149688061843330e-06
7.940000000000000000e+02 2.715703097003393012e-06
7.950000000000000000e+02 2.609938389227047621e-06
7.960000000000000000e+02 2.639536107623089397e-06
7.970000000000000000e+02 2.603670933832068486e-06
7.980000000000000000e+02 2.636429169182931278e-06
7.990000000000000000e+02 2.613247186830845394e-06
8.000000000000000000e+02 2.635323879113669180e-06
8.010000000000000000e+02 2.668628591914199072e-06
8.020000000000000000e+02 2.627330703295522931e-06
8.030000000000000000e+02 2.688483193303407717e-06
8.040000000000000000e+02 2.766128800882135629e-06
8.050000000000000000e+02 2.730430882227606377e-06
8.060000000000000000e+02 2.607464059892215998e-06
8.070000000000000000e+02 2.734825880700654135e-06
8.080000000000000000e+02 2.620896270427409429e-06
8.090000000000000000e+02 2.642000706809131281e-06
8.100000000000000000e+02 2.609568364655303633e-06
8.110000000000000000e+02 2.685347030442359642e-06
8.120000000000000000e+02 2.695809438965888422e-06
8.130000000000000000e+02 2.702615605586798944e-06
8.140000000000000000e+02 2.627956303678357841e-06
8.150000000000000000e+02 2.652754480443358941e-06
8.160000000000000000e+02 2.599341867948032921e-06
8.170000000000000000e+02 2.627994709212406056e-06
8.180000000000000000e+02 2.626336681416232548e-06
8.190000000000000000e+02 2.683420348458912837e-06
8.200000000000000000e+02 2.620109222114924488e-06
8.210000000000000000e+02 2.611217946077796766e-06
8.220000000000000000e+02 2.580548896943869170e-06
8.230000000000000000e+02 2.621726721241563290e-06
8.240000000000000000e+02 2.623356219232104659e-06
8.250000000000000000e+02 2.581684871230384976e-06
8.260000000000000000e+02 2.589292724794339241e-06
8.270000000000000000e+02 2.612901398471827627e-06
8.280000000000000000e+02 2.583261927595689010e-06
8.290000000000000000e+02 2.602493235171538771e-06
8.300000000000000000e+02 2.637685844327077606e-06
8.310000000000000000e+02 2.619891218566825357e-06
8.320000000000000000e+02 2.662271503097324061e-06
8.330000000000000000e+02 2.611733207953136729e-06
8.340000000000000000e+02 2.616327068185546148e-06
8.350000000000000000e+02 2.638169362901372685e-06
8.360000000000000000e+02 2.609620937523834399e-06
8.370000000000000000e+02 2.571096066960242035e-06
8.380000000000000000e+02 2.597041384790317379e-06
8.390000000000000000e+02 2.568690282480628701e-06
8.400000000000000000e+02 2.665020075167044616e-06
8.410000000000000000e+02 2.619370701665773598e-06
8.420000000000000000e+02 2.560403446220475567e-06
8.430000000000000000e+02 2.561944343449315411e-06
8.440000000000000000e+02 2.562949508402212827e-06
8.450000000000000000e+02 2.617213205915131485e-06
8.460000000000000000e+02 2.656629312228592731e-06
8.470000000000000000e+02 2.632484140585699415e-06
8.480000000000000000e+02 2.553048032706989300e-06
8.490000000000000000e+02 2.604793128655798409e-06
8.500000000000000000e+02 2.609944568471564083e-06
8.510000000000000000e+02 2.562560661883617737e-06
8.520000000000000000e+02 2.572582148186215304e-06
8.530000000000000000e+02 2.696223386890527281e-06
8.540000000000000000e+02 2.599131584435116626e-06
8.550000000000000000e+02 2.553008673939012221e-06
8.560000000000000000e+02 2.537043811192218688e-06
8.570000000000000000e+02 2.579950108656882242e-06
8.580000000000000000e+02 2.591940636427471414e-06
8.590000000000000000e+02 2.551372527022258984e-06
8.600000000000000000e+02 2.556189976346385905e-06
8.610000000000000000e+02 2.544051605117255213e-06
8.620000000000000000e+02 2.596884874087941551e-06
8.630000000000000000e+02 2.579534600216034246e-06
8.640000000000000000e+02 2.548577367998081156e-06
8.650000000000000000e+02 2.550732074840052208e-06
8.660000000000000000e+02 2.537066702772488483e-06
8.670000000000000000e+02 2.549210701075144366e-06
8.680000000000000000e+02 2.591211001245550039e-06
8.690000000000000000e+02 2.578101828072032738e-06
8.700000000000000000e+02 2.591468321846661366e-06
8.710000000000000000e+02 2.594730728355401461e-06
8.720000000000000000e+02 2.548954506893508803e-06
8.730000000000000000e+02 2.540744387089936957e-06
8.740000000000000000e+02 2.552411868853215623e-06
8.750000000000000000e+02 2.543044930920084645e-06
8.760000000000000000e+02 2.572673923386772936e-06
8.770000000000000000e+02 2.642346461953075510e-06
8.780000000000000000e+02 2.590372634379206751e-06
8.790000000000000000e+02 2.524785647564333667e-06
8.800000000000000000e+02 2.552033892279980387e-06
8.810000000000000000e+02 2.571602767509653005e-06
8.820000000000000000e+02 2.563739726963341177e-06
8.830000000000000000e+02 2.575422606013277658e-06
8.840000000000000000e+02 2.517873637106627093e-06
8.850000000000000000e+02 2.551244327139312137e-06
8.860000000000000000e+02 2.599456012224510262e-06
8.870000000000000000e+02 2.530826607026127617e-06
8.880000000000000000e+02 2.542841543396089186e-06
8.890000000000000000e+02 2.564362193440071662e-06
8.900000000000000000e+02 2.638443659450837619e-06
8.910000000000000000e+02 2.555952847443100211e-06
8.920000000000000000e+02 2.520918802202271566e-06
8.930000000000000000e+02 2.535866539144726168e-06
8.940000000000000000e+02 2.514965298381577507e-06
8.950000000000000000e+02 2.555110927710843432e-06
8.960000000000000000e+02 2.559092244909410586e-06
8.970000000000000000e+02 2.536447819424055512e-06
8.980000000000000000e+02 2.593669106141419559e-06
8.990000000000000000e+02 2.499451156474149366e-06
9.000000000000000000e+02 2.507025026759131077e-06
9.010000000000000000e+02 2.512424318325487856e-06
9.020000000000000000e+02 2.516037808003435207e-06
9.030000000000000000e+02 2.498673154370373758e-06
9.040000000000000000e+02 2.563283452822165532e-06
9.050000000000000000e+02 2.532286586404103884e-06
9.060000000000000000e+02 2.531599484443214508e-06
9.070000000000000000e+02 2.541669087424559533e-06
9.080000000000000000e+02 2.511407348405698899e-06
9.090000000000000000e+02 2.513615863326925501e-06
9.100000000000000000e+02 2.498026835252329516e-06
9.110000000000000000e+02 2.513337727181814238e-06
9.120000000000000000e+02 2.533450690002707997e-06
9.130000000000000000e+02 2.521267362653673838e-06
9.140000000000000000e+02 2.495823200904063019e-06
9.150000000000000000e+02 2.552639447663234817e-06
9.160000000000000000e+02 2.602071926104330800e-06
9.170000000000000000e+02 2.500641215111923907e-06
9.180000000000000000e+02 2.514345298410542049e-06
9.190000000000000000e+02 2.504792380496539636e-06
9.200000000000000000e+02 2.539999549294729123e-06
9.210000000000000000e+02 2.544837412653049642e-06
9.220000000000000000e+02 2.515406334396635022e-06
9.230000000000000000e+02 2.494898587991849842e-06
9.240000000000000000e+02 2.509369785920073489e-06
9.250000000000000000e+02 2.486112714632627273e-06
9.260000000000000000e+02 2.525662371569916586e-06
9.270000000000000000e+02 2.502160778656283427e-06
9.280000000000000000e+02 2.546957095776753176e-06
9.290000000000000000e+02 2.489354769417092974e-06
9.300000000000000000e+02 2.552648914053491092e-06
9.310000000000000000e+02 2.497386927840066651e-06
9.320000000000000000e+02 2.567705449078176658e-06
9.330000000000000000e+02 2.542942673272670004e-06
9.340000000000000000e+02 2.545143820935510328e-06
9.350000000000000000e+02 2.486290250925109286e-06
9.360000000000000000e+02 2.509068842438606037e-06
9.370000000000000000e+02 2.532800864724815708e-06
9.380000000000000000e+02 2.486100712898045344e-06
9.390000000000000000e+02 2.510779195954819351e-06
9.400000000000000000e+02 2.506359435854117709e-06
9.410000000000000000e+02 2.487957742685052256e-06
9.420000000000000000e+02 2.472250097842211801e-06
9.430000000000000000e+02 2.515809316015382152e-06
9.440000000000000000e+02 2.521070313233375026e-06
9.450000000000000000e+02 2.531943095025301301e-06
9.460000000000000000e+02 2.489039377088080226e-06
9.470000000000000000e+02 2.513774237883720916e-06
9.480000000000000000e+02 2.491755227685368150e-06
9.490000000000000000e+02 2.485375915554648122e-06
9.500000000000000000e+02 2.508573595463526115e-06
9.510000000000000000e+02 2.467796265648135013e-06
9.520000000000000000e+02 2.513902131676573475e-06
9.530000000000000000e+02 2.494772100389823448e-06
9.540000000000000000e+02 2.534934981453363603e-06
9.550000000000000000e+02 2.565612790382112304e-06
9.560000000000000000e+02 2.569588326670463567e-06
9.570000000000000000e+02 2.491404238785513265e-06
9.580000000000000000e+02 2.486743769406299370e-06
9.590000000000000000e+02 2.511672493995566191e-06
9.600000000000000000e+02 2.511470912154622002e-06
9.610000000000000000e+02 2.511934384423679781e-06
9.620000000000000000e+02 2.477590847818462256e-06
9.630000000000000000e+02 2.466988510275363938e-06
9.640000000000000000e+02 2.476502826526254167e-06
9.650000000000000000e+02 2.468722358904343379e-06
9.660000000000000000e+02 2.466530914233220918e-06
9.670000000000000000e+02 2.484013326573572716e-06
9.680000000000000000e+02 2.513347794072838145e-06
9.690000000000000000e+02 2.490907034894468959e-06
9.700000000000000000e+02 2.455581840981739165e-06
9.710000000000000000e+02 2.466413102749429444e-06
9.720000000000000000e+02 2.522114907983818110e-06
9.730000000000000000e+02 2.522303307623974238e-06
9.740000000000000000e+02 2.476111071972009194e-06
9.750000000000000000e+02 2.481693089683376988e-06
9.760000000000000000e+02 2.447288085524367321e-06
9.770000000000000000e+02 2.457292372410550971e-06
9.780000000000000000e+02 2.465056601412581626e-06
9.790000000000000000e+02 2.489356903817232092e-06
9.800000000000000000e+02 2.467023489241311880e-06
9.810000000000000000e+02 2.466161948268793863e-06
9.820000000000000000e+02 2.479093932038432130e-06
9.830000000000000000e+02 2.446387633051872213e-06
9.840000000000000000e+02 2.458990133058060486e-06
9.850000000000000000e+02 2.463805000220183202e-06
9.860000000000000000e+02 2.486447242311130536e-06
9.870000000000000000e+02 2.458778892591113115e-06
9.880000000000000000e+02 2.476923546138475090e-06
9.890000000000000000e+02 2.473013259445048267e-06
9.900000000000000000e+02 2.467815335862224215e-06
9.910000000000000000e+02 2.459118236819427263e-06
9.920000000000000000e+02 2.463945080385174128e-06
9.930000000000000000e+02 2.446162075077703988e-06
9.940000000000000000e+02 2.468387209445855303e-06
9.950000000000000000e+02 2.442484163809560797e-06
9.960000000000000000e+02 2.464059850688679385e-06
9.970000000000000000e+02 2.443148976252150010e-06
9.980000000000000000e+02 2.445960427958476311e-06
9.990000000000000000e+02 2.463061296807287167e-06
1.000000000000000000e+03 2.553332598467846852e-06
1.001000000000000000e+03 2.445566006152535458e-06
1.002000000000000000e+03 2.485980036966917334e-06
1.003000000000000000e+03 2.452230425441595269e-06
1.004000000000000000e+03 2.464108800808194364e-06
1.005000000000000000e+03 2.519907264108431115e-06
1.006000000000000000e+03 2.485216813454068788e-06
1.007000000000000000e+03 2.541540592015655719e-06
1.008000000000000000e+03 2.439721690579166640e-06
1.009000000000000000e+03 2.464282304204965067e-06
1.010000000000000000e+03 2.459293739909423864e-06
1.011000000000000000e+03 2.454410178754270587e-06
1.012000000000000000e+03 2.446898905140440152e-06
1.013000000000000000e+03 2.446668360611603750e-06
1.014000000000000000e+03 2.451141358480597620e-06
1.015000000000000000e+03 2.438216862345147480e-06
1.016000000000000000e+03 2.429442554132708862e-06
1.017000000000000000e+03 2.455921146865312248e-06
1.018000000000000000e+03 2.496347721288216858e-06
1.019000000000000000e+03 2.447913112210450861e-06
1.020000000000000000e+03 2.439214822420431643e-06
1.021000000000000000e+03 2.443741427766456005e-06
1.022000000000000000e+03 2.442571749076713689e-06
1.023000000000000000e+03 2.432524788813904778e-06
1.024000000000000000e+03 2.454497401948972685e-06
1.025000000000000000e+03 2.439095922067806999e-06
1.026000000000000000e+03 2.445068935687915444e-06
1.027000000000000000e+03 2.444335664016901514e-06
1.028000000000000000e+03 2.443460335273543985e-06
1.029000000000000000e+03 2.436364953980844149e-06
1.030000000000000000e+03 2.434415980309229587e-06
1.031000000000000000e+03 2.455955366396911965e-06
1.032000000000000000e+03 2.432887552784189227e-06
1.033000000000000000e+03 2.496773838569628104e-06
1.034000000000000000e+03 2.464181105093361684e-06
1.035000000000000000e+03 2.436893201756519559e-06
1.036000000000000000e+03 2.427757958124543099e-06
1.037000000000000000e+03 2.438993983413645311e-06
1.038000000000000000e+03 2.468478275570611608e-06
1.039000000000000000e+03 2.427216071222104943e-06
1.040000000000000000e+03 2.423340921184044006e-06
1.041000000000000000e+03 2.419439136462752476e-06
1.042000000000000000e+03 2.417010001824485426e-06
1.043000000000000000e+03 2.430414995898817501e-06
1.044000000000000000e+03 2.430801120462932644e-06
1.045000000000000000e+03 2.428130165183517035e-06
1.046000000000000000e+03 2.434856221330134145e-06
1.047000000000000000e+03 2.477471005490674071e-06
1.048000000000000000e+03 2.430110964386141777e-06
1.049000000000000000e+03 2.494463563808277449e-06
1.050000000000000000e+03 2.430747950779252477e-06
1.051000000000000000e+03 2.454792664370592852e-06
1.052000000000000000e+03 2.431710199306599446e-06
1.053000000000000000e+03 2.437729901172685788e-06
1.054000000000000000e+03 2.424947801017382740e-06
1.055000000000000000e+03 2.423672495116640296e-06
1.056000000000000000e+03 2.425610999347763244e-06
1.057000000000000000e+03 2.434047758150964281e-06
1.058000000000000000e+03 2.501991089816616953e-06
1.059000000000000000e+03 2.550140843761469468e-06
1.060000000000000000e+03 2.418182940170198078e-06
1.061000000000000000e+03 2.441785420757780780e-06
1.062000000000000000e+03 2.407206703587173269e-06
1.063000000000000000e+03 2.429280763881780324e-06
1.064000000000000000e+03 2.434430754930795086e-06
1.065000000000000000e+03 2.415481741464665907e-06
1.066000000000000000e+03 2.443274532390305068e-06
1.067000000000000000e+03 2.419624510994737135e-06
1.068000000000000000e+03 2.424341239244558327e-06
1.069000000000000000e+03 2.434935456449395076e-06
1.070000000000000000e+03 2.427693088527592240e-06
1.071000000000000000e+03 2.423451024633023688e-06
1.072000000000000000e+03 2.417949489419519347e-06
1.073000000000000000e+03 2.407990502579800960e-06
1.074000000000000000e+03 2.407497906435053968e-06
1.075000000000000000e+03 2.414510326767320692e-06
1.076000000000000000e+03 2.398635570253671824e-06
1.077000000000000000e+03 2.406410427124660989e-06
1.078000000000000000e+03 2.423119329047811896e-06
1.079000000000000000e+03 2.442596514446665860e-06
1.080000000000000000e+03 2.402624065706360712e-06
1.081000000000000000e+03 2.407682422816764035e-06
1.082000000000000000e+03 2.409890894806558115e-06
1.083000000000000000e+03 2.407893965134915706e-06
1.084000000000000000e+03 2.428844203731564869e-06
1.085000000000000000e+03 2.480787525510887489e-06
1.086000000000000000e+03 2.437659378055610464e-06
1.087000000000000000e+03 2.400454493868037800e-06
1.088000000000000000e+03 2.409914261638190155e-06
1.089000000000000000e+03 2.401650787973561576e-06
1.090000000000000000e+03 2.423695697863574375e-06
1.091000000000000000e+03 2.399660032941488919e-06
1.092000000000000000e+03 2.417433555132662505e-06
1.093000000000000000e+03 2.397419877291542931e-06
1.094000000000000000e+03 2.394196618078639067e-06
1.095000000000000000e+03 2.399654896274975637e-06
1.096000000000000000e+03 2.404161773577023330e-06
1.097000000000000000e+03 2.410998641977467892e-06
1.098000000000000000e+03 2.440720128115528036e-06
1.099000000000000000e+03 2.391647837590232775e-06
1.100000000000000000e+03 2.403855438132076473e-06
1.101000000000000000e+03 2.386997416186696355e-06
1.102000000000000000e+03 2.397445708328804544e-06
1.103000000000000000e+03 2.401088017637250649e-06
1.104000000000000000e+03 2.421933732919057027e-06
1.105000000000000000e+03 2.396849481032281586e-06
1.106000000000000000e+03 2.421389259116344122e-06
1.107000000000000000e+03 2.421121114310603734e-06
1.108000000000000000e+03 2.385848624994368271e-06
1.109000000000000000e+03 2.403376426765421294e-06
1.110000000000000000e+03 2.390559526480166846e-06
1.111000000000000000e+03 2.401799371542264956e-06
1.112000000000000000e+03 2.426401955071532534e-06
1.113000000000000000e+03 2.412785649602829895e-06
1.114000000000000000e+03 2.380888939983535426e-06
1.115000000000000000e+03 2.415943709644849228e-06
1.116000000000000000e+03 2.412678759902040035e-06
1.117000000000000000e+03 2.400047015678788777e-06
1.118000000000000000e+03 2.405671624795751967e-06
1.119000000000000000e+03 2.393172228247255128e-06
1.120000000000000000e+03 2.410608185243870730e-06
1.121000000000000000e+03 2.400790187531134587e-06
1.122000000000000000e+03 2.394955563936127471e-06
1.123000000000000000e+03 2.392332280878568984e-06
1.124000000000000000e+03 2.418694806772299473e-06
1.125000000000000000e+03 2.406008977209449415e-06
1.126000000000000000e+03 2.379251438212613795e-06
1.127000000000000000e+03 2.394095610945410359e-06
1.128000000000000000e+03 2.453937602103039175e-06
1.129000000000000000e+03 2.424773533842698764e-06
1.130000000000000000e+03 2.427170003444391554e-06
1.131000000000000000e+03 2.391140034602927819e-06
1.132000000000000000e+03 2.388666603401879626e-06
1.133000000000000000e+03 2.392181383051245981e-06
1.134000000000000000e+03 2.401472458702773117e-06
1.135000000000000000e+03 2.396384746046902735e-06
1.136000000000000000e+03 2.384290786339979136e-06
1.137000000000000000e+03 2.382650939209632272e-06
1.138000000000000000e+03 2.398085291459213056e-06
1.139000000000000000e+03 2.381366918436264993e-06
1.140000000000000000e+03 2.398733426469727971e-06
1.141000000000000000e+03 2.388680906855941276e-06
1.142000000000000000e+03 2.378999063779600757e-06
1.143000000000000000e+03 2.381876620575326283e-06
1.144000000000000000e+03 2.378636852872920642e-06
1.145000000000000000e+03 2.390598522807406170e-06
1.146000000000000000e+03 2.374746833403028288e-06
1.147000000000000000e+03 2.383704208007825481e-06
1.148000000000000000e+03 2.372410616788139498e-06
1.149000000000000000e+03 2.396270638441261643e-06
1.150000000000000000e+03 2.406682689450590573e-06
1.151000000000000000e+03 2.378294849832398346e-06
1.152000000000000000e+03 2.386696890703641597e-06
1.153000000000000000e+03 2.408519168999222291e-06
1.154000000000000000e+03 2.398235296527608243e-06
1.155000000000000000e+03 2.371567348260704051e-06
1.156000000000000000e+03 2.426926492373425454e-06
1.157000000000000000e+03 2.431148042550407832e-06
1.158000000000000000e+03 2.405666141680763766e-06
1.159000000000000000e+03 2.387053764510225939e-06
1.160000000000000000e+03 2.373960351292618027e-06
1.161000000000000000e+03 2.378010690293642141e-06
1.162000000000000000e+03 2.364635647318541578e-06
1.163000000000000000e+03 2.391692612167392553e-06
1.164000000000000000e+03 2.361401679308998689e-06
1.165000000000000000e+03 2.371141980976198561e-06
1.166000000000000000e+03 2.400686413741006760e-06
1.167000000000000000e+03 2.486159905981127734e-06
1.168000000000000000e+03 2.369467114093031602e-06
1.169000000000000000e+03 2.387341459032631667e-06
1.170000000000000000e+03 2.379582297065871739e-06
1.171000000000000000e+03 2.367029280454136578e-06
1.172000000000000000e+03 2.378413518519593810e-06
1.173000000000000000e+03 2.397930590347685163e-06
1.174000000000000000e+03 2.423551549566223182e-06
1.175000000000000000e+03 2.396181284576327893e-06
1.176000000000000000e+03 2.369990581075753755e-06
1.177000000000000000e+03 2.384803582269614495e-06
1.178000000000000000e+03 2.408303379581699837e-06
1.179000000000000000e+03 2.390477150230015754e-06
1.180000000000000000e+03 2.369697937466745625e-06
1.181000000000000000e+03 2.369923021038707217e-06
1.182000000000000000e+03 2.378731459608361156e-06
1.183000000000000000e+03 2.371417838915860285e-06
1.184000000000000000e+03 2.388326219270978540e-06
1.185000000000000000e+03 2.358075150596740414e-06
1.186000000000000000e+03 2.358458383459047674e-06
1.187000000000000000e+03 2.359703218093402390e-06
1.188000000000000000e+03 2.362593775400082054e-06
1.189000000000000000e+03 2.377509651430136953e-06
1.190000000000000000e+03 2.377437389463265497e-06
1.191000000000000000e+03 2.361316213050128255e-06
1.192000000000000000e+03 2.355950274699251755e-06
1.193000000000000000e+03 2.369915609060253836e-06
1.194000000000000000e+03 2.358175673713247784e-06
1.195000000000000000e+03 2.364681063998447724e-06
1.196000000000000000e+03 2.362375203835871142e-06
1.197000000000000000e+03 2.377215908390759572e-06
1.198000000000000000e+03 2.371250393015790816e-06
1.199000000000000000e+03 2.356682160260075012e-06
1.200000000000000000e+03 2.368481815460052455e-06
1.201000000000000000e+03 2.403829589259821683e-06
1.202000000000000000e+03 2.377749940465992225e-06
1.203000000000000000e+03 2.370877373288743379e-06
1.204000000000000000e+03 2.367788917919715512e-06
1.205000000000000000e+03 2.363607723145428224e-06
1.206000000000000000e+03 2.382921333643674178e-06
1.207000000000000000e+03 2.375028012535783168e-06
1.208000000000000000e+03 2.380193893994720627e-06
1.209000000000000000e+03 2.373601877151091995e-06
1.210000000000000000e+03 2.375196867639005789e-06
1.211000000000000000e+03 2.362729251277406855e-06
1.212000000000000000e+03 2.369240259589768016e-06
1.213000000000000000e+03 2.393700420998077439e-06
1.214000000000000000e+03 2.366047538107840586e-06
1.215000000000000000e+03 2.350094345768236312e-06
1.216000000000000000e+03 2.366931951323832676e-06
1.217000000000000000e+03 2.351615286024664577e-06
1.218000000000000000e+03 2.344110618505435898e-06
1.219000000000000000e+03 2.352615586139531878e-06
1.220000000000000000e+03 2.360821912117066929e-06
1.221000000000000000e+03 2.349437894562574227e-06
1.222000000000000000e+03 2.347470707138291800e-06
1.223000000000000000e+03 2.343380737714187037e-06
1.224000000000000000e+03 2.404840678386337449e-06
1.225000000000000000e+03 2.353761305090832369e-06
1.226000000000000000e+03 2.351828693261256176e-06
1.227000000000000000e+03 2.363347698880095513e-06
1.228000000000000000e+03 2.344996233696238836e-06
1.229000000000000000e+03 2.345666817474203409e-06
1.230000000000000000e+03 2.353317147396157342e-06
1.231000000000000000e+03 2.387993411238283255e-06
1.232000000000000000e+03 2.376356066140086864e-06
1.233000000000000000e+03 2.359440871825783372e-06
1.234000000000000000e+03 2.365863709447876339e-06
1.235000000000000000e+03 2.360975697952436209e-06
1.236000000000000000e+03 2.343543549533084834e-06
1.237000000000000000e+03 2.390873418672074247e-06
1.238000000000000000e+03 2.347318530069041701e-06
1.239000000000000000e+03 2.358891021049369652e-06
1.240000000000000000e+03 2.389796888912610356e-06
1.241000000000000000e+03 2.340525721414489958e-06
1.242000000000000000e+03 2.340098979836698774e-06
1.243000000000000000e+03 2.339412256997727718e-06
1.244000000000000000e+03 2.342220785777867738e-06
1.245000000000000000e+03 2.350756894797583717e-06
1.246000000000000000e+03 2.337324283818670625e-06
1.247000000000000000e+03 2.364064127976047867e-06
1.248000000000000000e+03 2.350635813071549498e-06
1.249000000000000000e+03 2.350848679155729214e-06
1.250000000000000000e+03 2.337577428657421802e-06
1.251000000000000000e+03 2.336522184019463118e-06
1.252000000000000000e+03 2.340384702245802456e-06
1.253000000000000000e+03 2.341048370242555116e-06
1.254000000000000000e+03 2.339243020716481636e-06
1.255000000000000000e+03 2.339265852526052773e-06
1.256000000000000000e+03 2.348545831262730100e-06
1.257000000000000000e+03 2.351972745628601164e-06
1.258000000000000000e+03 2.356309579479128755e-06
1.259000000000000000e+03 2.334014692698906737e-06
1.260000000000000000e+03 2.340941987656644350e-06
1.261000000000000000e+03 2.348136330553095451e-06
1.262000000000000000e+03 2.349799580663213347e-06
1.263000000000000000e+03 2.360727271329460708e-06
1.264000000000000000e+03 2.355296979039066298e-06
1.265000000000000000e+03 2.331907227418667343e-06
1.266000000000000000e+03 2.350606953171346839e-06
1.267000000000000000e+03 2.361052268734259620e-06
1.268000000000000000e+03 2.342438974801278703e-06
1.269000000000000000e+03 2.345292146769312918e-06
1.270000000000000000e+03 2.338735999372997716e-06
1.271000000000000000e+03 2.339162334791766098e-06
1.272000000000000000e+03 2.343028045617023519e-06
1.273000000000000000e+03 2.334901618584334172e-06
1.274000000000000000e+03 2.334356284927212100e-06
1.275000000000000000e+03 2.348842520642773431e-06
1.276000000000000000e+03 2.330496684577405213e-06
1.277000000000000000e+03 2.328252510246332540e-06
1.278000000000000000e+03 2.329692418646163459e-06
1.279000000000000000e+03 2.326121202776996127e-06
1.280000000000000000e+03 2.340672102436890816e-06
1.281000000000000000e+03 2.416133782038552259e-06
1.282000000000000000e+03 2.334730554099991333e-06
1.283000000000000000e+03 2.328096743214711350e-06
1.284000000000000000e+03 2.335503500845548429e-06
1.285000000000000000e+03 2.326711948860645858e-06
1.286000000000000000e+03 2.343733308227268488e-06
1.287000000000000000e+03 2.332938117959565327e-06
1.288000000000000000e+03 2.330369905812986618e-06
1.289000000000000000e+03 2.337244759039122005e-06
1.290000000000000000e+03 2.334992560988083198e-06
1.291000000000000000e+03 2.345885053212263650e-06
1.292000000000000000e+03 2.332362803304690627e-06
1.293000000000000000e+03 2.339239153450825265e-06
1.294000000000000000e+03 2.325402516081806891e-06
1.295000000000000000e+03 2.330337006338338985e-06
1.296000000000000000e+03 2.337301757964335965e-06
1.297000000000000000e+03 2.339231421411196733e-06
1.298000000000000000e+03 2.327064457655527111e-06
1.299000000000000000e+03 2.329294674551827389e-06
1.300000000000000000e+03 2.333803052100227351e-06
1.301000000000000000e+03 2.322355228576278229e-06
1.302000000000000000e+03 2.351639693441841559e-06
1.303000000000000000e+03 2.327580768518611666e-06
1.304000000000000000e+03 2.325726528467260762e-06
1.305000000000000000e+03 2.341551797533608423e-06
1.306000000000000000e+03 2.328497881843234496e-06
1.307000000000000000e+03 2.342139979563352148e-06
1.308000000000000000e+03 2.322625300901722778e-06
1.309000000000000000e+03 2.322546362865615620e-06
1.310000000000000000e+03 2.321829736692974834e-06
1.311000000000000000e+03 2.321563351003901510e-06
1.312000000000000000e+03 2.318118112252586854e-06
1.313000000000000000e+03 2.324542018833328480e-06
1.314000000000000000e+03 2.344472449735191636e-06
1.315000000000000000e+03 2.364111913101058087e-06
1.316000000000000000e+03 2.344835397915418103e-06
1.317000000000000000e+03 2.330012945149785898e-06
1.318000000000000000e+03 2.319770218777190815e-06
1.319000000000000000e+03 2.323048553134605690e-06
1.320000000000000000e+03 2.336168264786151862e-06
1.321000000000000000e+03 2.321356975314132982e-06
1.322000000000000000e+03 2.314435230422683760e-06
1.323000000000000000e+03 2.319895544781011755e-06
1.324000000000000000e+03 2.316932649297640134e-06
1.325000000000000000e+03 2.337378771839289397e-06
1.326000000000000000e+03 2.319480389492241229e-06
1.327000000000000000e+03 2.321270750339108900e-06
1.328000000000000000e+03 2.327404515397274879e-06
1.329000000000000000e+03 2.332173771688061088e-06
1.330000000000000000e+03 2.319107397590879172e-06
1.331000000000000000e+03 2.321280709307480923e-06
1.332000000000000000e+03 2.315420356375262315e-06
1.333000000000000000e+03 2.313416050738374863e-06
1.334000000000000000e+03 2.323000136201402518e-06
1.335000000000000000e+03 2.349836412698322640e-06
1.336000000000000000e+03 2.348642500724800437e-06
1.337000000000000000e+03 2.331854472118750296e-06
1.338000000000000000e+03 2.336260143916636953e-06
1.339000000000000000e+03 2.319798309104860893e-06
1.340000000000000000e+03 2.325086461721248446e-06
1.341000000000000000e+03 2.316004069963013545e-06
1.342000000000000000e+03 2.314533525793448785e-06
1.343000000000000000e+03 2.324079492194805772e-06
1.344000000000000000e+03 2.329858710600669456e-06
1.345000000000000000e+03 2.338387251210992887e-06
1.346000000000000000e+03 2.318078215463544020e-06
1.347000000000000000e+03 2.320120762639305486e-06
1.348000000000000000e+03 2.313030672258579263e-06
1.349000000000000000e+03 2.315234841499749384e-06
1.350000000000000000e+03 2.310061904938680640e-06
1.351000000000000000e+03 2.312752616553268971e-06
1.352000000000000000e+03 2.317728710511767587e-06
1.353000000000000000e+03 2.335519085417189992e-06
1.354000000000000000e+03 2.335765288708311838e-06
1.355000000000000000e+03 2.343394231658594603e-06
1.356000000000000000e+03 2.318649565784322688e-06
1.357000000000000000e+03 2.334187451484915282e-06
1.358000000000000000e+03 2.311591142006209891e-06
1.359000000000000000e+03 2.308852306728646149e-06
1.360000000000000000e+03 2.319497474266181725e-06
1.361000000000000000e+03 2.325181507158774771e-06
1.362000000000000000e+03 2.317472060644632009e-06
1.363000000000000000e+03 2.318655607175724116e-06
1.364000000000000000e+03 2.323382062068198863e-06
1.365000000000000000e+03 2.311200826815654428e-06
1.366000000000000000e+03 2.314819626056404021e-06
1.367000000000000000e+03 2.304569296359478595e-06
1.368000000000000000e+03 2.330220419658963894e-06
1.369000000000000000e+03 2.335441618212148401e-06
1.370000000000000000e+03 2.343412318343179510e-06
1.371000000000000000e+03 2.316203985552786305e-06
1.372000000000000000e+03 2.331690316680881159e-06
1.373000000000000000e+03 2.318941402159697463e-06
1.374000000000000000e+03 2.304475715781588025e-06
1.375000000000000000e+03 2.307891748492626411e-06
1.376000000000000000e+03 2.305880353919920988e-06
1.377000000000000000e+03 2.308276894020801676e-06
1.378000000000000000e+03 2.316133046135223688e-06
1.379000000000000000e+03 2.303535476918921050e-06
1.380000000000000000e+03 2.311474856903768561e-06
1.381000000000000000e+03 2.336019047741581064e-06
1.382000000000000000e+03 2.307199610674318034e-06
1.383000000000000000e+03 2.305981951094231876e-06
1.384000000000000000e+03 2.311915933295846092e-06
1.385000000000000000e+03 2.316979237881116253e-06
1.386000000000000000e+03 2.302357742373216262e-06
1.387000000000000000e+03 2.316352475092286825e-06
1.388000000000000000e+03 2.314590756099952182e-06
1.389000000000000000e+03 2.308246504232954294e-06
1.390000000000000000e+03 2.309790377682931355e-06
1.391000000000000000e+03 2.328773057794332714e-06
1.392000000000000000e+03 2.328170142633325166e-06
1.393000000000000000e+03 2.321333714909726747e-06
1.394000000000000000e+03 2.310186002860944794e-06
1.395000000000000000e+03 2.324439190774947691e-06
1.396000000000000000e+03 2.308114313804632716e-06
1.397000000000000000e+03 2.301976910328924107e-06
1.398000000000000000e+03 2.300814914209090671e-06
1.399000000000000000e+03 2.299168537714351219e-06
1.400000000000000000e+03 2.332139111683439732e-06
1.401000000000000000e+03 2.307986707794038253e-06
1.402000000000000000e+03 2.301014022526355922e-06
1.403000000000000000e+03 2.295133676735571914e-06
1.404000000000000000e+03 2.302436786702334736e-06
1.405000000000000000e+03 2.304534854657233334e-06
1.406000000000000000e+03 2.301237113662834980e-06
1.407000000000000000e+03 2.304008186275094417e-06
1.408000000000000000e+03 2.323515020781133920e-06
1.409000000000000000e+03 2.308947896613052513e-06
1.410000000000000000e+03 2.294839575456122710e-06
1.411000000000000000e+03 2.309722681988035660e-06
1.412000000000000000e+03 2.297522942845295709e-06
1.413000000000000000e+03 2.304268453651935769e-06
1.414000000000000000e+03 2.299528706478255888e-06
1.415000000000000000e+03 2.306703793200977172e-06
1.416000000000000000e+03 2.312981552810405676e-06
1.417000000000000000e+03 2.342280002545270354e-06
1.418000000000000000e+03 2.311465263345426078e-06
1.419000000000000000e+03 2.327311326719541299e-06
1.420000000000000000e+03 2.315114882522458456e-06
1.421000000000000000e+03 2.312179561587659962e-06
1.422000000000000000e+03 2.300306855978804813e-06
1.423000000000000000e+03 2.293921343382676559e-06
1.424000000000000000e+03 2.311631083414526296e-06
1.425000000000000000e+03 2.310162678803263640e-06
1.426000000000000000e+03 2.305163318847778014e-06
1.427000000000000000e+03 2.318683631068243695e-06
1.428000000000000000e+03 2.293749763162192353e-06
1.429000000000000000e+03 2.296227493468428516e-06
1.430000000000000000e+03 2.289778772581835136e-06
1.431000000000000000e+03 2.297001278543132738e-06
1.432000000000000000e+03 2.306670231600838148e-06
1.433000000000000000e+03 2.298766873298647640e-06
1.434000000000000000e+03 2.322325565960562119e-06
1.435000000000000000e+03 2.300641744775969702e-06
1.436000000000000000e+03 2.305650640491301445e-06
1.437000000000000000e+03 2.295136273925151861e-06
1.438000000000000000e+03 2.309947023583754470e-06
1.439000000000000000e+03 2.294658824580977308e-06
1.440000000000000000e+03 2.298030020210517239e-06
1.441000000000000000e+03 2.308509331994780982e-06
1.442000000000000000e+03 2.331285423655487649e-06
1.443000000000000000e+03 2.300247128105930660e-06
1.444000000000000000e+03 2.315298270599402400e-06
1.445000000000000000e+03 2.331618160736324959e-06
1.446000000000000000e+03 2.297758052099479921e-06
1.447000000000000000e+03 2.287889718567291334e-06
1.448000000000000000e+03 2.297330551239429088e-06
1.449000000000000000e+03 2.305211659908984106e-06
1.450000000000000000e+03 2.289969030489116408e-06
1.451000000000000000e+03 2.288519144727343988e-06
1.452000000000000000e+03 2.294603620269122295e-06
1.453000000000000000e+03 2.285205843014162253e-06
1.454000000000000000e+03 2.322102665024811289e-06
1.455000000000000000e+03 2.292641823936687219e-06
1.456000000000000000e+03 2.313533888652197224e-06
1.457000000000000000e+03 2.296358535967724326e-06
1.458000000000000000e+03 2.294941226722237977e-06
1.459000000000000000e+03 2.290209960655855313e-06
1.460000000000000000e+03 2.312004899532927865e-06
1.461000000000000000e+03 2.296843102463295730e-06
1.462000000000000000e+03 2.288270684308754661e-06
1.463000000000000000e+03 2.285200837861939583e-06
1.464000000000000000e+03 2.287363258102100745e-06
1.465000000000000000e+03 2.291108362966163493e-06
1.466000000000000000e+03 2.291073178920291002e-06
1.467000000000000000e+03 2.324491964990823152e-06
1.468000000000000000e+03 2.302727974671246542e-06
1.469000000000000000e+03 2.296013539756810178e-06
1.470000000000000000e+03 2.286005567046333741e-06
1.471000000000000000e+03 2.298899081908744036e-06
1.472000000000000000e+03 2.292139040712552697e-06
1.473000000000000000e+03 2.287906854807863418e-06
1.474000000000000000e+03 2.294329573011317436e-06
1.475000000000000000e+03 2.286202676515322341e-06
1.476000000000000000e+03 2.302374117982956531e-06
1.477000000000000000e+03 2.280692055888387756e-06
1.478000000000000000e+03 2.284606756404645909e-06
1.479000000000000000e+03 2.288888313757708319e-06
1.480000000000000000e+03 2.314049638113403797e-06
1.481000000000000000e+03 2.301148571428142107e-06
1.482000000000000000e+03 2.300880543267378766e-06
1.483000000000000000e+03 2.298032477212783812e-06
1.484000000000000000e+03 2.317457023054684766e-06
1.485000000000000000e+03 2.304858860212664563e-06
1.486000000000000000e+03 2.285401810787582846e-06
1.487000000000000000e+03 2.281410436082316394e-06
1.488000000000000000e+03 2.289711896037256561e-06
1.489000000000000000e+03 2.285905582833965056e-06
1.490000000000000000e+03 2.293522590792865334e-06
1.491000000000000000e+03 2.293683530046495679e-06
1.492000000000000000e+03 2.294556778193427318e-06
1.493000000000000000e+03 2.279348022054270946e-06
1.494000000000000000e+03 2.279475513518953320e-06
1.495000000000000000e+03 2.284453308126208684e-06
1.496000000000000000e+03 2.295737648157067100e-06
1.497000000000000000e+03 2.317228463439944295e-06
1.498000000000000000e+03 2.309314745380318300e-06
1.499000000000000000e+03 2.300462865766770763e-06
1.500000000000000000e+03 2.277759127240662487e-06
1.501000000000000000e+03 2.288916629436289186e-06
1.502000000000000000e+03 2.286307684756351247e-06
1.503000000000000000e+03 2.283834399924387814e-06
1.504000000000000000e+03 2.287304932063471776e-06
1.505000000000000000e+03 2.291814074972932789e-06
1.506000000000000000e+03 2.286390661487153361e-06
1.507000000000000000e+03 2.279031454128635585e-06
1.508000000000000000e+03 2.298044668783743170e-06
1.509000000000000000e+03 2.287251908755737760e-06
1.510000000000000000e+03 2.278961314716481634e-06
1.511000000000000000e+03 2.283399136742600417e-06
1.512000000000000000e+03 2.295696622745748266e-06
1.513000000000000000e+03 2.286497571708699149e-06
1.514000000000000000e+03 2.280268566553976180e-06
1.515000000000000000e+03 2.277938821718911101e-06
1.516000000000000000e+03 2.284192208301694697e-06
1.517000000000000000e+03 2.281302464732519722e-06
1.518000000000000000e+03 2.314891055821940351e-06
1.519000000000000000e+03 2.274154913178997120e-06
1.520000000000000000e+03 2.279605338298397682e-06
1.521000000000000000e+03 2.282392363297851394e-06
1.522000000000000000e+03 2.287151879173673441e-06
1.523000000000000000e+03 2.288389864820066861e-06
1.524000000000000000e+03 2.277408369272712179e-06
1.525000000000000000e+03 2.306410615645387991e-06
1.526000000000000000e+03 2.283286845847915393e-06
1.527000000000000000e+03 2.280917265807860106e-06
1.528000000000000000e+03 2.280534003625993998e-06
1.529000000000000000e+03 2.281277186571690184e-06
1.530000000000000000e+03 2.282982570976285176e-06
1.531000000000000000e+03 2.276065728933918503e-06
1.532000000000000000e+03 2.279703160694368374e-06
1.533000000000000000e+03 2.281250188848066555e-06
1.534000000000000000e+03 2.271734722832543764e-06
1.535000000000000000e+03 2.292768090180169800e-06
1.536000000000000000e+03 2.282255461624218233e-06
1.537000000000000000e+03 2.283418343982192055e-06
1.538000000000000000e+03 2.276524385166901044e-06
1.539000000000000000e+03 2.279818910625289839e-06
1.540000000000000000e+03 2.273612331126151238e-06
1.541000000000000000e+03 2.278803410731863127e-06
1.542000000000000000e+03 2.274767546380390663e-06
1.543000000000000000e+03 2.274348676486581407e-06
1.544000000000000000e+03 2.295183806571522754e-06
1.545000000000000000e+03 2.273680151182958726e-06
1.546000000000000000e+03 2.276841135401915214e-06
1.547000000000000000e+03 2.276258258221108325e-06
1.548000000000000000e+03 2.272000642327188938e-06
1.549000000000000000e+03 2.290410994573937653e-06
1.550000000000000000e+03 2.273336700080999266e-06
1.551000000000000000e+03 2.283649059864059387e-06
1.552000000000000000e+03 2.300073989418830892e-06
1.553000000000000000e+03 2.295050376189022008e-06
1.554000000000000000e+03 2.272195175335771905e-06
1.555000000000000000e+03 2.277662386817995336e-06
1.556000000000000000e+03 2.280273963971172083e-06
1.557000000000000000e+03 2.311133877792585833e-06
1.558000000000000000e+03 2.278215069445337294e-06
1.559000000000000000e+03 2.272377769170084828e-06
1.560000000000000000e+03 2.280537401315727779e-06
1.561000000000000000e+03 2.315224739700897252e-06
1.562000000000000000e+03 2.278218047852655113e-06
1.563000000000000000e+03 2.277901198518142482e-06
1.564000000000000000e+03 2.276224379756162763e-06
1.565000000000000000e+03 2.270696940891541605e-06
1.566000000000000000e+03 2.274366627702690854e-06
1.567000000000000000e+03 2.271837076900183657e-06
1.568000000000000000e+03 2.282391785727703483e-06
1.569000000000000000e+03 2.277342773727759098e-06
1.570000000000000000e+03 2.268186613318387594e-06
1.571000000000000000e+03 2.274318695210293853e-06
1.572000000000000000e+03 2.273081677692998965e-06
1.573000000000000000e+03 2.269109443377220682e-06
1.574000000000000000e+03 2.273853475480068471e-06
1.575000000000000000e+03 2.267059940536185216e-06
1.576000000000000000e+03 2.270072724622765548e-06
1.577000000000000000e+03 2.289997757764951545e-06
1.578000000000000000e+03 2.268758177037945381e-06
1.579000000000000000e+03 2.273842108410974465e-06
1.580000000000000000e+03 2.268647671431808500e-06
1.581000000000000000e+03 2.267054510373233861e-06
1.582000000000000000e+03 2.275005320284477344e-06
1.583000000000000000e+03 2.275789396431251530e-06
1.584000000000000000e+03 2.276663408537257309e-06
1.585000000000000000e+03 2.275369426812096340e-06
1.586000000000000000e+03 2.266126589637598960e-06
1.587000000000000000e+03 2.267574794419032223e-06
1.588000000000000000e+03 2.275497420865501256e-06
1.589000000000000000e+03 2.270929857855438404e-06
1.590000000000000000e+03 2.275403470547821465e-06
1.591000000000000000e+03 2.291440381188333159e-06
1.592000000000000000e+03 2.269962167485470533e-06
1.593000000000000000e+03 2.265889611703271856e-06
1.594000000000000000e+03 2.271817016912394984e-06
1.595000000000000000e+03 2.277245285564949200e-06
1.596000000000000000e+03 2.265454104030479327e-06
1.597000000000000000e+03 2.283421057284823793e-06
1.598000000000000000e+03 2.266992796997764767e-06
1.599000000000000000e+03 2.268041491897026507e-06
1.600000000000000000e+03 2.282081580905711815e-06
1.601000000000000000e+03 2.277554477444593986e-06
1.602000000000000000e+03 2.283961584470444270e-06
1.603000000000000000e+03 2.275123130072051036e-06
1.604000000000000000e+03 2.279945421015215137e-06
1.605000000000000000e+03 2.263585222167365016e-06
1.606000000000000000e+03 2.261685090351870405e-06
1.607000000000000000e+03 2.270887983475218799e-06
1.608000000000000000e+03 2.265870186226074615e-06
1.609000000000000000e+03 2.263872181791187038e-06
1.610000000000000000e+03 2.273910304714404160e-06
1.611000000000000000e+03 2.294805894500861197e-06
1.612000000000000000e+03 2.270990962180192685e-06
1.613000000000000000e+03 2.268682122904730004e-06
1.614000000000000000e+03 2.265781397755282910e-06
1.615000000000000000e+03 2.259752824849750145e-06
1.616000000000000000e+03 2.265400707432175764e-06
1.617000000000000000e+03 2.273780389160875331e-06
1.618000000000000000e+03 2.269052991277608540e-06
1.619000000000000000e+03 2.264095261524745083e-06
1.620000000000000000e+03 2.263965417245887803e-06
1.621000000000000000e+03 2.263656327866585537e-06
1.622000000000000000e+03 2.265096160817461089e-06
1.623000000000000000e+03 2.268156370513087736e-06
1.624000000000000000e+03 2.275634841760897678e-06
1.625000000000000000e+03 2.271906654409500201e-06
1.626000000000000000e+03 2.263098787461440180e-06
1.627000000000000000e+03 2.261331781802638510e-06
1.628000000000000000e+03 2.267717601614343374e-06
1.629000000000000000e+03 2.279094090369067365e-06
1.630000000000000000e+03 2.263944707219365979e-06
1.631000000000000000e+03 2.269880596013212429e-06
1.632000000000000000e+03 2.292179110525155427e-06
1.633000000000000000e+03 2.280015649038814964e-06
1.634000000000000000e+03 2.262629050700727779e-06
1.635000000000000000e+03 2.271565339682330922e-06
1.636000000000000000e+03 2.271508415513595367e-06
1.637000000000000000e+03 2.260104583553549131e-06
1.638000000000000000e+03 2.261134132004091572e-06
1.639000000000000000e+03 2.266314832984773449e-06
1.640000000000000000e+03 2.263196798736854523e-06
1.641000000000000000e+03 2.266317050730321998e-06
1.642000000000000000e+03 2.265379078772928646e-06
1.643000000000000000e+03 2.260483272299985705e-06
1.644000000000000000e+03 2.276249572758313181e-06
1.645000000000000000e+03 2.270458287285867793e-06
1.646000000000000000e+03 2.275942792923388203e-06
1.647000000000000000e+03 2.263933606836656134e-06
1.648000000000000000e+03 2.265296573109292977e-06
1.649000000000000000e+03 2.260632056775850238e-06
1.650000000000000000e+03 2.256877795648309666e-06
1.651000000000000000e+03 2.263853443708207035e-06
1.652000000000000000e+03 2.260085525181048717e-06
1.653000000000000000e+03 2.261329540439461299e-06
1.654000000000000000e+03 2.258188659548695958e-06
1.655000000000000000e+03 2.269437106000961338e-06
1.656000000000000000e+03 2.262232228043092521e-06
1.657000000000000000e+03 2.273005079836987970e-06
1.658000000000000000e+03 2.280280722177782216e-06
1.659000000000000000e+03 2.277411531925851908e-06
1.660000000000000000e+03 2.267155506352090669e-06
1.661000000000000000e+03 2.268773224417382739e-06
1.662000000000000000e+03 2.256203380742901760e-06
1.663000000000000000e+03 2.259719537267536391e-06
1.664000000000000000e+03 2.258479298937340350e-06
1.665000000000000000e+03 2.259158001011166769e-06
1.666000000000000000e+03 2.264283954348555851e-06
1.667000000000000000e+03 2.263340600543177132e-06
1.668000000000000000e+03 2.263863460780455789e-06
1.669000000000000000e+03 2.264905191786732244e-06
1.670000000000000000e+03 2.267778527233833449e-06
1.671000000000000000e+03 2.265230803020876785e-06
1.672000000000000000e+03 2.262606669615130251e-06
1.673000000000000000e+03 2.261347362099248461e-06
1.674000000000000000e+03 2.255980916816327893e-06
1.675000000000000000e+03 2.261484520073291256e-06
1.676000000000000000e+03 2.263406808919171704e-06
1.677000000000000000e+03 2.259539670101453202e-06
1.678000000000000000e+03 2.273207671577919231e-06
1.679000000000000000e+03 2.259887580403537512e-06
1.680000000000000000e+03 2.258237061420619948e-06
1.681000000000000000e+03 2.256384328015413474e-06
1.682000000000000000e+03 2.259222126389777364e-06
1.683000000000000000e+03 2.257383362616092142e-06
1.684000000000000000e+03 2.269235432542815568e-06
1.685000000000000000e+03 2.269514420925019950e-06
1.686000000000000000e+03 2.256646015499649778e-06
1.687000000000000000e+03 2.255687612099374134e-06
1.688000000000000000e+03 2.260240097934750041e-06
1.689000000000000000e+03 2.260303926825110290e-06
1.690000000000000000e+03 2.268505911235234939e-06
1.691000000000000000e+03 2.252822895503730909e-06
1.692000000000000000e+03 2.260440771050717555e-06
1.693000000000000000e+03 2.253519256029529342e-06
1.694000000000000000e+03 2.259999511715810167e-06
1.695000000000000000e+03 2.271652402477588642e-06
1.696000000000000000e+03 2.282456431276678007e-06
1.697000000000000000e+03 2.259105064450714965e-06
1.698000000000000000e+03 2.253105887780280338e-06
1.699000000000000000e+03 2.255218502593727334e-06
1.700000000000000000e+03 2.269694616827691803e-06
1.701000000000000000e+03 2.254852363157771632e-06
1.702000000000000000e+03 2.258797515152005425e-06
1.703000000000000000e+03 2.254718471865363132e-06
1.704000000000000000e+03 2.254185192193404747e-06
1.705000000000000000e+03 2.255247805668032975e-06
1.706000000000000000e+03 2.268890624448791801e-06
1.707000000000000000e+03 2.251013603289963550e-06
1.708000000000000000e+03 2.257289611074019751e-06
1.709000000000000000e+03 2.252965331723771006e-06
1.710000000000000000e+03 2.262109300380978241e-06
1.711000000000000000e+03 2.275673202845292364e-06
1.712000000000000000e+03 2.250321957711114866e-06
1.713000000000000000e+03 2.256801718041197377e-06
1.714000000000000000e+03 2.256083532719592040e-06
1.715000000000000000e+03 2.262787316733863317e-06
1.716000000000000000e+03 2.253727967194279324e-06
1.717000000000000000e+03 2.257890888615777702e-06
1.718000000000000000e+03 2.264850543636312292e-06
1.719000000000000000e+03 2.255037435691350371e-06
1.720000000000000000e+03 2.259935900477150549e-06
1.721000000000000000e+03 2.281001945885247280e-06
1.722000000000000000e+03 2.256911568832483861e-06
1.723000000000000000e+03 2.258548695317036586e-06
1.724000000000000000e+03 2.251878690214144306e-06
1.725000000000000000e+03 2.251879594927470030e-06
1.726000000000000000e+03 2.256200090269252083e-06
1.727000000000000000e+03 2.255911189670830726e-06
1.728000000000000000e+03 2.252953485619798151e-06
1.729000000000000000e+03 2.255866609870663655e-06
1.730000000000000000e+03 2.263912107902381489e-06
1.731000000000000000e+03 2.257428533829504273e-06
1.732000000000000000e+03 2.256265124618727936e-06
1.733000000000000000e+03 2.248652004305505433e-06
1.734000000000000000e+03 2.249049817283077733e-06
1.735000000000000000e+03 2.251107960462578249e-06
1.736000000000000000e+03 2.256255812128481885e-06
1.737000000000000000e+03 2.270394322294973981e-06
1.738000000000000000e+03 2.268348527031065261e-06
1.739000000000000000e+03 2.253070321435177038e-06
1.740000000000000000e+03 2.251802822863531931e-06
1.741000000000000000e+03 2.262002389126310602e-06
1.742000000000000000e+03 2.253983828674726679e-06
1.743000000000000000e+03 2.251574704993483145e-06
1.744000000000000000e+03 2.253672273816175772e-06
1.745000000000000000e+03 2.260584964439148564e-06
1.746000000000000000e+03 2.250935803184361254e-06
1.747000000000000000e+03 2.258799241918940515e-06
1.748000000000000000e+03 2.246526068061023341e-06
1.749000000000000000e+03 2.254025433175260194e-06
1.750000000000000000e+03 2.267746974134860611e-06
1.751000000000000000e+03 2.252017109639703329e-06
1.752000000000000000e+03 2.263328842168180311e-06
1.753000000000000000e+03 2.247276891309204072e-06
1.754000000000000000e+03 2.249835547769718243e-06
1.755000000000000000e+03 2.255429753559077186e-06
1.756000000000000000e+03 2.248535490609311815e-06
1.757000000000000000e+03 2.249852845027328873e-06
1.758000000000000000e+03 2.247031624156198579e-06
1.759000000000000000e+03 2.257044234619256787e-06
1.760000000000000000e+03 2.255356220860531310e-06
1.761000000000000000e+03 2.249615403382010268e-06
1.762000000000000000e+03 2.255150779999380175e-06
1.763000000000000000e+03 2.246220676919264340e-06
1.764000000000000000e+03 2.261612666878843769e-06
1.765000000000000000e+03 2.249605165820766901e-06
1.766000000000000000e+03 2.252549677353595734e-06
1.767000000000000000e+03 2.253099250644926761e-06
1.768000000000000000e+03 2.244791530551655688e-06
1.769000000000000000e+03 2.245585664065823593e-06
1.770000000000000000e+03 2.252552821745430604e-06
1.771000000000000000e+03 2.250301501325699539e-06
1.772000000000000000e+03 2.254149636374686084e-06
1.773000000000000000e+03 2.252516699782855530e-06
1.774000000000000000e+03 2.246768198913786207e-06
1.775000000000000000e+03 2.255422138908486123e-06
1.776000000000000000e+03 2.253750589073910123e-06
1.777000000000000000e+03 2.244252512547555928e-06
1.778000000000000000e+03 2.250555004018894274e-06
1.779000000000000000e+03 2.257656852018855983e-06
1.780000000000000000e+03 2.248457948789565652e-06
1.781000000000000000e+03 2.247905928376803046e-06
1.782000000000000000e+03 2.255516702275252744e-06
1.783000000000000000e+03 2.269197210277140347e-06
1.784000000000000000e+03 2.252939106932345936e-06
1.785000000000000000e+03 2.247608254803201070e-06
1.786000000000000000e+03 2.249215348164932329e-06
1.787000000000000000e+03 2.243238703465885348e-06
1.788000000000000000e+03 2.256122239229946765e-06
1.789000000000000000e+03 2.248962227833343063e-06
1.790000000000000000e+03 2.257020584419308279e-06
1.791000000000000000e+03 2.252237120124799913e-06
1.792000000000000000e+03 2.249646915261111098e-06
1.793000000000000000e+03 2.250157154223475958e-06
1.794000000000000000e+03 2.244396267789562786e-06
1.795000000000000000e+03 2.256755318887881167e-06
1.796000000000000000e+03 2.252638918115806952e-06
1.797000000000000000e+03 2.247169015076245457e-06
1.798000000000000000e+03 2.251825738576706789e-06
1.799000000000000000e+03 2.243738569991005940e-06
1.800000000000000000e+03 2.246270822243978762e-06
1.801000000000000000e+03 2.247704873054859239e-06
1.802000000000000000e+03 2.255930144418882301e-06
1.803000000000000000e+03 2.242446758233191041e-06
1.804000000000000000e+03 2.248822491495132182e-06
1.805000000000000000e+03 2.243461126053154714e-06
1.806000000000000000e+03 2.240304373254894711e-06
1.807000000000000000e+03 2.241865732505891565e-06
1.808000000000000000e+03 2.245600706525588984e-06
1.809000000000000000e+03 2.242619986920563244e-06
1.810000000000000000e+03 2.245403161987049672e-06
1.811000000000000000e+03 2.247110406851113422e-06
1.812000000000000000e+03 2.253033789771243753e-06
1.813000000000000000e+03 2.241163069348881014e-06
1.814000000000000000e+03 2.243912697025528749e-06
1.815000000000000000e+03 2.249092833721067221e-06
1.816000000000000000e+03 2.251820302635599482e-06
1.817000000000000000e+03 2.245175579124378895e-06
1.818000000000000000e+03 2.241909422011577839e-06
1.819000000000000000e+03 2.239601110206540640e-06
1.820000000000000000e+03 2.242976829030480980e-06
1.821000000000000000e+03 2.241294982470252622e-06
1.822000000000000000e+03 2.247722739093097493e-06
1.823000000000000000e+03 2.242102259270926382e-06
1.824000000000000000e+03 2.241873702967083965e-06
1.825000000000000000e+03 2.244869069287535731e-06
1.826000000000000000e+03 2.248273103984558574e-06
1.827000000000000000e+03 2.245661681020660579e-06
1.828000000000000000e+03 2.250457876719235548e-06
1.829000000000000000e+03 2.251362517337182676e-06
1.830000000000000000e+03 2.240283074080966372e-06
1.831000000000000000e+03 2.245599281039238355e-06
1.832000000000000000e+03 2.250900773006919059e-06
1.833000000000000000e+03 2.243396929420574902e-06
1.834000000000000000e+03 2.259181590729382858e-06
1.835000000000000000e+03 2.249835548450125833e-06
1.836000000000000000e+03 2.239956122374018425e-06
1.837000000000000000e+03 2.241772879123779311e-06
1.838000000000000000e+03 2.246610277403960730e-06
1.839000000000000000e+03 2.250936958811739137e-06
1.840000000000000000e+03 2.238884706788603416e-06
1.841000000000000000e+03 2.238216989009682563e-06
1.842000000000000000e+03 2.242799228309772335e-06
1.843000000000000000e+03 2.242299568153382661e-06
1.844000000000000000e+03 2.239442223223287690e-06
1.845000000000000000e+03 2.241941741756708516e-06
1.846000000000000000e+03 2.249026708599085531e-06
1.847000000000000000e+03 2.263007398243669062e-06
1.848000000000000000e+03 2.242208960781544805e-06
1.849000000000000000e+03 2.244057244112299787e-06
1.850000000000000000e+03 2.239871903451704645e-06
1.851000000000000000e+03 2.244957406125124521e-06
1.852000000000000000e+03 2.242783144600376734e-06
1.853000000000000000e+03 2.238326738318452233e-06
1.854000000000000000e+03 2.242842876605734478e-06
1.855000000000000000e+03 2.243487750388687350e-06
1.856000000000000000e+03 2.264394531132240942e-06
1.857000000000000000e+03 2.246532099044725964e-06
1.858000000000000000e+03 2.258647678007022551e-06
1.859000000000000000e+03 2.265428329798166032e-06
1.860000000000000000e+03 2.253725908242775820e-06
1.861000000000000000e+03 2.235198586235788095e-06
1.862000000000000000e+03 2.241529245770024255e-06
1.863000000000000000e+03 2.241619639188592354e-06
1.864000000000000000e+03 2.237660475403760347e-06
1.865000000000000000e+03 2.236514344985081148e-06
1.866000000000000000e+03 2.243315502244589117e-06
1.867000000000000000e+03 2.241139960314951549e-06
1.868000000000000000e+03 2.238455673424880059e-06
1.869000000000000000e+03 2.245137253592705627e-06
1.870000000000000000e+03 2.239817563733370445e-06
1.871000000000000000e+03 2.236609983613444348e-06
1.872000000000000000e+03 2.237937239876501942e-06
1.873000000000000000e+03 2.252341596707396313e-06
1.874000000000000000e+03 2.241453514218199273e-06
1.875000000000000000e+03 2.237994496257980767e-06
1.876000000000000000e+03 2.236249598324756245e-06
1.877000000000000000e+03 2.237772899907719087e-06
1.878000000000000000e+03 2.235753737388902521e-06
1.879000000000000000e+03 2.242482531466898507e-06
1.880000000000000000e+03 2.253768462263920720e-06
1.881000000000000000e+03 2.239187977829929654e-06
1.882000000000000000e+03 2.235826367331898300e-06
1.883000000000000000e+03 2.240066575083405148e-06
1.884000000000000000e+03 2.246106856790330303e-06
1.885000000000000000e+03 2.236638521802808276e-06
1.886000000000000000e+03 2.235276864340110352e-06
1.887000000000000000e+03 2.238386560885075298e-06
1.888000000000000000e+03 2.240415980451939216e-06
1.889000000000000000e+03 2.241468428004007189e-06
1.890000000000000000e+03 2.239296384059754687e-06
1.891000000000000000e+03 2.236588722957732809e-06
1.892000000000000000e+03 2.235849096758183482e-06
1.893000000000000000e+03 2.237870431228826575e-06
1.894000000000000000e+03 2.242603502730865477e-06
1.895000000000000000e+03 2.248713930824191525e-06
1.896000000000000000e+03 2.240644303478754110e-06
1.897000000000000000e+03 2.238833166642123277e-06
1.898000000000000000e+03 2.234925786805902009e-06
1.899000000000000000e+03 2.236245422656474350e-06
1.900000000000000000e+03 2.241022443375983956e-06
1.901000000000000000e+03 2.239955296284054389e-06
1.902000000000000000e+03 2.239267802492416444e-06
1.903000000000000000e+03 2.240623688903991830e-06
1.904000000000000000e+03 2.234980813587066204e-06
1.905000000000000000e+03 2.237659385209223206e-06
1.906000000000000000e+03 2.238416522057511881e-06
1.907000000000000000e+03 2.234787032507342820e-06
1.908000000000000000e+03 2.235773880035771850e-06
1.909000000000000000e+03 2.244630291820728286e-06
1.910000000000000000e+03 2.242921625683817045e-06
1.911000000000000000e+03 2.234885695350412313e-06
1.912000000000000000e+03 2.236513639836598480e-06
1.913000000000000000e+03 2.235941180502163842e-06
1.914000000000000000e+03 2.238448652280496566e-06
1.915000000000000000e+03 2.240241417976335021e-06
1.916000000000000000e+03 2.232610869348174118e-06
1.917000000000000000e+03 2.233759890941670757e-06
1.918000000000000000e+03 2.233727661564646738e-06
1.919000000000000000e+03 2.235284661898515354e-06
1.920000000000000000e+03 2.238883461196034237e-06
1.921000000000000000e+03 2.235762136602802137e-06
1.922000000000000000e+03 2.244931499598922078e-06
1.923000000000000000e+03 2.239063672750429071e-06
1.924000000000000000e+03 2.232135238359289260e-06
1.925000000000000000e+03 2.236224422351589555e-06
1.926000000000000000e+03 2.237234515752671673e-06
1.927000000000000000e+03 2.245269250818758107e-06
1.928000000000000000e+03 2.243142224246820347e-06
1.929000000000000000e+03 2.245220838170714097e-06
1.930000000000000000e+03 2.236245953658928966e-06
1.931000000000000000e+03 2.235924224687606361e-06
1.932000000000000000e+03 2.231919533130660116e-06
1.933000000000000000e+03 2.234708915512755007e-06
1.934000000000000000e+03 2.237742470194421893e-06
1.935000000000000000e+03 2.240805311951272312e-06
1.936000000000000000e+03 2.238616613867263548e-06
1.937000000000000000e+03 2.237390109145108997e-06
1.938000000000000000e+03 2.237739966591315508e-06
1.939000000000000000e+03 2.244196417214409097e-06
1.940000000000000000e+03 2.241958309532255334e-06
1.941000000000000000e+03 2.238931720903983780e-06
1.942000000000000000e+03 2.233577307340248521e-06
1.943000000000000000e+03 2.235967124529650152e-06
1.944000000000000000e+03 2.233395403321669683e-06
1.945000000000000000e+03 2.232889567609019014e-06
1.946000000000000000e+03 2.235536719173312181e-06
1.947000000000000000e+03 2.242781632493265204e-06
1.948000000000000000e+03 2.249250670613800092e-06
1.949000000000000000e+03 2.241179277492922280e-06
1.950000000000000000e+03 2.235271646458591545e-06
1.951000000000000000e+03 2.239631661115950011e-06
1.952000000000000000e+03 2.233105513180891343e-06
1.953000000000000000e+03 2.231802130535143833e-06
1.954000000000000000e+03 2.243966661067334573e-06
1.955000000000000000e+03 2.240243890609226254e-06
1.956000000000000000e+03 2.233346595498329395e-06
