0.000000000000000000e+00 3.785283146482525812e-02
1.000000000000000000e+00 4.108337374648662887e-03
2.000000000000000000e+00 3.280273043748104314e-03
3.000000000000000000e+00 3.221299618181556242e-03
4.000000000000000000e+00 3.147458121030017719e-03
5.000000000000000000e+00 3.086222530615450026e-03
6.000000000000000000e+00 2.990257920640887381e-03
7.000000000000000000e+00 2.861546621178135807e-03
8.000000000000000000e+00 2.736555964055687601e-03
9.000000000000000000e+00 2.764990931809550249e-03
1.000000000000000000e+01 2.627735782151270367e-03
1.100000000000000000e+01 2.665479586581991425e-03
1.200000000000000000e+01 2.583571546005480196e-03
1.300000000000000000e+01 2.642755038810498756e-03
1.400000000000000000e+01 2.634687014300413858e-03
1.500000000000000000e+01 2.653496644713661777e-03
1.600000000000000000e+01 2.707702120145161814e-03
1.700000000000000000e+01 2.749734508870828060e-03
1.800000000000000000e+01 2.527866176884583944e-03
1.900000000000000000e+01 2.612763727554166804e-03
2.000000000000000000e+01 2.589682033567717884e-03
2.100000000000000000e+01 2.591707278983761392e-03
2.200000000000000000e+01 2.598693593583925512e-03
2.300000000000000000e+01 2.498834678018935825e-03
2.400000000000000000e+01 2.679368293646610180e-03
2.500000000000000000e+01 2.650245867594323932e-03
2.600000000000000000e+01 2.536046498953694033e-03
2.700000000000000000e+01 2.612542166854396001e-03
2.800000000000000000e+01 2.665737096709434352e-03
2.900000000000000000e+01 2.938780537759414901e-03
3.000000000000000000e+01 2.536388126888660267e-03
3.100000000000000000e+01 2.481655818645400313e-03
3.200000000000000000e+01 2.466538425045784050e-03
3.300000000000000000e+01 2.516016930040686651e-03
3.400000000000000000e+01 2.599337751215154493e-03
3.500000000000000000e+01 2.496777092567598055e-03
3.600000000000000000e+01 2.387076393522397522e-03
3.700000000000000000e+01 2.567769361264777769e-03
3.800000000000000000e+01 2.627814478344387555e-03
3.900000000000000000e+01 2.522831179878928277e-03
4.000000000000000000e+01 2.498217423756917202e-03
4.100000000000000000e+01 2.452010352804203080e-03
4.200000000000000000e+01 2.659399437181877296e-03
4.300000000000000000e+01 2.422351361525179256e-03
4.400000000000000000e+01 2.336164447996351336e-03
4.500000000000000000e+01 2.339487750120837310e-03
4.600000000000000000e+01 2.379383128700833950e-03
4.700000000000000000e+01 2.400499205998699818e-03
4.800000000000000000e+01 2.480507866300717644e-03
4.900000000000000000e+01 2.373224388469349303e-03
5.000000000000000000e+01 2.311963285460616729e-03
5.100000000000000000e+01 2.322205422502575389e-03
5.200000000000000000e+01 2.237322204040758603e-03
5.300000000000000000e+01 2.259935688490819286e-03
5.400000000000000000e+01 2.236590686470571031e-03
5.500000000000000000e+01 2.243120989414176380e-03
5.600000000000000000e+01 2.324912355403707491e-03
5.700000000000000000e+01 2.431303861767354635e-03
5.800000000000000000e+01 2.375072891061956199e-03
5.900000000000000000e+01 2.162253462304972781e-03
6.000000000000000000e+01 2.114150193002488961e-03
6.100000000000000000e+01 2.117437431306550162e-03
6.200000000000000000e+01 2.136674363805790046e-03
6.300000000000000000e+01 2.084857640844403007e-03
6.400000000000000000e+01 2.149455836324980825e-03
6.500000000000000000e+01 2.448098680587729951e-03
6.600000000000000000e+01 2.013036355827794045e-03
6.700000000000000000e+01 2.012651984137718217e-03
6.800000000000000000e+01 1.912553331466636470e-03
6.900000000000000000e+01 1.944510142008463354e-03
7.000000000000000000e+01 1.999658608075344495e-03
7.100000000000000000e+01 1.952886027519149100e-03
7.200000000000000000e+01 1.732204722033606507e-03
7.300000000000000000e+01 1.743679519253547644e-03
7.400000000000000000e+01 1.586680388209795725e-03
7.500000000000000000e+01 1.515703893671132077e-03
7.600000000000000000e+01 1.488309416807059079e-03
7.700000000000000000e+01 1.387924964379782643e-03
7.800000000000000000e+01 1.282261522731395747e-03
7.900000000000000000e+01 1.165669474637869626e-03
8.000000000000000000e+01 1.177326317387397854e-03
8.100000000000000000e+01 1.041349855938342997e-03
8.200000000000000000e+01 1.015579479210304429e-03
8.300000000000000000e+01 9.383797660620524792e-04
8.400000000000000000e+01 8.510483349814559591e-04
8.500000000000000000e+01 8.292908785921155072e-04
8.600000000000000000e+01 7.891450175131210472e-04
8.700000000000000000e+01 7.797409195189524203e-04
8.800000000000000000e+01 7.556189175206000797e-04
8.900000000000000000e+01 7.635645959714447168e-04
9.000000000000000000e+01 7.518839557664562783e-04
9.100000000000000000e+01 7.361594301582586328e-04
9.200000000000000000e+01 7.390001039914410744e-04
9.300000000000000000e+01 7.262841235808651600e-04
9.400000000000000000e+01 7.187363746190312012e-04
9.500000000000000000e+01 7.523942896814056870e-04
9.600000000000000000e+01 7.386933522995071770e-04
9.700000000000000000e+01 7.258094817098945236e-04
9.800000000000000000e+01 7.180049232762269074e-04
9.900000000000000000e+01 7.230059546653670299e-04
1.000000000000000000e+02 7.123578527961114482e-04
1.010000000000000000e+02 7.148027615715758266e-04
1.020000000000000000e+02 7.315349518650709690e-04
1.030000000000000000e+02 7.219837049041132049e-04
1.040000000000000000e+02 7.134574651718139605e-04
1.050000000000000000e+02 7.161040483701108274e-04
1.060000000000000000e+02 7.160709166165554100e-04
1.070000000000000000e+02 7.168511670045177569e-04
1.080000000000000000e+02 7.088840444280643206e-04
1.090000000000000000e+02 7.085697322782843815e-04
1.100000000000000000e+02 7.235548065768347865e-04
1.110000000000000000e+02 7.373149723115592644e-04
1.120000000000000000e+02 7.089289390679561539e-04
1.130000000000000000e+02 7.121368670704389262e-04
1.140000000000000000e+02 7.521396724864690478e-04
1.150000000000000000e+02 7.507051632861898565e-04
1.160000000000000000e+02 7.114552435549823320e-04
1.170000000000000000e+02 7.123018710902242947e-04
1.180000000000000000e+02 7.196686996353996585e-04
1.190000000000000000e+02 7.013273856254539484e-04
1.200000000000000000e+02 7.051783032489545829e-04
1.210000000000000000e+02 7.147427731090122286e-04
1.220000000000000000e+02 7.094510667251818520e-04
1.230000000000000000e+02 6.943552767989611546e-04
1.240000000000000000e+02 6.988049140482237472e-04
1.250000000000000000e+02 6.959450372842826546e-04
1.260000000000000000e+02 7.100063186101239661e-04
1.270000000000000000e+02 7.097297440273593432e-04
1.280000000000000000e+02 7.097870382395658371e-04
1.290000000000000000e+02 7.227249518789426392e-04
1.300000000000000000e+02 6.966886985482591624e-04
1.310000000000000000e+02 6.941710367347254419e-04
1.320000000000000000e+02 6.979208590105326132e-04
1.330000000000000000e+02 7.358732082024968622e-04
1.340000000000000000e+02 7.085355228245860792e-04
1.350000000000000000e+02 7.265510236976123167e-04
1.360000000000000000e+02 7.086986197967721840e-04
1.370000000000000000e+02 8.197532368428778801e-04
1.380000000000000000e+02 7.000833313272456946e-04
1.390000000000000000e+02 6.972743390184460259e-04
1.400000000000000000e+02 6.946327424410617948e-04
1.410000000000000000e+02 6.885819272561506188e-04
1.420000000000000000e+02 6.853688214764450289e-04
1.430000000000000000e+02 6.961030656039113003e-04
1.440000000000000000e+02 7.153174476792114461e-04
1.450000000000000000e+02 7.088377770751413520e-04
1.460000000000000000e+02 7.114325704598667508e-04
1.470000000000000000e+02 7.893168670360488359e-04
1.480000000000000000e+02 6.938043507662685835e-04
1.490000000000000000e+02 6.914142963260111506e-04
1.500000000000000000e+02 6.890348721333224187e-04
1.510000000000000000e+02 7.044728687315276192e-04
1.520000000000000000e+02 6.904830761028057885e-04
1.530000000000000000e+02 7.049824748978470064e-04
1.540000000000000000e+02 7.126968843166273798e-04
1.550000000000000000e+02 7.222174905767344416e-04
1.560000000000000000e+02 6.894868047851504186e-04
1.570000000000000000e+02 7.226100774726482460e-04
1.580000000000000000e+02 6.880963699083135271e-04
1.590000000000000000e+02 6.884087291028764344e-04
1.600000000000000000e+02 6.855370601018270045e-04
1.610000000000000000e+02 6.899860441082656141e-04
1.620000000000000000e+02 6.841875040771985481e-04
1.630000000000000000e+02 6.903469080876821918e-04
1.640000000000000000e+02 6.868236368954784479e-04
1.650000000000000000e+02 6.813122076217574584e-04
1.660000000000000000e+02 6.861731259509770697e-04
1.670000000000000000e+02 6.977137832930594081e-04
1.680000000000000000e+02 7.021368648668732280e-04
1.690000000000000000e+02 7.269119900284392276e-04
1.700000000000000000e+02 6.817254469250187991e-04
1.710000000000000000e+02 6.880596806906690661e-04
1.720000000000000000e+02 6.842201120323604174e-04
1.730000000000000000e+02 6.924331609648886644e-04
1.740000000000000000e+02 6.924568101613208819e-04
1.750000000000000000e+02 6.801908049318526215e-04
1.760000000000000000e+02 6.899839489146916390e-04
1.770000000000000000e+02 7.059394590782396613e-04
1.780000000000000000e+02 7.521470229734074581e-04
1.790000000000000000e+02 7.091902497440877740e-04
1.800000000000000000e+02 6.901137741527172027e-04
1.810000000000000000e+02 6.959165467156304321e-04
1.820000000000000000e+02 6.782396679574793355e-04
1.830000000000000000e+02 6.854984766305094630e-04
1.840000000000000000e+02 6.835141431803654338e-04
1.850000000000000000e+02 6.794416949604496769e-04
1.860000000000000000e+02 6.940436513736994266e-04
1.870000000000000000e+02 6.838656465212503534e-04
1.880000000000000000e+02 6.916979354138326702e-04
1.890000000000000000e+02 6.846274826863799502e-04
1.900000000000000000e+02 6.830283231807477004e-04
1.910000000000000000e+02 6.819277866320175860e-04
1.920000000000000000e+02 6.776727600531144528e-04
1.930000000000000000e+02 6.801923567598516232e-04
1.940000000000000000e+02 6.957085204846930656e-04
1.950000000000000000e+02 6.834425333172383871e-04
1.960000000000000000e+02 6.906559160261442403e-04
1.970000000000000000e+02 6.851334290372000689e-04
1.980000000000000000e+02 6.803036127427612018e-04
1.990000000000000000e+02 6.940450752624357286e-04
2.000000000000000000e+02 6.799877269400490159e-04
2.010000000000000000e+02 6.822495975277641450e-04
2.020000000000000000e+02 6.847363605041696189e-04
2.030000000000000000e+02 7.058511237905483026e-04
2.040000000000000000e+02 6.841896910860080592e-04
2.050000000000000000e+02 6.880439516871866834e-04
2.060000000000000000e+02 6.813862257533603124e-04
2.070000000000000000e+02 7.162072336432909756e-04
2.080000000000000000e+02 7.043449279635844232e-04
2.090000000000000000e+02 6.849294103155232315e-04
2.100000000000000000e+02 6.777487680165454782e-04
2.110000000000000000e+02 6.821788358266907097e-04
2.120000000000000000e+02 6.813951724707478655e-04
2.130000000000000000e+02 6.780982273395614809e-04
2.140000000000000000e+02 6.804808402302289436e-04
2.150000000000000000e+02 7.262297140227424097e-04
2.160000000000000000e+02 6.862911657251492131e-04
2.170000000000000000e+02 7.009122949658018248e-04
2.180000000000000000e+02 6.768673598164260535e-04
2.190000000000000000e+02 6.813285386923587659e-04
2.200000000000000000e+02 6.855631642269365564e-04
2.210000000000000000e+02 6.748212301971935915e-04
2.220000000000000000e+02 6.891881110090198768e-04
2.230000000000000000e+02 6.933791739772064916e-04
2.240000000000000000e+02 6.898450174114920813e-04
2.250000000000000000e+02 6.823988288942009657e-04
2.260000000000000000e+02 6.747644718247230696e-04
2.270000000000000000e+02 6.762129369408193457e-04
2.280000000000000000e+02 6.840397823940622991e-04
2.290000000000000000e+02 6.922697659694787304e-04
2.300000000000000000e+02 6.954808171951410399e-04
2.310000000000000000e+02 6.882102652029558135e-04
2.320000000000000000e+02 6.910098803163778692e-04
2.330000000000000000e+02 6.750551709020980633e-04
2.340000000000000000e+02 6.805038000598099060e-04
2.350000000000000000e+02 6.775925541766966926e-04
2.360000000000000000e+02 6.793666834181005809e-04
2.370000000000000000e+02 6.969298903990272902e-04
2.380000000000000000e+02 6.894051953397615411e-04
2.390000000000000000e+02 6.714754002262847757e-04
2.400000000000000000e+02 6.745454970032277713e-04
2.410000000000000000e+02 6.722447381477163544e-04
2.420000000000000000e+02 6.803786679349764629e-04
2.430000000000000000e+02 6.829961246312266218e-04
2.440000000000000000e+02 6.783303829154583393e-04
2.450000000000000000e+02 6.732219984435072312e-04
2.460000000000000000e+02 6.782429973886470575e-04
2.470000000000000000e+02 6.776992675631937461e-04
2.480000000000000000e+02 6.757349829481105932e-04
2.490000000000000000e+02 6.907295774329792054e-04
2.500000000000000000e+02 6.830148097842630994e-04
2.510000000000000000e+02 6.735629460426292717e-04
2.520000000000000000e+02 6.713075649858725414e-04
2.530000000000000000e+02 6.769730128122098279e-04
2.540000000000000000e+02 6.742667324013180584e-04
2.550000000000000000e+02 6.756271632632823839e-04
2.560000000000000000e+02 6.722052229775323179e-04
2.570000000000000000e+02 6.726849598414969727e-04
2.580000000000000000e+02 6.780893287875436239e-04
2.590000000000000000e+02 6.756897135214371807e-04
2.600000000000000000e+02 6.712476194205910240e-04
2.610000000000000000e+02 6.824872830901482874e-04
2.620000000000000000e+02 6.801208627946449606e-04
2.630000000000000000e+02 6.774335331989056724e-04
2.640000000000000000e+02 6.702630703497414839e-04
2.650000000000000000e+02 6.709580228786275226e-04
2.660000000000000000e+02 6.725700395275848115e-04
2.670000000000000000e+02 6.715599334601200310e-04
2.680000000000000000e+02 6.889214374200261981e-04
