0.000000000000000000e+00 1.016645497128228492e-01
1.000000000000000000e+00 3.021673557228334028e-02
2.000000000000000000e+00 2.495237130908638939e-03
3.000000000000000000e+00 2.020599574277524933e-03
4.000000000000000000e+00 1.965436417277071496e-03
5.000000000000000000e+00 1.926755006113432941e-03
6.000000000000000000e+00 1.889932975660257863e-03
7.000000000000000000e+00 1.855473133149865977e-03
8.000000000000000000e+00 1.825013387425270580e-03
9.000000000000000000e+00 1.791342438726305957e-03
1.000000000000000000e+01 1.761783104178705648e-03
1.100000000000000000e+01 1.732849498531207266e-03
1.200000000000000000e+01 1.703872690115886901e-03
1.300000000000000000e+01 1.675474951026915569e-03
1.400000000000000000e+01 1.647036271347556346e-03
1.500000000000000000e+01 1.621060389257385562e-03
1.600000000000000000e+01 1.589693873279722069e-03
1.700000000000000000e+01 1.564476665020825925e-03
1.800000000000000000e+01 1.538501599868500637e-03
1.900000000000000000e+01 1.504507170056748611e-03
2.000000000000000000e+01 1.472536385428506803e-03
2.100000000000000000e+01 1.437843225286365148e-03
2.200000000000000000e+01 1.400923625665691230e-03
2.300000000000000000e+01 1.362136695860364675e-03
2.400000000000000000e+01 1.325873284097690450e-03
2.500000000000000000e+01 1.274666368763888386e-03
2.600000000000000000e+01 1.217071315007918746e-03
2.700000000000000000e+01 1.148434258541797389e-03
2.800000000000000000e+01 1.059116732218823905e-03
2.900000000000000000e+01 9.206142093394659469e-04
3.000000000000000000e+01 7.190736790148882394e-04
3.100000000000000000e+01 4.637347982684397827e-04
3.200000000000000000e+01 2.835733643613443902e-04
3.300000000000000000e+01 1.968035072717319773e-04
3.400000000000000000e+01 1.646091530188763740e-04
3.500000000000000000e+01 1.403965590237140812e-04
3.600000000000000000e+01 1.201901434255753844e-04
3.700000000000000000e+01 1.063380793152035857e-04
3.800000000000000000e+01 9.242125718120108749e-05
3.900000000000000000e+01 8.414357874381828790e-05
4.000000000000000000e+01 7.474670037400421346e-05
4.100000000000000000e+01 7.058009194924559962e-05
4.200000000000000000e+01 6.320099922793989743e-05
4.300000000000000000e+01 5.973942662481922418e-05
4.400000000000000000e+01 5.595174617517298729e-05
4.500000000000000000e+01 5.185668981176153747e-05
4.600000000000000000e+01 5.024676918871655198e-05
4.700000000000000000e+01 4.727272200134531100e-05
4.800000000000000000e+01 4.508881679374001077e-05
4.900000000000000000e+01 4.219659268990609254e-05
5.000000000000000000e+01 4.012512571530748055e-05
5.100000000000000000e+01 4.008061233306411887e-05
5.200000000000000000e+01 3.750431936142157045e-05
5.300000000000000000e+01 3.662148918802752277e-05
5.400000000000000000e+01 3.450556992570586780e-05
5.500000000000000000e+01 3.408706176171112293e-05
5.600000000000000000e+01 3.330348127994154159e-05
5.700000000000000000e+01 3.193599766951684299e-05
5.800000000000000000e+01 3.034890818516755711e-05
5.900000000000000000e+01 2.916328181298893514e-05
6.000000000000000000e+01 2.849376013374033131e-05
6.100000000000000000e+01 2.769777985873441288e-05
6.200000000000000000e+01 2.699034132379439391e-05
6.300000000000000000e+01 2.607209828063375377e-05
6.400000000000000000e+01 2.565329745842754198e-05
6.500000000000000000e+01 2.482386426352549850e-05
6.600000000000000000e+01 2.465821779943451727e-05
6.700000000000000000e+01 2.322835123335601710e-05
6.800000000000000000e+01 2.249353222607051347e-05
6.900000000000000000e+01 2.173994821574075836e-05
7.000000000000000000e+01 2.135226456056539521e-05
7.100000000000000000e+01 2.089282338286895205e-05
7.200000000000000000e+01 2.030896109822622131e-05
7.300000000000000000e+01 2.003469592802483104e-05
7.400000000000000000e+01 1.914375459858658836e-05
7.500000000000000000e+01 1.889572302629767837e-05
7.600000000000000000e+01 1.858946152381895289e-05
7.700000000000000000e+01 1.797501000490195978e-05
7.800000000000000000e+01 1.746902980028988564e-05
7.900000000000000000e+01 1.697589642528026077e-05
8.000000000000000000e+01 1.671983093027078771e-05
8.100000000000000000e+01 1.626456414981927945e-05
8.200000000000000000e+01 1.623604658232108801e-05
8.300000000000000000e+01 1.550794923398278054e-05
8.400000000000000000e+01 1.659827976252012570e-05
8.500000000000000000e+01 1.484511101911799065e-05
8.600000000000000000e+01 1.476969432436885698e-05
8.700000000000000000e+01 1.434987766616715911e-05
8.800000000000000000e+01 1.376638373256454141e-05
8.900000000000000000e+01 1.364885669862075078e-05
9.000000000000000000e+01 1.335856023348064244e-05
9.100000000000000000e+01 1.357982399010866329e-05
9.200000000000000000e+01 1.268612703416995885e-05
9.300000000000000000e+01 1.238418089483591849e-05
9.400000000000000000e+01 1.221768739349755927e-05
9.500000000000000000e+01 1.246661047082624450e-05
9.600000000000000000e+01 1.176522498917975430e-05
9.700000000000000000e+01 1.138447311690284935e-05
9.800000000000000000e+01 1.127089956967704654e-05
9.900000000000000000e+01 1.120211194075746046e-05
1.000000000000000000e+02 1.094689907192703508e-05
1.010000000000000000e+02 1.087928546513372137e-05
1.020000000000000000e+02 1.059862548395702510e-05
1.030000000000000000e+02 1.016324652904996231e-05
1.040000000000000000e+02 9.909395841744270058e-06
1.050000000000000000e+02 9.811443499820160955e-06
1.060000000000000000e+02 9.846708805069763075e-06
1.070000000000000000e+02 9.580039118692749699e-06
1.080000000000000000e+02 9.289024390353118807e-06
1.090000000000000000e+02 9.318590210939791399e-06
1.100000000000000000e+02 8.920044672922998661e-06
1.110000000000000000e+02 8.706041566058381282e-06
1.120000000000000000e+02 8.750031766151877569e-06
1.130000000000000000e+02 8.771223220795623906e-06
1.140000000000000000e+02 8.206132869921556382e-06
1.150000000000000000e+02 8.126546841888882320e-06
1.160000000000000000e+02 8.032161949236177220e-06
1.170000000000000000e+02 7.834566413778730275e-06
1.180000000000000000e+02 7.875452373095407409e-06
1.190000000000000000e+02 7.607404349932498360e-06
1.200000000000000000e+02 7.421121267805337055e-06
1.210000000000000000e+02 7.337141250873578056e-06
1.220000000000000000e+02 7.070703903171102550e-06
1.230000000000000000e+02 7.068969405105487235e-06
1.240000000000000000e+02 7.008752153420211455e-06
1.250000000000000000e+02 6.979298228760864456e-06
1.260000000000000000e+02 6.666227624889233883e-06
1.270000000000000000e+02 6.565062321296767364e-06
1.280000000000000000e+02 6.390576603361209788e-06
1.290000000000000000e+02 6.353853816529008949e-06
1.300000000000000000e+02 6.196704893884046767e-06
1.310000000000000000e+02 6.115934250126482888e-06
1.320000000000000000e+02 5.932279923155352677e-06
1.330000000000000000e+02 6.009699041018337042e-06
1.340000000000000000e+02 6.058362292537748499e-06
1.350000000000000000e+02 5.792338761081886808e-06
1.360000000000000000e+02 5.603238319458210701e-06
1.370000000000000000e+02 5.710429937847856327e-06
1.380000000000000000e+02 5.427000816094189514e-06
1.390000000000000000e+02 5.359605743020217489e-06
1.400000000000000000e+02 5.237875463514781628e-06
1.410000000000000000e+02 5.145264177218828912e-06
1.420000000000000000e+02 5.022403256114381139e-06
1.430000000000000000e+02 4.966426991977120029e-06
1.440000000000000000e+02 4.920083054466455389e-06
1.450000000000000000e+02 4.801487007315815902e-06
1.460000000000000000e+02 4.777473306722611370e-06
1.470000000000000000e+02 4.704780950047817522e-06
1.480000000000000000e+02 4.603906663867311136e-06
1.490000000000000000e+02 4.617666636806689141e-06
1.500000000000000000e+02 4.462680842144383780e-06
1.510000000000000000e+02 4.487530947176732098e-06
1.520000000000000000e+02 4.272386656345773080e-06
1.530000000000000000e+02 4.199812265545448483e-06
1.540000000000000000e+02 4.219064212286891079e-06
1.550000000000000000e+02 4.101741703787708690e-06
1.560000000000000000e+02 4.024576364951854753e-06
1.570000000000000000e+02 3.948218094703793265e-06
1.580000000000000000e+02 3.913386856962798054e-06
1.590000000000000000e+02 3.899709046628119934e-06
1.600000000000000000e+02 3.800678341816801899e-06
1.610000000000000000e+02 3.823143729547780861e-06
1.620000000000000000e+02 3.623342868570821611e-06
1.630000000000000000e+02 3.589840187984697513e-06
1.640000000000000000e+02 3.604437504799835689e-06
1.650000000000000000e+02 3.467188195958749476e-06
1.660000000000000000e+02 3.420211941325883537e-06
1.670000000000000000e+02 3.434536226361013294e-06
1.680000000000000000e+02 3.363891905703445467e-06
1.690000000000000000e+02 3.321831763589854081e-06
1.700000000000000000e+02 3.208785512403768801e-06
1.710000000000000000e+02 3.169372672519562878e-06
1.720000000000000000e+02 3.107050449168089460e-06
1.730000000000000000e+02 3.076845965008081224e-06
1.740000000000000000e+02 3.000430570256836309e-06
1.750000000000000000e+02 2.980267651793612849e-06
1.760000000000000000e+02 2.959846879030841666e-06
1.770000000000000000e+02 2.939402949508676081e-06
1.780000000000000000e+02 2.826780884751179194e-06
1.790000000000000000e+02 2.848324449474371031e-06
1.800000000000000000e+02 2.759141956476667497e-06
1.810000000000000000e+02 2.769272421877191676e-06
1.820000000000000000e+02 2.700737786171768426e-06
1.830000000000000000e+02 2.657655616414232485e-06
1.840000000000000000e+02 2.621312043050195554e-06
1.850000000000000000e+02 2.532758582754146064e-06
1.860000000000000000e+02 2.518114573201484898e-06
1.870000000000000000e+02 2.469139802015746305e-06
1.880000000000000000e+02 2.422882284229911663e-06
1.890000000000000000e+02 2.410124838875563675e-06
1.900000000000000000e+02 2.367843798970543763e-06
1.910000000000000000e+02 2.322096299353868332e-06
1.920000000000000000e+02 2.336591889756057278e-06
1.930000000000000000e+02 2.273174217236028341e-06
1.940000000000000000e+02 2.216539777303295876e-06
1.950000000000000000e+02 2.324282491548280656e-06
1.960000000000000000e+02 2.236847049038804496e-06
1.970000000000000000e+02 2.161003751405189105e-06
1.980000000000000000e+02 2.131710248880393096e-06
1.990000000000000000e+02 2.066028407261112752e-06
2.000000000000000000e+02 2.086866365978886484e-06
2.010000000000000000e+02 2.032995247410138088e-06
2.020000000000000000e+02 2.013837890226847819e-06
2.030000000000000000e+02 1.949147480883637447e-06
2.040000000000000000e+02 1.930194702628161550e-06
2.050000000000000000e+02 1.911805343916006905e-06
2.060000000000000000e+02 1.895721239941525381e-06
2.070000000000000000e+02 1.853366327886978858e-06
2.080000000000000000e+02 1.840081626983670392e-06
2.090000000000000000e+02 1.796577939215572214e-06
2.100000000000000000e+02 1.811960686012975785e-06
2.110000000000000000e+02 1.761649097959048934e-06
2.120000000000000000e+02 1.737500870674968865e-06
2.130000000000000000e+02 1.787153256775070793e-06
2.140000000000000000e+02 1.714541240807737763e-06
2.150000000000000000e+02 1.704565213670852499e-06
2.160000000000000000e+02 1.684650777067557231e-06
2.170000000000000000e+02 1.648067209875958382e-06
2.180000000000000000e+02 1.622646876311464746e-06
2.190000000000000000e+02 1.603912758420395494e-06
2.200000000000000000e+02 1.573625140573029848e-06
2.210000000000000000e+02 1.543210298098258980e-06
2.220000000000000000e+02 1.538013522554168192e-06
2.230000000000000000e+02 1.505073630588102442e-06
2.240000000000000000e+02 1.477008740059117339e-06
2.250000000000000000e+02 1.472809927525702969e-06
2.260000000000000000e+02 1.469125388784422627e-06
2.270000000000000000e+02 1.433494196268602440e-06
2.280000000000000000e+02 1.431849442969907981e-06
2.290000000000000000e+02 1.405561526473669636e-06
2.300000000000000000e+02 1.437423655070175555e-06
2.310000000000000000e+02 1.391711632145651977e-06
2.320000000000000000e+02 1.358168125604185074e-06
2.330000000000000000e+02 1.330849227255114661e-06
2.340000000000000000e+02 1.355609989385830827e-06
2.350000000000000000e+02 1.299711469260794686e-06
2.360000000000000000e+02 1.299901200583153542e-06
2.370000000000000000e+02 1.270646479410968632e-06
2.380000000000000000e+02 1.271651825793851015e-06
2.390000000000000000e+02 1.251714463718537698e-06
2.400000000000000000e+02 1.231227467830215073e-06
2.410000000000000000e+02 1.212751490427702784e-06
2.420000000000000000e+02 1.192918703822060958e-06
2.430000000000000000e+02 1.186915486450206350e-06
2.440000000000000000e+02 1.181073001198346325e-06
2.450000000000000000e+02 1.152578302982270277e-06
2.460000000000000000e+02 1.133714532369616413e-06
2.470000000000000000e+02 1.158126944644327468e-06
2.480000000000000000e+02 1.187016326160221322e-06
2.490000000000000000e+02 1.128284798797046757e-06
2.500000000000000000e+02 1.092743923801254542e-06
2.510000000000000000e+02 1.095418991152071945e-06
2.520000000000000000e+02 1.087112488516668628e-06
2.530000000000000000e+02 1.053388947027494031e-06
2.540000000000000000e+02 1.045942737231384132e-06
2.550000000000000000e+02 1.045972979192895179e-06
2.560000000000000000e+02 1.034814898969829715e-06
2.570000000000000000e+02 1.039084627762405422e-06
2.580000000000000000e+02 1.009282864386586163e-06
2.590000000000000000e+02 1.013041557076991649e-06
2.600000000000000000e+02 9.958871003520561897e-07
2.610000000000000000e+02 9.889459310478235146e-07
2.620000000000000000e+02 9.892138340246444100e-07
2.630000000000000000e+02 9.753252576428271070e-07
2.640000000000000000e+02 9.603786923402469353e-07
2.650000000000000000e+02 9.409404421869069475e-07
2.660000000000000000e+02 9.379236012338591364e-07
2.670000000000000000e+02 9.286945138502968819e-07
2.680000000000000000e+02 9.142002954518915266e-07
2.690000000000000000e+02 9.305431108584966103e-07
2.700000000000000000e+02 8.923185041711093493e-07
2.710000000000000000e+02 8.808234958278555863e-07
2.720000000000000000e+02 9.138143375598551724e-07
2.730000000000000000e+02 8.906565452109321909e-07
2.740000000000000000e+02 8.621775157887844440e-07
2.750000000000000000e+02 8.602664259089756347e-07
2.760000000000000000e+02 8.553666182780105363e-07
2.770000000000000000e+02 8.469343473934674176e-07
2.780000000000000000e+02 8.368336896054069501e-07
2.790000000000000000e+02 8.351590936714162439e-07
2.800000000000000000e+02 8.305438296704711436e-07
2.810000000000000000e+02 8.156667380184099666e-07
2.820000000000000000e+02 8.031653079795148635e-07
2.830000000000000000e+02 8.298833189940978079e-07
2.840000000000000000e+02 8.046764359072651043e-07
2.850000000000000000e+02 7.926144582586012498e-07
2.860000000000000000e+02 7.848426070156470934e-07
2.870000000000000000e+02 7.766691542786690030e-07
2.880000000000000000e+02 7.664977258505892092e-07
2.890000000000000000e+02 7.555480368582082584e-07
2.900000000000000000e+02 7.782579600310060582e-07
2.910000000000000000e+02 7.538227849846530871e-07
2.920000000000000000e+02 7.695320718133498130e-07
2.930000000000000000e+02 7.549396559944570481e-07
2.940000000000000000e+02 7.345394288338887972e-07
2.950000000000000000e+02 7.472203464552444496e-07
2.960000000000000000e+02 7.252095826164367896e-07
2.970000000000000000e+02 7.271485969891274743e-07
2.980000000000000000e+02 7.130471797163622662e-07
2.990000000000000000e+02 7.191886947317274081e-07
3.000000000000000000e+02 7.129073322134331443e-07
3.010000000000000000e+02 7.419814497849057204e-07
3.020000000000000000e+02 7.009444347863129330e-07
3.030000000000000000e+02 6.901493219909661271e-07
3.040000000000000000e+02 6.851797569934501758e-07
3.050000000000000000e+02 6.910501712740199451e-07
3.060000000000000000e+02 6.756706353021321410e-07
3.070000000000000000e+02 6.723424531558100712e-07
3.080000000000000000e+02 6.858511644834346886e-07
3.090000000000000000e+02 6.734234669373336250e-07
3.100000000000000000e+02 6.724116675283878173e-07
3.110000000000000000e+02 6.568473735561438422e-07
3.120000000000000000e+02 6.732851424093435700e-07
3.130000000000000000e+02 6.526317843188158967e-07
3.140000000000000000e+02 6.560326396839213706e-07
3.150000000000000000e+02 6.536652307700850441e-07
3.160000000000000000e+02 6.528706330818446798e-07
3.170000000000000000e+02 6.407917358122255608e-07
3.180000000000000000e+02 6.316295370811894976e-07
3.190000000000000000e+02 6.266909493005309526e-07
3.200000000000000000e+02 6.257449704517424367e-07
3.210000000000000000e+02 6.230202483367347479e-07
3.220000000000000000e+02 6.400104647991398654e-07
3.230000000000000000e+02 6.191577461657754349e-07
3.240000000000000000e+02 6.143388265692649137e-07
3.250000000000000000e+02 6.118982894430864888e-07
3.260000000000000000e+02 6.028632572938932175e-07
3.270000000000000000e+02 6.076543659678371800e-07
3.280000000000000000e+02 6.030372712658172351e-07
3.290000000000000000e+02 5.981165081116784323e-07
3.300000000000000000e+02 5.968358899682501442e-07
3.310000000000000000e+02 5.921802162253813213e-07
3.320000000000000000e+02 6.046138375424032730e-07
3.330000000000000000e+02 5.854476613593742984e-07
3.340000000000000000e+02 5.857385017693057808e-07
3.350000000000000000e+02 5.855787377201929440e-07
3.360000000000000000e+02 5.899868958766561947e-07
3.370000000000000000e+02 5.796279377997241888e-07
3.380000000000000000e+02 5.786830917922929470e-07
3.390000000000000000e+02 5.737594648000731612e-07
3.400000000000000000e+02 5.822794310577177224e-07
3.410000000000000000e+02 5.667879545736127745e-07
3.420000000000000000e+02 5.707915299893708838e-07
3.430000000000000000e+02 5.870327873079824316e-07
3.440000000000000000e+02 5.615263184422525352e-07
3.450000000000000000e+02 5.646170900472659356e-07
3.460000000000000000e+02 5.661994532539543498e-07
3.470000000000000000e+02 5.599784271799605410e-07
3.480000000000000000e+02 5.653174946577249458e-07
3.490000000000000000e+02 5.519814537355824962e-07
3.500000000000000000e+02 5.537636443097753414e-07
3.510000000000000000e+02 5.548933457836927485e-07
3.520000000000000000e+02 5.485010626438155115e-07
3.530000000000000000e+02 5.595542194809915329e-07
3.540000000000000000e+02 5.571228355203603600e-07
3.550000000000000000e+02 5.408920555917241522e-07
3.560000000000000000e+02 5.384825443694073790e-07
3.570000000000000000e+02 5.393636439598804074e-07
3.580000000000000000e+02 5.361305444456496416e-07
3.590000000000000000e+02 5.319009249872785300e-07
3.600000000000000000e+02 5.554785009314029941e-07
3.610000000000000000e+02 5.395964542260667829e-07
3.620000000000000000e+02 5.359488364718586997e-07
3.630000000000000000e+02 5.274182951491314824e-07
3.640000000000000000e+02 5.448484838083892541e-07
3.650000000000000000e+02 5.265396631735154904e-07
3.660000000000000000e+02 5.249548849050152980e-07
3.670000000000000000e+02 5.261548034972418927e-07
3.680000000000000000e+02 5.404770451047968294e-07
3.690000000000000000e+02 5.324133677221109124e-07
3.700000000000000000e+02 5.186558258894218205e-07
3.710000000000000000e+02 5.204538009067532686e-07
3.720000000000000000e+02 5.448472767901539738e-07
3.730000000000000000e+02 5.183297144203911120e-07
3.740000000000000000e+02 5.152532903226323429e-07
3.750000000000000000e+02 5.099573259156554068e-07
3.760000000000000000e+02 5.134156481406535697e-07
3.770000000000000000e+02 5.116510060332802971e-07
3.780000000000000000e+02 5.072955154745985221e-07
3.790000000000000000e+02 5.143317169578083974e-07
3.800000000000000000e+02 5.119272837516569278e-07
3.810000000000000000e+02 5.110720303978631693e-07
3.820000000000000000e+02 5.083820479820676453e-07
3.830000000000000000e+02 5.057406422644455130e-07
3.840000000000000000e+02 5.172956260625041711e-07
3.850000000000000000e+02 5.018596715499589510e-07
3.860000000000000000e+02 5.100200997034915134e-07
3.870000000000000000e+02 5.291619823573386346e-07
3.880000000000000000e+02 5.033753245554568669e-07
3.890000000000000000e+02 5.003914039832869351e-07
3.900000000000000000e+02 4.963788625389597617e-07
3.910000000000000000e+02 5.001819028077212882e-07
3.920000000000000000e+02 5.096234428072208887e-07
3.930000000000000000e+02 5.002204297628901597e-07
3.940000000000000000e+02 5.009793986364282271e-07
3.950000000000000000e+02 4.985503859873044565e-07
3.960000000000000000e+02 4.896537114247632621e-07
3.970000000000000000e+02 4.941338002011772719e-07
3.980000000000000000e+02 4.925166596164094035e-07
3.990000000000000000e+02 5.060501911390431712e-07
4.000000000000000000e+02 5.006941070366757203e-07
4.010000000000000000e+02 5.021824532449215010e-07
4.020000000000000000e+02 5.025275927765574642e-07
