0.000000000000000000e+00 7.267000946708560005e-02
1.000000000000000000e+00 3.961641612822857685e-03
2.000000000000000000e+00 2.251328533091521804e-03
3.000000000000000000e+00 2.172181157642020556e-03
4.000000000000000000e+00 2.151391580366982664e-03
5.000000000000000000e+00 2.143323194276674538e-03
6.000000000000000000e+00 2.134840669619597880e-03
7.000000000000000000e+00 2.128770300493317610e-03
8.000000000000000000e+00 2.119500302456507179e-03
9.000000000000000000e+00 2.110930061004795411e-03
1.000000000000000000e+01 2.099359306447639260e-03
1.100000000000000000e+01 2.089804927214311634e-03
1.200000000000000000e+01 2.079820727657602161e-03
1.300000000000000000e+01 2.070747143491430495e-03
1.400000000000000000e+01 2.060626537880908948e-03
1.500000000000000000e+01 2.054386139076945332e-03
1.600000000000000000e+01 2.045926496305224343e-03
1.700000000000000000e+01 2.038962151359676594e-03
1.800000000000000000e+01 2.028551804148835160e-03
1.900000000000000000e+01 2.011567158913065128e-03
2.000000000000000000e+01 1.998935779446503729e-03
2.100000000000000000e+01 1.993036097694727421e-03
2.200000000000000000e+01 1.975777885080723297e-03
2.300000000000000000e+01 1.966589929229729979e-03
2.400000000000000000e+01 1.957695208795628972e-03
2.500000000000000000e+01 1.950054198434744875e-03
2.600000000000000000e+01 1.935666225238382582e-03
2.700000000000000000e+01 1.919118201893462057e-03
2.800000000000000000e+01 1.916269507500110688e-03
2.900000000000000000e+01 1.892063966313428181e-03
3.000000000000000000e+01 1.877862143622099564e-03
3.100000000000000000e+01 1.859089552224035347e-03
3.200000000000000000e+01 1.838592885321491902e-03
3.300000000000000000e+01 1.822546332270630906e-03
3.400000000000000000e+01 1.803749248500015161e-03
3.500000000000000000e+01 1.788918739287573452e-03
3.600000000000000000e+01 1.773309353207721357e-03
3.700000000000000000e+01 1.732656911429601449e-03
3.800000000000000000e+01 1.704071541587045538e-03
3.900000000000000000e+01 1.666048754089253549e-03
4.000000000000000000e+01 1.622566118002436580e-03
4.100000000000000000e+01 1.551647204596009154e-03
4.200000000000000000e+01 1.464872963536388139e-03
4.300000000000000000e+01 1.329112161460811433e-03
4.400000000000000000e+01 1.125488559110307757e-03
4.500000000000000000e+01 8.360159817817965511e-04
4.600000000000000000e+01 5.394540528498563024e-04
4.700000000000000000e+01 3.488648525004146069e-04
4.800000000000000000e+01 2.568508686770276986e-04
4.900000000000000000e+01 2.047760300874134829e-04
5.000000000000000000e+01 1.653190611688143245e-04
5.100000000000000000e+01 1.419075686067719185e-04
5.200000000000000000e+01 1.258045229203767898e-04
5.300000000000000000e+01 1.152121292138978085e-04
5.400000000000000000e+01 1.019991274003219785e-04
5.500000000000000000e+01 9.474913510725185351e-05
5.600000000000000000e+01 8.723145417138353122e-05
5.700000000000000000e+01 8.116056800375854533e-05
5.800000000000000000e+01 7.664115823337323602e-05
5.900000000000000000e+01 7.279450738938190123e-05
6.000000000000000000e+01 6.864714893007474287e-05
6.100000000000000000e+01 6.589521956669204940e-05
6.200000000000000000e+01 6.105291641541525736e-05
6.300000000000000000e+01 5.957101796674457028e-05
6.400000000000000000e+01 5.639491300611694665e-05
6.500000000000000000e+01 5.487527495190339355e-05
6.600000000000000000e+01 5.204754755388267881e-05
6.700000000000000000e+01 5.006621862928912272e-05
6.800000000000000000e+01 4.847668463878858846e-05
6.900000000000000000e+01 4.682573276162486909e-05
7.000000000000000000e+01 4.555246503472117368e-05
7.100000000000000000e+01 4.424383406391633826e-05
7.200000000000000000e+01 4.352822969904734035e-05
7.300000000000000000e+01 4.166306556065448426e-05
7.400000000000000000e+01 4.107253035550718754e-05
7.500000000000000000e+01 3.958413903744597071e-05
7.600000000000000000e+01 3.857915996014292780e-05
7.700000000000000000e+01 3.760878303758275528e-05
7.800000000000000000e+01 3.768261572121603365e-05
7.900000000000000000e+01 3.622822446329658199e-05
8.000000000000000000e+01 3.498954645717934528e-05
8.100000000000000000e+01 3.450772481448706214e-05
8.200000000000000000e+01 3.358680123165738984e-05
8.300000000000000000e+01 3.287042094962741855e-05
8.400000000000000000e+01 3.248442082493073203e-05
8.500000000000000000e+01 3.169121307567234597e-05
8.600000000000000000e+01 3.098843038467521374e-05
8.700000000000000000e+01 3.101454917519907506e-05
8.800000000000000000e+01 2.975648379709739950e-05
8.900000000000000000e+01 2.931496709867545498e-05
9.000000000000000000e+01 2.937848286996911287e-05
9.100000000000000000e+01 2.862017813190029309e-05
9.200000000000000000e+01 2.792565562591962071e-05
9.300000000000000000e+01 2.757057434767472458e-05
9.400000000000000000e+01 2.715485692338005813e-05
9.500000000000000000e+01 2.695698678949888952e-05
9.600000000000000000e+01 2.629081978334750226e-05
9.700000000000000000e+01 2.589178918744151155e-05
9.800000000000000000e+01 2.649051487704387839e-05
9.900000000000000000e+01 2.569499544992310535e-05
1.000000000000000000e+02 2.532161262189504351e-05
1.010000000000000000e+02 2.500246433973775070e-05
1.020000000000000000e+02 2.442173779348286858e-05
1.030000000000000000e+02 2.414748558627381490e-05
1.040000000000000000e+02 2.376853819457325475e-05
1.050000000000000000e+02 2.381906730797645665e-05
1.060000000000000000e+02 2.314979160328820717e-05
1.070000000000000000e+02 2.272413723331453690e-05
1.080000000000000000e+02 2.332844248865433389e-05
1.090000000000000000e+02 2.244924654594080278e-05
1.100000000000000000e+02 2.194947211655398723e-05
1.110000000000000000e+02 2.169209234939472783e-05
1.120000000000000000e+02 2.154594531480392457e-05
1.130000000000000000e+02 2.140411787269092754e-05
1.140000000000000000e+02 2.090505046415721340e-05
1.150000000000000000e+02 2.065089560613434311e-05
1.160000000000000000e+02 2.063135240568800122e-05
1.170000000000000000e+02 2.065958993377281863e-05
1.180000000000000000e+02 2.006146826894306424e-05
1.190000000000000000e+02 2.001402891528578648e-05
1.200000000000000000e+02 1.973341134005504770e-05
1.210000000000000000e+02 1.926313633516014984e-05
1.220000000000000000e+02 1.933302623752719543e-05
1.230000000000000000e+02 1.900082828820759799e-05
1.240000000000000000e+02 1.876747070882817581e-05
1.250000000000000000e+02 1.872923106744300788e-05
1.260000000000000000e+02 1.843015446710609623e-05
1.270000000000000000e+02 1.799563746665361412e-05
1.280000000000000000e+02 1.793241489197761615e-05
1.290000000000000000e+02 1.766242537275428771e-05
1.300000000000000000e+02 1.741885284826203838e-05
1.310000000000000000e+02 1.746134194061418454e-05
1.320000000000000000e+02 1.702001732987642177e-05
1.330000000000000000e+02 1.700669605594401222e-05
1.340000000000000000e+02 1.656764851513546546e-05
1.350000000000000000e+02 1.655065468787132103e-05
1.360000000000000000e+02 1.630981009776023811e-05
1.370000000000000000e+02 1.596102494299774912e-05
1.380000000000000000e+02 1.594629714261050420e-05
1.390000000000000000e+02 1.565864447797997707e-05
1.400000000000000000e+02 1.552076895232640133e-05
1.410000000000000000e+02 1.526299570591728777e-05
1.420000000000000000e+02 1.532975612524304355e-05
1.430000000000000000e+02 1.529663895735493896e-05
1.440000000000000000e+02 1.485276057184196655e-05
1.450000000000000000e+02 1.464016642295602702e-05
1.460000000000000000e+02 1.454767229981403345e-05
1.470000000000000000e+02 1.442688375612074607e-05
1.480000000000000000e+02 1.431643865054911968e-05
1.490000000000000000e+02 1.402746623770367196e-05
1.500000000000000000e+02 1.405332502917917186e-05
1.510000000000000000e+02 1.369093210597868089e-05
1.520000000000000000e+02 1.361457924094415049e-05
1.530000000000000000e+02 1.355661756928874637e-05
1.540000000000000000e+02 1.329408134752939528e-05
1.550000000000000000e+02 1.315057338009522210e-05
1.560000000000000000e+02 1.305960147040900247e-05
1.570000000000000000e+02 1.294327967053484156e-05
1.580000000000000000e+02 1.279706939087280813e-05
1.590000000000000000e+02 1.275227427793895428e-05
1.600000000000000000e+02 1.253933295877654188e-05
1.610000000000000000e+02 1.241334280538227737e-05
1.620000000000000000e+02 1.226429338460717966e-05
1.630000000000000000e+02 1.235463929503632943e-05
1.640000000000000000e+02 1.208380442919709367e-05
1.650000000000000000e+02 1.192573344458126513e-05
1.660000000000000000e+02 1.210260897343648053e-05
1.670000000000000000e+02 1.170937893227734176e-05
1.680000000000000000e+02 1.165298134365272512e-05
1.690000000000000000e+02 1.151371936967544593e-05
1.700000000000000000e+02 1.147159843206822493e-05
1.710000000000000000e+02 1.125526144439020854e-05
1.720000000000000000e+02 1.116742152380429701e-05
1.730000000000000000e+02 1.103264388783151499e-05
1.740000000000000000e+02 1.132610128894833500e-05
1.750000000000000000e+02 1.092280780782002350e-05
1.760000000000000000e+02 1.073420769485805267e-05
1.770000000000000000e+02 1.070485091131559697e-05
1.780000000000000000e+02 1.062195809548269468e-05
1.790000000000000000e+02 1.052804498492724819e-05
1.800000000000000000e+02 1.040781635176265007e-05
1.810000000000000000e+02 1.031711475517444487e-05
1.820000000000000000e+02 1.027448451954643272e-05
1.830000000000000000e+02 1.012719302091127265e-05
1.840000000000000000e+02 1.011798222743537277e-05
1.850000000000000000e+02 9.972698079643292464e-06
1.860000000000000000e+02 1.003484634582775016e-05
1.870000000000000000e+02 9.801790965022862324e-06
1.880000000000000000e+02 9.719934815864197727e-06
1.890000000000000000e+02 9.663370406577399593e-06
1.900000000000000000e+02 9.553182010849788381e-06
1.910000000000000000e+02 9.518235876568209076e-06
1.920000000000000000e+02 9.399830051353469433e-06
1.930000000000000000e+02 9.338211692290546140e-06
1.940000000000000000e+02 9.480483428833379341e-06
1.950000000000000000e+02 9.294586787291656685e-06
1.960000000000000000e+02 9.147552050203709527e-06
1.970000000000000000e+02 9.198153097039093838e-06
1.980000000000000000e+02 9.045107609958450798e-06
1.990000000000000000e+02 8.947671465965986910e-06
2.000000000000000000e+02 8.859158427991809399e-06
2.010000000000000000e+02 8.807481018743678328e-06
2.020000000000000000e+02 8.713420784069039418e-06
2.030000000000000000e+02 8.658008521192695593e-06
2.040000000000000000e+02 8.598127001041645968e-06
2.050000000000000000e+02 8.559971156379519224e-06
2.060000000000000000e+02 8.483936489562700830e-06
2.070000000000000000e+02 8.507040519807342841e-06
2.080000000000000000e+02 8.433826335582320715e-06
2.090000000000000000e+02 8.299071114001482219e-06
2.100000000000000000e+02 8.302261055097084354e-06
2.110000000000000000e+02 8.204497085821250410e-06
2.120000000000000000e+02 8.160402924749644336e-06
2.130000000000000000e+02 8.110861530205020647e-06
2.140000000000000000e+02 8.049156326593907441e-06
2.150000000000000000e+02 8.004489811567749847e-06
2.160000000000000000e+02 7.946636392030313775e-06
2.170000000000000000e+02 7.888155429763696045e-06
2.180000000000000000e+02 7.833233448955185521e-06
2.190000000000000000e+02 7.795980029801083804e-06
2.200000000000000000e+02 7.750937551497976742e-06
2.210000000000000000e+02 7.700595877704833678e-06
2.220000000000000000e+02 7.696443857731204445e-06
2.230000000000000000e+02 7.645591223710802246e-06
2.240000000000000000e+02 7.574206096305521745e-06
2.250000000000000000e+02 7.547993984892199046e-06
2.260000000000000000e+02 7.517498239130010757e-06
2.270000000000000000e+02 7.435417486745190051e-06
2.280000000000000000e+02 7.403566875135613311e-06
2.290000000000000000e+02 7.387626731398334911e-06
2.300000000000000000e+02 7.371460144146733965e-06
2.310000000000000000e+02 7.254340209875200821e-06
2.320000000000000000e+02 7.276350836166146650e-06
2.330000000000000000e+02 7.216405004972251522e-06
2.340000000000000000e+02 7.175661735103512899e-06
2.350000000000000000e+02 7.144871581270179917e-06
2.360000000000000000e+02 7.089175451461781000e-06
2.370000000000000000e+02 7.052019734253143632e-06
2.380000000000000000e+02 7.062776943712288917e-06
2.390000000000000000e+02 6.971832445198379096e-06
2.400000000000000000e+02 6.952468361177782721e-06
2.410000000000000000e+02 6.921802753932977658e-06
2.420000000000000000e+02 6.877925462561182273e-06
2.430000000000000000e+02 6.843898130974521165e-06
2.440000000000000000e+02 6.788753241923920050e-06
2.450000000000000000e+02 6.783595488441679705e-06
2.460000000000000000e+02 6.780650957023193472e-06
2.470000000000000000e+02 6.775806990999789135e-06
2.480000000000000000e+02 6.699576854516393091e-06
2.490000000000000000e+02 6.680668110765192610e-06
2.500000000000000000e+02 6.631282490543205774e-06
2.510000000000000000e+02 6.643708506817012152e-06
2.520000000000000000e+02 6.559604288658185408e-06
2.530000000000000000e+02 6.583385566478035631e-06
2.540000000000000000e+02 6.497451135437889278e-06
2.550000000000000000e+02 6.484879065974217619e-06
2.560000000000000000e+02 6.434883605119042574e-06
2.570000000000000000e+02 6.434370229937587620e-06
2.580000000000000000e+02 6.415689004209787792e-06
2.590000000000000000e+02 6.369600221618568496e-06
2.600000000000000000e+02 6.371813081949180930e-06
2.610000000000000000e+02 6.353996688206962670e-06
2.620000000000000000e+02 6.386489045767563190e-06
2.630000000000000000e+02 6.259769660353519610e-06
2.640000000000000000e+02 6.292911629174258467e-06
2.650000000000000000e+02 6.215545659047014316e-06
2.660000000000000000e+02 6.192319395693934429e-06
2.670000000000000000e+02 6.182476313125644251e-06
2.680000000000000000e+02 6.174516171311202688e-06
2.690000000000000000e+02 6.130190956088500540e-06
2.700000000000000000e+02 6.096818540442909009e-06
2.710000000000000000e+02 6.072637922133279172e-06
2.720000000000000000e+02 6.062265608729799495e-06
2.730000000000000000e+02 6.038898740412901443e-06
2.740000000000000000e+02 6.014176101026546406e-06
2.750000000000000000e+02 5.996324610689726855e-06
2.760000000000000000e+02 6.000989203663124014e-06
2.770000000000000000e+02 5.945476482068954519e-06
2.780000000000000000e+02 5.925134540634197883e-06
2.790000000000000000e+02 5.914003152203392982e-06
2.800000000000000000e+02 5.911441979728194839e-06
2.810000000000000000e+02 5.927414979382924549e-06
2.820000000000000000e+02 5.970651002388862867e-06
2.830000000000000000e+02 5.877829708300517606e-06
2.840000000000000000e+02 5.858976623599261143e-06
2.850000000000000000e+02 5.796605758499367891e-06
2.860000000000000000e+02 5.786529212032643037e-06
2.870000000000000000e+02 5.819580323261352893e-06
2.880000000000000000e+02 5.746186597702508496e-06
2.890000000000000000e+02 5.729960001668730231e-06
2.900000000000000000e+02 5.703451709888156139e-06
2.910000000000000000e+02 5.692447829554105748e-06
2.920000000000000000e+02 5.681551730087174063e-06
2.930000000000000000e+02 5.668858338879794819e-06
2.940000000000000000e+02 5.659384964620868862e-06
2.950000000000000000e+02 5.658817422277194732e-06
2.960000000000000000e+02 5.622917089558499256e-06
2.970000000000000000e+02 5.606137535646951791e-06
2.980000000000000000e+02 5.580390602191681408e-06
2.990000000000000000e+02 5.591932193952407214e-06
3.000000000000000000e+02 5.546673058789194227e-06
3.010000000000000000e+02 5.559806037411120455e-06
3.020000000000000000e+02 5.521243337603054154e-06
3.030000000000000000e+02 5.524101428653152047e-06
3.040000000000000000e+02 5.502237322051493768e-06
3.050000000000000000e+02 5.514708058370283116e-06
3.060000000000000000e+02 5.519279605813796496e-06
3.070000000000000000e+02 5.451570903244839577e-06
3.080000000000000000e+02 5.427965367741607628e-06
3.090000000000000000e+02 5.417657354622368381e-06
3.100000000000000000e+02 5.420067862859247679e-06
3.110000000000000000e+02 5.404261936347242919e-06
3.120000000000000000e+02 5.445935111889254807e-06
