0.000000000000000000e+00 1.777293422777737834e-04
1.000000000000000000e+00 9.629117819407744428e-05
2.000000000000000000e+00 8.927664053446687429e-05
3.000000000000000000e+00 8.411710793020732771e-05
4.000000000000000000e+00 6.654460595673310599e-05
5.000000000000000000e+00 5.856777576139338652e-05
6.000000000000000000e+00 3.026955480478836131e-05
7.000000000000000000e+00 5.578336542721680432e-05
8.000000000000000000e+00 3.969013071880185257e-05
9.000000000000000000e+00 4.040376564598460035e-05
1.000000000000000000e+01 6.026877629847175998e-05
1.100000000000000000e+01 3.420972838169430524e-05
1.200000000000000000e+01 2.864775005956045350e-05
1.300000000000000000e+01 5.432450167985526142e-05
1.400000000000000000e+01 3.111095693421606350e-05
1.500000000000000000e+01 2.402542233304795307e-05
1.600000000000000000e+01 2.442277789052892573e-05
1.700000000000000000e+01 1.942118502305753647e-05
1.800000000000000000e+01 1.957718203642992512e-05
1.900000000000000000e+01 3.431549828432668838e-05
2.000000000000000000e+01 2.020846250907632274e-05
2.100000000000000000e+01 3.623998954191386677e-05
2.200000000000000000e+01 6.037575087743420190e-05
2.300000000000000000e+01 2.996622497945922696e-05
2.400000000000000000e+01 2.970122552512040792e-05
2.500000000000000000e+01 3.640873777082632518e-05
2.600000000000000000e+01 4.001828994480465857e-05
2.700000000000000000e+01 2.894496311504908385e-05
2.800000000000000000e+01 2.204805147095688402e-05
2.900000000000000000e+01 2.362900905352959715e-05
3.000000000000000000e+01 1.952517242818060033e-05
3.100000000000000000e+01 1.820953225552511692e-05
3.200000000000000000e+01 1.931333078952818434e-05
3.300000000000000000e+01 2.334890812368275271e-05
3.400000000000000000e+01 2.395429513124659474e-05
3.500000000000000000e+01 2.371364628205767724e-05
3.600000000000000000e+01 2.191516842212871413e-05
3.700000000000000000e+01 2.942046717414613556e-05
3.800000000000000000e+01 2.409593249119802296e-05
3.900000000000000000e+01 1.858945446087161219e-05
4.000000000000000000e+01 2.565927206230262433e-05
4.100000000000000000e+01 2.487071069552493946e-05
4.200000000000000000e+01 2.144679603763647425e-05
4.300000000000000000e+01 2.584517214804374553e-05
4.400000000000000000e+01 2.881687308989344640e-05
4.500000000000000000e+01 2.607784991664200674e-05
4.600000000000000000e+01 2.102312237991898534e-05
4.700000000000000000e+01 2.355836146701331083e-05
4.800000000000000000e+01 2.256909137102093842e-05
4.900000000000000000e+01 1.436908774934245766e-05
5.000000000000000000e+01 2.061539681347034574e-05
5.100000000000000000e+01 3.003893172076152704e-05
5.200000000000000000e+01 1.595644097126938855e-05
5.300000000000000000e+01 2.433473268377061300e-05
5.400000000000000000e+01 3.064511583726393679e-05
5.500000000000000000e+01 3.574521339873049401e-05
5.600000000000000000e+01 3.973380888660790967e-05
5.700000000000000000e+01 3.461739082837993762e-05
5.800000000000000000e+01 2.125131187962111119e-05
5.900000000000000000e+01 2.193323634892966318e-05
6.000000000000000000e+01 2.150176233049302913e-05
6.100000000000000000e+01 2.073155967093542537e-05
6.200000000000000000e+01 2.967412549325189938e-05
6.300000000000000000e+01 1.957711179394072839e-05
6.400000000000000000e+01 1.551215905566674931e-05
6.500000000000000000e+01 1.674186240971236325e-05
6.600000000000000000e+01 1.351391782948362669e-05
6.700000000000000000e+01 1.549367000596901578e-05
6.800000000000000000e+01 1.651984475713241522e-05
6.900000000000000000e+01 2.829545889049309189e-05
7.000000000000000000e+01 2.401455730919221088e-05
7.100000000000000000e+01 1.661159417680544147e-05
7.200000000000000000e+01 1.330123333959052060e-05
7.300000000000000000e+01 1.874059631277491566e-05
7.400000000000000000e+01 1.831507173066347237e-05
7.500000000000000000e+01 1.740473730463754497e-05
7.600000000000000000e+01 2.435709930581565676e-05
7.700000000000000000e+01 1.650626079923367059e-05
7.800000000000000000e+01 1.567680901329353160e-05
7.900000000000000000e+01 1.924272345890263788e-05
8.000000000000000000e+01 1.905931806756948333e-05
8.100000000000000000e+01 1.608780502386794074e-05
8.200000000000000000e+01 1.297253897633629985e-05
8.300000000000000000e+01 2.016156002044289705e-05
8.400000000000000000e+01 2.161951531076504113e-05
8.500000000000000000e+01 1.771201464283310811e-05
8.600000000000000000e+01 2.229875997617877513e-05
8.700000000000000000e+01 1.479843719832226141e-05
8.800000000000000000e+01 1.339482559784300918e-05
8.900000000000000000e+01 1.319944212362706507e-05
9.000000000000000000e+01 1.314013075924437755e-05
9.100000000000000000e+01 1.270545008028489013e-05
9.200000000000000000e+01 1.898526530963666511e-05
9.300000000000000000e+01 1.821854531397016494e-05
9.400000000000000000e+01 1.274108112025778091e-05
9.500000000000000000e+01 1.825755552431454265e-05
9.600000000000000000e+01 2.000744212130844607e-05
9.700000000000000000e+01 1.473329677967841272e-05
9.800000000000000000e+01 1.553437625897900824e-05
9.900000000000000000e+01 1.260744591434551924e-05
1.000000000000000000e+02 1.602669637917940402e-05
1.010000000000000000e+02 1.112322846233886377e-05
1.020000000000000000e+02 1.275124049373669782e-05
1.030000000000000000e+02 1.090783614173014972e-05
1.040000000000000000e+02 1.420161975869869672e-05
1.050000000000000000e+02 1.692077502205226964e-05
1.060000000000000000e+02 1.030008604981383473e-05
1.070000000000000000e+02 1.529201741175816736e-05
1.080000000000000000e+02 9.255433093113244088e-06
1.090000000000000000e+02 1.391680822316330559e-05
1.100000000000000000e+02 1.148811335856227882e-05
1.110000000000000000e+02 1.249886189886236292e-05
1.120000000000000000e+02 1.264152916324301039e-05
1.130000000000000000e+02 1.461093486731138255e-05
1.140000000000000000e+02 1.808911237833348191e-05
1.150000000000000000e+02 1.126787226095596467e-05
1.160000000000000000e+02 1.306092773318948411e-05
1.170000000000000000e+02 1.300442613360730758e-05
1.180000000000000000e+02 1.545607978406160265e-05
1.190000000000000000e+02 1.512085086381630311e-05
1.200000000000000000e+02 1.178654564334949703e-05
1.210000000000000000e+02 1.535813607053666160e-05
1.220000000000000000e+02 1.602681519119614759e-05
1.230000000000000000e+02 1.470872138289299989e-05
1.240000000000000000e+02 1.542753760427776214e-05
1.250000000000000000e+02 1.574547315219193203e-05
1.260000000000000000e+02 1.158664686871114549e-05
1.270000000000000000e+02 8.705095728071905107e-06
1.280000000000000000e+02 1.204337500447928526e-05
1.290000000000000000e+02 1.433498456907094261e-05
1.300000000000000000e+02 1.714832108034259689e-05
1.310000000000000000e+02 1.289997772201594838e-05
1.320000000000000000e+02 9.849616324647811675e-06
1.330000000000000000e+02 1.303414180232244859e-05
1.340000000000000000e+02 1.271880307563305498e-05
1.350000000000000000e+02 1.246170378104488057e-05
1.360000000000000000e+02 8.061339364975612836e-06
1.370000000000000000e+02 1.072813717091182057e-05
1.380000000000000000e+02 1.321336856386002302e-05
1.390000000000000000e+02 1.266916729580059545e-05
1.400000000000000000e+02 1.038834378977309422e-05
1.410000000000000000e+02 1.221049517325864531e-05
1.420000000000000000e+02 1.205061831269229931e-05
1.430000000000000000e+02 9.021251285984222348e-06
1.440000000000000000e+02 9.339296568370435389e-06
1.450000000000000000e+02 9.463442856129459165e-06
1.460000000000000000e+02 1.121684081446588246e-05
1.470000000000000000e+02 9.461889149645225986e-06
1.480000000000000000e+02 1.032780832871442334e-05
1.490000000000000000e+02 1.542281259966738703e-05
1.500000000000000000e+02 1.299357758009004720e-05
1.510000000000000000e+02 1.034024487616342004e-05
1.520000000000000000e+02 9.491271014821598420e-06
1.530000000000000000e+02 1.202586083480790377e-05
1.540000000000000000e+02 9.239987994886968763e-06
1.550000000000000000e+02 1.086927111505816553e-05
1.560000000000000000e+02 1.013314230881444099e-05
1.570000000000000000e+02 9.830508732979944341e-06
1.580000000000000000e+02 1.480544067226629095e-05
1.590000000000000000e+02 1.102177615960816086e-05
1.600000000000000000e+02 1.533437605132874761e-05
1.610000000000000000e+02 1.076882251793321471e-05
1.620000000000000000e+02 9.465911381897798137e-06
1.630000000000000000e+02 1.024633126434818005e-05
1.640000000000000000e+02 1.039375259494649674e-05
1.650000000000000000e+02 1.313704351095001715e-05
1.660000000000000000e+02 1.426555118009729252e-05
1.670000000000000000e+02 1.010281280579535021e-05
1.680000000000000000e+02 1.003965306658902543e-05
1.690000000000000000e+02 9.710775573093542574e-06
1.700000000000000000e+02 9.108412069895363330e-06
1.710000000000000000e+02 1.056661929711858524e-05
1.720000000000000000e+02 9.325977627405488644e-06
1.730000000000000000e+02 1.018398507645995657e-05
1.740000000000000000e+02 1.102965037272440080e-05
1.750000000000000000e+02 9.993960313786125218e-06
1.760000000000000000e+02 1.068148043099202009e-05
1.770000000000000000e+02 1.276285635453445501e-05
1.780000000000000000e+02 1.107784439211274870e-05
1.790000000000000000e+02 9.884300066766063786e-06
1.800000000000000000e+02 9.320699193458502647e-06
1.810000000000000000e+02 1.000831620872935793e-05
1.820000000000000000e+02 9.134776998744098935e-06
1.830000000000000000e+02 9.610699509577543451e-06
1.840000000000000000e+02 9.761899579672031637e-06
1.850000000000000000e+02 8.896204440641184948e-06
1.860000000000000000e+02 8.773836610555482717e-06
1.870000000000000000e+02 9.368350878720749505e-06
1.880000000000000000e+02 9.322105115687553685e-06
1.890000000000000000e+02 1.062797902820086400e-05
1.900000000000000000e+02 1.199110357730779146e-05
1.910000000000000000e+02 1.209330130996605155e-05
1.920000000000000000e+02 9.678572638090431803e-06
1.930000000000000000e+02 1.016472724439983894e-05
1.940000000000000000e+02 8.451305223813342080e-06
