0.000000000000000000e+00 1.492970349756059766e-03
1.000000000000000000e+00 2.032655672066183974e-04
2.000000000000000000e+00 1.696868210108752530e-04
3.000000000000000000e+00 1.298117185797244993e-04
4.000000000000000000e+00 3.419206807995786373e-05
5.000000000000000000e+00 2.021013925725234070e-06
6.000000000000000000e+00 3.973331683630789017e-07
7.000000000000000000e+00 2.348528034406788091e-07
8.000000000000000000e+00 1.415257055836047823e-07
9.000000000000000000e+00 3.615002063778983568e-07
1.000000000000000000e+01 1.609600874688489669e-07
1.100000000000000000e+01 5.332934861497165400e-08
1.200000000000000000e+01 1.038927537286138038e-07
1.300000000000000000e+01 2.414637222238073813e-07
1.400000000000000000e+01 7.376675895316170448e-07
1.500000000000000000e+01 1.943595012388607676e-07
1.600000000000000000e+01 5.310896353507541191e-08
1.700000000000000000e+01 2.422554624071180045e-08
1.800000000000000000e+01 5.528888632759721498e-08
1.900000000000000000e+01 7.307291499422046057e-08
2.000000000000000000e+01 3.919574796146535719e-07
2.100000000000000000e+01 7.499902251032919390e-08
2.200000000000000000e+01 6.000760919808413545e-08
2.300000000000000000e+01 3.472444494391246934e-08
2.400000000000000000e+01 2.948059589989375657e-08
2.500000000000000000e+01 3.768142412109251957e-08
2.600000000000000000e+01 1.690308945934007228e-07
2.700000000000000000e+01 8.341141503112498420e-07
2.800000000000000000e+01 1.680720249726760232e-07
2.900000000000000000e+01 1.289787871028218125e-06
3.000000000000000000e+01 6.402832258171819832e-07
3.100000000000000000e+01 2.893668238845200508e-07
3.200000000000000000e+01 1.656842629593389685e-07
3.300000000000000000e+01 5.948778009093170573e-08
3.400000000000000000e+01 5.355373091903660183e-08
3.500000000000000000e+01 7.229232343042080675e-07
3.600000000000000000e+01 4.820434485022004953e-07
3.700000000000000000e+01 2.166322635254075276e-07
3.800000000000000000e+01 2.812761343566766537e-08
3.900000000000000000e+01 5.203481016677339040e-08
4.000000000000000000e+01 1.707352344054747424e-06
4.100000000000000000e+01 1.797078402890849719e-07
4.200000000000000000e+01 4.399671287423662897e-08
4.300000000000000000e+01 2.960946129799656238e-08
4.400000000000000000e+01 3.205721401907825496e-08
4.500000000000000000e+01 1.142525812114466076e-07
4.600000000000000000e+01 7.054077258163480349e-08
4.700000000000000000e+01 7.078967229689895980e-07
4.800000000000000000e+01 1.793269183723965483e-07
4.900000000000000000e+01 1.100272757842286585e-07
5.000000000000000000e+01 5.794178221600107622e-06
5.100000000000000000e+01 1.208594368089982918e-06
5.200000000000000000e+01 2.318706448956895418e-07
5.300000000000000000e+01 1.083309475430026721e-07
5.400000000000000000e+01 6.628110708452727144e-08
5.500000000000000000e+01 5.593958542646629237e-08
5.600000000000000000e+01 4.689591014489826315e-08
5.700000000000000000e+01 2.452822352477156766e-08
5.800000000000000000e+01 2.138407085305145442e-08
5.900000000000000000e+01 2.071198901660957519e-08
6.000000000000000000e+01 2.510148505421798007e-08
6.100000000000000000e+01 2.966716281521772363e-08
6.200000000000000000e+01 2.109204157085333281e-08
6.300000000000000000e+01 2.299154146718048698e-08
6.400000000000000000e+01 3.745350993931572248e-08
6.500000000000000000e+01 8.012264614328980604e-08
6.600000000000000000e+01 2.901387805900215493e-07
6.700000000000000000e+01 3.430903334726648464e-07
6.800000000000000000e+01 1.511845719691826875e-07
6.900000000000000000e+01 2.817084345489970360e-08
7.000000000000000000e+01 4.127834251952631215e-07
7.100000000000000000e+01 5.243072699214555988e-06
7.200000000000000000e+01 1.365862703702827323e-06
7.300000000000000000e+01 1.105530242869948581e-07
7.400000000000000000e+01 3.968225398066021864e-08
7.500000000000000000e+01 4.747199520315122227e-08
7.600000000000000000e+01 3.230420928978758663e-08
7.700000000000000000e+01 2.775005041575914048e-08
7.800000000000000000e+01 2.669328237716885248e-08
7.900000000000000000e+01 2.621604041732154346e-08
8.000000000000000000e+01 3.409215008135368969e-08
8.100000000000000000e+01 2.560864515766691849e-08
8.200000000000000000e+01 4.422134853590005182e-08
8.300000000000000000e+01 2.721238029412701389e-08
8.400000000000000000e+01 3.448989428927652073e-08
8.500000000000000000e+01 3.602124679833868517e-08
8.600000000000000000e+01 2.647984704371692922e-08
8.700000000000000000e+01 4.184988777579733866e-08
8.800000000000000000e+01 8.959582210765717942e-08
8.900000000000000000e+01 3.355242493427836431e-08
9.000000000000000000e+01 1.350291907777829071e-07
9.100000000000000000e+01 4.943003519182048660e-07
9.200000000000000000e+01 7.937692595495993449e-07
9.300000000000000000e+01 6.056134291610561738e-08
9.400000000000000000e+01 4.512438054560866586e-08
9.500000000000000000e+01 7.510467224615552799e-08
9.600000000000000000e+01 3.613064350941386950e-08
9.700000000000000000e+01 3.168316950893127353e-08
9.800000000000000000e+01 8.107845936285044255e-08
9.900000000000000000e+01 5.045462005449276166e-08
1.000000000000000000e+02 3.934876722991168052e-08
1.010000000000000000e+02 9.812226823157507306e-07
1.020000000000000000e+02 6.953611461326643618e-06
1.030000000000000000e+02 5.249112158938336022e-06
1.040000000000000000e+02 2.881342265904234196e-07
1.050000000000000000e+02 7.366241604155547779e-08
1.060000000000000000e+02 4.026314363408722041e-08
1.070000000000000000e+02 4.846078501647755750e-08
1.080000000000000000e+02 2.639864463862510892e-08
1.090000000000000000e+02 2.574894663897768419e-08
1.100000000000000000e+02 1.684354076363109955e-08
1.110000000000000000e+02 1.471295137714639945e-08
1.120000000000000000e+02 1.464288947569309786e-08
1.130000000000000000e+02 1.228285705015600441e-08
1.140000000000000000e+02 1.530948052882434023e-08
1.150000000000000000e+02 1.362511218502110967e-08
1.160000000000000000e+02 1.096770029301339739e-08
1.170000000000000000e+02 1.998015927915444677e-08
1.180000000000000000e+02 1.725230285588933007e-08
1.190000000000000000e+02 3.035518095636731221e-08
1.200000000000000000e+02 4.569448740833531236e-08
1.210000000000000000e+02 2.538690179000911015e-08
1.220000000000000000e+02 1.563840415527465921e-08
1.230000000000000000e+02 1.671227890991211745e-08
1.240000000000000000e+02 1.816871240262363467e-08
1.250000000000000000e+02 1.209031034476909996e-08
1.260000000000000000e+02 4.556327201051329662e-08
1.270000000000000000e+02 1.107149897570430310e-08
1.280000000000000000e+02 2.010624772519489184e-08
1.290000000000000000e+02 1.819062991272245808e-08
1.300000000000000000e+02 6.270759251781917660e-08
1.310000000000000000e+02 1.361373184948553674e-08
1.320000000000000000e+02 6.529936208326010694e-07
1.330000000000000000e+02 4.290822925501885345e-07
1.340000000000000000e+02 1.956212705225019766e-08
1.350000000000000000e+02 6.693292510207976581e-08
1.360000000000000000e+02 5.859938270867160110e-08
1.370000000000000000e+02 2.965379573674319880e-08
1.380000000000000000e+02 3.207942805905466364e-08
1.390000000000000000e+02 3.493864826664582589e-08
1.400000000000000000e+02 4.278854325725036812e-08
1.410000000000000000e+02 3.321024446699719203e-07
1.420000000000000000e+02 8.988360405392360523e-07
1.430000000000000000e+02 1.698131934634002891e-07
1.440000000000000000e+02 2.353971462586091118e-08
1.450000000000000000e+02 5.376242721047156966e-08
1.460000000000000000e+02 4.350243613623807101e-08
1.470000000000000000e+02 4.652993256850152685e-08
1.480000000000000000e+02 2.620873852743024315e-08
1.490000000000000000e+02 7.025005433256750974e-08
1.500000000000000000e+02 7.774073346844572433e-07
1.510000000000000000e+02 1.354672276389272564e-07
1.520000000000000000e+02 6.443458947499399998e-08
1.530000000000000000e+02 3.200655889126534663e-08
1.540000000000000000e+02 1.810756648151035424e-08
1.550000000000000000e+02 1.842749344579295689e-07
1.560000000000000000e+02 3.267290709660114065e-08
1.570000000000000000e+02 1.514902187523800183e-08
1.580000000000000000e+02 4.181461343246046651e-08
1.590000000000000000e+02 1.738702043080663131e-07
1.600000000000000000e+02 1.220027619069354393e-05
1.610000000000000000e+02 2.030846451219890330e-06
1.620000000000000000e+02 3.454983994675296614e-07
1.630000000000000000e+02 7.929512307222933746e-08
1.640000000000000000e+02 3.390967258899709704e-08
1.650000000000000000e+02 3.149071199928457618e-08
1.660000000000000000e+02 2.566747105835780603e-08
1.670000000000000000e+02 2.010443512717122276e-08
1.680000000000000000e+02 1.761925322579697914e-08
1.690000000000000000e+02 1.662822962010437545e-08
1.700000000000000000e+02 1.661381753762545048e-08
1.710000000000000000e+02 1.292756856022022738e-08
1.720000000000000000e+02 1.207361942995020876e-08
1.730000000000000000e+02 1.134954775237481534e-08
1.740000000000000000e+02 1.284478380258192759e-08
1.750000000000000000e+02 1.467089447045000388e-08
1.760000000000000000e+02 1.833197685853706810e-08
1.770000000000000000e+02 1.249914589700583463e-08
1.780000000000000000e+02 9.265697364044251648e-09
1.790000000000000000e+02 1.057335107791864602e-08
1.800000000000000000e+02 1.061907535874565226e-08
1.810000000000000000e+02 1.409679313747441245e-08
1.820000000000000000e+02 1.132545059714835129e-08
1.830000000000000000e+02 1.072425862960032767e-08
1.840000000000000000e+02 1.076902241283125962e-08
1.850000000000000000e+02 9.994823190225920778e-09
1.860000000000000000e+02 2.186611456063986342e-08
1.870000000000000000e+02 1.163119110935081171e-08
1.880000000000000000e+02 1.303419830858511216e-08
1.890000000000000000e+02 1.077489575196749331e-08
1.900000000000000000e+02 1.214307377537624133e-08
1.910000000000000000e+02 8.962844592237878431e-09
1.920000000000000000e+02 9.328493929076610676e-09
1.930000000000000000e+02 1.590170047459303949e-08
1.940000000000000000e+02 1.630540391172103758e-08
1.950000000000000000e+02 9.761393428436017887e-09
1.960000000000000000e+02 1.165716883534604032e-08
1.970000000000000000e+02 1.426284481047961923e-08
1.980000000000000000e+02 1.510860484180768967e-08
1.990000000000000000e+02 1.859175448775559097e-08
2.000000000000000000e+02 3.039574652445050262e-08
2.010000000000000000e+02 3.419680622643269497e-08
2.020000000000000000e+02 5.416680138971578004e-08
2.030000000000000000e+02 6.461320183433287819e-08
2.040000000000000000e+02 7.908361357095922844e-08
2.050000000000000000e+02 3.028178264221506955e-08
2.060000000000000000e+02 1.015860428005346905e-08
2.070000000000000000e+02 5.218885250653458056e-08
2.080000000000000000e+02 1.470306386485221138e-06
2.090000000000000000e+02 4.826978047529128986e-06
2.100000000000000000e+02 5.402314362155728847e-07
2.110000000000000000e+02 3.768234276441419667e-08
2.120000000000000000e+02 1.844404637445884759e-08
2.130000000000000000e+02 1.515312696158975994e-08
2.140000000000000000e+02 1.474390710758753391e-08
2.150000000000000000e+02 1.339904577887957371e-08
2.160000000000000000e+02 1.348626801788196420e-08
2.170000000000000000e+02 1.365789966116544526e-08
2.180000000000000000e+02 1.455654538778024768e-08
2.190000000000000000e+02 1.455655681166184730e-08
2.200000000000000000e+02 1.274264937591398396e-08
2.210000000000000000e+02 1.393849564220220854e-08
2.220000000000000000e+02 1.628345129087571234e-08
2.230000000000000000e+02 1.192077555838721115e-08
2.240000000000000000e+02 1.730938068139296282e-08
2.250000000000000000e+02 1.234059993620996463e-08
2.260000000000000000e+02 1.319888943256050807e-08
2.270000000000000000e+02 1.990168782620853434e-08
2.280000000000000000e+02 1.126005671991412290e-08
2.290000000000000000e+02 1.453731462614518808e-08
2.300000000000000000e+02 1.374414577320424573e-08
2.310000000000000000e+02 1.364217256628600695e-08
2.320000000000000000e+02 1.192787627463386755e-08
2.330000000000000000e+02 1.241362799407894031e-08
2.340000000000000000e+02 1.684479385539938266e-08
2.350000000000000000e+02 1.420785344360357545e-08
2.360000000000000000e+02 1.850509865548629703e-08
2.370000000000000000e+02 2.930424401702789068e-08
2.380000000000000000e+02 1.508360822679749081e-08
2.390000000000000000e+02 2.149320567039502755e-08
2.400000000000000000e+02 1.622536091294190468e-08
2.410000000000000000e+02 1.341868461231919057e-08
2.420000000000000000e+02 2.414741933755077786e-08
2.430000000000000000e+02 2.752942852554603440e-08
2.440000000000000000e+02 3.395555889355413532e-08
2.450000000000000000e+02 2.494486131029626763e-08
2.460000000000000000e+02 1.641736525727351377e-08
2.470000000000000000e+02 1.153480231460116741e-08
2.480000000000000000e+02 4.509243694278427575e-08
2.490000000000000000e+02 6.441353319612371291e-08
2.500000000000000000e+02 9.856266190425461040e-08
2.510000000000000000e+02 4.509913220661279763e-08
2.520000000000000000e+02 2.996097986857727262e-08
2.530000000000000000e+02 5.179430817965624995e-08
2.540000000000000000e+02 1.435765629696235908e-07
2.550000000000000000e+02 1.387564673877576826e-07
2.560000000000000000e+02 1.076554866440993739e-07
2.570000000000000000e+02 1.881062177409073192e-08
2.580000000000000000e+02 1.426965804755794024e-08
2.590000000000000000e+02 2.707713027433666033e-08
2.600000000000000000e+02 2.122114580724098562e-08
2.610000000000000000e+02 1.234386392360720381e-07
2.620000000000000000e+02 6.093570142877802837e-08
2.630000000000000000e+02 7.044322726512686496e-08
2.640000000000000000e+02 1.689807682785011723e-08
2.650000000000000000e+02 1.609182458565100688e-08
2.660000000000000000e+02 8.576575086633632012e-08
2.670000000000000000e+02 1.894379594321470467e-08
2.680000000000000000e+02 3.087476461059187628e-07
2.690000000000000000e+02 4.169151768165608588e-07
2.700000000000000000e+02 2.521044060024148074e-08
2.710000000000000000e+02 1.206839226355481951e-08
2.720000000000000000e+02 2.378612824606582716e-08
2.730000000000000000e+02 7.747607852546061124e-08
2.740000000000000000e+02 3.747040338521861025e-08
2.750000000000000000e+02 3.393511658374446489e-08
2.760000000000000000e+02 1.969524056892130165e-08
2.770000000000000000e+02 2.099904569209766036e-08
2.780000000000000000e+02 6.980846274641520759e-08
2.790000000000000000e+02 4.225820224309859332e-08
2.800000000000000000e+02 2.587814491745954939e-08
2.810000000000000000e+02 5.720806116337251341e-08
2.820000000000000000e+02 1.579657156950780142e-08
2.830000000000000000e+02 1.142417443841020414e-08
2.840000000000000000e+02 1.611548479457175766e-08
2.850000000000000000e+02 2.518680464437491433e-08
2.860000000000000000e+02 3.183156127681067068e-08
2.870000000000000000e+02 1.058589696008092328e-07
2.880000000000000000e+02 1.683357937316329365e-07
2.890000000000000000e+02 1.953372679618588907e-07
2.900000000000000000e+02 8.529328126316249097e-08
2.910000000000000000e+02 5.454863290254641073e-08
2.920000000000000000e+02 2.052750376205300427e-08
