0.000000000000000000e+00 2.200993038980661627e-03
1.000000000000000000e+00 7.095169438029755662e-05
2.000000000000000000e+00 6.939974122434399220e-05
3.000000000000000000e+00 6.571551317794499341e-05
4.000000000000000000e+00 5.379835683282870219e-05
5.000000000000000000e+00 1.840609681846832192e-05
6.000000000000000000e+00 3.898440464674939625e-06
7.000000000000000000e+00 2.714123441152733377e-06
8.000000000000000000e+00 1.902344090480222404e-06
9.000000000000000000e+00 1.099849806415826979e-06
1.000000000000000000e+01 6.839276796434072409e-07
1.100000000000000000e+01 5.599654491237886368e-07
1.200000000000000000e+01 4.450600230843139974e-07
1.300000000000000000e+01 3.974181073246176312e-07
1.400000000000000000e+01 3.619055663222326137e-07
1.500000000000000000e+01 3.415067421613242333e-07
1.600000000000000000e+01 3.273475568265143201e-07
1.700000000000000000e+01 3.122577973429029393e-07
1.800000000000000000e+01 2.947750222900308487e-07
1.900000000000000000e+01 2.775172063911390517e-07
2.000000000000000000e+01 2.662142276592888690e-07
2.100000000000000000e+01 2.647605355203145831e-07
2.200000000000000000e+01 2.490536342254174078e-07
2.300000000000000000e+01 2.361151676350379554e-07
2.400000000000000000e+01 2.288311459262613281e-07
2.500000000000000000e+01 2.259174148353057399e-07
2.600000000000000000e+01 2.127804668302333985e-07
2.700000000000000000e+01 2.035312985639386745e-07
2.800000000000000000e+01 2.038819723352202006e-07
2.900000000000000000e+01 1.920096171064791855e-07
3.000000000000000000e+01 1.891693108524925818e-07
3.100000000000000000e+01 1.797761614957285036e-07
3.200000000000000000e+01 1.709116929961595395e-07
3.300000000000000000e+01 1.605519795731911102e-07
3.400000000000000000e+01 1.605924153862872411e-07
3.500000000000000000e+01 1.582535204697127387e-07
3.600000000000000000e+01 1.514082437071694207e-07
3.700000000000000000e+01 1.382104081055243597e-07
3.800000000000000000e+01 1.327455778135151823e-07
3.900000000000000000e+01 1.316127057624982822e-07
4.000000000000000000e+01 1.338520512631127321e-07
4.100000000000000000e+01 1.176993157887858450e-07
4.200000000000000000e+01 1.111358219259880341e-07
4.300000000000000000e+01 1.302418268313636980e-07
4.400000000000000000e+01 1.119663289492146446e-07
4.500000000000000000e+01 9.799329832637588157e-08
4.600000000000000000e+01 1.034075053548696145e-07
4.700000000000000000e+01 9.642708283060033617e-08
4.800000000000000000e+01 8.872188017741392949e-08
4.900000000000000000e+01 8.745206379896275356e-08
5.000000000000000000e+01 8.376794687065325714e-08
5.100000000000000000e+01 8.426723320080176731e-08
5.200000000000000000e+01 7.974156031622916856e-08
5.300000000000000000e+01 8.190511187684698186e-08
5.400000000000000000e+01 8.372803451207289274e-08
5.500000000000000000e+01 7.820957047531625615e-08
5.600000000000000000e+01 7.333643962837139856e-08
5.700000000000000000e+01 7.330311492968750216e-08
5.800000000000000000e+01 8.771699572523221568e-08
5.900000000000000000e+01 7.708396463297803919e-08
6.000000000000000000e+01 6.246441296603047024e-08
6.100000000000000000e+01 6.350426588734914054e-08
6.200000000000000000e+01 6.738726264189570624e-08
6.300000000000000000e+01 6.660370718429727111e-08
6.400000000000000000e+01 6.091762727280015601e-08
6.500000000000000000e+01 6.206467135102066198e-08
6.600000000000000000e+01 5.304543123523076843e-08
6.700000000000000000e+01 5.333847050300613680e-08
6.800000000000000000e+01 5.707055967993753718e-08
6.900000000000000000e+01 5.053272964273685521e-08
7.000000000000000000e+01 5.315992275833267860e-08
7.100000000000000000e+01 5.208553198130089110e-08
7.200000000000000000e+01 4.949426507789617545e-08
7.300000000000000000e+01 6.301452340373946095e-08
7.400000000000000000e+01 6.358508776868971311e-08
7.500000000000000000e+01 4.448126388693884739e-08
7.600000000000000000e+01 4.937513438745836059e-08
7.700000000000000000e+01 3.980743117625666611e-08
7.800000000000000000e+01 3.979932490146766051e-08
7.900000000000000000e+01 4.735953156954838947e-08
8.000000000000000000e+01 5.261125199408269533e-08
8.100000000000000000e+01 3.660725598648142071e-08
8.200000000000000000e+01 3.720109205885783095e-08
8.300000000000000000e+01 3.912825846240458431e-08
8.400000000000000000e+01 4.995315300122462088e-08
8.500000000000000000e+01 8.541655449188498935e-08
8.600000000000000000e+01 4.721239519971585990e-08
8.700000000000000000e+01 3.574026493021778904e-08
8.800000000000000000e+01 3.910303416153996988e-08
8.900000000000000000e+01 5.458192282834431036e-08
9.000000000000000000e+01 4.881658247597079420e-08
9.100000000000000000e+01 3.517385339556603805e-08
9.200000000000000000e+01 4.392205340671504061e-08
9.300000000000000000e+01 5.805242227334856814e-08
9.400000000000000000e+01 7.632405279942807344e-08
9.500000000000000000e+01 4.986474833790424893e-08
9.600000000000000000e+01 5.240407645613895664e-08
9.700000000000000000e+01 4.715722046757363572e-08
9.800000000000000000e+01 3.231379675962087610e-08
9.900000000000000000e+01 7.101785457875696065e-08
1.000000000000000000e+02 6.562761675868195720e-07
1.010000000000000000e+02 3.215654769342856398e-07
1.020000000000000000e+02 4.819096898252906327e-08
1.030000000000000000e+02 4.491188885595744135e-08
1.040000000000000000e+02 1.297113861963982604e-07
1.050000000000000000e+02 1.503155210293868456e-07
1.060000000000000000e+02 5.022585807092023262e-08
1.070000000000000000e+02 4.882403036189830479e-08
1.080000000000000000e+02 6.623529575934406843e-08
1.090000000000000000e+02 5.966810041989038592e-08
1.100000000000000000e+02 3.669934446479438802e-08
1.110000000000000000e+02 4.260721208300001110e-08
1.120000000000000000e+02 6.598796711572446798e-08
1.130000000000000000e+02 3.403096358497919130e-08
1.140000000000000000e+02 4.138095691390298663e-08
1.150000000000000000e+02 8.818458638509885647e-08
1.160000000000000000e+02 4.795260790382625138e-08
1.170000000000000000e+02 2.941804745739705719e-07
1.180000000000000000e+02 1.089848027497861162e-07
1.190000000000000000e+02 3.542693494374332675e-08
1.200000000000000000e+02 3.260906951415344908e-08
1.210000000000000000e+02 8.411955929691861490e-08
1.220000000000000000e+02 1.001746536601342876e-07
1.230000000000000000e+02 1.310604615438035315e-07
1.240000000000000000e+02 3.441818375322030783e-07
1.250000000000000000e+02 1.049574216261958003e-06
1.260000000000000000e+02 3.834337356746433021e-07
1.270000000000000000e+02 7.646163157781948446e-08
1.280000000000000000e+02 7.081398764203581396e-08
1.290000000000000000e+02 7.196039520725708455e-08
1.300000000000000000e+02 5.079344823469215098e-08
1.310000000000000000e+02 5.988333245992762174e-08
1.320000000000000000e+02 1.397632135193576269e-07
1.330000000000000000e+02 1.034421253044152214e-07
1.340000000000000000e+02 7.276527781468374227e-08
1.350000000000000000e+02 3.337641163773407313e-08
1.360000000000000000e+02 1.035616941627294151e-07
1.370000000000000000e+02 1.013615487037849516e-07
1.380000000000000000e+02 9.286354185075043543e-08
1.390000000000000000e+02 1.047020684870484597e-07
1.400000000000000000e+02 1.189515041242181421e-07
1.410000000000000000e+02 1.094154955693410302e-07
1.420000000000000000e+02 1.442071479238203360e-06
1.430000000000000000e+02 6.196072553503645074e-07
1.440000000000000000e+02 6.161890796957725646e-07
1.450000000000000000e+02 1.937037056075823849e-07
1.460000000000000000e+02 1.138013158512625853e-07
1.470000000000000000e+02 4.076908281436332222e-08
1.480000000000000000e+02 5.756549201152677272e-08
1.490000000000000000e+02 3.459554487959124711e-08
