0.000000000000000000e+00 5.920398033687875516e-04
1.000000000000000000e+00 1.910811170308946685e-04
2.000000000000000000e+00 1.587070710937187588e-04
3.000000000000000000e+00 7.084188844465091873e-05
4.000000000000000000e+00 5.879834225727751197e-06
5.000000000000000000e+00 2.009069298207812093e-06
6.000000000000000000e+00 1.418807960595967454e-06
7.000000000000000000e+00 1.359835206892312900e-06
8.000000000000000000e+00 1.254087553687802657e-06
9.000000000000000000e+00 2.403688522319747775e-06
1.000000000000000000e+01 1.493946306315068781e-06
1.100000000000000000e+01 1.982651988092242306e-06
1.200000000000000000e+01 1.527347383034823018e-06
1.300000000000000000e+01 9.665994488097659287e-07
1.400000000000000000e+01 1.606550890502053311e-06
1.500000000000000000e+01 2.027702812019737683e-06
1.600000000000000000e+01 2.021889594286509124e-06
1.700000000000000000e+01 7.333977412941237212e-07
1.800000000000000000e+01 1.430990104250513843e-06
1.900000000000000000e+01 1.632864167127959785e-06
2.000000000000000000e+01 2.276794921747881869e-06
2.100000000000000000e+01 1.549745701029163384e-06
2.200000000000000000e+01 8.172067803132896569e-07
2.300000000000000000e+01 8.542523092962779647e-07
2.400000000000000000e+01 8.340173523975248733e-07
2.500000000000000000e+01 8.684339511618843416e-07
2.600000000000000000e+01 1.254525089217914973e-06
2.700000000000000000e+01 2.044243918797440563e-06
2.800000000000000000e+01 7.602149304370328885e-07
2.900000000000000000e+01 8.746418596691903026e-07
3.000000000000000000e+01 9.979569548509806890e-07
3.100000000000000000e+01 1.027090444796569838e-06
3.200000000000000000e+01 1.174880992954486747e-06
3.300000000000000000e+01 1.836455342636820240e-06
3.400000000000000000e+01 1.119620424837568432e-06
3.500000000000000000e+01 7.862928596102501047e-07
3.600000000000000000e+01 8.737131669751494366e-07
3.700000000000000000e+01 2.776487519461555190e-06
3.800000000000000000e+01 1.129284342828568356e-06
3.900000000000000000e+01 1.090141435679512075e-06
4.000000000000000000e+01 9.618955488976660367e-07
4.100000000000000000e+01 7.311896812055177537e-07
4.200000000000000000e+01 1.275598741089832820e-06
4.300000000000000000e+01 7.705104453498596086e-07
4.400000000000000000e+01 6.238995777884078922e-06
4.500000000000000000e+01 2.907305432875567692e-06
4.600000000000000000e+01 1.918777605769369053e-06
4.700000000000000000e+01 1.509966267266841926e-06
4.800000000000000000e+01 1.090340093783040271e-06
4.900000000000000000e+01 9.319397590544627809e-07
5.000000000000000000e+01 9.158597113235757516e-07
5.100000000000000000e+01 1.231821986224654875e-06
5.200000000000000000e+01 9.039623991835234753e-07
5.300000000000000000e+01 6.592884988825377896e-07
5.400000000000000000e+01 6.092693246280360051e-07
5.500000000000000000e+01 6.039395569030386310e-07
5.600000000000000000e+01 1.233044401585262615e-06
5.700000000000000000e+01 5.835982303486878324e-07
5.800000000000000000e+01 6.323221673540335266e-07
5.900000000000000000e+01 6.241454575196439382e-07
6.000000000000000000e+01 6.331730032880688501e-07
6.100000000000000000e+01 6.788328015371603900e-07
6.200000000000000000e+01 5.384788902801016049e-07
6.300000000000000000e+01 1.259327400087375505e-06
6.400000000000000000e+01 2.596861590628687625e-06
6.500000000000000000e+01 8.878500614866249899e-07
6.600000000000000000e+01 7.886597758151683622e-07
6.700000000000000000e+01 5.801983502958938251e-07
6.800000000000000000e+01 6.396423488197907493e-07
6.900000000000000000e+01 1.024358432097200073e-06
7.000000000000000000e+01 6.288268257412846131e-07
7.100000000000000000e+01 9.013940991793098272e-07
7.200000000000000000e+01 6.817024218704172676e-07
7.300000000000000000e+01 6.674821007473291620e-07
7.400000000000000000e+01 8.511450770628636394e-07
7.500000000000000000e+01 6.532157432257768289e-07
7.600000000000000000e+01 8.344119242569044144e-07
7.700000000000000000e+01 1.014827950780977470e-06
7.800000000000000000e+01 5.300303205375999381e-07
7.900000000000000000e+01 5.675612752241617646e-07
8.000000000000000000e+01 8.780109818470071362e-07
8.100000000000000000e+01 9.677197265556157595e-07
8.200000000000000000e+01 1.090901622925817773e-06
8.300000000000000000e+01 8.079823719015945060e-07
8.400000000000000000e+01 5.852427982138110775e-07
8.500000000000000000e+01 7.284915243552802967e-07
8.600000000000000000e+01 6.129986683452800989e-07
8.700000000000000000e+01 1.111912107848088432e-06
8.800000000000000000e+01 4.580493438783498211e-07
8.900000000000000000e+01 7.257756086705417023e-07
9.000000000000000000e+01 2.267358388963799745e-06
9.100000000000000000e+01 7.088351404701782340e-07
9.200000000000000000e+01 9.487480063365269196e-07
9.300000000000000000e+01 5.652663225077517074e-07
9.400000000000000000e+01 6.740748953348350048e-07
9.500000000000000000e+01 4.445239317814115364e-07
9.600000000000000000e+01 5.812710192123824540e-07
9.700000000000000000e+01 5.406029889451382054e-07
9.800000000000000000e+01 6.405986370689842537e-07
9.900000000000000000e+01 4.204104575399654587e-07
1.000000000000000000e+02 8.006134229745642322e-07
1.010000000000000000e+02 5.634357209628390341e-07
1.020000000000000000e+02 6.061011663569992960e-07
1.030000000000000000e+02 7.297622395742120129e-07
1.040000000000000000e+02 1.193014210763640792e-06
1.050000000000000000e+02 2.156157752515658680e-06
1.060000000000000000e+02 1.411798253323265351e-06
1.070000000000000000e+02 6.329776658502278440e-07
1.080000000000000000e+02 5.501668918882377193e-07
1.090000000000000000e+02 8.759425780759895774e-07
1.100000000000000000e+02 8.522581375231900712e-07
1.110000000000000000e+02 4.889829821006627647e-07
1.120000000000000000e+02 4.775091828230577223e-07
1.130000000000000000e+02 6.687915576603092244e-07
1.140000000000000000e+02 4.548036891943571733e-07
1.150000000000000000e+02 5.310676449258268440e-07
1.160000000000000000e+02 1.026543689493100886e-06
1.170000000000000000e+02 2.458606761494723060e-06
1.180000000000000000e+02 1.065968275085718303e-06
1.190000000000000000e+02 6.560816003181193332e-07
1.200000000000000000e+02 8.511112269024950265e-07
1.210000000000000000e+02 6.697607137214637297e-07
1.220000000000000000e+02 6.301613441482159205e-07
1.230000000000000000e+02 4.451865158025705887e-07
1.240000000000000000e+02 6.826705779122913696e-07
1.250000000000000000e+02 1.048966299908042901e-06
1.260000000000000000e+02 5.887120933328567416e-07
1.270000000000000000e+02 4.405758617396541166e-07
1.280000000000000000e+02 4.783241424789113178e-07
1.290000000000000000e+02 9.395287070297162627e-07
1.300000000000000000e+02 4.994914084510422983e-07
1.310000000000000000e+02 5.935474130198720848e-07
1.320000000000000000e+02 9.714689096063302341e-07
1.330000000000000000e+02 6.231653498685583878e-07
1.340000000000000000e+02 4.329037447244039054e-07
1.350000000000000000e+02 6.006767158218905191e-07
1.360000000000000000e+02 6.492539059454650026e-07
1.370000000000000000e+02 4.063112293623290913e-07
1.380000000000000000e+02 5.191424752498307333e-07
1.390000000000000000e+02 6.710266768947725777e-07
1.400000000000000000e+02 4.581864215992737879e-07
1.410000000000000000e+02 8.882104151070538544e-07
1.420000000000000000e+02 8.596063541191221229e-07
1.430000000000000000e+02 6.931620776596675236e-07
1.440000000000000000e+02 5.880704875182088452e-07
1.450000000000000000e+02 4.933699822379058967e-07
1.460000000000000000e+02 4.457777019567600673e-07
1.470000000000000000e+02 8.117832802458007230e-07
1.480000000000000000e+02 5.458693405206726268e-07
1.490000000000000000e+02 4.770437740625393218e-07
1.500000000000000000e+02 5.275916237384705734e-07
1.510000000000000000e+02 1.880094794052106259e-06
1.520000000000000000e+02 3.740887498351589730e-07
1.530000000000000000e+02 5.036258669306733774e-07
1.540000000000000000e+02 5.012525095582745063e-07
1.550000000000000000e+02 4.808020274659307600e-07
1.560000000000000000e+02 4.069331664379720984e-07
1.570000000000000000e+02 1.080316564104152870e-06
1.580000000000000000e+02 4.354340150966266944e-07
1.590000000000000000e+02 6.245665413654807269e-07
1.600000000000000000e+02 6.619346718317683038e-07
1.610000000000000000e+02 6.027748943342005107e-07
1.620000000000000000e+02 7.838068051889071204e-07
1.630000000000000000e+02 2.444245207534637896e-06
1.640000000000000000e+02 1.122814243763505936e-06
1.650000000000000000e+02 6.558314544736664330e-07
1.660000000000000000e+02 5.129693180773427715e-07
1.670000000000000000e+02 4.143713650074523008e-07
1.680000000000000000e+02 4.911561145129772323e-07
1.690000000000000000e+02 4.140228155975537309e-07
1.700000000000000000e+02 5.046767900744275071e-07
1.710000000000000000e+02 6.987595134466822674e-07
1.720000000000000000e+02 5.461707329850550418e-07
1.730000000000000000e+02 4.661109613956695522e-07
1.740000000000000000e+02 3.415971838129591811e-07
1.750000000000000000e+02 3.290902467023032695e-07
1.760000000000000000e+02 3.617579603330571033e-07
1.770000000000000000e+02 4.813529735445975475e-07
1.780000000000000000e+02 5.307985908875451920e-07
1.790000000000000000e+02 4.485175522546472299e-07
1.800000000000000000e+02 5.905577620750903146e-07
1.810000000000000000e+02 5.747580798252978297e-07
1.820000000000000000e+02 3.566498230704811885e-07
1.830000000000000000e+02 4.997406229069524086e-07
1.840000000000000000e+02 9.981826141005826890e-07
1.850000000000000000e+02 3.691732729765484411e-07
1.860000000000000000e+02 3.088840214228386075e-07
1.870000000000000000e+02 4.386903151256895752e-07
1.880000000000000000e+02 3.311519892464072968e-07
1.890000000000000000e+02 4.754482954414274566e-07
1.900000000000000000e+02 4.160182640454405033e-07
1.910000000000000000e+02 6.845580167813998975e-07
1.920000000000000000e+02 4.290325683763673068e-07
1.930000000000000000e+02 4.431619659331043459e-07
1.940000000000000000e+02 4.537354841694672201e-07
1.950000000000000000e+02 4.055441890711836090e-07
1.960000000000000000e+02 2.978176785104775846e-07
1.970000000000000000e+02 2.764317070526248261e-07
1.980000000000000000e+02 4.648417426957071146e-07
1.990000000000000000e+02 4.227555648078525487e-07
2.000000000000000000e+02 3.468612956251826400e-07
2.010000000000000000e+02 3.040626537814471063e-07
2.020000000000000000e+02 4.454288117483763866e-07
2.030000000000000000e+02 4.390897571695625114e-07
2.040000000000000000e+02 5.215320294333342608e-07
2.050000000000000000e+02 3.322149784099870680e-07
2.060000000000000000e+02 3.049203943788744028e-07
2.070000000000000000e+02 2.807088383166609352e-07
2.080000000000000000e+02 3.947832551433170687e-07
2.090000000000000000e+02 2.829606930842030819e-07
2.100000000000000000e+02 2.721429060517464143e-07
2.110000000000000000e+02 3.658648438532071958e-07
2.120000000000000000e+02 2.900446880656356639e-07
2.130000000000000000e+02 3.375042196602358213e-07
2.140000000000000000e+02 4.273647976298535081e-07
2.150000000000000000e+02 3.260040579972886317e-07
2.160000000000000000e+02 2.948929885070355122e-07
2.170000000000000000e+02 1.073194595954392397e-06
2.180000000000000000e+02 4.191834091701844339e-07
2.190000000000000000e+02 3.733239009333697148e-07
2.200000000000000000e+02 6.059728221439723990e-07
2.210000000000000000e+02 3.935999697304464034e-07
2.220000000000000000e+02 3.145311242952640377e-07
2.230000000000000000e+02 3.848597375720281553e-07
2.240000000000000000e+02 4.241444712751822150e-07
2.250000000000000000e+02 2.414809422570592975e-07
2.260000000000000000e+02 6.846413095661101344e-07
2.270000000000000000e+02 3.095489764345956185e-07
2.280000000000000000e+02 3.399603861892787819e-07
2.290000000000000000e+02 5.918361903510711030e-07
2.300000000000000000e+02 2.688779397440119804e-07
2.310000000000000000e+02 3.155057859264025357e-07
2.320000000000000000e+02 3.240980304044726296e-07
2.330000000000000000e+02 4.804547512116941468e-07
2.340000000000000000e+02 3.614412709340355001e-07
2.350000000000000000e+02 2.593733356343039049e-07
2.360000000000000000e+02 3.674343799231401859e-07
2.370000000000000000e+02 2.968083601156535632e-07
2.380000000000000000e+02 3.261164239596041083e-07
2.390000000000000000e+02 3.325071126199054136e-07
2.400000000000000000e+02 3.235995279854645384e-07
2.410000000000000000e+02 3.290125977603706275e-07
2.420000000000000000e+02 6.829235627657996096e-07
2.430000000000000000e+02 3.523974647025296737e-07
2.440000000000000000e+02 7.696698823217518489e-07
2.450000000000000000e+02 3.417905242593091712e-07
2.460000000000000000e+02 3.083623763599916292e-07
2.470000000000000000e+02 2.596954907890219117e-07
2.480000000000000000e+02 2.890148165829940024e-07
2.490000000000000000e+02 3.877565503549864836e-07
2.500000000000000000e+02 4.030799511844069750e-07
2.510000000000000000e+02 3.106893460537657817e-07
2.520000000000000000e+02 2.970839087051611745e-07
2.530000000000000000e+02 2.873526653941638916e-07
2.540000000000000000e+02 2.543679234696575383e-07
2.550000000000000000e+02 3.099755350420635798e-07
2.560000000000000000e+02 2.421063283531435035e-07
2.570000000000000000e+02 3.525875852857567131e-07
2.580000000000000000e+02 2.787250202168913582e-07
2.590000000000000000e+02 2.704885201000876499e-07
2.600000000000000000e+02 2.991078269542830793e-07
2.610000000000000000e+02 2.818487114653081084e-07
2.620000000000000000e+02 2.940219964322855636e-07
2.630000000000000000e+02 2.386506532004097647e-07
2.640000000000000000e+02 3.602721329036816512e-07
2.650000000000000000e+02 3.218928614506830780e-07
2.660000000000000000e+02 4.345175386196921813e-07
2.670000000000000000e+02 2.308065745174787119e-07
2.680000000000000000e+02 2.709981759441234390e-07
2.690000000000000000e+02 2.709206408623183306e-07
2.700000000000000000e+02 2.486156342327285525e-07
2.710000000000000000e+02 3.129015487841450984e-07
2.720000000000000000e+02 2.964386470968341714e-07
2.730000000000000000e+02 3.673091589908619354e-07
2.740000000000000000e+02 2.434234149979993002e-07
2.750000000000000000e+02 2.668426805640577749e-07
2.760000000000000000e+02 3.446004397497551371e-07
2.770000000000000000e+02 2.759589100269165439e-07
2.780000000000000000e+02 3.875986339574376776e-07
2.790000000000000000e+02 2.848757145616093775e-07
2.800000000000000000e+02 3.619372537503591297e-07
2.810000000000000000e+02 5.105819920907696749e-07
2.820000000000000000e+02 2.392883942192859426e-07
2.830000000000000000e+02 2.806499829014988095e-07
2.840000000000000000e+02 3.813251072331845963e-07
2.850000000000000000e+02 3.903766474206720234e-07
2.860000000000000000e+02 3.453506573111067905e-07
2.870000000000000000e+02 2.815334933376634099e-07
2.880000000000000000e+02 2.470981590022100955e-07
2.890000000000000000e+02 3.340149152507340339e-07
2.900000000000000000e+02 2.434866277759026263e-07
2.910000000000000000e+02 2.774607287938069236e-07
2.920000000000000000e+02 2.922292460599317977e-07
2.930000000000000000e+02 2.406708552463246737e-07
2.940000000000000000e+02 2.314664266305316962e-07
2.950000000000000000e+02 3.470319531979994523e-07
2.960000000000000000e+02 2.767849831940253815e-07
2.970000000000000000e+02 2.830065142006410864e-07
2.980000000000000000e+02 2.488004131530786203e-07
2.990000000000000000e+02 4.268843786101633277e-07
3.000000000000000000e+02 2.453520154929157495e-07
3.010000000000000000e+02 4.120409262345842393e-07
3.020000000000000000e+02 2.899165292413757497e-07
3.030000000000000000e+02 2.756438486448256763e-07
3.040000000000000000e+02 3.670181123485310760e-07
3.050000000000000000e+02 2.529451008021359245e-07
3.060000000000000000e+02 3.133707987921463662e-07
3.070000000000000000e+02 2.841310459420803368e-07
3.080000000000000000e+02 4.008427002269116911e-07
3.090000000000000000e+02 3.238328833837189858e-07
3.100000000000000000e+02 2.692528083170877639e-07
3.110000000000000000e+02 2.648052007511960451e-07
3.120000000000000000e+02 3.013494227811031878e-07
3.130000000000000000e+02 3.364206047381356501e-07
3.140000000000000000e+02 2.753006077485472239e-07
3.150000000000000000e+02 2.544100016151829467e-07
3.160000000000000000e+02 2.262553124669323950e-07
3.170000000000000000e+02 2.329999701973701172e-07
3.180000000000000000e+02 2.649408508407448410e-07
3.190000000000000000e+02 2.495538605266134933e-07
3.200000000000000000e+02 4.004860224294349880e-07
3.210000000000000000e+02 2.614769972847168325e-07
3.220000000000000000e+02 2.791159048091346734e-07
3.230000000000000000e+02 2.709835730479725044e-07
3.240000000000000000e+02 2.973740387929052179e-07
3.250000000000000000e+02 2.787647904106805903e-07
3.260000000000000000e+02 2.268085524442531826e-07
3.270000000000000000e+02 3.108656698695572899e-07
3.280000000000000000e+02 3.630511190018104745e-07
3.290000000000000000e+02 2.814494289903066234e-07
3.300000000000000000e+02 2.470839917532914781e-07
3.310000000000000000e+02 2.174627200523929681e-07
3.320000000000000000e+02 2.781061234746618699e-07
3.330000000000000000e+02 2.444298185822061910e-07
3.340000000000000000e+02 2.466096445606017566e-07
3.350000000000000000e+02 2.996050081688509534e-07
3.360000000000000000e+02 3.111348133328639335e-07
3.370000000000000000e+02 2.509132123032052568e-07
3.380000000000000000e+02 2.623012681347535254e-07
3.390000000000000000e+02 2.471825591661571980e-07
3.400000000000000000e+02 2.278486031883359032e-07
3.410000000000000000e+02 2.550305244167652203e-07
3.420000000000000000e+02 2.623427377835798373e-07
3.430000000000000000e+02 2.344146871541318602e-07
3.440000000000000000e+02 2.651187825684517087e-07
3.450000000000000000e+02 3.513565799892280961e-07
3.460000000000000000e+02 2.986844261607251236e-07
3.470000000000000000e+02 2.629397246305903556e-07
3.480000000000000000e+02 2.435024845339194240e-07
3.490000000000000000e+02 2.662804477739179166e-07
3.500000000000000000e+02 2.514334305224999203e-07
3.510000000000000000e+02 3.058309135334245666e-07
3.520000000000000000e+02 3.241845468652869920e-07
3.530000000000000000e+02 2.837031835924445803e-07
3.540000000000000000e+02 2.206910231630469384e-07
3.550000000000000000e+02 2.370834346179285797e-07
3.560000000000000000e+02 2.358459989832211800e-07
3.570000000000000000e+02 2.280014697650760628e-07
3.580000000000000000e+02 2.669730198315190166e-07
3.590000000000000000e+02 2.595916321384896763e-07
3.600000000000000000e+02 2.581253766922223280e-07
3.610000000000000000e+02 2.319057020307778849e-07
3.620000000000000000e+02 2.672261455542735685e-07
3.630000000000000000e+02 3.167834279560470394e-07
3.640000000000000000e+02 2.190209210061346800e-07
3.650000000000000000e+02 3.720821646009609248e-07
3.660000000000000000e+02 2.233474467536250900e-07
3.670000000000000000e+02 2.314317989168820229e-07
3.680000000000000000e+02 2.308534767802324769e-07
3.690000000000000000e+02 2.700099624809533426e-07
3.700000000000000000e+02 2.563141543948283983e-07
3.710000000000000000e+02 2.232077717157085479e-07
3.720000000000000000e+02 2.215459277344578917e-07
3.730000000000000000e+02 3.112075559574808194e-07
3.740000000000000000e+02 2.572431902205830202e-07
3.750000000000000000e+02 2.732535407754882219e-07
3.760000000000000000e+02 2.423639341181469987e-07
3.770000000000000000e+02 2.290164165716094024e-07
3.780000000000000000e+02 2.429507908671832741e-07
3.790000000000000000e+02 2.632165400502592750e-07
3.800000000000000000e+02 2.754195385694435535e-07
3.810000000000000000e+02 2.530185928163430904e-07
3.820000000000000000e+02 3.640609019885933070e-07
3.830000000000000000e+02 2.544716606044255204e-07
3.840000000000000000e+02 2.250746515802756436e-07
3.850000000000000000e+02 2.693937229113986178e-07
3.860000000000000000e+02 2.303992252190690505e-07
3.870000000000000000e+02 2.183563184298510513e-07
3.880000000000000000e+02 2.347480557159508860e-07
3.890000000000000000e+02 2.401982699445441355e-07
3.900000000000000000e+02 2.229770588158472297e-07
3.910000000000000000e+02 2.157711412839407589e-07
3.920000000000000000e+02 2.161229195717769978e-07
3.930000000000000000e+02 2.516847660466623221e-07
3.940000000000000000e+02 3.494276483337656211e-07
3.950000000000000000e+02 3.025621225795388826e-07
3.960000000000000000e+02 2.893869146008707748e-07
3.970000000000000000e+02 2.145030196535775187e-07
3.980000000000000000e+02 2.562020184271304382e-07
3.990000000000000000e+02 2.355746235021025484e-07
4.000000000000000000e+02 2.423655300835127935e-07
4.010000000000000000e+02 2.200526418119832664e-07
4.020000000000000000e+02 2.269297548110744817e-07
4.030000000000000000e+02 2.271449177185169826e-07
4.040000000000000000e+02 1.988531619753863005e-07
4.050000000000000000e+02 2.062472034691216563e-07
4.060000000000000000e+02 2.424988545366827021e-07
4.070000000000000000e+02 2.937234157296227581e-07
4.080000000000000000e+02 2.523538175374165529e-07
4.090000000000000000e+02 2.888809946875615076e-07
4.100000000000000000e+02 2.080295647966690802e-07
4.110000000000000000e+02 2.125710927854051537e-07
4.120000000000000000e+02 2.043112610299108007e-07
4.130000000000000000e+02 2.084614288309063073e-07
4.140000000000000000e+02 2.836394913676550451e-07
4.150000000000000000e+02 2.215783543335476392e-07
4.160000000000000000e+02 2.156834283014366099e-07
4.170000000000000000e+02 2.256150503643136302e-07
4.180000000000000000e+02 2.445539561247625069e-07
4.190000000000000000e+02 2.360397512235176859e-07
4.200000000000000000e+02 2.802273408046226969e-07
4.210000000000000000e+02 2.351564231695113211e-07
4.220000000000000000e+02 2.441268609701387517e-07
4.230000000000000000e+02 2.514036254834038822e-07
4.240000000000000000e+02 2.088271605453568087e-07
4.250000000000000000e+02 2.344544047930721303e-07
4.260000000000000000e+02 2.607589169588207546e-07
4.270000000000000000e+02 2.024172315737597858e-07
4.280000000000000000e+02 2.392785100833889154e-07
4.290000000000000000e+02 2.035373631923909323e-07
4.300000000000000000e+02 2.246304070999222941e-07
4.310000000000000000e+02 2.299304790681395245e-07
4.320000000000000000e+02 3.039663143457444605e-07
4.330000000000000000e+02 2.881779186547434402e-07
4.340000000000000000e+02 2.073360424225216513e-07
4.350000000000000000e+02 2.554394858682533470e-07
4.360000000000000000e+02 2.258331322594501196e-07
4.370000000000000000e+02 2.672410423094549350e-07
4.380000000000000000e+02 2.019147762337316213e-07
4.390000000000000000e+02 2.132554846884153025e-07
4.400000000000000000e+02 2.086957667208253322e-07
4.410000000000000000e+02 2.370001170670170273e-07
4.420000000000000000e+02 2.335174128250094006e-07
4.430000000000000000e+02 2.007975562694649767e-07
4.440000000000000000e+02 1.963036279082495592e-07
4.450000000000000000e+02 2.893086561177231632e-07
4.460000000000000000e+02 2.186946691175216434e-07
4.470000000000000000e+02 2.154727058441681777e-07
4.480000000000000000e+02 2.135590126260604252e-07
4.490000000000000000e+02 2.776155859622900365e-07
4.500000000000000000e+02 2.312221202961916880e-07
4.510000000000000000e+02 2.525286422051607461e-07
4.520000000000000000e+02 1.914833911542592419e-07
4.530000000000000000e+02 2.299990915815220058e-07
4.540000000000000000e+02 2.167727641150206644e-07
4.550000000000000000e+02 2.445785767819431303e-07
4.560000000000000000e+02 1.982038889409564437e-07
4.570000000000000000e+02 2.225800331815709744e-07
4.580000000000000000e+02 1.960670304539288021e-07
4.590000000000000000e+02 2.178588913897435699e-07
4.600000000000000000e+02 1.986126884412143399e-07
4.610000000000000000e+02 1.947279783425181487e-07
4.620000000000000000e+02 2.022238030704867714e-07
4.630000000000000000e+02 1.977820697037712764e-07
4.640000000000000000e+02 2.396565481951140805e-07
4.650000000000000000e+02 2.172971339472793193e-07
4.660000000000000000e+02 2.752899605127924617e-07
4.670000000000000000e+02 1.944582033280613415e-07
4.680000000000000000e+02 2.403541000796406333e-07
4.690000000000000000e+02 2.522838741637838828e-07
4.700000000000000000e+02 2.646799872751381827e-07
4.710000000000000000e+02 1.951585783328915040e-07
4.720000000000000000e+02 1.890175376966587847e-07
4.730000000000000000e+02 2.347613766250704592e-07
4.740000000000000000e+02 2.047773807175485393e-07
4.750000000000000000e+02 1.969343374838362441e-07
4.760000000000000000e+02 2.190032935647617552e-07
4.770000000000000000e+02 2.018031516815043814e-07
4.780000000000000000e+02 2.000751712797612792e-07
4.790000000000000000e+02 2.372381297175401795e-07
4.800000000000000000e+02 2.407815401627590656e-07
4.810000000000000000e+02 1.892917372633477288e-07
4.820000000000000000e+02 1.940874784034119312e-07
4.830000000000000000e+02 2.136451939460398660e-07
4.840000000000000000e+02 2.158990104936064678e-07
4.850000000000000000e+02 2.311332554345783610e-07
4.860000000000000000e+02 2.335508367086512808e-07
4.870000000000000000e+02 1.786047492814866702e-07
4.880000000000000000e+02 2.218404572881585936e-07
4.890000000000000000e+02 1.911833847637187754e-07
4.900000000000000000e+02 2.010670204653711273e-07
4.910000000000000000e+02 1.867194376287117830e-07
4.920000000000000000e+02 1.914917694729543598e-07
4.930000000000000000e+02 2.012883574194647910e-07
4.940000000000000000e+02 1.946836132298520754e-07
4.950000000000000000e+02 2.011296586866106562e-07
4.960000000000000000e+02 1.848739733149687775e-07
4.970000000000000000e+02 1.921577058394417134e-07
4.980000000000000000e+02 1.964366983319729283e-07
4.990000000000000000e+02 1.832097854286019519e-07
5.000000000000000000e+02 1.895927512605053460e-07
5.010000000000000000e+02 1.823447372788216285e-07
5.020000000000000000e+02 1.890458809817378929e-07
5.030000000000000000e+02 2.251535343083186521e-07
5.040000000000000000e+02 2.016100378194220475e-07
5.050000000000000000e+02 2.343378898883884687e-07
5.060000000000000000e+02 1.939044648598758488e-07
5.070000000000000000e+02 2.120967068493209045e-07
5.080000000000000000e+02 2.738239004703181792e-07
5.090000000000000000e+02 2.094361104539521926e-07
5.100000000000000000e+02 1.888606921508193322e-07
5.110000000000000000e+02 1.985650489012683282e-07
5.120000000000000000e+02 2.148848228973476549e-07
5.130000000000000000e+02 2.111664812151647891e-07
5.140000000000000000e+02 1.883438361784943758e-07
5.150000000000000000e+02 1.799671617427737937e-07
5.160000000000000000e+02 1.826884147267866619e-07
5.170000000000000000e+02 1.833001708736468695e-07
5.180000000000000000e+02 1.907692111926565357e-07
5.190000000000000000e+02 2.165301431173646039e-07
5.200000000000000000e+02 1.897745363772407092e-07
5.210000000000000000e+02 1.909836850226999869e-07
5.220000000000000000e+02 1.837179406205277330e-07
5.230000000000000000e+02 2.221757988450356424e-07
5.240000000000000000e+02 1.880401511620220505e-07
5.250000000000000000e+02 1.910151720682572323e-07
5.260000000000000000e+02 1.913583980437652922e-07
5.270000000000000000e+02 1.862748610730873934e-07
5.280000000000000000e+02 1.902319065078392740e-07
5.290000000000000000e+02 2.250833605032565393e-07
5.300000000000000000e+02 1.892944656378531782e-07
5.310000000000000000e+02 1.851974780217690652e-07
5.320000000000000000e+02 1.871060022627436533e-07
5.330000000000000000e+02 1.935543905786067761e-07
5.340000000000000000e+02 2.112286379971380895e-07
5.350000000000000000e+02 1.814823073788522265e-07
5.360000000000000000e+02 1.864607626938715777e-07
5.370000000000000000e+02 1.942980059111567051e-07
5.380000000000000000e+02 1.834390801747027206e-07
5.390000000000000000e+02 1.868763724883984146e-07
5.400000000000000000e+02 1.746021648893377464e-07
5.410000000000000000e+02 1.778477582170532129e-07
5.420000000000000000e+02 1.900529255655400302e-07
5.430000000000000000e+02 2.374701890568491644e-07
5.440000000000000000e+02 1.917964554222256634e-07
5.450000000000000000e+02 1.992924540086050486e-07
5.460000000000000000e+02 2.033441948715366706e-07
5.470000000000000000e+02 1.739134537715446356e-07
5.480000000000000000e+02 1.935677437697733490e-07
5.490000000000000000e+02 1.805435661052624975e-07
5.500000000000000000e+02 2.019384784891514470e-07
5.510000000000000000e+02 1.840486538414329422e-07
5.520000000000000000e+02 1.842259470031282161e-07
5.530000000000000000e+02 1.860591529645059159e-07
5.540000000000000000e+02 1.800560737567803505e-07
5.550000000000000000e+02 1.781206500070272350e-07
5.560000000000000000e+02 1.795856693497718211e-07
5.570000000000000000e+02 1.925289515965699343e-07
5.580000000000000000e+02 1.914443799634073617e-07
5.590000000000000000e+02 2.129444780029373955e-07
5.600000000000000000e+02 2.000876350566194517e-07
5.610000000000000000e+02 1.741625662694179498e-07
5.620000000000000000e+02 1.740190829721659693e-07
5.630000000000000000e+02 1.773665046656419567e-07
5.640000000000000000e+02 1.732383279202737695e-07
5.650000000000000000e+02 1.741731484607819676e-07
5.660000000000000000e+02 1.830475686770657612e-07
5.670000000000000000e+02 1.802806331270986605e-07
5.680000000000000000e+02 1.783071978734121834e-07
5.690000000000000000e+02 1.842376053615195199e-07
5.700000000000000000e+02 1.764900136647593003e-07
5.710000000000000000e+02 1.905730557129548675e-07
5.720000000000000000e+02 1.957558317385790788e-07
5.730000000000000000e+02 1.914151965417983448e-07
5.740000000000000000e+02 1.729641926631267630e-07
5.750000000000000000e+02 1.711482890634118588e-07
5.760000000000000000e+02 1.778444378310946306e-07
5.770000000000000000e+02 1.933287986047152758e-07
5.780000000000000000e+02 1.878079793528428105e-07
5.790000000000000000e+02 1.779021127593553060e-07
5.800000000000000000e+02 1.691915556428698673e-07
5.810000000000000000e+02 1.823457483404287846e-07
5.820000000000000000e+02 2.050650579282487280e-07
5.830000000000000000e+02 1.934270588549594559e-07
5.840000000000000000e+02 1.699915215672279884e-07
5.850000000000000000e+02 1.737471329895088154e-07
5.860000000000000000e+02 1.895119496678264614e-07
5.870000000000000000e+02 1.944949712299330455e-07
5.880000000000000000e+02 2.087488170625214175e-07
5.890000000000000000e+02 1.694776458787271863e-07
5.900000000000000000e+02 1.719165690894974897e-07
5.910000000000000000e+02 2.012908242871999103e-07
5.920000000000000000e+02 1.737703712521958505e-07
5.930000000000000000e+02 1.705496881722467521e-07
5.940000000000000000e+02 1.899076025726114457e-07
5.950000000000000000e+02 1.685633834965382162e-07
5.960000000000000000e+02 1.919943792306937545e-07
5.970000000000000000e+02 1.965243811525596061e-07
5.980000000000000000e+02 1.845400221992884399e-07
5.990000000000000000e+02 1.769451077380463743e-07
6.000000000000000000e+02 1.761040621837727577e-07
6.010000000000000000e+02 1.708498837787526126e-07
6.020000000000000000e+02 1.684787751120173946e-07
6.030000000000000000e+02 1.681459933878396610e-07
6.040000000000000000e+02 1.682482668167671871e-07
6.050000000000000000e+02 1.863717417024440357e-07
6.060000000000000000e+02 1.762768559857683819e-07
6.070000000000000000e+02 1.926492015807094912e-07
6.080000000000000000e+02 1.742090249416402569e-07
6.090000000000000000e+02 1.760226937704116823e-07
6.100000000000000000e+02 1.808665395194400924e-07
6.110000000000000000e+02 1.676346395224111363e-07
6.120000000000000000e+02 1.678009899591617871e-07
6.130000000000000000e+02 1.687640643829675065e-07
6.140000000000000000e+02 1.769288423334345907e-07
6.150000000000000000e+02 1.702099941040801973e-07
6.160000000000000000e+02 1.698861575631658200e-07
6.170000000000000000e+02 1.967444890993422790e-07
6.180000000000000000e+02 1.903431384981289558e-07
6.190000000000000000e+02 1.707904690904059341e-07
6.200000000000000000e+02 1.690568849074342372e-07
6.210000000000000000e+02 1.853535710177227207e-07
6.220000000000000000e+02 1.741312226907425279e-07
6.230000000000000000e+02 1.740217128918379551e-07
6.240000000000000000e+02 1.773746986150740878e-07
6.250000000000000000e+02 1.812388813505785899e-07
6.260000000000000000e+02 1.679284957598830133e-07
6.270000000000000000e+02 1.747542159001152216e-07
6.280000000000000000e+02 1.845386163302417802e-07
6.290000000000000000e+02 1.864675847683811725e-07
6.300000000000000000e+02 1.727713675053357405e-07
6.310000000000000000e+02 1.684549400103078378e-07
6.320000000000000000e+02 1.664478868149846808e-07
6.330000000000000000e+02 1.707125726272407988e-07
6.340000000000000000e+02 1.719100721281206206e-07
6.350000000000000000e+02 1.739159824388353768e-07
6.360000000000000000e+02 1.665201957682555786e-07
6.370000000000000000e+02 1.677102582673791256e-07
6.380000000000000000e+02 1.665405087380684559e-07
6.390000000000000000e+02 1.685412452329810069e-07
6.400000000000000000e+02 1.644130009653721102e-07
6.410000000000000000e+02 1.714300955763010682e-07
6.420000000000000000e+02 1.728200061068381221e-07
6.430000000000000000e+02 1.743231040803168010e-07
6.440000000000000000e+02 1.753509277384417546e-07
6.450000000000000000e+02 1.693409132803027464e-07
6.460000000000000000e+02 1.631275720786259517e-07
6.470000000000000000e+02 1.658953980409948647e-07
6.480000000000000000e+02 1.638281920218548377e-07
6.490000000000000000e+02 1.732439214703203551e-07
6.500000000000000000e+02 1.704045809377898091e-07
6.510000000000000000e+02 1.691629423875382914e-07
6.520000000000000000e+02 1.706038851359310963e-07
6.530000000000000000e+02 1.671626460276903664e-07
6.540000000000000000e+02 1.726495871045172597e-07
6.550000000000000000e+02 1.811226947528784341e-07
6.560000000000000000e+02 1.637634234038727022e-07
6.570000000000000000e+02 1.730169433742110813e-07
6.580000000000000000e+02 1.626892738988868678e-07
6.590000000000000000e+02 1.725952345761336986e-07
6.600000000000000000e+02 1.666144739902969575e-07
6.610000000000000000e+02 1.659242999255090907e-07
6.620000000000000000e+02 1.641951730097649278e-07
6.630000000000000000e+02 1.766437923673610909e-07
6.640000000000000000e+02 1.660565254749936967e-07
6.650000000000000000e+02 1.655957270489196847e-07
6.660000000000000000e+02 1.617844052504424182e-07
6.670000000000000000e+02 1.731795549468059008e-07
6.680000000000000000e+02 1.744904265655521790e-07
6.690000000000000000e+02 1.650645018872032656e-07
6.700000000000000000e+02 1.670880347173862014e-07
6.710000000000000000e+02 1.653764574059047278e-07
6.720000000000000000e+02 1.677641495701324543e-07
6.730000000000000000e+02 1.669634354158886514e-07
6.740000000000000000e+02 1.634262364226876051e-07
6.750000000000000000e+02 1.630748921838771429e-07
6.760000000000000000e+02 1.654701964782731385e-07
6.770000000000000000e+02 1.627854281323539825e-07
6.780000000000000000e+02 1.698517179660161256e-07
6.790000000000000000e+02 1.611330579194958343e-07
6.800000000000000000e+02 1.623830011447721012e-07
6.810000000000000000e+02 1.675008309429857437e-07
6.820000000000000000e+02 1.656456972196035478e-07
6.830000000000000000e+02 1.804107907094093559e-07
6.840000000000000000e+02 1.735188093007563349e-07
6.850000000000000000e+02 1.635520196538322201e-07
6.860000000000000000e+02 1.592537178376167304e-07
6.870000000000000000e+02 1.937167108724283122e-07
6.880000000000000000e+02 1.674236843945955885e-07
6.890000000000000000e+02 1.663790152826629532e-07
6.900000000000000000e+02 1.623170594641014609e-07
6.910000000000000000e+02 1.656069390147062379e-07
6.920000000000000000e+02 1.640060645692286533e-07
6.930000000000000000e+02 1.727660463772120492e-07
6.940000000000000000e+02 1.702307449434141614e-07
6.950000000000000000e+02 1.717714893018293749e-07
6.960000000000000000e+02 1.659106302267310963e-07
6.970000000000000000e+02 1.821967607271445158e-07
6.980000000000000000e+02 1.637792401264808100e-07
6.990000000000000000e+02 1.838698242868102941e-07
7.000000000000000000e+02 1.708145896927311548e-07
7.010000000000000000e+02 1.684319092702394526e-07
7.020000000000000000e+02 1.630232619655322318e-07
7.030000000000000000e+02 1.701393654255706737e-07
7.040000000000000000e+02 1.667715311878863061e-07
7.050000000000000000e+02 1.797598669583492561e-07
7.060000000000000000e+02 1.847788389419012042e-07
7.070000000000000000e+02 1.816637960850679482e-07
7.080000000000000000e+02 1.647392157360704295e-07
7.090000000000000000e+02 1.623274691393289282e-07
7.100000000000000000e+02 1.753076358232736962e-07
7.110000000000000000e+02 1.614732693720372017e-07
7.120000000000000000e+02 1.620838659923206150e-07
7.130000000000000000e+02 1.575191759365989212e-07
7.140000000000000000e+02 1.778369837336226711e-07
7.150000000000000000e+02 1.658838073499795544e-07
7.160000000000000000e+02 1.596803427350314294e-07
7.170000000000000000e+02 1.595936189208135241e-07
7.180000000000000000e+02 1.647960564100328011e-07
7.190000000000000000e+02 1.684252210857215428e-07
7.200000000000000000e+02 1.624448533268258554e-07
7.210000000000000000e+02 1.681829923009892026e-07
7.220000000000000000e+02 1.647954181096479867e-07
7.230000000000000000e+02 1.606052387052485167e-07
7.240000000000000000e+02 1.635435026340803860e-07
7.250000000000000000e+02 1.639754784130012456e-07
7.260000000000000000e+02 1.619037864535324722e-07
7.270000000000000000e+02 1.612999086944453142e-07
7.280000000000000000e+02 1.682139988979992301e-07
7.290000000000000000e+02 1.694856986784738964e-07
7.300000000000000000e+02 1.588685986837734502e-07
7.310000000000000000e+02 1.607699917386726808e-07
7.320000000000000000e+02 1.616815950905331228e-07
7.330000000000000000e+02 1.600724530115429227e-07
7.340000000000000000e+02 1.677571537719003675e-07
7.350000000000000000e+02 1.644323888329148445e-07
7.360000000000000000e+02 1.620729064975316961e-07
7.370000000000000000e+02 1.589039117192410330e-07
7.380000000000000000e+02 1.625429821222804714e-07
7.390000000000000000e+02 1.638434926849182045e-07
7.400000000000000000e+02 1.657235481050611596e-07
7.410000000000000000e+02 1.624821026892431613e-07
7.420000000000000000e+02 1.671643490476849863e-07
7.430000000000000000e+02 1.697450096121076399e-07
7.440000000000000000e+02 1.650006681115539973e-07
7.450000000000000000e+02 1.690999882187678397e-07
7.460000000000000000e+02 1.636369476857638210e-07
7.470000000000000000e+02 1.694330306790442468e-07
7.480000000000000000e+02 1.651369989937137992e-07
7.490000000000000000e+02 1.600289458455395972e-07
7.500000000000000000e+02 1.597385200090599747e-07
7.510000000000000000e+02 1.605746705950486535e-07
7.520000000000000000e+02 1.583053439878881345e-07
7.530000000000000000e+02 1.649641059382719790e-07
7.540000000000000000e+02 1.636699339085584337e-07
7.550000000000000000e+02 1.590911161518671069e-07
7.560000000000000000e+02 1.679144485311448089e-07
7.570000000000000000e+02 1.605652882328887918e-07
7.580000000000000000e+02 1.623028469585132743e-07
7.590000000000000000e+02 1.613960283576882167e-07
7.600000000000000000e+02 1.576855758361571436e-07
7.610000000000000000e+02 1.610617933580705061e-07
7.620000000000000000e+02 1.643448233563492227e-07
7.630000000000000000e+02 1.627601574515910862e-07
7.640000000000000000e+02 1.590705006349570680e-07
7.650000000000000000e+02 1.636217470160015804e-07
7.660000000000000000e+02 1.591073741001363972e-07
7.670000000000000000e+02 1.567481632983767036e-07
7.680000000000000000e+02 1.597026596508239238e-07
7.690000000000000000e+02 1.594321025344398525e-07
7.700000000000000000e+02 1.612078913655724304e-07
7.710000000000000000e+02 1.579925717179756288e-07
7.720000000000000000e+02 1.618954413931669851e-07
7.730000000000000000e+02 1.623067365193479754e-07
7.740000000000000000e+02 1.626555354459923124e-07
7.750000000000000000e+02 1.595006847290362932e-07
7.760000000000000000e+02 1.572555103940335444e-07
7.770000000000000000e+02 1.596448515720716662e-07
7.780000000000000000e+02 1.598860608801323337e-07
7.790000000000000000e+02 1.618542394666570608e-07
7.800000000000000000e+02 1.582342419331227952e-07
7.810000000000000000e+02 1.570171216837987907e-07
7.820000000000000000e+02 1.613675901876748016e-07
7.830000000000000000e+02 1.562486639091630590e-07
7.840000000000000000e+02 1.646158184947391312e-07
7.850000000000000000e+02 1.706424211844751125e-07
7.860000000000000000e+02 1.618946639132365956e-07
7.870000000000000000e+02 1.574602009157848573e-07
7.880000000000000000e+02 1.651129580520397297e-07
7.890000000000000000e+02 1.639435021244747694e-07
7.900000000000000000e+02 1.562190679199328997e-07
7.910000000000000000e+02 1.673340722752948444e-07
7.920000000000000000e+02 1.703603680680714683e-07
7.930000000000000000e+02 1.617274026488965937e-07
7.940000000000000000e+02 1.590119850400795807e-07
7.950000000000000000e+02 1.626152415032256668e-07
7.960000000000000000e+02 1.588788454758417450e-07
7.970000000000000000e+02 1.585703182650940075e-07
7.980000000000000000e+02 1.567111917137957077e-07
7.990000000000000000e+02 1.564191805508749285e-07
8.000000000000000000e+02 1.574904117322205410e-07
8.010000000000000000e+02 1.651597333474407807e-07
8.020000000000000000e+02 1.713955106613776496e-07
8.030000000000000000e+02 1.548650791011023814e-07
8.040000000000000000e+02 1.581343864543816948e-07
8.050000000000000000e+02 1.561828748485445926e-07
8.060000000000000000e+02 1.567005335634728340e-07
8.070000000000000000e+02 1.576347635909021043e-07
8.080000000000000000e+02 1.594794674976446098e-07
8.090000000000000000e+02 1.555309494163580312e-07
8.100000000000000000e+02 1.587779520736858101e-07
8.110000000000000000e+02 1.572922747700420905e-07
8.120000000000000000e+02 1.610140966677639223e-07
8.130000000000000000e+02 1.615423418059405180e-07
8.140000000000000000e+02 1.557601278628437409e-07
8.150000000000000000e+02 1.573592481603036316e-07
8.160000000000000000e+02 1.584192610035215968e-07
8.170000000000000000e+02 1.588811464583032750e-07
8.180000000000000000e+02 1.624742506308696724e-07
8.190000000000000000e+02 1.586298120664326531e-07
8.200000000000000000e+02 1.667071337312185471e-07
8.210000000000000000e+02 1.628828251162877146e-07
8.220000000000000000e+02 1.684098105946277793e-07
8.230000000000000000e+02 1.606873403029344554e-07
8.240000000000000000e+02 1.621268890447615099e-07
8.250000000000000000e+02 1.601842200934180768e-07
8.260000000000000000e+02 1.586824031802411704e-07
8.270000000000000000e+02 1.547717481964744705e-07
8.280000000000000000e+02 1.747852291748186502e-07
8.290000000000000000e+02 1.542409627433581583e-07
8.300000000000000000e+02 1.601235469162224688e-07
8.310000000000000000e+02 1.601073393013498690e-07
8.320000000000000000e+02 1.553335267685330911e-07
8.330000000000000000e+02 1.579640949699965294e-07
8.340000000000000000e+02 1.565400537462167081e-07
8.350000000000000000e+02 1.660239949625064439e-07
8.360000000000000000e+02 1.583509563321071782e-07
8.370000000000000000e+02 1.572447093802156525e-07
8.380000000000000000e+02 1.631140493459198711e-07
8.390000000000000000e+02 1.540029049791689507e-07
8.400000000000000000e+02 1.579832289926471215e-07
8.410000000000000000e+02 1.610555510276211047e-07
8.420000000000000000e+02 1.567783353041684199e-07
8.430000000000000000e+02 1.671240842203753629e-07
8.440000000000000000e+02 1.591510173828080195e-07
8.450000000000000000e+02 1.602002203352697448e-07
8.460000000000000000e+02 1.569086426142539640e-07
8.470000000000000000e+02 1.573394655634905967e-07
8.480000000000000000e+02 1.564169407853147231e-07
8.490000000000000000e+02 1.559942774009830276e-07
8.500000000000000000e+02 1.554684822941790434e-07
8.510000000000000000e+02 1.591852226652286446e-07
8.520000000000000000e+02 1.545504580319186214e-07
8.530000000000000000e+02 1.560128234412238582e-07
8.540000000000000000e+02 1.570725550329109822e-07
8.550000000000000000e+02 1.555725058446438285e-07
8.560000000000000000e+02 1.565323655438036379e-07
8.570000000000000000e+02 1.620235699475585465e-07
8.580000000000000000e+02 1.582263660857075658e-07
8.590000000000000000e+02 1.567566309917669094e-07
8.600000000000000000e+02 1.573719350484398195e-07
8.610000000000000000e+02 1.572954243211119996e-07
8.620000000000000000e+02 1.583400128052742404e-07
8.630000000000000000e+02 1.563322151842691182e-07
8.640000000000000000e+02 1.611776680734160008e-07
8.650000000000000000e+02 1.563776630502524208e-07
8.660000000000000000e+02 1.565494072663097545e-07
8.670000000000000000e+02 1.623407443468753531e-07
8.680000000000000000e+02 1.570455201952786762e-07
8.690000000000000000e+02 1.543007293695379452e-07
8.700000000000000000e+02 1.569950271479699616e-07
8.710000000000000000e+02 1.596684437110472237e-07
8.720000000000000000e+02 1.586005577535248373e-07
8.730000000000000000e+02 1.589810314970754544e-07
8.740000000000000000e+02 1.557586415027594830e-07
8.750000000000000000e+02 1.577448258372181791e-07
8.760000000000000000e+02 1.586517618285988535e-07
8.770000000000000000e+02 1.555577390545502472e-07
8.780000000000000000e+02 1.599257624566470646e-07
8.790000000000000000e+02 1.542015332803722929e-07
8.800000000000000000e+02 1.564900438685610217e-07
8.810000000000000000e+02 1.542186553986052399e-07
8.820000000000000000e+02 1.539866450586125859e-07
8.830000000000000000e+02 1.546777955520047026e-07
8.840000000000000000e+02 1.568807424747713943e-07
8.850000000000000000e+02 1.562545804834682517e-07
8.860000000000000000e+02 1.564421606806361209e-07
8.870000000000000000e+02 1.531955778913102098e-07
8.880000000000000000e+02 1.568085171174695265e-07
8.890000000000000000e+02 1.598168729164460994e-07
8.900000000000000000e+02 1.571437878856837380e-07
8.910000000000000000e+02 1.531952829820711023e-07
8.920000000000000000e+02 1.559547775145501031e-07
8.930000000000000000e+02 1.626442688127924376e-07
8.940000000000000000e+02 1.579264949781357004e-07
8.950000000000000000e+02 1.542453876360388302e-07
8.960000000000000000e+02 1.566962488094630543e-07
8.970000000000000000e+02 1.553471851647869023e-07
8.980000000000000000e+02 1.530078231017802822e-07
8.990000000000000000e+02 1.606143905455957821e-07
9.000000000000000000e+02 1.604572297435179266e-07
9.010000000000000000e+02 1.560841841206735702e-07
9.020000000000000000e+02 1.588446532645391916e-07
9.030000000000000000e+02 1.522627385894892387e-07
9.040000000000000000e+02 1.619922095498659459e-07
9.050000000000000000e+02 1.566228698875650490e-07
9.060000000000000000e+02 1.531476864430148165e-07
9.070000000000000000e+02 1.615162232170332306e-07
9.080000000000000000e+02 1.581040155865779912e-07
9.090000000000000000e+02 1.536723944892644426e-07
9.100000000000000000e+02 1.542104703853990779e-07
9.110000000000000000e+02 1.596931974320965725e-07
9.120000000000000000e+02 1.552611506814257154e-07
9.130000000000000000e+02 1.552811279661001669e-07
9.140000000000000000e+02 1.557216522161055321e-07
9.150000000000000000e+02 1.537754544721084424e-07
9.160000000000000000e+02 1.537323979595528046e-07
9.170000000000000000e+02 1.555933567628472989e-07
9.180000000000000000e+02 1.574204363108162612e-07
9.190000000000000000e+02 1.548042387371787867e-07
9.200000000000000000e+02 1.554359556450199951e-07
9.210000000000000000e+02 1.578879321042250572e-07
9.220000000000000000e+02 1.564371218728131382e-07
9.230000000000000000e+02 1.544712799679712661e-07
9.240000000000000000e+02 1.538573085653539983e-07
9.250000000000000000e+02 1.579480203193539989e-07
9.260000000000000000e+02 1.564892607075047397e-07
9.270000000000000000e+02 1.537818288244163255e-07
9.280000000000000000e+02 1.547751609188396419e-07
9.290000000000000000e+02 1.600237513613028839e-07
9.300000000000000000e+02 1.536089142636519899e-07
9.310000000000000000e+02 1.567547031888971197e-07
9.320000000000000000e+02 1.540219943348398060e-07
9.330000000000000000e+02 1.532691139965501779e-07
9.340000000000000000e+02 1.520390449290649680e-07
9.350000000000000000e+02 1.600956318136492790e-07
9.360000000000000000e+02 1.590477066662337926e-07
9.370000000000000000e+02 1.599484325300721358e-07
9.380000000000000000e+02 1.563950337531763026e-07
9.390000000000000000e+02 1.588612835705331266e-07
9.400000000000000000e+02 1.543022775687968647e-07
9.410000000000000000e+02 1.567673918916469459e-07
9.420000000000000000e+02 1.557085736239794941e-07
9.430000000000000000e+02 1.530022196688052867e-07
9.440000000000000000e+02 1.552149335124904546e-07
9.450000000000000000e+02 1.555808860552682434e-07
9.460000000000000000e+02 1.532241168366103326e-07
9.470000000000000000e+02 1.533048518263827050e-07
9.480000000000000000e+02 1.569397853184279434e-07
9.490000000000000000e+02 1.536095555194409539e-07
9.500000000000000000e+02 1.548531183619592756e-07
9.510000000000000000e+02 1.534779477346316082e-07
9.520000000000000000e+02 1.539307513853821508e-07
9.530000000000000000e+02 1.569935877659679967e-07
9.540000000000000000e+02 1.544731664960382728e-07
9.550000000000000000e+02 1.563391540661482545e-07
9.560000000000000000e+02 1.525324255687903388e-07
9.570000000000000000e+02 1.576943095573733732e-07
9.580000000000000000e+02 1.547495534075599073e-07
9.590000000000000000e+02 1.546343974482055163e-07
9.600000000000000000e+02 1.553227374472484238e-07
9.610000000000000000e+02 1.527278117034669429e-07
9.620000000000000000e+02 1.536150265339765889e-07
9.630000000000000000e+02 1.535925348005620675e-07
9.640000000000000000e+02 1.536008994377832127e-07
9.650000000000000000e+02 1.570292102119943375e-07
9.660000000000000000e+02 1.554029617182449719e-07
9.670000000000000000e+02 1.531183867736266689e-07
9.680000000000000000e+02 1.533811169305902720e-07
9.690000000000000000e+02 1.545117385363763909e-07
9.700000000000000000e+02 1.564507539139125312e-07
9.710000000000000000e+02 1.524381685520820515e-07
9.720000000000000000e+02 1.573968570957338083e-07
9.730000000000000000e+02 1.525267770789505232e-07
9.740000000000000000e+02 1.516044667426180396e-07
9.750000000000000000e+02 1.546788977648848880e-07
9.760000000000000000e+02 1.542785805126771599e-07
9.770000000000000000e+02 1.540134953950879962e-07
9.780000000000000000e+02 1.516300441198202643e-07
9.790000000000000000e+02 1.590339736996293368e-07
9.800000000000000000e+02 1.576813711221248564e-07
9.810000000000000000e+02 1.529250514758934186e-07
9.820000000000000000e+02 1.561257642063896316e-07
9.830000000000000000e+02 1.534979184906012542e-07
9.840000000000000000e+02 1.554022504843167214e-07
9.850000000000000000e+02 1.557424531137281440e-07
9.860000000000000000e+02 1.513070881066015262e-07
9.870000000000000000e+02 1.573039668809438312e-07
9.880000000000000000e+02 1.565742565609853535e-07
9.890000000000000000e+02 1.542050750881819838e-07
9.900000000000000000e+02 1.546316237550124130e-07
9.910000000000000000e+02 1.578870822344485249e-07
9.920000000000000000e+02 1.542591861677457876e-07
9.930000000000000000e+02 1.547696471438052491e-07
9.940000000000000000e+02 1.559576659266668309e-07
9.950000000000000000e+02 1.544670118123185357e-07
9.960000000000000000e+02 1.563312276218118116e-07
9.970000000000000000e+02 1.588371186357368325e-07
9.980000000000000000e+02 1.529648042489477451e-07
9.990000000000000000e+02 1.537707462582084510e-07
1.000000000000000000e+03 1.546964923449031959e-07
1.001000000000000000e+03 1.540214671433619144e-07
1.002000000000000000e+03 1.556013799623429734e-07
1.003000000000000000e+03 1.529057661335644211e-07
1.004000000000000000e+03 1.528208764036350909e-07
1.005000000000000000e+03 1.541960957071858625e-07
1.006000000000000000e+03 1.532664682181158488e-07
1.007000000000000000e+03 1.531950052624721189e-07
1.008000000000000000e+03 1.540467176427456556e-07
1.009000000000000000e+03 1.529707334772411642e-07
1.010000000000000000e+03 1.520102639355711543e-07
1.011000000000000000e+03 1.523976058562378750e-07
1.012000000000000000e+03 1.538653306062253856e-07
1.013000000000000000e+03 1.535495499114407241e-07
1.014000000000000000e+03 1.527749374478105164e-07
1.015000000000000000e+03 1.535204854690625734e-07
1.016000000000000000e+03 1.517957425772807025e-07
1.017000000000000000e+03 1.554164580744174698e-07
1.018000000000000000e+03 1.554269733885979249e-07
1.019000000000000000e+03 1.539894024387451656e-07
1.020000000000000000e+03 1.525494758540358195e-07
1.021000000000000000e+03 1.538463375454331466e-07
1.022000000000000000e+03 1.553742122153428276e-07
1.023000000000000000e+03 1.531840854894414394e-07
1.024000000000000000e+03 1.528997427881028168e-07
1.025000000000000000e+03 1.526081308689703404e-07
1.026000000000000000e+03 1.567443054252369416e-07
1.027000000000000000e+03 1.580470255806252270e-07
1.028000000000000000e+03 1.520580489648811040e-07
1.029000000000000000e+03 1.529323446188349256e-07
1.030000000000000000e+03 1.552191770774795482e-07
1.031000000000000000e+03 1.565525695750853803e-07
1.032000000000000000e+03 1.567352088553960149e-07
1.033000000000000000e+03 1.526901553884720000e-07
1.034000000000000000e+03 1.562552561857881214e-07
1.035000000000000000e+03 1.519180549132252450e-07
1.036000000000000000e+03 1.528168637637134567e-07
1.037000000000000000e+03 1.535091196207523139e-07
1.038000000000000000e+03 1.551038937365631148e-07
1.039000000000000000e+03 1.522441431406292928e-07
1.040000000000000000e+03 1.539867734055428959e-07
1.041000000000000000e+03 1.530225463182837215e-07
1.042000000000000000e+03 1.535736519511134711e-07
1.043000000000000000e+03 1.562325461141640942e-07
1.044000000000000000e+03 1.523449843997379561e-07
1.045000000000000000e+03 1.536147927615675637e-07
1.046000000000000000e+03 1.571458603785294601e-07
1.047000000000000000e+03 1.528740531477138672e-07
1.048000000000000000e+03 1.541742676140917437e-07
1.049000000000000000e+03 1.518350833027761020e-07
1.050000000000000000e+03 1.517616147134587188e-07
1.051000000000000000e+03 1.628778231537133495e-07
1.052000000000000000e+03 1.532260099319330229e-07
1.053000000000000000e+03 1.524374334994623868e-07
1.054000000000000000e+03 1.529374453666169174e-07
1.055000000000000000e+03 1.541819766373306607e-07
1.056000000000000000e+03 1.531583144945220825e-07
1.057000000000000000e+03 1.520434183414712622e-07
1.058000000000000000e+03 1.522964291365410200e-07
1.059000000000000000e+03 1.522582351246907587e-07
1.060000000000000000e+03 1.522909107897526500e-07
1.061000000000000000e+03 1.532431141238076108e-07
1.062000000000000000e+03 1.516841227866097620e-07
1.063000000000000000e+03 1.534722888066323330e-07
1.064000000000000000e+03 1.537588161780431109e-07
1.065000000000000000e+03 1.537820210258590327e-07
1.066000000000000000e+03 1.534664612531907316e-07
1.067000000000000000e+03 1.524867065702545289e-07
1.068000000000000000e+03 1.546488785974491090e-07
1.069000000000000000e+03 1.541735219203607194e-07
1.070000000000000000e+03 1.548709372745313397e-07
1.071000000000000000e+03 1.521364011350327801e-07
1.072000000000000000e+03 1.532262585956484259e-07
1.073000000000000000e+03 1.528826191147395074e-07
1.074000000000000000e+03 1.529755579667073345e-07
1.075000000000000000e+03 1.537620697268544928e-07
1.076000000000000000e+03 1.554251687112785576e-07
1.077000000000000000e+03 1.524416087955914091e-07
1.078000000000000000e+03 1.546181496456151296e-07
1.079000000000000000e+03 1.528960730250061016e-07
1.080000000000000000e+03 1.522081184205406484e-07
1.081000000000000000e+03 1.531450342970823307e-07
1.082000000000000000e+03 1.531700674412115404e-07
1.083000000000000000e+03 1.530613934260220429e-07
1.084000000000000000e+03 1.560663010975588422e-07
1.085000000000000000e+03 1.522943155497694392e-07
1.086000000000000000e+03 1.530232433592561482e-07
1.087000000000000000e+03 1.546267319018943737e-07
1.088000000000000000e+03 1.537593548437167944e-07
1.089000000000000000e+03 1.518373735413694497e-07
1.090000000000000000e+03 1.539276108175695300e-07
1.091000000000000000e+03 1.519177765737361048e-07
1.092000000000000000e+03 1.542919125873963464e-07
1.093000000000000000e+03 1.552374892802388945e-07
1.094000000000000000e+03 1.517019042607768143e-07
1.095000000000000000e+03 1.549478001532551614e-07
1.096000000000000000e+03 1.524468204555522100e-07
1.097000000000000000e+03 1.517720915262972547e-07
1.098000000000000000e+03 1.516189400681365181e-07
1.099000000000000000e+03 1.584314513827792636e-07
1.100000000000000000e+03 1.551026855911214023e-07
1.101000000000000000e+03 1.541944035851407265e-07
1.102000000000000000e+03 1.519509295145835161e-07
1.103000000000000000e+03 1.527352794407654563e-07
1.104000000000000000e+03 1.516146242005794507e-07
1.105000000000000000e+03 1.521323647601258570e-07
1.106000000000000000e+03 1.568560888922795283e-07
1.107000000000000000e+03 1.519232278199695360e-07
1.108000000000000000e+03 1.529047685663301565e-07
1.109000000000000000e+03 1.515555175611989054e-07
1.110000000000000000e+03 1.511264935525288173e-07
1.111000000000000000e+03 1.538228289305011606e-07
1.112000000000000000e+03 1.546801460218442183e-07
1.113000000000000000e+03 1.520695540229889056e-07
1.114000000000000000e+03 1.528506442710982969e-07
1.115000000000000000e+03 1.534277260407118192e-07
1.116000000000000000e+03 1.512157558729397215e-07
1.117000000000000000e+03 1.529863179381599572e-07
1.118000000000000000e+03 1.514870645306049225e-07
1.119000000000000000e+03 1.512633172483252657e-07
1.120000000000000000e+03 1.533481904382855308e-07
1.121000000000000000e+03 1.515358402799847983e-07
1.122000000000000000e+03 1.517530976117768024e-07
1.123000000000000000e+03 1.519750597303299504e-07
1.124000000000000000e+03 1.526964515009924079e-07
1.125000000000000000e+03 1.515039623936479205e-07
1.126000000000000000e+03 1.506641383442031963e-07
1.127000000000000000e+03 1.510637411158612913e-07
1.128000000000000000e+03 1.530351000464510344e-07
1.129000000000000000e+03 1.528325960686056119e-07
1.130000000000000000e+03 1.535555802292208141e-07
1.131000000000000000e+03 1.563670790329911212e-07
1.132000000000000000e+03 1.513249392696604865e-07
1.133000000000000000e+03 1.514326267642707841e-07
1.134000000000000000e+03 1.516793914340329238e-07
1.135000000000000000e+03 1.533437786539167825e-07
1.136000000000000000e+03 1.535584196402824905e-07
1.137000000000000000e+03 1.520638871472613280e-07
1.138000000000000000e+03 1.523396013824201901e-07
1.139000000000000000e+03 1.517915341105197379e-07
1.140000000000000000e+03 1.514729237809897167e-07
1.141000000000000000e+03 1.540984126796808298e-07
1.142000000000000000e+03 1.504530503304072504e-07
1.143000000000000000e+03 1.532479230806305573e-07
1.144000000000000000e+03 1.523114240041182173e-07
1.145000000000000000e+03 1.526416947893303097e-07
1.146000000000000000e+03 1.515631149574389624e-07
1.147000000000000000e+03 1.510447674904330447e-07
1.148000000000000000e+03 1.547560296197483174e-07
1.149000000000000000e+03 1.526088234158168714e-07
1.150000000000000000e+03 1.523215206364109107e-07
1.151000000000000000e+03 1.516756946175809229e-07
1.152000000000000000e+03 1.538345790003743709e-07
1.153000000000000000e+03 1.529817576231985137e-07
1.154000000000000000e+03 1.510374352330436131e-07
1.155000000000000000e+03 1.514260777257784440e-07
1.156000000000000000e+03 1.526841023532498946e-07
1.157000000000000000e+03 1.525302234263073859e-07
1.158000000000000000e+03 1.539287478932603893e-07
1.159000000000000000e+03 1.506075415821382925e-07
1.160000000000000000e+03 1.538421656597567139e-07
1.161000000000000000e+03 1.525810973672292179e-07
1.162000000000000000e+03 1.514182986800129612e-07
1.163000000000000000e+03 1.519892021370464536e-07
1.164000000000000000e+03 1.537887837823629431e-07
1.165000000000000000e+03 1.523424070155001960e-07
1.166000000000000000e+03 1.521129955253478221e-07
1.167000000000000000e+03 1.515278319404895345e-07
1.168000000000000000e+03 1.529886731256164677e-07
1.169000000000000000e+03 1.533082686546577937e-07
1.170000000000000000e+03 1.512003705199333832e-07
1.171000000000000000e+03 1.516589650129394081e-07
1.172000000000000000e+03 1.517532599104346692e-07
1.173000000000000000e+03 1.526898868305348724e-07
1.174000000000000000e+03 1.502973427308868455e-07
1.175000000000000000e+03 1.519623131878449532e-07
1.176000000000000000e+03 1.529268402925023461e-07
1.177000000000000000e+03 1.530812981165094498e-07
1.178000000000000000e+03 1.515401541907093574e-07
1.179000000000000000e+03 1.562911561928012852e-07
1.180000000000000000e+03 1.512275988719737333e-07
1.181000000000000000e+03 1.540208341817993498e-07
1.182000000000000000e+03 1.544348121265481508e-07
1.183000000000000000e+03 1.527611126366048531e-07
1.184000000000000000e+03 1.581003206822577907e-07
1.185000000000000000e+03 1.533431139063735460e-07
1.186000000000000000e+03 1.519067522118846684e-07
1.187000000000000000e+03 1.556113874056527644e-07
1.188000000000000000e+03 1.506391422196137680e-07
1.189000000000000000e+03 1.512239926995646986e-07
1.190000000000000000e+03 1.518666066174078667e-07
1.191000000000000000e+03 1.529144878273610389e-07
1.192000000000000000e+03 1.528990897460307568e-07
1.193000000000000000e+03 1.501542893886722367e-07
1.194000000000000000e+03 1.519209243768917997e-07
1.195000000000000000e+03 1.529612112420144523e-07
1.196000000000000000e+03 1.516665693448906691e-07
1.197000000000000000e+03 1.506947231822992397e-07
1.198000000000000000e+03 1.516222309231873700e-07
1.199000000000000000e+03 1.537823973420809305e-07
1.200000000000000000e+03 1.534099659273127190e-07
1.201000000000000000e+03 1.511379284909213075e-07
1.202000000000000000e+03 1.509193777077899098e-07
1.203000000000000000e+03 1.520152730133180440e-07
1.204000000000000000e+03 1.532393715561087967e-07
1.205000000000000000e+03 1.512523265091606910e-07
1.206000000000000000e+03 1.506927204142262707e-07
1.207000000000000000e+03 1.500561410763137369e-07
1.208000000000000000e+03 1.509931407210060244e-07
1.209000000000000000e+03 1.496798396014802656e-07
1.210000000000000000e+03 1.525164494123819094e-07
1.211000000000000000e+03 1.515438522393073377e-07
1.212000000000000000e+03 1.538979244790905253e-07
1.213000000000000000e+03 1.555796185004287178e-07
1.214000000000000000e+03 1.519609160648123999e-07
1.215000000000000000e+03 1.521465322327762101e-07
1.216000000000000000e+03 1.504458887994391321e-07
1.217000000000000000e+03 1.508188457930393240e-07
1.218000000000000000e+03 1.498212345902355372e-07
1.219000000000000000e+03 1.514633495618587715e-07
1.220000000000000000e+03 1.517215193433752611e-07
1.221000000000000000e+03 1.511119031296542503e-07
1.222000000000000000e+03 1.531852316191693541e-07
1.223000000000000000e+03 1.506806791170837741e-07
1.224000000000000000e+03 1.526013578375271753e-07
1.225000000000000000e+03 1.512609694909020610e-07
1.226000000000000000e+03 1.508151881218278070e-07
1.227000000000000000e+03 1.535663827504410648e-07
1.228000000000000000e+03 1.514874032457358431e-07
1.229000000000000000e+03 1.507743980911587563e-07
1.230000000000000000e+03 1.503259344020543439e-07
1.231000000000000000e+03 1.516384764375778861e-07
1.232000000000000000e+03 1.496882596421971632e-07
1.233000000000000000e+03 1.499226759588932540e-07
1.234000000000000000e+03 1.523076654700035663e-07
1.235000000000000000e+03 1.511743921596989502e-07
1.236000000000000000e+03 1.529011355548788302e-07
1.237000000000000000e+03 1.532096411481339408e-07
1.238000000000000000e+03 1.520458107025074835e-07
1.239000000000000000e+03 1.547161746362725845e-07
1.240000000000000000e+03 1.513051729316431536e-07
1.241000000000000000e+03 1.510826171380141627e-07
1.242000000000000000e+03 1.515428565840892799e-07
1.243000000000000000e+03 1.510537131286008451e-07
1.244000000000000000e+03 1.518738689094448741e-07
1.245000000000000000e+03 1.538473669804693482e-07
1.246000000000000000e+03 1.496387285391596585e-07
1.247000000000000000e+03 1.533346606429473735e-07
1.248000000000000000e+03 1.502604770158124971e-07
1.249000000000000000e+03 1.499669149550890871e-07
1.250000000000000000e+03 1.510937003721005016e-07
1.251000000000000000e+03 1.522202806546243633e-07
1.252000000000000000e+03 1.513764993347843480e-07
1.253000000000000000e+03 1.506801666504598836e-07
1.254000000000000000e+03 1.502973622027369144e-07
1.255000000000000000e+03 1.512096972363913063e-07
1.256000000000000000e+03 1.541562275468974868e-07
1.257000000000000000e+03 1.509340329374407214e-07
1.258000000000000000e+03 1.538153319390596500e-07
1.259000000000000000e+03 1.517421180906989258e-07
1.260000000000000000e+03 1.505224820832542109e-07
1.261000000000000000e+03 1.508336535633066333e-07
1.262000000000000000e+03 1.502532658198471839e-07
1.263000000000000000e+03 1.504171966857660921e-07
1.264000000000000000e+03 1.500075087470752949e-07
1.265000000000000000e+03 1.532148338097998825e-07
1.266000000000000000e+03 1.521743693638821630e-07
1.267000000000000000e+03 1.523748699849121375e-07
1.268000000000000000e+03 1.510262408409728391e-07
1.269000000000000000e+03 1.508035682374190730e-07
1.270000000000000000e+03 1.511647640302223555e-07
1.271000000000000000e+03 1.516425603742201574e-07
1.272000000000000000e+03 1.508228702023402147e-07
1.273000000000000000e+03 1.497549476470479916e-07
1.274000000000000000e+03 1.515864566366833838e-07
1.275000000000000000e+03 1.516311586520552342e-07
1.276000000000000000e+03 1.507661805215968333e-07
1.277000000000000000e+03 1.504239967188680574e-07
1.278000000000000000e+03 1.513398434964879023e-07
1.279000000000000000e+03 1.502823041019189081e-07
1.280000000000000000e+03 1.527037266558226452e-07
1.281000000000000000e+03 1.499650573806138857e-07
1.282000000000000000e+03 1.509172465685136842e-07
1.283000000000000000e+03 1.523716503114025413e-07
1.284000000000000000e+03 1.495926115632792128e-07
1.285000000000000000e+03 1.517761944452943368e-07
1.286000000000000000e+03 1.498278152617020528e-07
1.287000000000000000e+03 1.493128653596019300e-07
1.288000000000000000e+03 1.501079002150231694e-07
1.289000000000000000e+03 1.519161034408926117e-07
1.290000000000000000e+03 1.508836003933847799e-07
1.291000000000000000e+03 1.504962536625162870e-07
1.292000000000000000e+03 1.500132367166707556e-07
1.293000000000000000e+03 1.532242965313456847e-07
1.294000000000000000e+03 1.494255316734938397e-07
1.295000000000000000e+03 1.506621134850296630e-07
1.296000000000000000e+03 1.523299999539212106e-07
1.297000000000000000e+03 1.529123325344996005e-07
1.298000000000000000e+03 1.517505515544713730e-07
1.299000000000000000e+03 1.493908800682454236e-07
1.300000000000000000e+03 1.498813148495021192e-07
1.301000000000000000e+03 1.493148578885310449e-07
1.302000000000000000e+03 1.494158247713538253e-07
1.303000000000000000e+03 1.553915711959394448e-07
1.304000000000000000e+03 1.500487868802425287e-07
1.305000000000000000e+03 1.497065879480777996e-07
1.306000000000000000e+03 1.488752319661832510e-07
1.307000000000000000e+03 1.504469852756667625e-07
1.308000000000000000e+03 1.508524055013161784e-07
1.309000000000000000e+03 1.493639615732866994e-07
1.310000000000000000e+03 1.505184136494187189e-07
1.311000000000000000e+03 1.521356394569094181e-07
1.312000000000000000e+03 1.507842351735034637e-07
1.313000000000000000e+03 1.502871758715277377e-07
1.314000000000000000e+03 1.500517294182803497e-07
1.315000000000000000e+03 1.494617238984514400e-07
1.316000000000000000e+03 1.503839137062460730e-07
1.317000000000000000e+03 1.537024907945284581e-07
1.318000000000000000e+03 1.507841732502902695e-07
1.319000000000000000e+03 1.512588074184714191e-07
1.320000000000000000e+03 1.489146252872463126e-07
1.321000000000000000e+03 1.529841781894287534e-07
1.322000000000000000e+03 1.498061137572146566e-07
1.323000000000000000e+03 1.490873634223307169e-07
1.324000000000000000e+03 1.513884805378457246e-07
1.325000000000000000e+03 1.494555983829167643e-07
1.326000000000000000e+03 1.502491671340267722e-07
1.327000000000000000e+03 1.497348741777067215e-07
1.328000000000000000e+03 1.498141980768620701e-07
1.329000000000000000e+03 1.513238838401313606e-07
1.330000000000000000e+03 1.493128861971520454e-07
1.331000000000000000e+03 1.506937402179727281e-07
1.332000000000000000e+03 1.501579250385902449e-07
1.333000000000000000e+03 1.515114146527840781e-07
1.334000000000000000e+03 1.512154203299262244e-07
1.335000000000000000e+03 1.503152021468560557e-07
1.336000000000000000e+03 1.507716292651692485e-07
1.337000000000000000e+03 1.502053546894941110e-07
1.338000000000000000e+03 1.511016517907861247e-07
1.339000000000000000e+03 1.504621793412373889e-07
1.340000000000000000e+03 1.507007393870438439e-07
1.341000000000000000e+03 1.518530497611223881e-07
1.342000000000000000e+03 1.488689115760172409e-07
1.343000000000000000e+03 1.489202851419104054e-07
1.344000000000000000e+03 1.504513813964695808e-07
1.345000000000000000e+03 1.501242209033309181e-07
1.346000000000000000e+03 1.509641940874820293e-07
1.347000000000000000e+03 1.526028252708075577e-07
1.348000000000000000e+03 1.508650814601224291e-07
1.349000000000000000e+03 1.503288048564944105e-07
1.350000000000000000e+03 1.499253407836053765e-07
1.351000000000000000e+03 1.497873436360230012e-07
1.352000000000000000e+03 1.505618282588803273e-07
1.353000000000000000e+03 1.509472267415247309e-07
1.354000000000000000e+03 1.520505593407221839e-07
1.355000000000000000e+03 1.499533109484860330e-07
1.356000000000000000e+03 1.509887701161691815e-07
1.357000000000000000e+03 1.507351482683601683e-07
1.358000000000000000e+03 1.493331983526869249e-07
1.359000000000000000e+03 1.502641861455491532e-07
1.360000000000000000e+03 1.493559054145040732e-07
1.361000000000000000e+03 1.496626593194149485e-07
1.362000000000000000e+03 1.497207303342144727e-07
1.363000000000000000e+03 1.505707750397818651e-07
1.364000000000000000e+03 1.504204964188549260e-07
1.365000000000000000e+03 1.495306497849216769e-07
1.366000000000000000e+03 1.495189219754268979e-07
1.367000000000000000e+03 1.499075953451323438e-07
1.368000000000000000e+03 1.487477665065113834e-07
1.369000000000000000e+03 1.502447903855101439e-07
1.370000000000000000e+03 1.507633765967738061e-07
1.371000000000000000e+03 1.503799098060256616e-07
1.372000000000000000e+03 1.494507946801291283e-07
1.373000000000000000e+03 1.510631317822011575e-07
1.374000000000000000e+03 1.534431961207495520e-07
1.375000000000000000e+03 1.487548780503588004e-07
1.376000000000000000e+03 1.501061678102009152e-07
1.377000000000000000e+03 1.487557633925018322e-07
1.378000000000000000e+03 1.488353627264528427e-07
1.379000000000000000e+03 1.504043926941710493e-07
1.380000000000000000e+03 1.491761616742164813e-07
1.381000000000000000e+03 1.484684951197834806e-07
1.382000000000000000e+03 1.518087719931883197e-07
1.383000000000000000e+03 1.490745914099472988e-07
1.384000000000000000e+03 1.496565131490594104e-07
1.385000000000000000e+03 1.508628899063793446e-07
1.386000000000000000e+03 1.500047397677923848e-07
1.387000000000000000e+03 1.502147890457311510e-07
1.388000000000000000e+03 1.492630640847996697e-07
1.389000000000000000e+03 1.498960696247197202e-07
1.390000000000000000e+03 1.490036811940203970e-07
1.391000000000000000e+03 1.505081569743674336e-07
1.392000000000000000e+03 1.490224732644932023e-07
1.393000000000000000e+03 1.505491879527451178e-07
1.394000000000000000e+03 1.492710767660533399e-07
1.395000000000000000e+03 1.492513691634840617e-07
1.396000000000000000e+03 1.491039647672017179e-07
1.397000000000000000e+03 1.486651968903303973e-07
1.398000000000000000e+03 1.517343080242326394e-07
1.399000000000000000e+03 1.499343057565477451e-07
1.400000000000000000e+03 1.498400210440965555e-07
1.401000000000000000e+03 1.500785523740553011e-07
1.402000000000000000e+03 1.508075204530895060e-07
1.403000000000000000e+03 1.514499413007628118e-07
1.404000000000000000e+03 1.496077326173217472e-07
1.405000000000000000e+03 1.497856235865018363e-07
1.406000000000000000e+03 1.500036225156980135e-07
1.407000000000000000e+03 1.494173190395679658e-07
1.408000000000000000e+03 1.479870977936723281e-07
1.409000000000000000e+03 1.506286707353071698e-07
1.410000000000000000e+03 1.501183504264951381e-07
1.411000000000000000e+03 1.488642341968876244e-07
1.412000000000000000e+03 1.497201782564745392e-07
1.413000000000000000e+03 1.496308308776345970e-07
1.414000000000000000e+03 1.507063806752803165e-07
1.415000000000000000e+03 1.499283785811673697e-07
1.416000000000000000e+03 1.491993520363149407e-07
1.417000000000000000e+03 1.499253104799744228e-07
1.418000000000000000e+03 1.515731325627076301e-07
1.419000000000000000e+03 1.491096703634936118e-07
1.420000000000000000e+03 1.498222528507394219e-07
1.421000000000000000e+03 1.494306506088449374e-07
1.422000000000000000e+03 1.489732767031426846e-07
1.423000000000000000e+03 1.489034561727040422e-07
1.424000000000000000e+03 1.488324524920446327e-07
1.425000000000000000e+03 1.489036881378458251e-07
1.426000000000000000e+03 1.493300296544467193e-07
1.427000000000000000e+03 1.482076598238896843e-07
1.428000000000000000e+03 1.493232864884331829e-07
1.429000000000000000e+03 1.518936078447298652e-07
1.430000000000000000e+03 1.489517264668037033e-07
1.431000000000000000e+03 1.493508109439181085e-07
1.432000000000000000e+03 1.488474306765894910e-07
1.433000000000000000e+03 1.491191091914710021e-07
1.434000000000000000e+03 1.506203411895091968e-07
1.435000000000000000e+03 1.488520905217243561e-07
1.436000000000000000e+03 1.497070422448982407e-07
1.437000000000000000e+03 1.490188337242879956e-07
1.438000000000000000e+03 1.502859664615377798e-07
1.439000000000000000e+03 1.503740788727421033e-07
1.440000000000000000e+03 1.487213993411326630e-07
1.441000000000000000e+03 1.486958583696406366e-07
1.442000000000000000e+03 1.483515212002998796e-07
1.443000000000000000e+03 1.490523838879472755e-07
1.444000000000000000e+03 1.499915283621127714e-07
1.445000000000000000e+03 1.509580836198867729e-07
1.446000000000000000e+03 1.494755966008932707e-07
1.447000000000000000e+03 1.486324552182437430e-07
1.448000000000000000e+03 1.483972627977519081e-07
1.449000000000000000e+03 1.488091124179777271e-07
1.450000000000000000e+03 1.487911968680349389e-07
1.451000000000000000e+03 1.494467975303627775e-07
1.452000000000000000e+03 1.514494168594593924e-07
1.453000000000000000e+03 1.497622502535238911e-07
1.454000000000000000e+03 1.500394217509630556e-07
1.455000000000000000e+03 1.486067487148624433e-07
1.456000000000000000e+03 1.488485368415727306e-07
1.457000000000000000e+03 1.493188758078142747e-07
1.458000000000000000e+03 1.506428371614202586e-07
1.459000000000000000e+03 1.517418636626422548e-07
1.460000000000000000e+03 1.517425127603356452e-07
1.461000000000000000e+03 1.488062205569273324e-07
1.462000000000000000e+03 1.498333230125534479e-07
1.463000000000000000e+03 1.494982670641585061e-07
1.464000000000000000e+03 1.498627219403137116e-07
1.465000000000000000e+03 1.500727974810342208e-07
1.466000000000000000e+03 1.499839486591193478e-07
1.467000000000000000e+03 1.485329924645426151e-07
1.468000000000000000e+03 1.498897866639215951e-07
1.469000000000000000e+03 1.500622226986630252e-07
1.470000000000000000e+03 1.488814130119277434e-07
1.471000000000000000e+03 1.487644454891345485e-07
1.472000000000000000e+03 1.507499790580264154e-07
1.473000000000000000e+03 1.492565658735258429e-07
1.474000000000000000e+03 1.485461116381858480e-07
1.475000000000000000e+03 1.485945874839655876e-07
1.476000000000000000e+03 1.492142930358240469e-07
1.477000000000000000e+03 1.486739810131082143e-07
1.478000000000000000e+03 1.495927675589783865e-07
1.479000000000000000e+03 1.495074182338454920e-07
1.480000000000000000e+03 1.517369386668655363e-07
1.481000000000000000e+03 1.491821645063389628e-07
1.482000000000000000e+03 1.497800269564446929e-07
1.483000000000000000e+03 1.488047106475813530e-07
1.484000000000000000e+03 1.481511578756043758e-07
1.485000000000000000e+03 1.514883694870508548e-07
1.486000000000000000e+03 1.491728292633920651e-07
1.487000000000000000e+03 1.479651881806755775e-07
1.488000000000000000e+03 1.493885204535303658e-07
1.489000000000000000e+03 1.484615298616506001e-07
1.490000000000000000e+03 1.481094726654043982e-07
1.491000000000000000e+03 1.482523615133394296e-07
1.492000000000000000e+03 1.511452796075189768e-07
1.493000000000000000e+03 1.491197480110541641e-07
1.494000000000000000e+03 1.488471183894874152e-07
1.495000000000000000e+03 1.478951805402765571e-07
1.496000000000000000e+03 1.489458005902705313e-07
1.497000000000000000e+03 1.496833626145505346e-07
1.498000000000000000e+03 1.488624644086694308e-07
1.499000000000000000e+03 1.488528860533390143e-07
1.500000000000000000e+03 1.488741659451165864e-07
1.501000000000000000e+03 1.485638702483103399e-07
1.502000000000000000e+03 1.496843885244516296e-07
1.503000000000000000e+03 1.486718891450829172e-07
1.504000000000000000e+03 1.492513994714769703e-07
1.505000000000000000e+03 1.495321825644054129e-07
1.506000000000000000e+03 1.488205519332244446e-07
1.507000000000000000e+03 1.498007111866405498e-07
1.508000000000000000e+03 1.502980251821032146e-07
1.509000000000000000e+03 1.498122673217756480e-07
1.510000000000000000e+03 1.484682782992986740e-07
1.511000000000000000e+03 1.497990310509287131e-07
1.512000000000000000e+03 1.491766486434298708e-07
1.513000000000000000e+03 1.483241299006986949e-07
1.514000000000000000e+03 1.489759485594335707e-07
1.515000000000000000e+03 1.482084941297171581e-07
1.516000000000000000e+03 1.501399427052077832e-07
1.517000000000000000e+03 1.480832386511112947e-07
1.518000000000000000e+03 1.478116607056291987e-07
1.519000000000000000e+03 1.486839885391480839e-07
1.520000000000000000e+03 1.490731629463788538e-07
1.521000000000000000e+03 1.499254078415646166e-07
1.522000000000000000e+03 1.509475577856040439e-07
1.523000000000000000e+03 1.491485460115841833e-07
1.524000000000000000e+03 1.479413128353993282e-07
1.525000000000000000e+03 1.487171221988084927e-07
1.526000000000000000e+03 1.485149416579554481e-07
1.527000000000000000e+03 1.488995400654011498e-07
1.528000000000000000e+03 1.497483703491391102e-07
1.529000000000000000e+03 1.482028607144130669e-07
1.530000000000000000e+03 1.490885641397260512e-07
1.531000000000000000e+03 1.487364507712528340e-07
1.532000000000000000e+03 1.477996229146958634e-07
1.533000000000000000e+03 1.486847132877496939e-07
1.534000000000000000e+03 1.491967069438046630e-07
1.535000000000000000e+03 1.499605490274567389e-07
1.536000000000000000e+03 1.479209930812123205e-07
1.537000000000000000e+03 1.491066557831288168e-07
1.538000000000000000e+03 1.485222428884201045e-07
1.539000000000000000e+03 1.489261995064263616e-07
1.540000000000000000e+03 1.481483576756938874e-07
1.541000000000000000e+03 1.486956133447211502e-07
1.542000000000000000e+03 1.479630399518780985e-07
1.543000000000000000e+03 1.490794630338264392e-07
1.544000000000000000e+03 1.493219129340304741e-07
1.545000000000000000e+03 1.480436329469922191e-07
1.546000000000000000e+03 1.487968376208010315e-07
1.547000000000000000e+03 1.489874927005046058e-07
1.548000000000000000e+03 1.482311541842877160e-07
1.549000000000000000e+03 1.500421470157899564e-07
1.550000000000000000e+03 1.501455947676734341e-07
1.551000000000000000e+03 1.486062032666237331e-07
1.552000000000000000e+03 1.487005624721648599e-07
1.553000000000000000e+03 1.482313359665110439e-07
1.554000000000000000e+03 1.492508466903137613e-07
1.555000000000000000e+03 1.484756436367615056e-07
1.556000000000000000e+03 1.495434002062495841e-07
1.557000000000000000e+03 1.479474670018385590e-07
1.558000000000000000e+03 1.504697911384694584e-07
1.559000000000000000e+03 1.484736274473260471e-07
1.560000000000000000e+03 1.482657508390637754e-07
1.561000000000000000e+03 1.483399815934123048e-07
1.562000000000000000e+03 1.478812796906364981e-07
1.563000000000000000e+03 1.476667461229783311e-07
1.564000000000000000e+03 1.491135412574972718e-07
1.565000000000000000e+03 1.480051401288408175e-07
1.566000000000000000e+03 1.481365062198595574e-07
1.567000000000000000e+03 1.481555715038380129e-07
1.568000000000000000e+03 1.482586182362163876e-07
1.569000000000000000e+03 1.489959198890978643e-07
1.570000000000000000e+03 1.490012864119371400e-07
1.571000000000000000e+03 1.481069413325729433e-07
1.572000000000000000e+03 1.482906366050749326e-07
1.573000000000000000e+03 1.476925642959918297e-07
1.574000000000000000e+03 1.502513297953387007e-07
1.575000000000000000e+03 1.480777656628384385e-07
1.576000000000000000e+03 1.487964384652562771e-07
1.577000000000000000e+03 1.489487277201473140e-07
1.578000000000000000e+03 1.479845476156044175e-07
1.579000000000000000e+03 1.481590410943522043e-07
1.580000000000000000e+03 1.489242029011651641e-07
1.581000000000000000e+03 1.484424093383909608e-07
1.582000000000000000e+03 1.480462912029125901e-07
1.583000000000000000e+03 1.484808121977060901e-07
1.584000000000000000e+03 1.499271400791240423e-07
1.585000000000000000e+03 1.484924392082354349e-07
1.586000000000000000e+03 1.488638777474163199e-07
1.587000000000000000e+03 1.481780562821534078e-07
1.588000000000000000e+03 1.472773546839223433e-07
1.589000000000000000e+03 1.502086651754522550e-07
1.590000000000000000e+03 1.478024513710169319e-07
1.591000000000000000e+03 1.482285195015941697e-07
1.592000000000000000e+03 1.476963790105686943e-07
1.593000000000000000e+03 1.504993016546771216e-07
1.594000000000000000e+03 1.474693972965558626e-07
1.595000000000000000e+03 1.486061838584412927e-07
1.596000000000000000e+03 1.478118705048329653e-07
1.597000000000000000e+03 1.493598666014170026e-07
1.598000000000000000e+03 1.489543403661426580e-07
1.599000000000000000e+03 1.476816089165351167e-07
1.600000000000000000e+03 1.478083499143212358e-07
1.601000000000000000e+03 1.476470905652715211e-07
1.602000000000000000e+03 1.485865738115739430e-07
1.603000000000000000e+03 1.486176967298434741e-07
1.604000000000000000e+03 1.477178322780659867e-07
1.605000000000000000e+03 1.474342584417172576e-07
1.606000000000000000e+03 1.481914321372268404e-07
1.607000000000000000e+03 1.486031280402734637e-07
1.608000000000000000e+03 1.492424733378659074e-07
1.609000000000000000e+03 1.475513310557566106e-07
1.610000000000000000e+03 1.478850336936761939e-07
1.611000000000000000e+03 1.484421059369609898e-07
1.612000000000000000e+03 1.499045693776417941e-07
1.613000000000000000e+03 1.497449970057987984e-07
1.614000000000000000e+03 1.485374951673566614e-07
1.615000000000000000e+03 1.487992585848880993e-07
1.616000000000000000e+03 1.494858286830967918e-07
1.617000000000000000e+03 1.479603890464494250e-07
1.618000000000000000e+03 1.484328327845593862e-07
1.619000000000000000e+03 1.477395200987464961e-07
1.620000000000000000e+03 1.497516451840631041e-07
1.621000000000000000e+03 1.481667623914753244e-07
1.622000000000000000e+03 1.480577501197196180e-07
1.623000000000000000e+03 1.491428305531675647e-07
1.624000000000000000e+03 1.477281629569059482e-07
1.625000000000000000e+03 1.480802495996435182e-07
1.626000000000000000e+03 1.486782334440736997e-07
1.627000000000000000e+03 1.490897357889890999e-07
1.628000000000000000e+03 1.481745651328892772e-07
1.629000000000000000e+03 1.489923873643211155e-07
1.630000000000000000e+03 1.474359267944085575e-07
1.631000000000000000e+03 1.484313362697785267e-07
1.632000000000000000e+03 1.485592289616807429e-07
1.633000000000000000e+03 1.474389393753045143e-07
1.634000000000000000e+03 1.482527124214753475e-07
1.635000000000000000e+03 1.475944161449910417e-07
1.636000000000000000e+03 1.479152522742662762e-07
1.637000000000000000e+03 1.475472987716260906e-07
1.638000000000000000e+03 1.477878681686128639e-07
1.639000000000000000e+03 1.482659892432942781e-07
1.640000000000000000e+03 1.483869626509317555e-07
1.641000000000000000e+03 1.480910192353451548e-07
1.642000000000000000e+03 1.476394185490614177e-07
1.643000000000000000e+03 1.475359912030082000e-07
1.644000000000000000e+03 1.484094469423857678e-07
1.645000000000000000e+03 1.485005281293844109e-07
1.646000000000000000e+03 1.475435146594095095e-07
1.647000000000000000e+03 1.483439979408260541e-07
1.648000000000000000e+03 1.471097452383668503e-07
1.649000000000000000e+03 1.485278861161288540e-07
1.650000000000000000e+03 1.484228051277534125e-07
1.651000000000000000e+03 1.476463284008035459e-07
1.652000000000000000e+03 1.476683511751361836e-07
1.653000000000000000e+03 1.481749261501296660e-07
1.654000000000000000e+03 1.483019759739411297e-07
1.655000000000000000e+03 1.484165469788315574e-07
1.656000000000000000e+03 1.482395403030408417e-07
1.657000000000000000e+03 1.476437603766250983e-07
1.658000000000000000e+03 1.492884102195890413e-07
1.659000000000000000e+03 1.476317164257152489e-07
1.660000000000000000e+03 1.476286494603284480e-07
1.661000000000000000e+03 1.480652238695322179e-07
1.662000000000000000e+03 1.479063823846410069e-07
1.663000000000000000e+03 1.488994255070115770e-07
1.664000000000000000e+03 1.476421569481814160e-07
1.665000000000000000e+03 1.476468645956464145e-07
1.666000000000000000e+03 1.476599845258858927e-07
1.667000000000000000e+03 1.496423936927398943e-07
1.668000000000000000e+03 1.484917898653424969e-07
1.669000000000000000e+03 1.523941774398710005e-07
1.670000000000000000e+03 1.490072412768347520e-07
1.671000000000000000e+03 1.482869488648651146e-07
1.672000000000000000e+03 1.471897885264968948e-07
1.673000000000000000e+03 1.485791650424709594e-07
1.674000000000000000e+03 1.484951294882878377e-07
1.675000000000000000e+03 1.492505604990733573e-07
1.676000000000000000e+03 1.480058222560664490e-07
1.677000000000000000e+03 1.481901428434410158e-07
1.678000000000000000e+03 1.482426515785483488e-07
1.679000000000000000e+03 1.477908757946314124e-07
