0.000000000000000000e+00 1.932781224412678063e-04
1.000000000000000000e+00 1.281826160553248229e-04
2.000000000000000000e+00 1.286448329616618003e-04
3.000000000000000000e+00 1.267701964112555942e-04
4.000000000000000000e+00 1.168842909758633188e-04
5.000000000000000000e+00 1.160688357884210166e-04
6.000000000000000000e+00 1.111677821908854956e-04
7.000000000000000000e+00 1.029961427495267322e-04
8.000000000000000000e+00 8.771620520267589473e-05
9.000000000000000000e+00 8.098760162142458301e-05
1.000000000000000000e+01 6.030812453472659222e-05
1.100000000000000000e+01 4.340783361493986677e-05
1.200000000000000000e+01 4.170449665282085155e-05
1.300000000000000000e+01 3.143121742600267596e-05
1.400000000000000000e+01 3.049829956735046379e-05
1.500000000000000000e+01 3.137213505309628718e-05
1.600000000000000000e+01 2.937886896508984819e-05
1.700000000000000000e+01 2.562876793993567749e-05
1.800000000000000000e+01 2.586764160927336882e-05
1.900000000000000000e+01 3.219697174228662112e-05
2.000000000000000000e+01 3.068200971137522679e-05
2.100000000000000000e+01 2.598486311187474419e-05
2.200000000000000000e+01 2.594760027780851626e-05
2.300000000000000000e+01 2.601502225302690610e-05
2.400000000000000000e+01 2.803435289212406772e-05
2.500000000000000000e+01 3.139058601911762068e-05
2.600000000000000000e+01 2.245285512794306293e-05
2.700000000000000000e+01 2.244552393125316561e-05
2.800000000000000000e+01 2.173653747585871761e-05
2.900000000000000000e+01 2.252038140051654765e-05
3.000000000000000000e+01 2.128268426071166738e-05
3.100000000000000000e+01 2.289766717402916916e-05
3.200000000000000000e+01 2.098993971828530173e-05
3.300000000000000000e+01 2.280575783985558659e-05
3.400000000000000000e+01 2.374336288595117682e-05
3.500000000000000000e+01 2.334188437674551705e-05
3.600000000000000000e+01 2.374697802531999807e-05
3.700000000000000000e+01 2.085392975145540596e-05
3.800000000000000000e+01 2.078112813027630654e-05
3.900000000000000000e+01 2.005222130232085315e-05
4.000000000000000000e+01 1.933546561794611960e-05
4.100000000000000000e+01 1.977441979792124877e-05
4.200000000000000000e+01 1.988534753204455484e-05
4.300000000000000000e+01 1.860992285401189531e-05
4.400000000000000000e+01 1.816765051827596926e-05
4.500000000000000000e+01 1.845296702035564921e-05
4.600000000000000000e+01 1.825235975767862116e-05
4.700000000000000000e+01 2.093650341947956889e-05
4.800000000000000000e+01 1.953841159845739602e-05
4.900000000000000000e+01 1.773758837329389616e-05
5.000000000000000000e+01 1.911042456976662379e-05
5.100000000000000000e+01 2.561478920045643954e-05
5.200000000000000000e+01 2.076381680266683845e-05
5.300000000000000000e+01 2.514675610376685287e-05
5.400000000000000000e+01 2.138475179115999599e-05
5.500000000000000000e+01 1.662523444704101227e-05
5.600000000000000000e+01 1.835728897026074892e-05
5.700000000000000000e+01 1.515200015525209286e-05
5.800000000000000000e+01 1.722033225007744083e-05
5.900000000000000000e+01 1.737324813556557975e-05
6.000000000000000000e+01 1.624326581640592155e-05
6.100000000000000000e+01 1.657512285032225073e-05
6.200000000000000000e+01 1.876028620771324009e-05
6.300000000000000000e+01 1.711836813020180950e-05
6.400000000000000000e+01 1.379755416453846986e-05
6.500000000000000000e+01 1.648794653115244100e-05
6.600000000000000000e+01 1.339120824619807130e-05
6.700000000000000000e+01 1.435089918162931625e-05
6.800000000000000000e+01 1.394846656713607235e-05
6.900000000000000000e+01 1.369381032848680705e-05
7.000000000000000000e+01 1.356074291941519265e-05
7.100000000000000000e+01 1.552850081471900503e-05
7.200000000000000000e+01 1.316666799870269581e-05
7.300000000000000000e+01 1.301572531479323183e-05
7.400000000000000000e+01 1.213835740627136858e-05
7.500000000000000000e+01 1.304607975909132314e-05
7.600000000000000000e+01 1.155343802944517001e-05
7.700000000000000000e+01 1.161106429020653495e-05
7.800000000000000000e+01 1.217265655666169526e-05
7.900000000000000000e+01 1.147821344738412249e-05
8.000000000000000000e+01 1.195094987754186623e-05
8.100000000000000000e+01 1.275605834646719884e-05
8.200000000000000000e+01 1.288304538737180907e-05
8.300000000000000000e+01 1.211845913890909410e-05
8.400000000000000000e+01 1.066119275283728493e-05
8.500000000000000000e+01 1.208748891282815376e-05
8.600000000000000000e+01 1.163290695512292647e-05
8.700000000000000000e+01 1.221965628290319260e-05
8.800000000000000000e+01 1.283082170526500051e-05
8.900000000000000000e+01 1.309726055896715854e-05
9.000000000000000000e+01 1.223442932920958401e-05
9.100000000000000000e+01 1.217387660841515656e-05
9.200000000000000000e+01 1.168494073824151948e-05
9.300000000000000000e+01 1.128292058491292970e-05
9.400000000000000000e+01 1.131832319242430588e-05
9.500000000000000000e+01 1.114868041871801754e-05
9.600000000000000000e+01 1.190684461812219799e-05
9.700000000000000000e+01 1.051419012828276992e-05
9.800000000000000000e+01 1.072430045051048527e-05
9.900000000000000000e+01 1.166894063778728337e-05
1.000000000000000000e+02 1.237395876534588151e-05
1.010000000000000000e+02 1.265864796258484442e-05
1.020000000000000000e+02 1.158247872331122666e-05
1.030000000000000000e+02 1.129562550855499261e-05
1.040000000000000000e+02 1.055921536042288657e-05
1.050000000000000000e+02 1.167742125453593174e-05
1.060000000000000000e+02 1.083350045450775292e-05
1.070000000000000000e+02 1.143421344085503845e-05
1.080000000000000000e+02 1.157604193194290221e-05
1.090000000000000000e+02 1.117157172392628043e-05
1.100000000000000000e+02 1.063622567070432490e-05
1.110000000000000000e+02 1.098541417793646858e-05
1.120000000000000000e+02 1.287497417553615025e-05
1.130000000000000000e+02 1.326957564681634657e-05
1.140000000000000000e+02 1.252187544745305495e-05
1.150000000000000000e+02 1.085330986163402450e-05
1.160000000000000000e+02 1.066108855192454828e-05
1.170000000000000000e+02 1.209459865339965755e-05
1.180000000000000000e+02 1.143128808798602070e-05
1.190000000000000000e+02 1.264257043415671464e-05
1.200000000000000000e+02 1.065497039320491518e-05
1.210000000000000000e+02 1.053041507031383401e-05
1.220000000000000000e+02 1.164074023722486983e-05
1.230000000000000000e+02 1.124224157431406537e-05
1.240000000000000000e+02 1.222137607111276181e-05
1.250000000000000000e+02 1.082440644919177087e-05
1.260000000000000000e+02 1.142641570609073289e-05
1.270000000000000000e+02 1.023988089337502641e-05
1.280000000000000000e+02 1.016386100911744675e-05
1.290000000000000000e+02 1.117880066267377372e-05
1.300000000000000000e+02 1.081778645129190543e-05
1.310000000000000000e+02 1.144123678452828880e-05
1.320000000000000000e+02 1.041494063903098504e-05
1.330000000000000000e+02 1.160293837566855070e-05
1.340000000000000000e+02 1.065599237154175686e-05
1.350000000000000000e+02 1.104367436493454458e-05
1.360000000000000000e+02 1.137626820050512522e-05
1.370000000000000000e+02 1.037484736126884691e-05
1.380000000000000000e+02 1.040951924291698024e-05
1.390000000000000000e+02 9.901168537732093824e-06
1.400000000000000000e+02 1.099767367330730892e-05
1.410000000000000000e+02 1.172633173325826848e-05
1.420000000000000000e+02 1.041693431332822062e-05
1.430000000000000000e+02 1.141146264307854202e-05
1.440000000000000000e+02 1.032179318749259706e-05
1.450000000000000000e+02 1.010341783949064100e-05
1.460000000000000000e+02 1.053980848571559593e-05
1.470000000000000000e+02 9.911522240338150046e-06
1.480000000000000000e+02 1.033275581258026225e-05
1.490000000000000000e+02 9.923762332096808150e-06
1.500000000000000000e+02 1.053282966474798876e-05
1.510000000000000000e+02 1.175827170299522113e-05
1.520000000000000000e+02 1.052138128311930093e-05
1.530000000000000000e+02 9.896185057055138998e-06
1.540000000000000000e+02 1.033563841751331097e-05
1.550000000000000000e+02 1.134968381750553213e-05
1.560000000000000000e+02 1.095817972462494525e-05
1.570000000000000000e+02 1.017782820905504564e-05
1.580000000000000000e+02 1.105291085585210135e-05
1.590000000000000000e+02 9.981997715781438469e-06
1.600000000000000000e+02 1.029398472357258220e-05
1.610000000000000000e+02 1.192070322966336214e-05
1.620000000000000000e+02 9.878335518072927233e-06
1.630000000000000000e+02 1.072891178988068661e-05
1.640000000000000000e+02 1.167209341432538565e-05
1.650000000000000000e+02 9.724410735044792051e-06
1.660000000000000000e+02 1.049291284219688237e-05
1.670000000000000000e+02 9.246528061079137807e-06
1.680000000000000000e+02 1.005402070772899430e-05
1.690000000000000000e+02 9.215887927682368125e-06
1.700000000000000000e+02 1.032778418260871857e-05
1.710000000000000000e+02 9.669840050140528226e-06
1.720000000000000000e+02 9.723359846843698364e-06
1.730000000000000000e+02 1.059478466441095671e-05
1.740000000000000000e+02 9.613450638289409379e-06
1.750000000000000000e+02 1.019818744864912649e-05
1.760000000000000000e+02 9.161065834151360332e-06
1.770000000000000000e+02 9.521553633784683138e-06
1.780000000000000000e+02 9.464232734677400521e-06
1.790000000000000000e+02 1.006012555667540501e-05
1.800000000000000000e+02 9.816942842942459849e-06
1.810000000000000000e+02 9.926912193918322903e-06
1.820000000000000000e+02 9.799967076523183221e-06
1.830000000000000000e+02 9.566786114226515943e-06
1.840000000000000000e+02 1.038253888204634829e-05
1.850000000000000000e+02 1.022914160630560650e-05
1.860000000000000000e+02 1.027002472756301978e-05
1.870000000000000000e+02 1.005387063219007904e-05
1.880000000000000000e+02 9.711560219120712482e-06
1.890000000000000000e+02 1.018880073396541235e-05
1.900000000000000000e+02 1.030506288977622880e-05
1.910000000000000000e+02 9.662877602019135444e-06
1.920000000000000000e+02 9.767353473384847686e-06
1.930000000000000000e+02 9.328199440710377294e-06
1.940000000000000000e+02 9.974594265907075748e-06
1.950000000000000000e+02 1.148234128030253558e-05
1.960000000000000000e+02 1.009088392496603678e-05
1.970000000000000000e+02 9.356216782731966472e-06
1.980000000000000000e+02 9.326644355522620020e-06
1.990000000000000000e+02 1.048048630523559930e-05
2.000000000000000000e+02 9.356223104008046227e-06
2.010000000000000000e+02 9.615193196948358583e-06
2.020000000000000000e+02 9.133492009763062347e-06
2.030000000000000000e+02 9.174329879653101420e-06
2.040000000000000000e+02 9.230552480895210245e-06
2.050000000000000000e+02 9.256004645754047994e-06
2.060000000000000000e+02 9.483630527736766641e-06
2.070000000000000000e+02 9.350463739238841642e-06
2.080000000000000000e+02 9.093949218553379227e-06
2.090000000000000000e+02 9.607572800543751678e-06
2.100000000000000000e+02 9.006903164100817403e-06
2.110000000000000000e+02 9.229612737537999377e-06
2.120000000000000000e+02 9.702878692672913560e-06
2.130000000000000000e+02 9.224863492172984133e-06
2.140000000000000000e+02 9.505319436155210380e-06
2.150000000000000000e+02 9.347947436832408522e-06
2.160000000000000000e+02 1.046360471885409766e-05
2.170000000000000000e+02 9.673687488798332526e-06
2.180000000000000000e+02 9.540215091022875342e-06
2.190000000000000000e+02 9.555595689339675003e-06
2.200000000000000000e+02 9.026445827268030019e-06
2.210000000000000000e+02 9.217845706603085406e-06
2.220000000000000000e+02 9.327719041744622009e-06
2.230000000000000000e+02 9.317710533639712893e-06
2.240000000000000000e+02 9.244493783162407730e-06
2.250000000000000000e+02 9.029764164954026288e-06
2.260000000000000000e+02 9.046899031170797548e-06
2.270000000000000000e+02 9.054888984092528364e-06
2.280000000000000000e+02 9.199401907423888954e-06
2.290000000000000000e+02 8.973486675552937796e-06
2.300000000000000000e+02 8.975237026302656211e-06
2.310000000000000000e+02 9.150559262017700374e-06
2.320000000000000000e+02 8.965524532711890128e-06
2.330000000000000000e+02 9.053695498122534964e-06
2.340000000000000000e+02 9.126496944551368179e-06
2.350000000000000000e+02 9.017386866648369683e-06
2.360000000000000000e+02 9.355731801850284397e-06
2.370000000000000000e+02 8.792194237812587956e-06
2.380000000000000000e+02 8.958470712755733307e-06
2.390000000000000000e+02 8.947825617589781605e-06
2.400000000000000000e+02 9.606765026963769386e-06
2.410000000000000000e+02 9.276108879467620343e-06
2.420000000000000000e+02 8.969814160420144208e-06
2.430000000000000000e+02 9.060965247827806123e-06
2.440000000000000000e+02 8.954542442047235635e-06
2.450000000000000000e+02 9.063281518606697710e-06
2.460000000000000000e+02 9.127726145039989433e-06
2.470000000000000000e+02 8.961417804257282101e-06
2.480000000000000000e+02 8.999144361010092647e-06
2.490000000000000000e+02 8.854155713793156188e-06
2.500000000000000000e+02 8.673013140302674974e-06
2.510000000000000000e+02 9.064156939425297086e-06
2.520000000000000000e+02 9.117144229874543472e-06
2.530000000000000000e+02 8.799185512157181713e-06
2.540000000000000000e+02 9.163251067271870105e-06
2.550000000000000000e+02 9.124724751065433891e-06
2.560000000000000000e+02 8.926790747515293573e-06
2.570000000000000000e+02 8.750606894948344375e-06
2.580000000000000000e+02 9.100569202333423971e-06
2.590000000000000000e+02 9.047280358143843852e-06
2.600000000000000000e+02 8.651288561405824477e-06
2.610000000000000000e+02 9.225337700501459138e-06
2.620000000000000000e+02 9.077251240135464756e-06
2.630000000000000000e+02 9.015474160745785178e-06
2.640000000000000000e+02 8.585303330934380465e-06
2.650000000000000000e+02 9.261778772768462662e-06
2.660000000000000000e+02 8.613888760788251941e-06
2.670000000000000000e+02 8.870323901449845433e-06
2.680000000000000000e+02 8.602938309940862374e-06
2.690000000000000000e+02 9.002255033835990198e-06
2.700000000000000000e+02 8.748614732833611763e-06
2.710000000000000000e+02 8.568056583130504822e-06
2.720000000000000000e+02 9.034277646556685790e-06
2.730000000000000000e+02 9.155984008305755701e-06
2.740000000000000000e+02 9.097931904574524097e-06
2.750000000000000000e+02 8.757032454615390149e-06
2.760000000000000000e+02 8.731215473120797966e-06
2.770000000000000000e+02 8.796135205930456441e-06
2.780000000000000000e+02 8.811722460835080893e-06
2.790000000000000000e+02 8.626063861967665230e-06
2.800000000000000000e+02 8.647665702127918608e-06
2.810000000000000000e+02 8.590983276894340051e-06
2.820000000000000000e+02 8.921317836533269432e-06
2.830000000000000000e+02 8.887628846028429886e-06
2.840000000000000000e+02 9.121509802820407757e-06
2.850000000000000000e+02 8.816613316752548141e-06
2.860000000000000000e+02 8.624405245751920712e-06
2.870000000000000000e+02 8.740762382896444976e-06
2.880000000000000000e+02 8.946850922470450890e-06
2.890000000000000000e+02 8.762061525181647504e-06
2.900000000000000000e+02 8.657938633751834491e-06
2.910000000000000000e+02 9.268629021683080194e-06
2.920000000000000000e+02 8.657278248602002382e-06
2.930000000000000000e+02 8.641512104168651932e-06
2.940000000000000000e+02 8.629002912780351408e-06
2.950000000000000000e+02 8.923512509118591965e-06
2.960000000000000000e+02 8.693310717855861646e-06
2.970000000000000000e+02 8.625313454795717279e-06
2.980000000000000000e+02 8.675917709046837524e-06
2.990000000000000000e+02 8.644597469565780978e-06
3.000000000000000000e+02 8.944024465460200158e-06
3.010000000000000000e+02 8.585514884890035536e-06
3.020000000000000000e+02 8.450173172424708766e-06
3.030000000000000000e+02 8.456987970617017625e-06
3.040000000000000000e+02 8.769714537791352155e-06
3.050000000000000000e+02 8.356275863444781389e-06
3.060000000000000000e+02 8.517634242287883524e-06
3.070000000000000000e+02 8.560212908351392923e-06
3.080000000000000000e+02 8.714497593108328961e-06
3.090000000000000000e+02 8.878647250750992204e-06
3.100000000000000000e+02 8.578181215101599513e-06
3.110000000000000000e+02 8.831009750871553522e-06
3.120000000000000000e+02 8.683324189721400085e-06
3.130000000000000000e+02 8.619378783492054799e-06
3.140000000000000000e+02 8.526342129904062659e-06
3.150000000000000000e+02 8.703291163135908539e-06
3.160000000000000000e+02 9.069762511386589255e-06
3.170000000000000000e+02 8.531230516666586872e-06
3.180000000000000000e+02 8.672843068408698640e-06
3.190000000000000000e+02 8.523845288190508282e-06
3.200000000000000000e+02 8.532881331492502447e-06
3.210000000000000000e+02 8.313888805903448811e-06
3.220000000000000000e+02 8.620760248650461498e-06
3.230000000000000000e+02 8.737248267698558907e-06
3.240000000000000000e+02 8.605551413974923982e-06
3.250000000000000000e+02 8.588428359848143269e-06
3.260000000000000000e+02 8.981558689958270476e-06
3.270000000000000000e+02 8.568970255441769001e-06
3.280000000000000000e+02 8.305093398480589012e-06
3.290000000000000000e+02 8.431375801112628342e-06
3.300000000000000000e+02 8.467865206080834104e-06
3.310000000000000000e+02 8.789581381766010642e-06
3.320000000000000000e+02 9.099467906018495091e-06
3.330000000000000000e+02 8.415094226515058850e-06
3.340000000000000000e+02 8.420309492991751704e-06
3.350000000000000000e+02 8.388431434317589406e-06
3.360000000000000000e+02 8.435187609780061849e-06
3.370000000000000000e+02 8.346905050776445430e-06
3.380000000000000000e+02 8.603476291384506744e-06
3.390000000000000000e+02 8.908173446704490141e-06
3.400000000000000000e+02 8.565541166846647571e-06
3.410000000000000000e+02 8.540461179595976307e-06
3.420000000000000000e+02 8.525202048579489059e-06
3.430000000000000000e+02 8.291917337665775380e-06
3.440000000000000000e+02 8.472649582746802336e-06
3.450000000000000000e+02 8.445952724679716130e-06
3.460000000000000000e+02 8.678442690676710985e-06
3.470000000000000000e+02 8.307805397934007444e-06
3.480000000000000000e+02 8.429640142048156227e-06
3.490000000000000000e+02 8.473368559872730265e-06
3.500000000000000000e+02 8.696236074623841513e-06
3.510000000000000000e+02 9.018132749438028054e-06
3.520000000000000000e+02 8.435834993438622427e-06
3.530000000000000000e+02 8.551343286584417452e-06
3.540000000000000000e+02 8.632862009531156263e-06
3.550000000000000000e+02 8.536992967124661403e-06
3.560000000000000000e+02 8.265288127576789738e-06
3.570000000000000000e+02 8.297472888656081736e-06
3.580000000000000000e+02 8.403431749268812424e-06
3.590000000000000000e+02 9.059579007810088992e-06
3.600000000000000000e+02 8.269562759179005694e-06
3.610000000000000000e+02 8.541935022441696869e-06
3.620000000000000000e+02 8.627253825265804096e-06
3.630000000000000000e+02 8.286171556060683256e-06
3.640000000000000000e+02 8.145669859358876670e-06
3.650000000000000000e+02 8.573021069545983886e-06
3.660000000000000000e+02 8.418232117954111112e-06
3.670000000000000000e+02 8.749204950092000037e-06
3.680000000000000000e+02 8.346796996003139077e-06
3.690000000000000000e+02 8.632900330922762031e-06
3.700000000000000000e+02 8.220146107811810714e-06
3.710000000000000000e+02 8.436442924693114868e-06
3.720000000000000000e+02 8.362496505255953352e-06
3.730000000000000000e+02 8.673973233492466732e-06
3.740000000000000000e+02 8.495769177174582317e-06
3.750000000000000000e+02 8.152142870995035995e-06
3.760000000000000000e+02 8.238032513118324825e-06
3.770000000000000000e+02 8.159554447667840814e-06
3.780000000000000000e+02 8.686667947190219956e-06
3.790000000000000000e+02 8.350896743858075396e-06
3.800000000000000000e+02 8.285901135647114678e-06
3.810000000000000000e+02 8.250588701646745896e-06
3.820000000000000000e+02 8.361867079314767658e-06
3.830000000000000000e+02 8.202319548733008321e-06
3.840000000000000000e+02 8.255958094517693038e-06
3.850000000000000000e+02 8.707936377156088922e-06
3.860000000000000000e+02 8.242103513366067917e-06
3.870000000000000000e+02 8.288758039664556734e-06
3.880000000000000000e+02 8.426161038140718657e-06
3.890000000000000000e+02 8.496646902656676041e-06
3.900000000000000000e+02 8.494264375548924126e-06
3.910000000000000000e+02 8.416257582780038433e-06
3.920000000000000000e+02 8.277434175897978302e-06
3.930000000000000000e+02 8.361715497036720273e-06
3.940000000000000000e+02 8.198219559893600312e-06
3.950000000000000000e+02 8.296880393646614417e-06
3.960000000000000000e+02 8.589602344073233542e-06
3.970000000000000000e+02 8.184005155261556231e-06
3.980000000000000000e+02 8.350432618986844283e-06
3.990000000000000000e+02 8.478586089170113288e-06
4.000000000000000000e+02 8.516474639458593504e-06
4.010000000000000000e+02 8.623153045059530860e-06
4.020000000000000000e+02 8.177199102936027052e-06
4.030000000000000000e+02 8.257319749043732392e-06
4.040000000000000000e+02 8.413107146668665864e-06
4.050000000000000000e+02 8.360055989160523887e-06
4.060000000000000000e+02 8.213639389149025351e-06
4.070000000000000000e+02 8.530922777855829241e-06
4.080000000000000000e+02 8.174545187907123110e-06
4.090000000000000000e+02 8.373655520382405288e-06
4.100000000000000000e+02 8.366770361216945085e-06
4.110000000000000000e+02 8.206158597134632435e-06
4.120000000000000000e+02 8.186128986013428195e-06
4.130000000000000000e+02 8.156265243417117530e-06
4.140000000000000000e+02 8.474378305127118567e-06
4.150000000000000000e+02 8.381687599133307904e-06
4.160000000000000000e+02 8.348096271189234236e-06
4.170000000000000000e+02 8.331114088923716554e-06
4.180000000000000000e+02 8.430116267542803074e-06
4.190000000000000000e+02 8.052179621911059577e-06
4.200000000000000000e+02 8.402241499426967789e-06
4.210000000000000000e+02 8.391506267672874513e-06
4.220000000000000000e+02 8.669740908681576000e-06
4.230000000000000000e+02 8.390285770811109221e-06
4.240000000000000000e+02 8.386286565719379936e-06
4.250000000000000000e+02 8.422334012178372381e-06
4.260000000000000000e+02 8.101579532153160013e-06
4.270000000000000000e+02 7.989224551983697801e-06
4.280000000000000000e+02 8.442718401356486324e-06
4.290000000000000000e+02 8.085362602332669003e-06
4.300000000000000000e+02 8.753944791135340311e-06
4.310000000000000000e+02 8.313110422129010721e-06
4.320000000000000000e+02 8.310549912218312676e-06
4.330000000000000000e+02 8.254563580541310959e-06
4.340000000000000000e+02 8.268042758477923694e-06
4.350000000000000000e+02 8.285461737764401627e-06
4.360000000000000000e+02 8.106972392707492172e-06
4.370000000000000000e+02 8.241533425621964658e-06
4.380000000000000000e+02 8.245610714103601438e-06
4.390000000000000000e+02 8.555984254792388060e-06
4.400000000000000000e+02 8.562480456539840368e-06
4.410000000000000000e+02 8.236372463935062740e-06
4.420000000000000000e+02 8.021812963241286353e-06
4.430000000000000000e+02 8.253807084384247536e-06
4.440000000000000000e+02 8.147654277067178171e-06
4.450000000000000000e+02 8.448916202806535264e-06
4.460000000000000000e+02 8.005381030815701674e-06
4.470000000000000000e+02 8.482101924575656570e-06
4.480000000000000000e+02 8.538701593460442283e-06
4.490000000000000000e+02 8.573619569369313675e-06
4.500000000000000000e+02 8.570789229532546510e-06
4.510000000000000000e+02 8.128439048610321279e-06
4.520000000000000000e+02 8.136614981971203929e-06
4.530000000000000000e+02 8.199153288124139618e-06
4.540000000000000000e+02 8.286886592103686022e-06
4.550000000000000000e+02 8.209016666173577154e-06
4.560000000000000000e+02 7.938638775470353422e-06
4.570000000000000000e+02 8.003023421098207131e-06
4.580000000000000000e+02 8.020593762572156301e-06
4.590000000000000000e+02 8.149066634999180736e-06
4.600000000000000000e+02 8.412704022892579097e-06
4.610000000000000000e+02 8.311856506372222251e-06
4.620000000000000000e+02 8.283763012743055706e-06
4.630000000000000000e+02 8.492317487530464973e-06
4.640000000000000000e+02 8.867028897530805141e-06
4.650000000000000000e+02 8.445732115315097963e-06
4.660000000000000000e+02 8.157281688015664478e-06
4.670000000000000000e+02 8.256188696565531192e-06
4.680000000000000000e+02 8.352204452816675183e-06
4.690000000000000000e+02 8.031970501300540803e-06
4.700000000000000000e+02 8.378617776821972444e-06
4.710000000000000000e+02 8.044645822111686813e-06
4.720000000000000000e+02 8.206613766448091950e-06
4.730000000000000000e+02 8.178594805443624647e-06
4.740000000000000000e+02 8.411090186508471766e-06
4.750000000000000000e+02 8.213356954642185993e-06
4.760000000000000000e+02 8.039049943510682129e-06
4.770000000000000000e+02 8.224830234657948716e-06
4.780000000000000000e+02 8.276263873107084012e-06
4.790000000000000000e+02 8.105175905107108239e-06
4.800000000000000000e+02 8.189033802013025119e-06
4.810000000000000000e+02 8.207330506704354147e-06
4.820000000000000000e+02 8.496449163390041114e-06
4.830000000000000000e+02 8.290371308874458988e-06
4.840000000000000000e+02 8.304406173955203191e-06
4.850000000000000000e+02 8.158036230378842258e-06
4.860000000000000000e+02 8.714865137190351430e-06
4.870000000000000000e+02 8.340196023879198041e-06
4.880000000000000000e+02 8.764888195461395987e-06
4.890000000000000000e+02 8.543642138970195771e-06
4.900000000000000000e+02 8.401965192801503368e-06
4.910000000000000000e+02 8.157651872799102485e-06
4.920000000000000000e+02 8.184973498883996393e-06
4.930000000000000000e+02 8.541844327573905977e-06
4.940000000000000000e+02 8.553460211377903022e-06
4.950000000000000000e+02 8.602064125888869145e-06
4.960000000000000000e+02 8.140048847596969176e-06
4.970000000000000000e+02 8.071311323954942203e-06
4.980000000000000000e+02 8.571623934728811730e-06
4.990000000000000000e+02 8.019036503286061416e-06
5.000000000000000000e+02 8.357699694310760709e-06
5.010000000000000000e+02 8.057254694719962867e-06
5.020000000000000000e+02 8.388598324451846221e-06
5.030000000000000000e+02 8.486576577512857525e-06
5.040000000000000000e+02 8.285291809024660029e-06
5.050000000000000000e+02 8.282504838559790394e-06
5.060000000000000000e+02 8.194954107983171431e-06
5.070000000000000000e+02 8.400341419241542739e-06
5.080000000000000000e+02 8.485641229380582140e-06
