0.000000000000000000e+00 1.011522347730125782e-01
1.000000000000000000e+00 2.775665187477179691e-02
2.000000000000000000e+00 2.597916983304094426e-03
3.000000000000000000e+00 2.166216260277687745e-03
4.000000000000000000e+00 2.122436608169795021e-03
5.000000000000000000e+00 2.092337181656669411e-03
6.000000000000000000e+00 2.059148367085414377e-03
7.000000000000000000e+00 2.031399709657207703e-03
8.000000000000000000e+00 2.002319356094005211e-03
9.000000000000000000e+00 1.976278070216804308e-03
1.000000000000000000e+01 1.948181978415508553e-03
1.100000000000000000e+01 1.922539338398056774e-03
1.200000000000000000e+01 1.895636507276303668e-03
1.300000000000000000e+01 1.873636673412391960e-03
1.400000000000000000e+01 1.845501316697971276e-03
1.500000000000000000e+01 1.820099014471424645e-03
1.600000000000000000e+01 1.795183569538420440e-03
1.700000000000000000e+01 1.773871208292837186e-03
1.800000000000000000e+01 1.741448864410921789e-03
1.900000000000000000e+01 1.716602734916490743e-03
2.000000000000000000e+01 1.689832345579208965e-03
2.100000000000000000e+01 1.656859881750635073e-03
2.200000000000000000e+01 1.626519713354970245e-03
2.300000000000000000e+01 1.596724396830854088e-03
2.400000000000000000e+01 1.558063991692240852e-03
2.500000000000000000e+01 1.517054844063366612e-03
2.600000000000000000e+01 1.472964923893010491e-03
2.700000000000000000e+01 1.421314964036423300e-03
2.800000000000000000e+01 1.361709105063770844e-03
2.900000000000000000e+01 1.263496977327339954e-03
3.000000000000000000e+01 1.136417245615491513e-03
3.100000000000000000e+01 9.582807675391488223e-04
3.200000000000000000e+01 7.221628046541995419e-04
3.300000000000000000e+01 4.913621557335175151e-04
3.400000000000000000e+01 3.499733163016634143e-04
3.500000000000000000e+01 2.670829255862166413e-04
3.600000000000000000e+01 2.335513091899530194e-04
3.700000000000000000e+01 2.101693164897191568e-04
3.800000000000000000e+01 1.924078306792217951e-04
3.900000000000000000e+01 1.769465418034269486e-04
4.000000000000000000e+01 1.619558740824086701e-04
4.100000000000000000e+01 1.496051263536494688e-04
4.200000000000000000e+01 1.412993452518093501e-04
4.300000000000000000e+01 1.329649904545175654e-04
4.400000000000000000e+01 1.251745525067698322e-04
4.500000000000000000e+01 1.196138414863923073e-04
4.600000000000000000e+01 1.147499826840866864e-04
4.700000000000000000e+01 1.100079217695254329e-04
4.800000000000000000e+01 1.072654818854122942e-04
4.900000000000000000e+01 1.060687299200750402e-04
5.000000000000000000e+01 9.863371790941000909e-05
5.100000000000000000e+01 9.580832134988485460e-05
5.200000000000000000e+01 9.351505834888205635e-05
5.300000000000000000e+01 9.043867413573264641e-05
5.400000000000000000e+01 8.986043976435978495e-05
5.500000000000000000e+01 8.684516428315165704e-05
5.600000000000000000e+01 8.470532008187190581e-05
5.700000000000000000e+01 8.338536592877172882e-05
5.800000000000000000e+01 8.066883781832450404e-05
5.900000000000000000e+01 7.924169610731189800e-05
6.000000000000000000e+01 7.918238720501836222e-05
6.100000000000000000e+01 7.798973735877949131e-05
6.200000000000000000e+01 7.617791057344142243e-05
6.300000000000000000e+01 7.372924061912416538e-05
6.400000000000000000e+01 7.273460975256580664e-05
6.500000000000000000e+01 7.169725394973072534e-05
6.600000000000000000e+01 7.349567234662864870e-05
6.700000000000000000e+01 7.003647221097043124e-05
6.800000000000000000e+01 6.808871379330013124e-05
6.900000000000000000e+01 6.823558957287195444e-05
7.000000000000000000e+01 6.638889198169967230e-05
7.100000000000000000e+01 6.508591818097507638e-05
7.200000000000000000e+01 6.472958168098407003e-05
7.300000000000000000e+01 6.354753450916494938e-05
7.400000000000000000e+01 6.384600432719382069e-05
7.500000000000000000e+01 6.261385216332801236e-05
7.600000000000000000e+01 6.217766188100968779e-05
7.700000000000000000e+01 6.052846896852620399e-05
7.800000000000000000e+01 6.037089648051202368e-05
7.900000000000000000e+01 5.933407768626171173e-05
8.000000000000000000e+01 5.969466601049648976e-05
8.100000000000000000e+01 5.784897271015716433e-05
8.200000000000000000e+01 5.787271065772989242e-05
8.300000000000000000e+01 5.662891473833250525e-05
8.400000000000000000e+01 5.739453733072702495e-05
8.500000000000000000e+01 5.422610936989618154e-05
8.600000000000000000e+01 5.355835781048449989e-05
8.700000000000000000e+01 5.302475676250862101e-05
8.800000000000000000e+01 5.449608084816580996e-05
8.900000000000000000e+01 5.209025345952228203e-05
9.000000000000000000e+01 5.090791555453300435e-05
9.100000000000000000e+01 5.185288428327882143e-05
9.200000000000000000e+01 5.074952812984995682e-05
9.300000000000000000e+01 4.945588599142969045e-05
9.400000000000000000e+01 4.943641237450978939e-05
9.500000000000000000e+01 4.798567777953075794e-05
9.600000000000000000e+01 4.775956990307494196e-05
9.700000000000000000e+01 4.771297232726097644e-05
9.800000000000000000e+01 4.643987017460390258e-05
9.900000000000000000e+01 4.628449815296238157e-05
1.000000000000000000e+02 4.687932747188762917e-05
1.010000000000000000e+02 4.567792995290083521e-05
1.020000000000000000e+02 4.526641319156795261e-05
1.030000000000000000e+02 4.576460562756996922e-05
1.040000000000000000e+02 4.360721107343642323e-05
1.050000000000000000e+02 4.367078253103494584e-05
1.060000000000000000e+02 4.295958907941277883e-05
1.070000000000000000e+02 4.319776949414012602e-05
1.080000000000000000e+02 4.220542900591670824e-05
1.090000000000000000e+02 4.179956478820921306e-05
1.100000000000000000e+02 4.159867843973758672e-05
1.110000000000000000e+02 4.133452605306525197e-05
1.120000000000000000e+02 4.059386834658215514e-05
1.130000000000000000e+02 4.051854666729555189e-05
1.140000000000000000e+02 3.968478278638166198e-05
1.150000000000000000e+02 4.100865834161347424e-05
1.160000000000000000e+02 4.023632106789892381e-05
1.170000000000000000e+02 4.044639619430212302e-05
1.180000000000000000e+02 3.893790228479021456e-05
1.190000000000000000e+02 3.982295269531130468e-05
1.200000000000000000e+02 3.926325564472458698e-05
1.210000000000000000e+02 3.782005146125480002e-05
1.220000000000000000e+02 3.827188266376124775e-05
1.230000000000000000e+02 3.764180649612879900e-05
1.240000000000000000e+02 3.740503716967730089e-05
1.250000000000000000e+02 3.681494562766323369e-05
1.260000000000000000e+02 3.611511426260767191e-05
1.270000000000000000e+02 3.640774159408559130e-05
1.280000000000000000e+02 3.619857273024094035e-05
1.290000000000000000e+02 3.611984188206914865e-05
1.300000000000000000e+02 3.587423365607674843e-05
1.310000000000000000e+02 3.566962651160657802e-05
1.320000000000000000e+02 3.694815870520534891e-05
