0.000000000000000000e+00 7.031802762737987328e-04
1.000000000000000000e+00 3.419354084199133659e-04
2.000000000000000000e+00 2.138059992850052649e-04
3.000000000000000000e+00 2.515460018430865086e-04
4.000000000000000000e+00 1.343297846213968062e-04
5.000000000000000000e+00 1.296377042333899385e-04
6.000000000000000000e+00 1.271690234845737166e-04
7.000000000000000000e+00 1.309464990399054581e-04
8.000000000000000000e+00 1.307808508360938724e-04
9.000000000000000000e+00 1.261507144752803747e-04
1.000000000000000000e+01 1.357329331660485372e-04
1.100000000000000000e+01 1.194656574990192959e-04
1.200000000000000000e+01 2.047220553506826513e-04
1.300000000000000000e+01 1.476664474090275429e-04
1.400000000000000000e+01 1.409153432117592262e-04
1.500000000000000000e+01 1.465982586404517289e-04
1.600000000000000000e+01 1.171032042574122469e-04
1.700000000000000000e+01 1.345899137111820551e-04
1.800000000000000000e+01 1.292177265836803131e-04
1.900000000000000000e+01 1.282362800595305218e-04
2.000000000000000000e+01 1.161509110135564943e-04
2.100000000000000000e+01 1.139935408166524249e-04
2.200000000000000000e+01 1.152965693932640940e-04
2.300000000000000000e+01 1.210128842842368989e-04
2.400000000000000000e+01 1.191825340308555323e-04
2.500000000000000000e+01 1.171795059719381998e-04
2.600000000000000000e+01 1.206056324961980231e-04
2.700000000000000000e+01 1.227710137164097701e-04
2.800000000000000000e+01 1.084559258437382140e-04
2.900000000000000000e+01 1.202200580541100329e-04
3.000000000000000000e+01 1.169438742653753537e-04
3.100000000000000000e+01 1.335449445079402370e-04
3.200000000000000000e+01 1.466269929384122529e-04
3.300000000000000000e+01 1.132491559717146691e-04
3.400000000000000000e+01 1.271557574243500715e-04
3.500000000000000000e+01 1.197073394077540425e-04
3.600000000000000000e+01 1.222061728995096528e-04
3.700000000000000000e+01 1.076860948416199891e-04
3.800000000000000000e+01 1.097292037480069568e-04
3.900000000000000000e+01 1.111589770393846141e-04
4.000000000000000000e+01 1.054335646428093475e-04
4.100000000000000000e+01 1.099111413500226817e-04
4.200000000000000000e+01 1.015517241158494122e-04
4.300000000000000000e+01 1.061864400651970405e-04
4.400000000000000000e+01 1.054679098303270976e-04
4.500000000000000000e+01 9.911952910058305973e-05
4.600000000000000000e+01 9.802679086749390292e-05
4.700000000000000000e+01 9.597987370267507888e-05
4.800000000000000000e+01 8.956908772254292982e-05
4.900000000000000000e+01 8.446791168763730627e-05
5.000000000000000000e+01 8.547376333434550724e-05
5.100000000000000000e+01 8.223261761144108292e-05
5.200000000000000000e+01 6.465153383057985355e-05
5.300000000000000000e+01 5.700093038561238664e-05
5.400000000000000000e+01 5.001465905900346324e-05
5.500000000000000000e+01 4.684805304478051877e-05
5.600000000000000000e+01 4.418331031158064442e-05
5.700000000000000000e+01 4.417080805111087187e-05
5.800000000000000000e+01 3.930296621655451000e-05
5.900000000000000000e+01 4.054391009981930637e-05
6.000000000000000000e+01 4.160039304370046588e-05
6.100000000000000000e+01 3.748448633496118988e-05
6.200000000000000000e+01 3.758578848462587130e-05
6.300000000000000000e+01 3.638056798791223107e-05
6.400000000000000000e+01 3.814071027944503903e-05
6.500000000000000000e+01 3.707603300880160646e-05
6.600000000000000000e+01 3.592864059033949362e-05
6.700000000000000000e+01 3.616817247129636262e-05
6.800000000000000000e+01 3.694393020918938157e-05
6.900000000000000000e+01 3.766048620272797592e-05
7.000000000000000000e+01 3.745336308589867678e-05
7.100000000000000000e+01 3.884994685285682190e-05
7.200000000000000000e+01 3.652368106144977241e-05
7.300000000000000000e+01 3.709732039405578961e-05
7.400000000000000000e+01 3.564405227800597297e-05
7.500000000000000000e+01 3.607175810322480944e-05
7.600000000000000000e+01 3.602068094626405389e-05
7.700000000000000000e+01 3.563893631457674098e-05
7.800000000000000000e+01 3.729934678201230245e-05
7.900000000000000000e+01 3.562124215668475627e-05
8.000000000000000000e+01 3.589075841193761161e-05
8.100000000000000000e+01 3.927740160414481353e-05
8.200000000000000000e+01 3.855507957367699943e-05
8.300000000000000000e+01 3.638295102747808737e-05
8.400000000000000000e+01 3.649440316703913471e-05
8.500000000000000000e+01 3.644921276926114278e-05
8.600000000000000000e+01 3.594068650668781238e-05
8.700000000000000000e+01 3.519430354461250269e-05
8.800000000000000000e+01 3.689503001407621751e-05
8.900000000000000000e+01 3.539330983699806327e-05
9.000000000000000000e+01 3.745634041487294819e-05
9.100000000000000000e+01 3.654176551532922144e-05
9.200000000000000000e+01 3.666707836919382463e-05
9.300000000000000000e+01 3.635724724056071131e-05
9.400000000000000000e+01 3.811749165083527921e-05
9.500000000000000000e+01 3.580060445164948884e-05
9.600000000000000000e+01 3.563231507495945668e-05
9.700000000000000000e+01 3.573055221599396577e-05
9.800000000000000000e+01 3.544520048407057177e-05
9.900000000000000000e+01 3.533831034425331997e-05
1.000000000000000000e+02 3.567588342068206614e-05
1.010000000000000000e+02 3.569422031155919172e-05
1.020000000000000000e+02 3.586119032905516363e-05
1.030000000000000000e+02 3.573677524607848520e-05
1.040000000000000000e+02 3.535021897967670254e-05
1.050000000000000000e+02 3.599488057082737705e-05
1.060000000000000000e+02 3.810368695844786724e-05
1.070000000000000000e+02 3.747785332424093303e-05
1.080000000000000000e+02 3.592567904068784071e-05
1.090000000000000000e+02 3.528607913719363854e-05
1.100000000000000000e+02 3.617687709640905925e-05
1.110000000000000000e+02 3.691217666634062270e-05
1.120000000000000000e+02 3.634511837846483211e-05
1.130000000000000000e+02 3.518887598302479448e-05
1.140000000000000000e+02 3.512862605144043170e-05
1.150000000000000000e+02 3.508125616716226928e-05
1.160000000000000000e+02 3.590730752041567406e-05
1.170000000000000000e+02 3.476969278018942857e-05
1.180000000000000000e+02 3.490599007738757976e-05
1.190000000000000000e+02 3.550777378918235734e-05
1.200000000000000000e+02 3.516416256964270193e-05
1.210000000000000000e+02 3.658276178454567820e-05
1.220000000000000000e+02 3.494078089625744153e-05
1.230000000000000000e+02 3.819704205673553593e-05
1.240000000000000000e+02 3.535250854351576608e-05
1.250000000000000000e+02 3.524197517515696465e-05
1.260000000000000000e+02 3.557847081886163725e-05
1.270000000000000000e+02 3.642506862881967266e-05
1.280000000000000000e+02 3.678836740667105310e-05
1.290000000000000000e+02 3.538094494043288413e-05
1.300000000000000000e+02 3.705270901854219135e-05
1.310000000000000000e+02 3.953815462541832455e-05
1.320000000000000000e+02 3.560237393979009143e-05
1.330000000000000000e+02 3.527307044184914387e-05
1.340000000000000000e+02 3.490629261510995235e-05
1.350000000000000000e+02 3.647761616833571785e-05
1.360000000000000000e+02 3.535307000421731265e-05
1.370000000000000000e+02 3.749895844323696567e-05
1.380000000000000000e+02 3.531538647240471397e-05
1.390000000000000000e+02 3.714537267524228723e-05
1.400000000000000000e+02 3.733959662549370909e-05
1.410000000000000000e+02 3.617992837925971254e-05
1.420000000000000000e+02 3.515022049928899419e-05
1.430000000000000000e+02 3.464026409605147882e-05
1.440000000000000000e+02 3.501019651078612373e-05
1.450000000000000000e+02 3.607248815618432160e-05
1.460000000000000000e+02 3.584451582416630332e-05
1.470000000000000000e+02 3.555434195693682562e-05
1.480000000000000000e+02 3.538245475222619234e-05
1.490000000000000000e+02 3.683616067719435952e-05
1.500000000000000000e+02 3.527254006160180017e-05
1.510000000000000000e+02 3.539003429645665058e-05
1.520000000000000000e+02 3.462292209412484592e-05
1.530000000000000000e+02 3.539455693823419886e-05
1.540000000000000000e+02 3.584100552138103904e-05
1.550000000000000000e+02 3.545747640195852791e-05
1.560000000000000000e+02 3.697336420383774924e-05
1.570000000000000000e+02 3.608498989752508354e-05
1.580000000000000000e+02 3.556063788402017323e-05
1.590000000000000000e+02 3.630764347983177974e-05
1.600000000000000000e+02 3.509023675286429995e-05
1.610000000000000000e+02 3.531008452603238556e-05
1.620000000000000000e+02 3.505299125772979809e-05
1.630000000000000000e+02 3.489222092685213394e-05
1.640000000000000000e+02 3.458289228620338180e-05
1.650000000000000000e+02 3.447331574407392593e-05
1.660000000000000000e+02 3.440512184898166962e-05
1.670000000000000000e+02 3.509659897060396142e-05
1.680000000000000000e+02 3.620308880047437816e-05
1.690000000000000000e+02 3.524027572009933449e-05
1.700000000000000000e+02 3.457621296728088413e-05
1.710000000000000000e+02 3.543848621304018863e-05
1.720000000000000000e+02 3.528957210242763377e-05
1.730000000000000000e+02 3.440249931322713787e-05
1.740000000000000000e+02 3.563345472441363661e-05
1.750000000000000000e+02 3.636777133790909829e-05
1.760000000000000000e+02 3.746158912464162037e-05
1.770000000000000000e+02 3.588942585965471804e-05
1.780000000000000000e+02 3.478051641083196608e-05
1.790000000000000000e+02 3.489486261089072539e-05
1.800000000000000000e+02 3.545632971916532177e-05
1.810000000000000000e+02 3.456263911771177575e-05
1.820000000000000000e+02 3.473289799963272853e-05
1.830000000000000000e+02 3.525155006216444898e-05
1.840000000000000000e+02 3.495261682241530192e-05
1.850000000000000000e+02 3.464663468464898696e-05
1.860000000000000000e+02 3.476652650645864224e-05
1.870000000000000000e+02 3.484481248958153511e-05
1.880000000000000000e+02 3.485922177912909823e-05
1.890000000000000000e+02 3.465472576737515045e-05
1.900000000000000000e+02 3.593464695960546127e-05
1.910000000000000000e+02 3.501347828383454637e-05
1.920000000000000000e+02 3.495188571835739280e-05
1.930000000000000000e+02 3.498127177239180490e-05
1.940000000000000000e+02 3.657598988160832399e-05
1.950000000000000000e+02 3.454994281776774977e-05
1.960000000000000000e+02 3.466773226493510856e-05
1.970000000000000000e+02 3.502783475196004814e-05
1.980000000000000000e+02 3.521071389941887259e-05
1.990000000000000000e+02 3.635824063935768339e-05
2.000000000000000000e+02 3.631160841110664302e-05
2.010000000000000000e+02 3.474605419188813484e-05
2.020000000000000000e+02 3.497611447409502375e-05
2.030000000000000000e+02 3.558118077162114595e-05
2.040000000000000000e+02 3.441482426785665992e-05
2.050000000000000000e+02 3.446730593189983605e-05
2.060000000000000000e+02 3.525540124267129106e-05
2.070000000000000000e+02 3.601095583846728408e-05
2.080000000000000000e+02 3.430082669497620118e-05
2.090000000000000000e+02 3.475250031251285644e-05
2.100000000000000000e+02 3.485586469237752567e-05
2.110000000000000000e+02 3.435039987992482858e-05
2.120000000000000000e+02 3.495459437668502076e-05
2.130000000000000000e+02 3.566328814680941913e-05
2.140000000000000000e+02 3.533585776335542702e-05
2.150000000000000000e+02 3.569196443580511038e-05
2.160000000000000000e+02 3.549608253411431564e-05
2.170000000000000000e+02 3.618077515751742074e-05
2.180000000000000000e+02 3.507060737170566555e-05
