0.000000000000000000e+00 8.681567353743355089e-05
1.000000000000000000e+00 6.092781566681706952e-05
2.000000000000000000e+00 3.885330022177598994e-05
3.000000000000000000e+00 2.746832547505205299e-05
4.000000000000000000e+00 2.244740657478648611e-05
5.000000000000000000e+00 2.070949223053307814e-05
6.000000000000000000e+00 2.278053871245720686e-05
7.000000000000000000e+00 1.853947784286715929e-05
8.000000000000000000e+00 1.834544650917590395e-05
9.000000000000000000e+00 1.979144751132892155e-05
1.000000000000000000e+01 1.867506099689799945e-05
1.100000000000000000e+01 1.811704678356499757e-05
1.200000000000000000e+01 1.726128691827992278e-05
1.300000000000000000e+01 1.731075486530805020e-05
1.400000000000000000e+01 1.771623488841622714e-05
1.500000000000000000e+01 1.589911570002940617e-05
1.600000000000000000e+01 1.532384192987035651e-05
1.700000000000000000e+01 1.437353412068895945e-05
1.800000000000000000e+01 1.559974931012756089e-05
1.900000000000000000e+01 1.276840656452747039e-05
2.000000000000000000e+01 1.438378588536212668e-05
2.100000000000000000e+01 1.365810557548084127e-05
2.200000000000000000e+01 1.162958729858749516e-05
2.300000000000000000e+01 1.180463915444609749e-05
2.400000000000000000e+01 1.142140562102475241e-05
2.500000000000000000e+01 1.416970318393321542e-05
2.600000000000000000e+01 1.408231532238821059e-05
2.700000000000000000e+01 1.196022178250969942e-05
2.800000000000000000e+01 1.009209397696115250e-05
2.900000000000000000e+01 1.078388723739912824e-05
3.000000000000000000e+01 9.489996126522125838e-06
3.100000000000000000e+01 1.194786855647936079e-05
3.200000000000000000e+01 1.166569443359555690e-05
3.300000000000000000e+01 1.169601717940096260e-05
3.400000000000000000e+01 1.030506082600637033e-05
3.500000000000000000e+01 9.478109453359065130e-06
3.600000000000000000e+01 9.038736379887580730e-06
3.700000000000000000e+01 8.444536577171594702e-06
3.800000000000000000e+01 1.005363839267399186e-05
3.900000000000000000e+01 8.555253056537682991e-06
4.000000000000000000e+01 7.860232226692880094e-06
4.100000000000000000e+01 1.193312126419628315e-05
4.200000000000000000e+01 8.851299081620858861e-06
4.300000000000000000e+01 8.997625554960296705e-06
4.400000000000000000e+01 9.980640110075048618e-06
4.500000000000000000e+01 9.884668385162699334e-06
4.600000000000000000e+01 7.401927636993661234e-06
4.700000000000000000e+01 6.980486770427387827e-06
4.800000000000000000e+01 6.437749821766028213e-06
4.900000000000000000e+01 6.639321640674322767e-06
5.000000000000000000e+01 7.124162227140942683e-06
5.100000000000000000e+01 7.580167048909948622e-06
5.200000000000000000e+01 8.537715809445228972e-06
5.300000000000000000e+01 8.399554179967161623e-06
5.400000000000000000e+01 8.170891684197126477e-06
5.500000000000000000e+01 9.275486003086153954e-06
5.600000000000000000e+01 1.054939875277237534e-05
5.700000000000000000e+01 8.354311491357289580e-06
5.800000000000000000e+01 7.594547020811515775e-06
5.900000000000000000e+01 7.286197476961932502e-06
6.000000000000000000e+01 7.872234723869606855e-06
6.100000000000000000e+01 9.602703747040860572e-06
6.200000000000000000e+01 6.930690683267284383e-06
6.300000000000000000e+01 5.919122461341226223e-06
6.400000000000000000e+01 7.865445672959581373e-06
6.500000000000000000e+01 8.327684215539221947e-06
6.600000000000000000e+01 8.590160839201023226e-06
6.700000000000000000e+01 7.688816238321629219e-06
6.800000000000000000e+01 9.772815787616708213e-06
6.900000000000000000e+01 1.217007458802357663e-05
7.000000000000000000e+01 6.372455662995969154e-06
7.100000000000000000e+01 6.953789343301433838e-06
7.200000000000000000e+01 6.760476241182329355e-06
7.300000000000000000e+01 6.554383833690753243e-06
7.400000000000000000e+01 5.927193869913423678e-06
7.500000000000000000e+01 6.053672392911366759e-06
7.600000000000000000e+01 7.015767490776837040e-06
7.700000000000000000e+01 6.120798638931214733e-06
7.800000000000000000e+01 6.219246098427255100e-06
7.900000000000000000e+01 5.929156748845495726e-06
8.000000000000000000e+01 5.763854544819336934e-06
8.100000000000000000e+01 5.779376531938127724e-06
8.200000000000000000e+01 5.931497865196698063e-06
8.300000000000000000e+01 6.767356244847229337e-06
8.400000000000000000e+01 6.479238294473995343e-06
8.500000000000000000e+01 5.627563365832885914e-06
8.600000000000000000e+01 7.518466239245222099e-06
8.700000000000000000e+01 6.245070286749903396e-06
8.800000000000000000e+01 4.746995364769523663e-06
8.900000000000000000e+01 5.809536328261280535e-06
9.000000000000000000e+01 5.875371242250528815e-06
9.100000000000000000e+01 5.034444729548851486e-06
9.200000000000000000e+01 7.454604666230835477e-06
9.300000000000000000e+01 9.360501267509036347e-06
9.400000000000000000e+01 5.901946362796177536e-06
9.500000000000000000e+01 6.878915646573734074e-06
9.600000000000000000e+01 7.546645285183221417e-06
9.700000000000000000e+01 6.055843167575099898e-06
9.800000000000000000e+01 6.938156468687062275e-06
9.900000000000000000e+01 5.983811942704309281e-06
1.000000000000000000e+02 5.778612394945206497e-06
1.010000000000000000e+02 6.778178962208076486e-06
1.020000000000000000e+02 7.026405693033786851e-06
1.030000000000000000e+02 7.625262692458522917e-06
1.040000000000000000e+02 6.264308107114269163e-06
1.050000000000000000e+02 6.289544946250171047e-06
1.060000000000000000e+02 5.741163661288460013e-06
1.070000000000000000e+02 5.348875940696665236e-06
1.080000000000000000e+02 5.132007107030393873e-06
1.090000000000000000e+02 5.747938699309889059e-06
1.100000000000000000e+02 4.628970982065276640e-06
1.110000000000000000e+02 5.337573338626241946e-06
1.120000000000000000e+02 4.286666088323482505e-06
1.130000000000000000e+02 4.821739117145903386e-06
1.140000000000000000e+02 5.516365209032573215e-06
1.150000000000000000e+02 5.533058366303492299e-06
1.160000000000000000e+02 6.118596444415250677e-06
1.170000000000000000e+02 6.639024547132305366e-06
1.180000000000000000e+02 4.276844727323882114e-06
1.190000000000000000e+02 3.987953989270043887e-06
1.200000000000000000e+02 4.116402762673820375e-06
1.210000000000000000e+02 5.482110485840264537e-06
1.220000000000000000e+02 4.840700123877354825e-06
1.230000000000000000e+02 4.197192299971907984e-06
1.240000000000000000e+02 4.140682820004494307e-06
1.250000000000000000e+02 4.673413030750300147e-06
1.260000000000000000e+02 4.469472389396210510e-06
1.270000000000000000e+02 4.613745981090409978e-06
1.280000000000000000e+02 5.498612293602329133e-06
1.290000000000000000e+02 6.592130205965488114e-06
1.300000000000000000e+02 7.511284025580690584e-06
1.310000000000000000e+02 5.350045901865835365e-06
1.320000000000000000e+02 5.174606409188554863e-06
1.330000000000000000e+02 4.000021611740795078e-06
1.340000000000000000e+02 4.759469895053544848e-06
1.350000000000000000e+02 4.390025772034491392e-06
1.360000000000000000e+02 4.488289227720002430e-06
1.370000000000000000e+02 4.937575684912685889e-06
1.380000000000000000e+02 6.042132264301455076e-06
1.390000000000000000e+02 5.061320785723027797e-06
1.400000000000000000e+02 5.783842845007463094e-06
1.410000000000000000e+02 4.503477583769187923e-06
1.420000000000000000e+02 4.496987376601528329e-06
1.430000000000000000e+02 5.268773517111855600e-06
1.440000000000000000e+02 3.997218299340750369e-06
1.450000000000000000e+02 5.012146651208020889e-06
1.460000000000000000e+02 3.909804226946307016e-06
1.470000000000000000e+02 3.870925566591961955e-06
1.480000000000000000e+02 3.902315715696190183e-06
1.490000000000000000e+02 4.220983404623533406e-06
1.500000000000000000e+02 5.052061091147153211e-06
1.510000000000000000e+02 3.942067510418497811e-06
1.520000000000000000e+02 4.147161204396066842e-06
1.530000000000000000e+02 3.184421722223261979e-06
1.540000000000000000e+02 4.287970605480021465e-06
1.550000000000000000e+02 3.596452231775682532e-06
1.560000000000000000e+02 4.161142477148771691e-06
1.570000000000000000e+02 3.841731066486608391e-06
1.580000000000000000e+02 4.906807560869509469e-06
1.590000000000000000e+02 4.830398370369860502e-06
1.600000000000000000e+02 4.585962902242012676e-06
1.610000000000000000e+02 5.361494273702331891e-06
1.620000000000000000e+02 4.279407079974081121e-06
1.630000000000000000e+02 3.643467686835716399e-06
1.640000000000000000e+02 3.348909280896053733e-06
1.650000000000000000e+02 4.176074092362659022e-06
1.660000000000000000e+02 4.008655534328017006e-06
1.670000000000000000e+02 4.249286485612910622e-06
1.680000000000000000e+02 3.606902670835475906e-06
1.690000000000000000e+02 3.566311326248595126e-06
1.700000000000000000e+02 3.098688830897621149e-06
1.710000000000000000e+02 3.919232536928751262e-06
1.720000000000000000e+02 3.319374723483934735e-06
1.730000000000000000e+02 4.898319354171523196e-06
1.740000000000000000e+02 4.394622187138091298e-06
1.750000000000000000e+02 3.465696370242371998e-06
1.760000000000000000e+02 3.728930650412985738e-06
1.770000000000000000e+02 3.286047492735841531e-06
1.780000000000000000e+02 3.350173795399976201e-06
1.790000000000000000e+02 3.826861724649337374e-06
1.800000000000000000e+02 4.946653584304078666e-06
1.810000000000000000e+02 4.400888054936107512e-06
1.820000000000000000e+02 3.085060913360381068e-06
1.830000000000000000e+02 3.454162695773115549e-06
1.840000000000000000e+02 3.800533092179191566e-06
1.850000000000000000e+02 3.573854585152247501e-06
1.860000000000000000e+02 3.108881369902731365e-06
1.870000000000000000e+02 3.443483877722952788e-06
1.880000000000000000e+02 3.616424740548642056e-06
1.890000000000000000e+02 3.058246554103118954e-06
1.900000000000000000e+02 2.769379055600460015e-06
1.910000000000000000e+02 3.119940317407873055e-06
1.920000000000000000e+02 3.662099656540029746e-06
1.930000000000000000e+02 4.274554193340064962e-06
1.940000000000000000e+02 2.586034503257937843e-06
1.950000000000000000e+02 3.448450268320902784e-06
1.960000000000000000e+02 3.018763699613737136e-06
1.970000000000000000e+02 2.998046048809088935e-06
1.980000000000000000e+02 3.216440134931428270e-06
1.990000000000000000e+02 3.043009655582089831e-06
2.000000000000000000e+02 2.897191158308490547e-06
2.010000000000000000e+02 3.705194082070401181e-06
2.020000000000000000e+02 3.135962865638290989e-06
2.030000000000000000e+02 3.069338180271224181e-06
2.040000000000000000e+02 3.207439557167739855e-06
2.050000000000000000e+02 3.523794367750727038e-06
2.060000000000000000e+02 5.313578741778317509e-06
2.070000000000000000e+02 4.104994363270836738e-06
2.080000000000000000e+02 2.949378293007943911e-06
2.090000000000000000e+02 3.821571931764849474e-06
2.100000000000000000e+02 3.914865985263050479e-06
2.110000000000000000e+02 2.822231282227915422e-06
2.120000000000000000e+02 4.156359282907749141e-06
2.130000000000000000e+02 3.567556761961028872e-06
2.140000000000000000e+02 3.084330480831729900e-06
2.150000000000000000e+02 2.394514793369645061e-06
2.160000000000000000e+02 2.920102840346654938e-06
2.170000000000000000e+02 3.667593460860829670e-06
2.180000000000000000e+02 3.533297454804488166e-06
2.190000000000000000e+02 3.869595694931890427e-06
2.200000000000000000e+02 5.127697359384989497e-06
2.210000000000000000e+02 3.240700555414989555e-06
2.220000000000000000e+02 3.265504500660084865e-06
2.230000000000000000e+02 2.408341531326379873e-06
2.240000000000000000e+02 2.770327366372745669e-06
2.250000000000000000e+02 3.440508817829851346e-06
2.260000000000000000e+02 2.670464317361653146e-06
2.270000000000000000e+02 2.564043751086879670e-06
2.280000000000000000e+02 2.792783214870636430e-06
2.290000000000000000e+02 2.565144744557472943e-06
2.300000000000000000e+02 3.636636474010213953e-06
2.310000000000000000e+02 3.688479289331870969e-06
2.320000000000000000e+02 3.736756923834933154e-06
2.330000000000000000e+02 2.878230795655299665e-06
2.340000000000000000e+02 3.403198820964237149e-06
2.350000000000000000e+02 3.254669034653549926e-06
2.360000000000000000e+02 2.609268478881896349e-06
2.370000000000000000e+02 2.383391339429431671e-06
2.380000000000000000e+02 3.481529266007691170e-06
2.390000000000000000e+02 2.485025380219493005e-06
2.400000000000000000e+02 3.038853402039985020e-06
2.410000000000000000e+02 2.513238866214514998e-06
2.420000000000000000e+02 3.449690277434520670e-06
2.430000000000000000e+02 3.268443926652217286e-06
2.440000000000000000e+02 4.343802641851148228e-06
2.450000000000000000e+02 2.766356309893434797e-06
2.460000000000000000e+02 2.756660179318255560e-06
2.470000000000000000e+02 3.156642144574330237e-06
2.480000000000000000e+02 2.360401366951319186e-06
2.490000000000000000e+02 2.530659840844168473e-06
2.500000000000000000e+02 2.908849468540545385e-06
2.510000000000000000e+02 3.133537782882611072e-06
2.520000000000000000e+02 2.865084124946914127e-06
2.530000000000000000e+02 2.198678817326783129e-06
2.540000000000000000e+02 2.550531926601358619e-06
2.550000000000000000e+02 2.738769879652920568e-06
2.560000000000000000e+02 2.180559609821822120e-06
2.570000000000000000e+02 2.832969417210524684e-06
2.580000000000000000e+02 2.989516402279776170e-06
2.590000000000000000e+02 3.319878435699099901e-06
2.600000000000000000e+02 3.051718227546286368e-06
2.610000000000000000e+02 3.172861367847716800e-06
2.620000000000000000e+02 2.739442599677307903e-06
2.630000000000000000e+02 2.990824672688938003e-06
2.640000000000000000e+02 2.252753086681920944e-06
2.650000000000000000e+02 2.900261771290155712e-06
2.660000000000000000e+02 2.958998205383819123e-06
2.670000000000000000e+02 2.381108196405304033e-06
2.680000000000000000e+02 3.156331371704526157e-06
2.690000000000000000e+02 2.449505380963097258e-06
2.700000000000000000e+02 2.236480936925770993e-06
2.710000000000000000e+02 2.515801229916150650e-06
2.720000000000000000e+02 2.211820865667509320e-06
2.730000000000000000e+02 2.921570752930470672e-06
2.740000000000000000e+02 2.234812006215332619e-06
2.750000000000000000e+02 2.065277326015572346e-06
2.760000000000000000e+02 2.156029102214757252e-06
2.770000000000000000e+02 1.927440605408122262e-06
2.780000000000000000e+02 1.998311226435293890e-06
2.790000000000000000e+02 3.587206073630354767e-06
2.800000000000000000e+02 4.791690887914296558e-06
2.810000000000000000e+02 4.695343888968398082e-06
2.820000000000000000e+02 2.631669835788889314e-06
2.830000000000000000e+02 3.033262762369130240e-06
2.840000000000000000e+02 3.167806230313926846e-06
2.850000000000000000e+02 2.799060243546106606e-06
2.860000000000000000e+02 3.091060629367228750e-06
2.870000000000000000e+02 3.237676226633937549e-06
2.880000000000000000e+02 2.139611654228720440e-06
2.890000000000000000e+02 2.318708838225426393e-06
2.900000000000000000e+02 2.397384115866684736e-06
2.910000000000000000e+02 2.264764967046490228e-06
2.920000000000000000e+02 2.801343031134948971e-06
2.930000000000000000e+02 2.887421028822759657e-06
2.940000000000000000e+02 2.689820136122495627e-06
2.950000000000000000e+02 2.201696575664590936e-06
2.960000000000000000e+02 2.447465022927361561e-06
2.970000000000000000e+02 2.552732219131839214e-06
2.980000000000000000e+02 2.310980653761746045e-06
2.990000000000000000e+02 1.930724623341242107e-06
3.000000000000000000e+02 2.181221669366133074e-06
3.010000000000000000e+02 2.535815471989407579e-06
3.020000000000000000e+02 2.747116709846329775e-06
3.030000000000000000e+02 2.080627669069812805e-06
3.040000000000000000e+02 2.234875581808351304e-06
3.050000000000000000e+02 1.929886801216319318e-06
3.060000000000000000e+02 2.528358003874262540e-06
3.070000000000000000e+02 2.182539605377802798e-06
3.080000000000000000e+02 2.145389346829248993e-06
3.090000000000000000e+02 1.908630565634388340e-06
3.100000000000000000e+02 2.283001192526464095e-06
3.110000000000000000e+02 2.080389781271001954e-06
3.120000000000000000e+02 2.280952086732889643e-06
3.130000000000000000e+02 2.043346495155745411e-06
3.140000000000000000e+02 2.212153204881936894e-06
3.150000000000000000e+02 2.198636779610731205e-06
3.160000000000000000e+02 2.093652054151205013e-06
3.170000000000000000e+02 2.480904247251878046e-06
3.180000000000000000e+02 2.376854564976653119e-06
3.190000000000000000e+02 2.375598909425273991e-06
3.200000000000000000e+02 1.728970179866287929e-06
3.210000000000000000e+02 1.889445643949562837e-06
3.220000000000000000e+02 2.372794522402281145e-06
3.230000000000000000e+02 2.223656872653435338e-06
3.240000000000000000e+02 2.241736643953135372e-06
3.250000000000000000e+02 2.325840769870102535e-06
3.260000000000000000e+02 2.715104801152807290e-06
3.270000000000000000e+02 2.578326607873731433e-06
3.280000000000000000e+02 2.409302568491394259e-06
3.290000000000000000e+02 2.169035325782012191e-06
3.300000000000000000e+02 2.377950563705536794e-06
3.310000000000000000e+02 2.451615643851737001e-06
3.320000000000000000e+02 2.127067740741279410e-06
3.330000000000000000e+02 2.290754221798943082e-06
3.340000000000000000e+02 2.408046054365542626e-06
3.350000000000000000e+02 2.623443484662314044e-06
3.360000000000000000e+02 1.880718041461511152e-06
3.370000000000000000e+02 2.061817428081963576e-06
3.380000000000000000e+02 1.955496199784740487e-06
3.390000000000000000e+02 2.043472026130487925e-06
3.400000000000000000e+02 1.813591087783010864e-06
3.410000000000000000e+02 2.086219407072220380e-06
3.420000000000000000e+02 2.365869432596199968e-06
3.430000000000000000e+02 1.932934162431197575e-06
3.440000000000000000e+02 1.633932476975790851e-06
3.450000000000000000e+02 1.702428090981805668e-06
3.460000000000000000e+02 2.353650541588991202e-06
3.470000000000000000e+02 1.739748448192320134e-06
3.480000000000000000e+02 1.707410533879467680e-06
3.490000000000000000e+02 1.977334213751701951e-06
3.500000000000000000e+02 2.004720869636391785e-06
3.510000000000000000e+02 2.087508799271473392e-06
3.520000000000000000e+02 1.831229220448033045e-06
3.530000000000000000e+02 1.692395108568850734e-06
3.540000000000000000e+02 1.931316396385737760e-06
3.550000000000000000e+02 2.131947381978332906e-06
3.560000000000000000e+02 1.896349098239506369e-06
3.570000000000000000e+02 1.940790666770470417e-06
3.580000000000000000e+02 1.814948528604013944e-06
3.590000000000000000e+02 2.199006235605094817e-06
3.600000000000000000e+02 2.272084897763418490e-06
3.610000000000000000e+02 2.350490800262785476e-06
3.620000000000000000e+02 1.747204941788831413e-06
3.630000000000000000e+02 2.573679233187998088e-06
3.640000000000000000e+02 1.934899533237200349e-06
3.650000000000000000e+02 1.791364139714980035e-06
3.660000000000000000e+02 1.718279436515248948e-06
3.670000000000000000e+02 1.849205096491647011e-06
3.680000000000000000e+02 1.829163623375652404e-06
3.690000000000000000e+02 1.645753716593691543e-06
3.700000000000000000e+02 1.594687199400351603e-06
3.710000000000000000e+02 1.579846169915746776e-06
3.720000000000000000e+02 2.124697700828676772e-06
3.730000000000000000e+02 1.930398911028961057e-06
3.740000000000000000e+02 1.841353951498777462e-06
3.750000000000000000e+02 2.198609589995583425e-06
3.760000000000000000e+02 1.870714838907371314e-06
3.770000000000000000e+02 1.630970277814342344e-06
3.780000000000000000e+02 1.625329106108535462e-06
3.790000000000000000e+02 1.621609830888009164e-06
3.800000000000000000e+02 1.820037605871339489e-06
3.810000000000000000e+02 1.799870409591330255e-06
3.820000000000000000e+02 2.008121260699527588e-06
3.830000000000000000e+02 1.811632202393056610e-06
3.840000000000000000e+02 1.846562456212458946e-06
3.850000000000000000e+02 2.102900651637806647e-06
3.860000000000000000e+02 1.952934965983196527e-06
3.870000000000000000e+02 1.951162072833252682e-06
3.880000000000000000e+02 1.794099745084080440e-06
3.890000000000000000e+02 1.718049980226859923e-06
3.900000000000000000e+02 1.950729735795649166e-06
3.910000000000000000e+02 1.917201478803086022e-06
3.920000000000000000e+02 1.977613783758758187e-06
3.930000000000000000e+02 1.762053372172980098e-06
3.940000000000000000e+02 1.621078334827084474e-06
3.950000000000000000e+02 1.736381744237652737e-06
