0.000000000000000000e+00 9.964207286475748604e-02
1.000000000000000000e+00 2.914085801636029024e-02
2.000000000000000000e+00 2.545556262912554608e-03
3.000000000000000000e+00 2.109865797003603136e-03
4.000000000000000000e+00 2.052804874129344516e-03
5.000000000000000000e+00 2.019075511856327672e-03
6.000000000000000000e+00 1.987204287508709342e-03
7.000000000000000000e+00 1.955922736934020013e-03
8.000000000000000000e+00 1.926931179608303056e-03
9.000000000000000000e+00 1.897081293311533379e-03
1.000000000000000000e+01 1.871263966560526458e-03
1.100000000000000000e+01 1.842141580892795285e-03
1.200000000000000000e+01 1.817934554527297344e-03
1.300000000000000000e+01 1.790435335638008432e-03
1.400000000000000000e+01 1.760770087193940263e-03
1.500000000000000000e+01 1.733868358362953633e-03
1.600000000000000000e+01 1.709753649323850818e-03
1.700000000000000000e+01 1.682725175283405344e-03
1.800000000000000000e+01 1.654152342675729468e-03
1.900000000000000000e+01 1.631258802854649529e-03
2.000000000000000000e+01 1.603076393996022810e-03
2.100000000000000000e+01 1.578479748801771927e-03
2.200000000000000000e+01 1.551592747622307670e-03
2.300000000000000000e+01 1.516427150003957268e-03
2.400000000000000000e+01 1.484535701520122743e-03
2.500000000000000000e+01 1.451296340758755554e-03
2.600000000000000000e+01 1.417317604261078209e-03
2.700000000000000000e+01 1.388800901187780797e-03
2.800000000000000000e+01 1.351729208971172045e-03
2.900000000000000000e+01 1.315560137667808049e-03
3.000000000000000000e+01 1.268549188061638853e-03
3.100000000000000000e+01 1.229863371227202500e-03
3.200000000000000000e+01 1.190745534487593071e-03
3.300000000000000000e+01 1.162316244769111056e-03
3.400000000000000000e+01 1.079373960275755622e-03
3.500000000000000000e+01 1.021326758211239371e-03
3.600000000000000000e+01 9.539674758623138641e-04
3.700000000000000000e+01 8.800381002247468836e-04
3.800000000000000000e+01 7.994813581894821960e-04
3.900000000000000000e+01 7.120993633945362508e-04
4.000000000000000000e+01 6.165563714939807432e-04
4.100000000000000000e+01 5.124663995282074426e-04
4.200000000000000000e+01 4.194754101435347942e-04
4.300000000000000000e+01 3.357470094237079172e-04
4.400000000000000000e+01 2.718512909205798725e-04
4.500000000000000000e+01 2.225044590665048038e-04
4.600000000000000000e+01 1.905230028962563737e-04
4.700000000000000000e+01 1.684134291548714587e-04
4.800000000000000000e+01 1.541108635813767105e-04
4.900000000000000000e+01 1.440716594069546682e-04
5.000000000000000000e+01 1.351866841329109152e-04
5.100000000000000000e+01 1.308677636288142949e-04
5.200000000000000000e+01 1.230684122859489465e-04
5.300000000000000000e+01 1.181618451210548798e-04
5.400000000000000000e+01 1.140252791120602126e-04
5.500000000000000000e+01 1.103312817691193466e-04
5.600000000000000000e+01 1.090308451412878090e-04
5.700000000000000000e+01 1.048398306976765026e-04
5.800000000000000000e+01 1.026376731556923343e-04
5.900000000000000000e+01 1.017980294956636461e-04
6.000000000000000000e+01 9.796584470352202878e-05
6.100000000000000000e+01 9.645605030229900093e-05
6.200000000000000000e+01 9.402910204876664408e-05
6.300000000000000000e+01 9.285352784939018757e-05
6.400000000000000000e+01 9.131186200313666978e-05
6.500000000000000000e+01 8.959139233075558715e-05
6.600000000000000000e+01 8.940206664389074593e-05
6.700000000000000000e+01 8.768445099658999081e-05
6.800000000000000000e+01 8.565274150661435584e-05
6.900000000000000000e+01 8.403169614361514724e-05
7.000000000000000000e+01 8.288348487193201921e-05
7.100000000000000000e+01 8.203266105960101064e-05
7.200000000000000000e+01 8.075373302247419911e-05
7.300000000000000000e+01 8.076089620837273789e-05
7.400000000000000000e+01 7.849846768118997828e-05
7.500000000000000000e+01 7.771727535544024630e-05
7.600000000000000000e+01 7.703499470308848714e-05
7.700000000000000000e+01 7.659557148819921932e-05
7.800000000000000000e+01 7.551964506311375732e-05
7.900000000000000000e+01 7.561150997077022119e-05
8.000000000000000000e+01 7.343057991072250365e-05
8.100000000000000000e+01 7.282162470423875049e-05
8.200000000000000000e+01 7.187278846197353251e-05
8.300000000000000000e+01 7.251422452325472856e-05
8.400000000000000000e+01 7.082394971708922847e-05
8.500000000000000000e+01 7.016728690567091374e-05
8.600000000000000000e+01 6.912283270014312527e-05
8.700000000000000000e+01 6.883067774384387869e-05
8.800000000000000000e+01 6.810071180119260171e-05
8.900000000000000000e+01 6.767447841025390663e-05
9.000000000000000000e+01 6.721671219719091254e-05
9.100000000000000000e+01 6.677067495502943435e-05
9.200000000000000000e+01 6.591831020698378594e-05
9.300000000000000000e+01 6.576976129743953106e-05
9.400000000000000000e+01 6.639184838133968926e-05
9.500000000000000000e+01 6.487274949530563348e-05
9.600000000000000000e+01 6.307859444395400278e-05
9.700000000000000000e+01 6.358688324234343728e-05
9.800000000000000000e+01 6.246170975240254491e-05
9.900000000000000000e+01 6.212043272234945678e-05
1.000000000000000000e+02 6.162520782926637691e-05
1.010000000000000000e+02 6.121588146134383259e-05
1.020000000000000000e+02 6.116273429992764735e-05
1.030000000000000000e+02 6.018850930809247239e-05
1.040000000000000000e+02 5.982957130235224715e-05
1.050000000000000000e+02 5.997624960054923022e-05
1.060000000000000000e+02 6.020926532784084007e-05
1.070000000000000000e+02 5.874736145804694331e-05
1.080000000000000000e+02 6.006249834139369952e-05
1.090000000000000000e+02 5.814044081672914345e-05
1.100000000000000000e+02 5.717976094915778004e-05
1.110000000000000000e+02 5.768797718957981515e-05
1.120000000000000000e+02 5.717165129558727100e-05
1.130000000000000000e+02 5.724229432833993097e-05
1.140000000000000000e+02 5.593316576052107387e-05
1.150000000000000000e+02 5.603889773972145028e-05
1.160000000000000000e+02 5.607442698366888649e-05
1.170000000000000000e+02 5.577050958465954047e-05
1.180000000000000000e+02 5.478548597888655952e-05
1.190000000000000000e+02 5.454055020785844371e-05
1.200000000000000000e+02 5.435986431652413972e-05
1.210000000000000000e+02 5.362971318469703991e-05
1.220000000000000000e+02 5.341257354229884843e-05
1.230000000000000000e+02 5.437406164961900167e-05
1.240000000000000000e+02 5.275955756189294402e-05
1.250000000000000000e+02 5.225881616608408467e-05
1.260000000000000000e+02 5.216199518766748068e-05
1.270000000000000000e+02 5.215597573536287295e-05
1.280000000000000000e+02 5.157489607913282205e-05
1.290000000000000000e+02 5.131985282193345528e-05
1.300000000000000000e+02 5.244907843781287070e-05
1.310000000000000000e+02 5.171717650828211113e-05
1.320000000000000000e+02 5.124533376821447734e-05
1.330000000000000000e+02 5.092602499885879084e-05
1.340000000000000000e+02 5.015648879906050493e-05
1.350000000000000000e+02 4.964551715203585202e-05
1.360000000000000000e+02 4.964219698294422144e-05
1.370000000000000000e+02 4.936735563494043863e-05
1.380000000000000000e+02 5.001497676757128458e-05
1.390000000000000000e+02 4.870738987942921697e-05
1.400000000000000000e+02 4.853014935403992982e-05
1.410000000000000000e+02 4.909005939201965579e-05
1.420000000000000000e+02 4.954132195206298317e-05
1.430000000000000000e+02 4.797270043620279335e-05
1.440000000000000000e+02 4.787084749699894439e-05
1.450000000000000000e+02 4.778220511605300565e-05
1.460000000000000000e+02 4.767196052099968376e-05
1.470000000000000000e+02 4.761917041158692020e-05
1.480000000000000000e+02 4.767811416062381840e-05
1.490000000000000000e+02 4.738791866514035692e-05
1.500000000000000000e+02 4.671817349136159230e-05
1.510000000000000000e+02 4.644299523222294112e-05
1.520000000000000000e+02 4.643222489126510742e-05
1.530000000000000000e+02 4.656235993292816077e-05
1.540000000000000000e+02 4.617971242246267708e-05
1.550000000000000000e+02 4.576487230965719654e-05
1.560000000000000000e+02 4.596072229740684277e-05
1.570000000000000000e+02 4.553750053923622665e-05
1.580000000000000000e+02 4.494104628143045892e-05
1.590000000000000000e+02 4.509903992113970027e-05
1.600000000000000000e+02 4.488386182662468347e-05
1.610000000000000000e+02 4.443226367582043298e-05
1.620000000000000000e+02 4.453459747755710512e-05
1.630000000000000000e+02 4.411374258704928842e-05
1.640000000000000000e+02 4.413996393664805696e-05
1.650000000000000000e+02 4.418505717819552585e-05
1.660000000000000000e+02 4.375190646727787527e-05
1.670000000000000000e+02 4.363058444739734604e-05
1.680000000000000000e+02 4.386513251597617312e-05
1.690000000000000000e+02 4.342380745814974842e-05
1.700000000000000000e+02 4.306195042226719348e-05
1.710000000000000000e+02 4.306807265955040224e-05
1.720000000000000000e+02 4.331740418054560527e-05
1.730000000000000000e+02 4.280856163241409252e-05
1.740000000000000000e+02 4.262746140940542450e-05
1.750000000000000000e+02 4.270040169156254147e-05
1.760000000000000000e+02 4.252391212237518066e-05
1.770000000000000000e+02 4.218212203196419508e-05
1.780000000000000000e+02 4.194389754050575913e-05
1.790000000000000000e+02 4.201296401876597491e-05
1.800000000000000000e+02 4.231373413338356649e-05
1.810000000000000000e+02 4.240250187354735066e-05
1.820000000000000000e+02 4.156825838314546530e-05
1.830000000000000000e+02 4.151083801073904251e-05
1.840000000000000000e+02 4.126084198320775949e-05
1.850000000000000000e+02 4.108587034930338079e-05
1.860000000000000000e+02 4.126286041084624803e-05
1.870000000000000000e+02 4.088949167076325384e-05
1.880000000000000000e+02 4.085582701900323491e-05
1.890000000000000000e+02 4.055692121741874323e-05
1.900000000000000000e+02 4.060746189636963528e-05
1.910000000000000000e+02 4.078870714398718199e-05
1.920000000000000000e+02 4.053449348687914979e-05
1.930000000000000000e+02 4.053802247452274857e-05
1.940000000000000000e+02 4.024366864453006470e-05
1.950000000000000000e+02 4.049189763334275991e-05
1.960000000000000000e+02 3.990991953091587471e-05
1.970000000000000000e+02 3.977569744462310265e-05
1.980000000000000000e+02 4.024548816968900379e-05
1.990000000000000000e+02 3.965722204818709847e-05
2.000000000000000000e+02 4.011529856073616326e-05
2.010000000000000000e+02 3.987218386121577638e-05
2.020000000000000000e+02 3.919544368809070291e-05
2.030000000000000000e+02 3.915170886444796678e-05
2.040000000000000000e+02 3.931537707442378770e-05
2.050000000000000000e+02 3.910676741309963476e-05
2.060000000000000000e+02 3.908916575097930532e-05
2.070000000000000000e+02 3.884580684739981051e-05
2.080000000000000000e+02 3.866859808485598318e-05
2.090000000000000000e+02 3.898313636677997200e-05
2.100000000000000000e+02 3.872324192760331175e-05
2.110000000000000000e+02 3.858735306966251780e-05
2.120000000000000000e+02 3.869918611109120227e-05
2.130000000000000000e+02 3.850912468079718766e-05
2.140000000000000000e+02 3.819250098669986162e-05
2.150000000000000000e+02 3.846509334824032992e-05
2.160000000000000000e+02 3.832176092628223089e-05
2.170000000000000000e+02 3.810592653083334742e-05
2.180000000000000000e+02 3.807236884476303181e-05
2.190000000000000000e+02 3.810570619865828935e-05
2.200000000000000000e+02 3.802857240828785851e-05
2.210000000000000000e+02 3.787906743444100752e-05
2.220000000000000000e+02 3.799826958222391913e-05
2.230000000000000000e+02 3.768327528918472279e-05
2.240000000000000000e+02 3.756542241594474924e-05
2.250000000000000000e+02 3.740779053912690675e-05
2.260000000000000000e+02 3.733552160426362063e-05
2.270000000000000000e+02 3.742554701591897928e-05
2.280000000000000000e+02 3.727666037227420477e-05
2.290000000000000000e+02 3.745009298988991975e-05
2.300000000000000000e+02 3.725877554129214408e-05
2.310000000000000000e+02 3.701497117443897263e-05
2.320000000000000000e+02 3.739506867380482596e-05
2.330000000000000000e+02 3.690350097832264408e-05
2.340000000000000000e+02 3.679724449319484147e-05
2.350000000000000000e+02 3.673413585369938143e-05
2.360000000000000000e+02 3.670675408493177658e-05
2.370000000000000000e+02 3.695375726306454118e-05
2.380000000000000000e+02 3.685169662714940183e-05
2.390000000000000000e+02 3.667143366769345269e-05
2.400000000000000000e+02 3.662918010567677599e-05
2.410000000000000000e+02 3.665248102207948233e-05
2.420000000000000000e+02 3.685360620512108187e-05
2.430000000000000000e+02 3.655623126191592863e-05
2.440000000000000000e+02 3.625877679336318488e-05
2.450000000000000000e+02 3.631640593228228393e-05
2.460000000000000000e+02 3.615722369437813816e-05
2.470000000000000000e+02 3.618936919286024534e-05
2.480000000000000000e+02 3.607586246715372119e-05
2.490000000000000000e+02 3.620838971913737617e-05
2.500000000000000000e+02 3.600784407489649439e-05
2.510000000000000000e+02 3.631272356155612358e-05
2.520000000000000000e+02 3.619123530526024800e-05
2.530000000000000000e+02 3.589375384517624076e-05
2.540000000000000000e+02 3.594230120092547739e-05
2.550000000000000000e+02 3.588764193377933008e-05
2.560000000000000000e+02 3.576751728363629314e-05
2.570000000000000000e+02 3.596131400416606281e-05
2.580000000000000000e+02 3.585421980021828161e-05
2.590000000000000000e+02 3.570109301511388360e-05
2.600000000000000000e+02 3.561734840437333246e-05
2.610000000000000000e+02 3.563070862270882702e-05
2.620000000000000000e+02 3.556932187132382189e-05
2.630000000000000000e+02 3.543604090105206719e-05
2.640000000000000000e+02 3.543331898752570888e-05
2.650000000000000000e+02 3.566630798777397683e-05
2.660000000000000000e+02 3.539772348032197032e-05
2.670000000000000000e+02 3.542985988885733243e-05
2.680000000000000000e+02 3.529447060756365850e-05
2.690000000000000000e+02 3.526142553152632978e-05
2.700000000000000000e+02 3.522031905863161810e-05
2.710000000000000000e+02 3.506349597327550373e-05
2.720000000000000000e+02 3.503558565540643328e-05
2.730000000000000000e+02 3.510212066163635302e-05
2.740000000000000000e+02 3.505420617830722215e-05
2.750000000000000000e+02 3.494919239028502534e-05
2.760000000000000000e+02 3.494143924756754120e-05
2.770000000000000000e+02 3.482406319094342160e-05
2.780000000000000000e+02 3.481017709674500440e-05
2.790000000000000000e+02 3.490196429809888732e-05
2.800000000000000000e+02 3.486411090920380135e-05
2.810000000000000000e+02 3.475287361163966897e-05
2.820000000000000000e+02 3.472971368202790974e-05
2.830000000000000000e+02 3.476347795468640712e-05
2.840000000000000000e+02 3.466736360137902511e-05
2.850000000000000000e+02 3.473889584233786401e-05
2.860000000000000000e+02 3.458220652861777736e-05
2.870000000000000000e+02 3.451648304313207044e-05
2.880000000000000000e+02 3.466655195005624026e-05
2.890000000000000000e+02 3.454250260547279353e-05
2.900000000000000000e+02 3.465819045075824476e-05
2.910000000000000000e+02 3.446376388876155688e-05
2.920000000000000000e+02 3.454301118636892012e-05
2.930000000000000000e+02 3.437601743480876861e-05
2.940000000000000000e+02 3.439802472339844344e-05
2.950000000000000000e+02 3.474262673155660623e-05
2.960000000000000000e+02 3.438282476264487535e-05
2.970000000000000000e+02 3.429545174970265777e-05
2.980000000000000000e+02 3.421559634706920961e-05
2.990000000000000000e+02 3.448673295188006498e-05
3.000000000000000000e+02 3.430230780064499581e-05
3.010000000000000000e+02 3.422603237841272963e-05
3.020000000000000000e+02 3.427383639157973556e-05
3.030000000000000000e+02 3.423380814741954468e-05
3.040000000000000000e+02 3.428810402244837771e-05
3.050000000000000000e+02 3.408477842254975407e-05
3.060000000000000000e+02 3.407508304272001377e-05
3.070000000000000000e+02 3.413150739812114776e-05
3.080000000000000000e+02 3.402868188386475501e-05
3.090000000000000000e+02 3.404936256228498253e-05
3.100000000000000000e+02 3.394908524631817267e-05
3.110000000000000000e+02 3.408561503724642268e-05
3.120000000000000000e+02 3.406686841924457123e-05
3.130000000000000000e+02 3.396005854441515190e-05
3.140000000000000000e+02 3.387365580272907615e-05
3.150000000000000000e+02 3.439989185770406938e-05
3.160000000000000000e+02 3.415199083378113741e-05
3.170000000000000000e+02 3.392878016141461482e-05
3.180000000000000000e+02 3.390867988012875254e-05
3.190000000000000000e+02 3.381341858014081389e-05
3.200000000000000000e+02 3.378304425687300591e-05
3.210000000000000000e+02 3.377298753837454224e-05
3.220000000000000000e+02 3.374662067080432849e-05
3.230000000000000000e+02 3.378210584147196252e-05
3.240000000000000000e+02 3.369227159988278378e-05
3.250000000000000000e+02 3.382822614378935892e-05
3.260000000000000000e+02 3.365365230467283974e-05
3.270000000000000000e+02 3.357680962550130353e-05
3.280000000000000000e+02 3.366400868218863662e-05
3.290000000000000000e+02 3.361973699118337013e-05
3.300000000000000000e+02 3.381839559126272363e-05
3.310000000000000000e+02 3.358719803093194621e-05
3.320000000000000000e+02 3.361031418724787890e-05
3.330000000000000000e+02 3.359303439907971683e-05
3.340000000000000000e+02 3.348491596376060910e-05
3.350000000000000000e+02 3.351897754625382368e-05
3.360000000000000000e+02 3.354386277192825550e-05
3.370000000000000000e+02 3.350090748067944299e-05
3.380000000000000000e+02 3.353193115185937502e-05
3.390000000000000000e+02 3.342316265394085494e-05
3.400000000000000000e+02 3.351783649144439399e-05
3.410000000000000000e+02 3.342300374923281881e-05
3.420000000000000000e+02 3.346210107872675435e-05
3.430000000000000000e+02 3.338865278236987239e-05
3.440000000000000000e+02 3.336187613471595280e-05
3.450000000000000000e+02 3.340700513486762925e-05
3.460000000000000000e+02 3.346115473941942207e-05
3.470000000000000000e+02 3.344698845778199274e-05
3.480000000000000000e+02 3.339410685964817730e-05
3.490000000000000000e+02 3.327449361887497572e-05
3.500000000000000000e+02 3.327076962513923807e-05
3.510000000000000000e+02 3.327656550977924082e-05
3.520000000000000000e+02 3.340526662672464178e-05
3.530000000000000000e+02 3.323138411281458140e-05
3.540000000000000000e+02 3.328108824376978985e-05
3.550000000000000000e+02 3.320968170418167712e-05
3.560000000000000000e+02 3.329220964544359588e-05
3.570000000000000000e+02 3.323578904861111352e-05
3.580000000000000000e+02 3.323865141798230938e-05
3.590000000000000000e+02 3.315762515894243677e-05
3.600000000000000000e+02 3.315548528181829386e-05
3.610000000000000000e+02 3.313829930203013427e-05
3.620000000000000000e+02 3.310444007976853884e-05
3.630000000000000000e+02 3.315121531117336528e-05
3.640000000000000000e+02 3.345743626506149945e-05
3.650000000000000000e+02 3.307172365653156476e-05
3.660000000000000000e+02 3.319886313507605647e-05
3.670000000000000000e+02 3.305618609346807870e-05
3.680000000000000000e+02 3.309288733579865031e-05
3.690000000000000000e+02 3.302956113435509859e-05
3.700000000000000000e+02 3.306833465601475549e-05
3.710000000000000000e+02 3.304486016292011610e-05
3.720000000000000000e+02 3.302180530922426809e-05
3.730000000000000000e+02 3.302768677497983611e-05
3.740000000000000000e+02 3.304039682684186920e-05
3.750000000000000000e+02 3.299111064505776207e-05
3.760000000000000000e+02 3.305868717744789358e-05
3.770000000000000000e+02 3.296329755819394155e-05
3.780000000000000000e+02 3.293593734430252712e-05
3.790000000000000000e+02 3.293478612061232500e-05
3.800000000000000000e+02 3.309569901170785833e-05
3.810000000000000000e+02 3.289300623074357374e-05
3.820000000000000000e+02 3.291341506807625824e-05
3.830000000000000000e+02 3.288890079399262788e-05
3.840000000000000000e+02 3.289820845694904508e-05
3.850000000000000000e+02 3.286952296359303710e-05
3.860000000000000000e+02 3.294286353611275788e-05
3.870000000000000000e+02 3.284466844734212801e-05
3.880000000000000000e+02 3.286791357149697139e-05
3.890000000000000000e+02 3.285728648699972584e-05
3.900000000000000000e+02 3.285368377190092871e-05
3.910000000000000000e+02 3.283875832831012606e-05
3.920000000000000000e+02 3.279949659247569994e-05
3.930000000000000000e+02 3.279364992702314528e-05
3.940000000000000000e+02 3.274393304540915877e-05
3.950000000000000000e+02 3.276296921881349247e-05
3.960000000000000000e+02 3.276379421308135296e-05
3.970000000000000000e+02 3.275939648016556874e-05
3.980000000000000000e+02 3.276857329132757958e-05
3.990000000000000000e+02 3.273962143111727111e-05
4.000000000000000000e+02 3.271412192950570253e-05
4.010000000000000000e+02 3.270798640714370719e-05
4.020000000000000000e+02 3.273961908159842368e-05
4.030000000000000000e+02 3.272010715645131318e-05
4.040000000000000000e+02 3.272730536624831303e-05
4.050000000000000000e+02 3.271263346170676952e-05
4.060000000000000000e+02 3.272706729630224547e-05
4.070000000000000000e+02 3.272997479718640906e-05
4.080000000000000000e+02 3.276335655063397254e-05
4.090000000000000000e+02 3.271269216724854008e-05
4.100000000000000000e+02 3.266774853240849189e-05
4.110000000000000000e+02 3.269691576936774042e-05
4.120000000000000000e+02 3.268256284033875829e-05
4.130000000000000000e+02 3.264989972874847348e-05
4.140000000000000000e+02 3.270101166170676749e-05
4.150000000000000000e+02 3.262079651671563098e-05
4.160000000000000000e+02 3.266032270243363181e-05
4.170000000000000000e+02 3.260906248448543280e-05
4.180000000000000000e+02 3.264184903542859345e-05
4.190000000000000000e+02 3.261449922793963047e-05
4.200000000000000000e+02 3.258481849813833075e-05
4.210000000000000000e+02 3.268663115486169666e-05
4.220000000000000000e+02 3.258042904858987897e-05
4.230000000000000000e+02 3.256596052850184030e-05
4.240000000000000000e+02 3.257569365046958842e-05
4.250000000000000000e+02 3.255619280600173266e-05
4.260000000000000000e+02 3.256084621464577978e-05
4.270000000000000000e+02 3.261802329759030256e-05
