0.000000000000000000e+00 4.909105676385175365e-02
1.000000000000000000e+00 1.005959901386232645e-03
2.000000000000000000e+00 1.336312519079621770e-04
3.000000000000000000e+00 9.082240134770724416e-05
4.000000000000000000e+00 8.965459185405231862e-05
5.000000000000000000e+00 9.019675598075916863e-05
6.000000000000000000e+00 8.981248019993493730e-05
7.000000000000000000e+00 9.041612421463264874e-05
8.000000000000000000e+00 9.030187066605141011e-05
9.000000000000000000e+00 8.994393086156116145e-05
1.000000000000000000e+01 9.032749232752467275e-05
1.100000000000000000e+01 8.979389707062143916e-05
1.200000000000000000e+01 8.995702994335593361e-05
1.300000000000000000e+01 8.996273577517836394e-05
1.400000000000000000e+01 9.014396816160139296e-05
1.500000000000000000e+01 9.142635743640511504e-05
1.600000000000000000e+01 9.088722523179453136e-05
1.700000000000000000e+01 9.020071494789767483e-05
1.800000000000000000e+01 8.978688562695207455e-05
1.900000000000000000e+01 9.072779351383108699e-05
2.000000000000000000e+01 9.020134534363323303e-05
2.100000000000000000e+01 8.966974129270896402e-05
2.200000000000000000e+01 9.066123023324396005e-05
2.300000000000000000e+01 9.103108123593760335e-05
2.400000000000000000e+01 9.030077730591937765e-05
2.500000000000000000e+01 8.962316557622267382e-05
2.600000000000000000e+01 8.995473674393477997e-05
2.700000000000000000e+01 8.980149431890339939e-05
2.800000000000000000e+01 8.977562712053848250e-05
2.900000000000000000e+01 9.031428247128608358e-05
3.000000000000000000e+01 9.033527892637022258e-05
3.100000000000000000e+01 8.998566467242640518e-05
3.200000000000000000e+01 9.012234544617627786e-05
3.300000000000000000e+01 9.058520540663476310e-05
3.400000000000000000e+01 9.000535528398122015e-05
3.500000000000000000e+01 9.029466045377756447e-05
3.600000000000000000e+01 9.010955182906108462e-05
3.700000000000000000e+01 9.017004728810492221e-05
3.800000000000000000e+01 9.018393453188464440e-05
3.900000000000000000e+01 8.964811954763031920e-05
4.000000000000000000e+01 8.964435754625604119e-05
4.100000000000000000e+01 9.132595302437885253e-05
4.200000000000000000e+01 9.084877638855729377e-05
4.300000000000000000e+01 9.061424805152266471e-05
4.400000000000000000e+01 8.960231796592861152e-05
4.500000000000000000e+01 9.095134533498423172e-05
4.600000000000000000e+01 8.999361598489287147e-05
4.700000000000000000e+01 8.967775547729228550e-05
4.800000000000000000e+01 9.011284181901012367e-05
4.900000000000000000e+01 9.015598453137921276e-05
5.000000000000000000e+01 8.936737291482011749e-05
5.100000000000000000e+01 9.037562728748416445e-05
5.200000000000000000e+01 8.965347463219931030e-05
5.300000000000000000e+01 8.940645084127506984e-05
5.400000000000000000e+01 9.203293237725033321e-05
5.500000000000000000e+01 8.988237089259093601e-05
5.600000000000000000e+01 9.045492417648478222e-05
5.700000000000000000e+01 8.990241748371191513e-05
5.800000000000000000e+01 8.938100462314381748e-05
5.900000000000000000e+01 8.936409869515922998e-05
6.000000000000000000e+01 8.949570076913352702e-05
6.100000000000000000e+01 8.995500163506712425e-05
6.200000000000000000e+01 9.034087930890016653e-05
6.300000000000000000e+01 9.110879843113271477e-05
6.400000000000000000e+01 9.047186527434422176e-05
6.500000000000000000e+01 8.897979411779417672e-05
6.600000000000000000e+01 9.085838060394476690e-05
6.700000000000000000e+01 8.969515323206293063e-05
6.800000000000000000e+01 8.983530556054109917e-05
6.900000000000000000e+01 8.931092330206804458e-05
7.000000000000000000e+01 9.040659072063052075e-05
7.100000000000000000e+01 8.891996410140747963e-05
7.200000000000000000e+01 9.206509229442841390e-05
7.300000000000000000e+01 8.930616961864653626e-05
7.400000000000000000e+01 8.949189898538124140e-05
7.500000000000000000e+01 8.945697531624919609e-05
7.600000000000000000e+01 8.975470412668903810e-05
7.700000000000000000e+01 8.950247187323853357e-05
7.800000000000000000e+01 9.096150288126933991e-05
7.900000000000000000e+01 9.002263757016373727e-05
8.000000000000000000e+01 9.190404349102651463e-05
8.100000000000000000e+01 8.934557030658836453e-05
8.200000000000000000e+01 8.826056483661411144e-05
8.300000000000000000e+01 8.908399638755911721e-05
8.400000000000000000e+01 8.845127770774109134e-05
8.500000000000000000e+01 8.795153095871197319e-05
8.600000000000000000e+01 8.797169827808307607e-05
8.700000000000000000e+01 8.712699585054181932e-05
8.800000000000000000e+01 8.737966899626721539e-05
8.900000000000000000e+01 8.756646481804782956e-05
9.000000000000000000e+01 8.986265791923639900e-05
9.100000000000000000e+01 8.979511676764120030e-05
9.200000000000000000e+01 8.841424255670524157e-05
9.300000000000000000e+01 8.832618311068497492e-05
9.400000000000000000e+01 8.981391941631160062e-05
9.500000000000000000e+01 8.502640339865772138e-05
9.600000000000000000e+01 8.414661462057786547e-05
9.700000000000000000e+01 8.380664390870267431e-05
9.800000000000000000e+01 8.318116266885458468e-05
9.900000000000000000e+01 8.107729526831645300e-05
1.000000000000000000e+02 7.760592085595033037e-05
1.010000000000000000e+02 7.259615764800667645e-05
1.020000000000000000e+02 6.541571914803545672e-05
1.030000000000000000e+02 5.782561762569749588e-05
1.040000000000000000e+02 6.644111261651491885e-05
1.050000000000000000e+02 3.905833293495804287e-05
1.060000000000000000e+02 2.971008370073739989e-05
1.070000000000000000e+02 2.865642847152896638e-05
1.080000000000000000e+02 2.449987634118816783e-05
1.090000000000000000e+02 1.025085859738550929e-05
1.100000000000000000e+02 4.344575003263870689e-05
1.110000000000000000e+02 1.202246639156682369e-05
1.120000000000000000e+02 6.044455721856942490e-06
1.130000000000000000e+02 5.138508478574767399e-06
1.140000000000000000e+02 4.276184730889703197e-06
1.150000000000000000e+02 5.642319073464065008e-06
1.160000000000000000e+02 4.108019296782276433e-06
1.170000000000000000e+02 4.452912309275939445e-06
1.180000000000000000e+02 8.089233472348670805e-06
1.190000000000000000e+02 1.063757294970756351e-05
1.200000000000000000e+02 6.789099851120495864e-06
1.210000000000000000e+02 5.720748723495501520e-06
1.220000000000000000e+02 5.048002410305336583e-06
1.230000000000000000e+02 3.968552491451082453e-06
1.240000000000000000e+02 6.032687541144190713e-06
1.250000000000000000e+02 5.227281838242947145e-06
1.260000000000000000e+02 4.069678147602551927e-06
1.270000000000000000e+02 3.759312914562800236e-06
1.280000000000000000e+02 3.977236852182783007e-06
1.290000000000000000e+02 3.584953624995976803e-06
1.300000000000000000e+02 3.712547178940183134e-06
1.310000000000000000e+02 8.697603925463679499e-06
1.320000000000000000e+02 3.932178389912897888e-06
1.330000000000000000e+02 3.399898508046262754e-06
1.340000000000000000e+02 4.144768019455188554e-06
1.350000000000000000e+02 4.827255445006096502e-06
1.360000000000000000e+02 5.308918585221228995e-06
1.370000000000000000e+02 4.882784780006043077e-06
1.380000000000000000e+02 4.627977731312792533e-06
1.390000000000000000e+02 3.346468109876168655e-06
1.400000000000000000e+02 7.142636039461138280e-06
1.410000000000000000e+02 4.009256984194079508e-06
1.420000000000000000e+02 4.214877682058077888e-06
1.430000000000000000e+02 6.046729123067084940e-06
1.440000000000000000e+02 5.450239858037162181e-06
1.450000000000000000e+02 3.567477884347395284e-06
1.460000000000000000e+02 3.697072650596379628e-06
1.470000000000000000e+02 4.129226731512126156e-06
1.480000000000000000e+02 3.189223186419979617e-06
1.490000000000000000e+02 5.117825771019848458e-06
1.500000000000000000e+02 3.823575316795218188e-06
1.510000000000000000e+02 3.436618162353921151e-06
1.520000000000000000e+02 3.616003662271524593e-06
1.530000000000000000e+02 4.087656053802877529e-06
1.540000000000000000e+02 3.444316279875442084e-06
1.550000000000000000e+02 3.573240086274826915e-06
1.560000000000000000e+02 3.285131320932738500e-06
1.570000000000000000e+02 3.571364140724674970e-06
1.580000000000000000e+02 3.404209554580395536e-06
1.590000000000000000e+02 3.155319738352298277e-06
1.600000000000000000e+02 4.259953288777281308e-06
1.610000000000000000e+02 2.997198317685345376e-06
1.620000000000000000e+02 4.488011904757732847e-06
1.630000000000000000e+02 3.652609778357471280e-06
1.640000000000000000e+02 5.435832464493039809e-06
1.650000000000000000e+02 3.508687561571928558e-06
1.660000000000000000e+02 4.436407041424643893e-06
1.670000000000000000e+02 4.845876886966859164e-06
1.680000000000000000e+02 4.432620505819461047e-06
1.690000000000000000e+02 4.142030780010846849e-06
1.700000000000000000e+02 3.295367020056251925e-06
1.710000000000000000e+02 5.673139495711632783e-06
1.720000000000000000e+02 3.411123893121215498e-06
1.730000000000000000e+02 3.506120796346943247e-06
1.740000000000000000e+02 4.819453614507823205e-06
1.750000000000000000e+02 3.912943663274160786e-06
1.760000000000000000e+02 3.610032247984761284e-06
1.770000000000000000e+02 2.743175111417360957e-06
1.780000000000000000e+02 2.373217812000850655e-06
1.790000000000000000e+02 2.809336825978845255e-06
1.800000000000000000e+02 3.642257322843103805e-06
1.810000000000000000e+02 2.738703747245089691e-06
1.820000000000000000e+02 2.311320859020843965e-06
1.830000000000000000e+02 2.372667659891775618e-06
1.840000000000000000e+02 2.160160085523040336e-06
1.850000000000000000e+02 5.193738742137703908e-06
1.860000000000000000e+02 8.097409205936458457e-06
1.870000000000000000e+02 3.062920566123012261e-06
1.880000000000000000e+02 2.224246181411348784e-06
1.890000000000000000e+02 2.866512084061097968e-06
1.900000000000000000e+02 2.414939388781091539e-06
1.910000000000000000e+02 3.933492813316686759e-06
1.920000000000000000e+02 2.377969203928938623e-06
1.930000000000000000e+02 3.156794113534942523e-06
1.940000000000000000e+02 2.213219991412456800e-06
1.950000000000000000e+02 3.171796271185645891e-06
1.960000000000000000e+02 5.614012915442744441e-06
1.970000000000000000e+02 9.584249531102722084e-06
1.980000000000000000e+02 3.477515798512208530e-06
1.990000000000000000e+02 2.253916551541822132e-06
2.000000000000000000e+02 2.073589350446814591e-06
2.010000000000000000e+02 2.144059681493196478e-06
2.020000000000000000e+02 3.530138989786895477e-06
2.030000000000000000e+02 3.595303423820468660e-06
2.040000000000000000e+02 2.161565774729284696e-06
2.050000000000000000e+02 1.899128970287753195e-06
2.060000000000000000e+02 2.129485804745025899e-06
2.070000000000000000e+02 2.554577713258773235e-06
2.080000000000000000e+02 1.768975382198877598e-06
2.090000000000000000e+02 1.914606932413721389e-06
2.100000000000000000e+02 3.208081564950075643e-06
2.110000000000000000e+02 2.695292821668372052e-06
2.120000000000000000e+02 2.388791800034198753e-06
2.130000000000000000e+02 2.153041505100307410e-06
2.140000000000000000e+02 3.614180129758671184e-06
2.150000000000000000e+02 1.823677962309071841e-06
2.160000000000000000e+02 2.455232961953436634e-06
2.170000000000000000e+02 2.848388224817166745e-06
2.180000000000000000e+02 2.875407801739255900e-06
2.190000000000000000e+02 6.213114758746076177e-06
2.200000000000000000e+02 1.737284634430307803e-06
2.210000000000000000e+02 3.111035668681970524e-06
2.220000000000000000e+02 3.561782981232053916e-06
2.230000000000000000e+02 2.664804542850236900e-06
2.240000000000000000e+02 1.727925670790286562e-06
2.250000000000000000e+02 3.212785359573031246e-06
2.260000000000000000e+02 5.953915109675731902e-06
2.270000000000000000e+02 4.119302315668689870e-06
2.280000000000000000e+02 4.221639038200049595e-06
2.290000000000000000e+02 1.935215687886916723e-06
2.300000000000000000e+02 1.500634268080993378e-06
2.310000000000000000e+02 1.485210886770370200e-06
2.320000000000000000e+02 2.148637343988295701e-06
2.330000000000000000e+02 8.800954956099730264e-06
2.340000000000000000e+02 1.304291968955331564e-05
2.350000000000000000e+02 3.460931830676083305e-06
2.360000000000000000e+02 1.561318945459322242e-06
2.370000000000000000e+02 1.480358082754161747e-06
2.380000000000000000e+02 1.447474968946469479e-06
2.390000000000000000e+02 1.543175831010063807e-06
2.400000000000000000e+02 1.525287104567279615e-06
2.410000000000000000e+02 1.257204100665227547e-06
2.420000000000000000e+02 1.523396213543329307e-06
2.430000000000000000e+02 3.017071357608251027e-06
2.440000000000000000e+02 2.852746728228791130e-06
2.450000000000000000e+02 1.529280128117583581e-05
2.460000000000000000e+02 8.804390632734537486e-06
2.470000000000000000e+02 2.064332847779461861e-06
2.480000000000000000e+02 1.611046183540882246e-06
2.490000000000000000e+02 1.430740497212286747e-06
2.500000000000000000e+02 1.187327559985091659e-06
2.510000000000000000e+02 1.919178967012925956e-06
2.520000000000000000e+02 1.787025172437470750e-06
2.530000000000000000e+02 1.376308497621047807e-06
2.540000000000000000e+02 1.206825121171594473e-06
2.550000000000000000e+02 1.445315424408006663e-06
2.560000000000000000e+02 1.170415779693387744e-06
2.570000000000000000e+02 1.280318777749824352e-06
2.580000000000000000e+02 1.279626814063990654e-06
2.590000000000000000e+02 1.454126340882606236e-06
2.600000000000000000e+02 1.329726555350624451e-06
2.610000000000000000e+02 2.250534623899330678e-06
2.620000000000000000e+02 2.125848820553985490e-06
2.630000000000000000e+02 1.265852372389810966e-06
2.640000000000000000e+02 1.390748057280940105e-06
2.650000000000000000e+02 1.126159211239442732e-06
2.660000000000000000e+02 1.902243595163387186e-06
2.670000000000000000e+02 1.295595111587534538e-06
2.680000000000000000e+02 1.240261253175085901e-06
2.690000000000000000e+02 5.171933731543931576e-06
2.700000000000000000e+02 1.449751494895483326e-06
2.710000000000000000e+02 4.218029532741175933e-06
2.720000000000000000e+02 2.856239673219359606e-06
2.730000000000000000e+02 1.308807769382950357e-06
2.740000000000000000e+02 9.777230101651096006e-07
2.750000000000000000e+02 1.120792041194800172e-06
2.760000000000000000e+02 1.186374837360688518e-06
2.770000000000000000e+02 1.369646446696801183e-06
2.780000000000000000e+02 1.608109154283140741e-06
2.790000000000000000e+02 2.108084028285975966e-06
2.800000000000000000e+02 7.256607481505336086e-06
2.810000000000000000e+02 2.525690409740070534e-06
2.820000000000000000e+02 2.401339988692484154e-06
2.830000000000000000e+02 1.492948036922360336e-06
2.840000000000000000e+02 9.692223455278629149e-07
2.850000000000000000e+02 1.088575051531916645e-06
2.860000000000000000e+02 1.268021653842175911e-06
2.870000000000000000e+02 1.383734028533459620e-06
2.880000000000000000e+02 1.112114536052822576e-06
2.890000000000000000e+02 4.190791496052420574e-06
2.900000000000000000e+02 2.045029512329602350e-06
2.910000000000000000e+02 3.189601688558155440e-06
2.920000000000000000e+02 9.581699138533933294e-07
2.930000000000000000e+02 9.155754274617857183e-07
2.940000000000000000e+02 1.067882287851335228e-06
2.950000000000000000e+02 1.215341579426022619e-06
2.960000000000000000e+02 2.602364763475520945e-06
2.970000000000000000e+02 3.465433289773099090e-06
2.980000000000000000e+02 4.697904763612818987e-06
2.990000000000000000e+02 3.621722242548455515e-06
3.000000000000000000e+02 2.813666411284778908e-06
3.010000000000000000e+02 8.371314810731477054e-07
3.020000000000000000e+02 1.683925459924251445e-06
3.030000000000000000e+02 1.154042076007598563e-06
3.040000000000000000e+02 8.461621330345513305e-07
3.050000000000000000e+02 1.244031039973193542e-06
3.060000000000000000e+02 7.663488158261890739e-07
3.070000000000000000e+02 8.247400961572052812e-07
3.080000000000000000e+02 8.900532717886833486e-07
3.090000000000000000e+02 8.982373155674330652e-07
3.100000000000000000e+02 2.325345013878867108e-06
3.110000000000000000e+02 1.747568541692876894e-06
3.120000000000000000e+02 8.470588055100167179e-07
3.130000000000000000e+02 1.402588899372063872e-06
3.140000000000000000e+02 9.893332525905371002e-07
3.150000000000000000e+02 7.933963159569471955e-07
3.160000000000000000e+02 1.358919530448946028e-06
3.170000000000000000e+02 8.887049373265271505e-07
3.180000000000000000e+02 2.250878617111432857e-06
3.190000000000000000e+02 9.907596733217186154e-07
3.200000000000000000e+02 8.420380659847502971e-07
3.210000000000000000e+02 1.928420025798320655e-06
3.220000000000000000e+02 3.004164105614419585e-06
3.230000000000000000e+02 1.592995237897583468e-06
3.240000000000000000e+02 1.388488211951819641e-06
3.250000000000000000e+02 1.193040677529750620e-06
3.260000000000000000e+02 2.218037933648487624e-06
3.270000000000000000e+02 8.072890066072779608e-07
3.280000000000000000e+02 6.295680551165520817e-07
3.290000000000000000e+02 7.754880833344573108e-07
3.300000000000000000e+02 8.841180514420790708e-07
3.310000000000000000e+02 3.042166883695910522e-06
3.320000000000000000e+02 2.035113556612724416e-06
3.330000000000000000e+02 7.109407884263822890e-07
3.340000000000000000e+02 7.205667679480178809e-07
3.350000000000000000e+02 6.239238792060869080e-07
3.360000000000000000e+02 7.523008931197753722e-07
3.370000000000000000e+02 4.671337643790986397e-06
3.380000000000000000e+02 2.967633975748892611e-06
3.390000000000000000e+02 8.161336295897630199e-07
3.400000000000000000e+02 7.787457830086620874e-07
3.410000000000000000e+02 6.532436202659606104e-07
3.420000000000000000e+02 6.673609111401842018e-07
3.430000000000000000e+02 6.236563821431654216e-07
3.440000000000000000e+02 6.871992965322215585e-07
3.450000000000000000e+02 8.601400605130738799e-07
3.460000000000000000e+02 1.022908055279981107e-06
3.470000000000000000e+02 9.858381978960711948e-07
3.480000000000000000e+02 6.460047890607840857e-07
3.490000000000000000e+02 6.074335017419538263e-07
3.500000000000000000e+02 5.870851447287985418e-07
3.510000000000000000e+02 1.943512029653806963e-06
3.520000000000000000e+02 7.499313710824434004e-07
3.530000000000000000e+02 6.683331135580269661e-07
3.540000000000000000e+02 3.153941277101038442e-06
3.550000000000000000e+02 9.036009688352434487e-07
3.560000000000000000e+02 5.872790398044144414e-07
3.570000000000000000e+02 1.268472303284757460e-06
3.580000000000000000e+02 1.112352242304661986e-06
3.590000000000000000e+02 1.284343516718056743e-06
3.600000000000000000e+02 1.115404281633645985e-06
3.610000000000000000e+02 9.978085403685784035e-07
3.620000000000000000e+02 1.104034860787629859e-06
3.630000000000000000e+02 6.467821524998928486e-07
3.640000000000000000e+02 5.843488135792631715e-07
3.650000000000000000e+02 9.062323991943124315e-07
3.660000000000000000e+02 5.138058483013663748e-07
3.670000000000000000e+02 7.511574960857367611e-07
3.680000000000000000e+02 3.184775879130017275e-06
3.690000000000000000e+02 2.431352500909620410e-06
3.700000000000000000e+02 1.060661756457903934e-06
3.710000000000000000e+02 5.471721601931795707e-07
3.720000000000000000e+02 5.038456334613125556e-07
3.730000000000000000e+02 7.024984691947257830e-07
3.740000000000000000e+02 6.717406108663645629e-07
3.750000000000000000e+02 5.046243665046289677e-07
3.760000000000000000e+02 5.500976812001424383e-07
3.770000000000000000e+02 1.637291555170321750e-06
3.780000000000000000e+02 5.464473416240063608e-06
3.790000000000000000e+02 9.899641439474496551e-07
3.800000000000000000e+02 5.427789110588194112e-07
3.810000000000000000e+02 5.269142345523924879e-07
3.820000000000000000e+02 4.991473845057405619e-07
3.830000000000000000e+02 5.812536966675575783e-07
3.840000000000000000e+02 4.980594819599181111e-07
3.850000000000000000e+02 6.269165390567236227e-07
3.860000000000000000e+02 1.188184177777818709e-06
3.870000000000000000e+02 4.908202651282863746e-07
3.880000000000000000e+02 5.658318303990171038e-07
3.890000000000000000e+02 2.301015268799801100e-06
3.900000000000000000e+02 5.883829057744705596e-06
3.910000000000000000e+02 1.429314071983657379e-06
3.920000000000000000e+02 5.648419001080719057e-07
3.930000000000000000e+02 5.286590902525778711e-07
3.940000000000000000e+02 5.794150650128814933e-07
3.950000000000000000e+02 4.620018963790874548e-07
3.960000000000000000e+02 4.680348722942156046e-07
3.970000000000000000e+02 4.462719772673029617e-07
3.980000000000000000e+02 5.078148154868270929e-07
3.990000000000000000e+02 5.313341367246198007e-07
4.000000000000000000e+02 6.134003028864520182e-07
4.010000000000000000e+02 4.644944248803271187e-07
4.020000000000000000e+02 4.454074381419475680e-07
4.030000000000000000e+02 4.373415913608637476e-07
4.040000000000000000e+02 5.767927808322799541e-07
4.050000000000000000e+02 5.633201459466951492e-07
4.060000000000000000e+02 4.738761546623001739e-07
4.070000000000000000e+02 5.308305418194212611e-07
4.080000000000000000e+02 8.791031038440772360e-07
4.090000000000000000e+02 8.215402178124504742e-07
4.100000000000000000e+02 7.132366905211177606e-07
4.110000000000000000e+02 7.066955300872407206e-07
4.120000000000000000e+02 7.931029339107575915e-07
4.130000000000000000e+02 8.466331341575184734e-07
4.140000000000000000e+02 5.631031272123281517e-07
4.150000000000000000e+02 5.717016930729021846e-07
4.160000000000000000e+02 7.031674389125484442e-07
4.170000000000000000e+02 7.650242365377238493e-07
4.180000000000000000e+02 4.304177134498095156e-07
4.190000000000000000e+02 4.463770493555950124e-07
4.200000000000000000e+02 5.941428257670256849e-07
4.210000000000000000e+02 5.706294880909182044e-07
4.220000000000000000e+02 1.144610265638943513e-06
4.230000000000000000e+02 1.213754481288343861e-06
4.240000000000000000e+02 4.756643016041203591e-07
4.250000000000000000e+02 5.264058516519010120e-07
4.260000000000000000e+02 5.312514933052597805e-07
4.270000000000000000e+02 1.006707844241922887e-06
4.280000000000000000e+02 1.165361185135260797e-06
4.290000000000000000e+02 6.137434668514409745e-07
4.300000000000000000e+02 4.826952898495578581e-07
4.310000000000000000e+02 1.071207068552449949e-06
4.320000000000000000e+02 6.623993881069339977e-07
4.330000000000000000e+02 4.742776556708725930e-07
4.340000000000000000e+02 9.418052784616368847e-07
4.350000000000000000e+02 2.673208859475839112e-06
4.360000000000000000e+02 9.611786228467605855e-07
4.370000000000000000e+02 4.165970882374071717e-07
4.380000000000000000e+02 5.448032020425870461e-07
4.390000000000000000e+02 4.497397384988029904e-07
4.400000000000000000e+02 4.567658088512894139e-07
4.410000000000000000e+02 6.438781080991838374e-07
4.420000000000000000e+02 4.670710615708880272e-07
4.430000000000000000e+02 4.304140295064116223e-07
4.440000000000000000e+02 4.149668328986036073e-07
4.450000000000000000e+02 4.072714303302487949e-07
4.460000000000000000e+02 5.280176440306591146e-07
4.470000000000000000e+02 8.035997952962236412e-07
4.480000000000000000e+02 6.454725477656648945e-07
4.490000000000000000e+02 7.129786782058555203e-07
4.500000000000000000e+02 5.439152820900501382e-07
4.510000000000000000e+02 6.119251609508082674e-07
4.520000000000000000e+02 1.024110715094191840e-06
4.530000000000000000e+02 7.242686984172049680e-07
4.540000000000000000e+02 4.569779974088470738e-07
4.550000000000000000e+02 4.558809803071789182e-07
4.560000000000000000e+02 7.401844149524687750e-07
4.570000000000000000e+02 9.726286418995968888e-07
4.580000000000000000e+02 8.115814811425866057e-07
4.590000000000000000e+02 2.028382502914070290e-06
4.600000000000000000e+02 6.019724217241585666e-07
4.610000000000000000e+02 5.256096913986917349e-07
4.620000000000000000e+02 4.043862890228650935e-07
4.630000000000000000e+02 4.298356310267461471e-07
4.640000000000000000e+02 4.286783530198031064e-07
4.650000000000000000e+02 1.734642567560694539e-06
4.660000000000000000e+02 5.334212916372245730e-07
4.670000000000000000e+02 4.587291052017752800e-07
4.680000000000000000e+02 4.184945771080330343e-07
4.690000000000000000e+02 4.706159821486301396e-07
4.700000000000000000e+02 4.611614137249095090e-07
4.710000000000000000e+02 3.969296770128020967e-07
4.720000000000000000e+02 6.010430281497320917e-07
4.730000000000000000e+02 4.285329876415032836e-07
4.740000000000000000e+02 4.295695399018558013e-07
4.750000000000000000e+02 4.145648775823553053e-07
4.760000000000000000e+02 4.340420855393444510e-07
4.770000000000000000e+02 4.854437700347208353e-07
4.780000000000000000e+02 4.832557431894898105e-07
4.790000000000000000e+02 4.188703225320109069e-07
4.800000000000000000e+02 8.566802186773871923e-07
4.810000000000000000e+02 1.174386553007021439e-06
4.820000000000000000e+02 3.877370568256422066e-07
4.830000000000000000e+02 4.664644063444324526e-07
4.840000000000000000e+02 4.957475667361655862e-07
4.850000000000000000e+02 4.250606863653987600e-07
4.860000000000000000e+02 4.376559445579054706e-07
4.870000000000000000e+02 4.166882204623788839e-07
4.880000000000000000e+02 3.907300070794596093e-07
4.890000000000000000e+02 4.450609520586756153e-07
4.900000000000000000e+02 4.379598364224286446e-07
4.910000000000000000e+02 5.080457629826163784e-07
4.920000000000000000e+02 4.094046605681258193e-07
4.930000000000000000e+02 6.221569431551244845e-07
4.940000000000000000e+02 5.863697775890906235e-07
4.950000000000000000e+02 4.535434931381091342e-07
4.960000000000000000e+02 7.632019773534746076e-07
4.970000000000000000e+02 1.367836234461830099e-06
4.980000000000000000e+02 8.564863203444135556e-07
4.990000000000000000e+02 4.595576522344160767e-07
5.000000000000000000e+02 4.817800281750204715e-07
5.010000000000000000e+02 4.800808674439943586e-07
5.020000000000000000e+02 4.430881700807475034e-07
5.030000000000000000e+02 4.220848448806609234e-07
5.040000000000000000e+02 4.199807297168851472e-07
5.050000000000000000e+02 4.134450464012083940e-07
5.060000000000000000e+02 4.624430134605113006e-07
5.070000000000000000e+02 4.420135480919064412e-07
5.080000000000000000e+02 5.383738942116660821e-07
5.090000000000000000e+02 5.593377924940313995e-07
5.100000000000000000e+02 7.616255104477681282e-07
5.110000000000000000e+02 4.176152582810100166e-07
5.120000000000000000e+02 6.752535706161421896e-07
5.130000000000000000e+02 7.674473290549903373e-07
5.140000000000000000e+02 4.845684842323282306e-07
5.150000000000000000e+02 4.218419193584931395e-07
5.160000000000000000e+02 6.254769999517454691e-07
5.170000000000000000e+02 3.970966223912786155e-07
5.180000000000000000e+02 3.867836588512753726e-07
5.190000000000000000e+02 4.035532505382150256e-07
5.200000000000000000e+02 6.484124631144379711e-07
5.210000000000000000e+02 8.866544752913605360e-07
5.220000000000000000e+02 5.935048575720173937e-07
5.230000000000000000e+02 4.828879743326116942e-07
5.240000000000000000e+02 4.848286850116113150e-07
5.250000000000000000e+02 4.112050524785013910e-07
5.260000000000000000e+02 3.883419944163184164e-07
5.270000000000000000e+02 4.189769429403691835e-07
5.280000000000000000e+02 4.061927983633722621e-07
5.290000000000000000e+02 4.240204733134237134e-07
5.300000000000000000e+02 4.593459054235907631e-07
5.310000000000000000e+02 4.462190848183637347e-07
5.320000000000000000e+02 4.402874490728964409e-07
5.330000000000000000e+02 6.559346632132993061e-07
5.340000000000000000e+02 4.671934303163063932e-07
5.350000000000000000e+02 4.605878687221876154e-07
5.360000000000000000e+02 4.287836998038799306e-07
5.370000000000000000e+02 6.048119199615437023e-07
5.380000000000000000e+02 4.615257715391934234e-07
5.390000000000000000e+02 4.959148152821781684e-07
5.400000000000000000e+02 5.565415001103989600e-07
5.410000000000000000e+02 7.260015067769430616e-07
5.420000000000000000e+02 7.280135947046311773e-07
5.430000000000000000e+02 6.062324184491885395e-07
5.440000000000000000e+02 4.142904537705009676e-07
5.450000000000000000e+02 3.875891133464186913e-07
5.460000000000000000e+02 4.182934581497092809e-07
5.470000000000000000e+02 5.191826688825278209e-07
5.480000000000000000e+02 4.913204277919117972e-07
5.490000000000000000e+02 4.248761740564315268e-07
5.500000000000000000e+02 3.988716476600818337e-07
5.510000000000000000e+02 5.009738671706878497e-07
5.520000000000000000e+02 5.314659765495623296e-07
5.530000000000000000e+02 4.425342639514375783e-07
5.540000000000000000e+02 4.474577481229443389e-07
5.550000000000000000e+02 6.767246930574198518e-07
5.560000000000000000e+02 4.147563582445818885e-07
5.570000000000000000e+02 4.785954863966657355e-07
5.580000000000000000e+02 4.371006243758622976e-07
5.590000000000000000e+02 3.942618161492995703e-07
5.600000000000000000e+02 4.094474893847783224e-07
5.610000000000000000e+02 3.855494278902565562e-07
5.620000000000000000e+02 3.941737591575360239e-07
5.630000000000000000e+02 4.259032341356924553e-07
5.640000000000000000e+02 7.440993314258027291e-07
5.650000000000000000e+02 5.333956780026525272e-07
5.660000000000000000e+02 4.035185256305352426e-07
5.670000000000000000e+02 4.733782939469357945e-07
5.680000000000000000e+02 4.173791242175968825e-07
5.690000000000000000e+02 4.220908779881013030e-07
5.700000000000000000e+02 4.286301429287521776e-07
5.710000000000000000e+02 4.676172187013898351e-07
5.720000000000000000e+02 4.093850557881999946e-07
5.730000000000000000e+02 3.916275565420961053e-07
5.740000000000000000e+02 4.304250330730506147e-07
5.750000000000000000e+02 4.670789659119528100e-07
5.760000000000000000e+02 5.095631581748195922e-07
5.770000000000000000e+02 3.876346225559538553e-07
5.780000000000000000e+02 4.330831799605355228e-07
5.790000000000000000e+02 4.099545133356170597e-07
5.800000000000000000e+02 4.089732800263035249e-07
5.810000000000000000e+02 5.641681688252285991e-07
5.820000000000000000e+02 5.371295535371645378e-07
5.830000000000000000e+02 6.738401635222729050e-07
5.840000000000000000e+02 5.753672662357984928e-07
5.850000000000000000e+02 3.897144510608133786e-07
5.860000000000000000e+02 3.822191990607034600e-07
5.870000000000000000e+02 4.255744260661974047e-07
5.880000000000000000e+02 3.950449769322612638e-07
5.890000000000000000e+02 3.743138892328828616e-07
5.900000000000000000e+02 4.582914290854252896e-07
5.910000000000000000e+02 4.270152644370764592e-07
5.920000000000000000e+02 4.112018220641535024e-07
5.930000000000000000e+02 5.503058581804967047e-07
5.940000000000000000e+02 4.778747177713801881e-07
5.950000000000000000e+02 1.940512500351593973e-06
5.960000000000000000e+02 7.665766748176320941e-07
5.970000000000000000e+02 4.007958617532143172e-07
5.980000000000000000e+02 3.785772658058294771e-07
5.990000000000000000e+02 3.818684130505207817e-07
6.000000000000000000e+02 3.879695914142696775e-07
6.010000000000000000e+02 3.782555325237134754e-07
6.020000000000000000e+02 4.012477329632781092e-07
6.030000000000000000e+02 3.768761223670741008e-07
6.040000000000000000e+02 3.819790723956350658e-07
6.050000000000000000e+02 3.933248723419008477e-07
6.060000000000000000e+02 4.199142983433620433e-07
6.070000000000000000e+02 3.786815036672651326e-07
6.080000000000000000e+02 3.869730679500960370e-07
6.090000000000000000e+02 3.826163582080032783e-07
6.100000000000000000e+02 4.038512366798004168e-07
6.110000000000000000e+02 3.890029247228573562e-07
6.120000000000000000e+02 3.881792852689749149e-07
6.130000000000000000e+02 4.202203529222667775e-07
6.140000000000000000e+02 4.223995098835463567e-07
6.150000000000000000e+02 3.864943808327382291e-07
6.160000000000000000e+02 3.943674396735121909e-07
6.170000000000000000e+02 3.749913052844511542e-07
6.180000000000000000e+02 3.970321903918088596e-07
6.190000000000000000e+02 3.851815193946541071e-07
6.200000000000000000e+02 4.185158836543608635e-07
6.210000000000000000e+02 4.059227076176667985e-07
6.220000000000000000e+02 3.855921877543162372e-07
6.230000000000000000e+02 4.799063945223850801e-07
6.240000000000000000e+02 4.252879231361568950e-07
6.250000000000000000e+02 4.130016815915119746e-07
6.260000000000000000e+02 3.997704401281119800e-07
6.270000000000000000e+02 3.989019704716582839e-07
6.280000000000000000e+02 3.997876553682566518e-07
6.290000000000000000e+02 4.992150774093682459e-07
6.300000000000000000e+02 4.873664849937950176e-07
6.310000000000000000e+02 3.901982574185627241e-07
6.320000000000000000e+02 3.822548244555507841e-07
6.330000000000000000e+02 4.309388745419571548e-07
6.340000000000000000e+02 4.875308853776986678e-07
6.350000000000000000e+02 4.613760538247441176e-07
6.360000000000000000e+02 3.950868524836783537e-07
6.370000000000000000e+02 4.399996202773505828e-07
6.380000000000000000e+02 4.054115348099690432e-07
6.390000000000000000e+02 4.006255834633561121e-07
6.400000000000000000e+02 5.605304019747136641e-07
6.410000000000000000e+02 4.289340804726697893e-07
6.420000000000000000e+02 3.927094017861130390e-07
6.430000000000000000e+02 3.909368374593599893e-07
6.440000000000000000e+02 3.760022686120925836e-07
6.450000000000000000e+02 3.802610887885873243e-07
6.460000000000000000e+02 3.969850805556171413e-07
6.470000000000000000e+02 4.869933257879831964e-07
6.480000000000000000e+02 4.079754848499983111e-07
6.490000000000000000e+02 3.841970644324320807e-07
6.500000000000000000e+02 4.022463289710146018e-07
6.510000000000000000e+02 4.168266900333838097e-07
6.520000000000000000e+02 4.013586070185171110e-07
6.530000000000000000e+02 4.029415201794166016e-07
6.540000000000000000e+02 3.891666318418350682e-07
6.550000000000000000e+02 3.918635789763705095e-07
6.560000000000000000e+02 4.341517941450895467e-07
6.570000000000000000e+02 4.299119040060673377e-07
6.580000000000000000e+02 3.933738627683429659e-07
6.590000000000000000e+02 3.769384860765238147e-07
6.600000000000000000e+02 3.821088045665891538e-07
6.610000000000000000e+02 4.149184466739103581e-07
6.620000000000000000e+02 4.082810600315712283e-07
6.630000000000000000e+02 3.783070473345838234e-07
6.640000000000000000e+02 3.862206316758910382e-07
6.650000000000000000e+02 4.291694120024620158e-07
6.660000000000000000e+02 4.288219668565550625e-07
6.670000000000000000e+02 4.301244131989198743e-07
6.680000000000000000e+02 4.236465207217266923e-07
6.690000000000000000e+02 4.694380267961757520e-07
6.700000000000000000e+02 4.813707081923061277e-07
6.710000000000000000e+02 5.354780952036255024e-07
6.720000000000000000e+02 4.162728004568943896e-07
6.730000000000000000e+02 3.889387709509736033e-07
6.740000000000000000e+02 3.778834905137781048e-07
6.750000000000000000e+02 4.283655014373558824e-07
6.760000000000000000e+02 4.469846733928485939e-07
6.770000000000000000e+02 3.923174773022661043e-07
6.780000000000000000e+02 3.859555073351139248e-07
6.790000000000000000e+02 3.766722587044971371e-07
6.800000000000000000e+02 3.817421940213630116e-07
6.810000000000000000e+02 4.125671495370643923e-07
6.820000000000000000e+02 3.940363398566572608e-07
6.830000000000000000e+02 3.875039019756332068e-07
6.840000000000000000e+02 4.002171569888028896e-07
6.850000000000000000e+02 4.253670614458723030e-07
6.860000000000000000e+02 3.887201636276871597e-07
6.870000000000000000e+02 3.856246805603371937e-07
6.880000000000000000e+02 4.173502972396145369e-07
6.890000000000000000e+02 3.904536853630476177e-07
6.900000000000000000e+02 3.787569350481447544e-07
6.910000000000000000e+02 4.081212831830210291e-07
6.920000000000000000e+02 3.876337950813418308e-07
6.930000000000000000e+02 3.910771576046982395e-07
6.940000000000000000e+02 3.928055040391868455e-07
6.950000000000000000e+02 4.253925348733464029e-07
6.960000000000000000e+02 3.961350970015501243e-07
6.970000000000000000e+02 4.895346640265239843e-07
6.980000000000000000e+02 4.189399166858271498e-07
6.990000000000000000e+02 3.833371085257544436e-07
7.000000000000000000e+02 3.867212408936085986e-07
7.010000000000000000e+02 4.141098181156236719e-07
7.020000000000000000e+02 3.814793106063826652e-07
7.030000000000000000e+02 3.819196914006345788e-07
7.040000000000000000e+02 4.098797802378592503e-07
7.050000000000000000e+02 4.444955981675824076e-07
7.060000000000000000e+02 3.815516330988037659e-07
7.070000000000000000e+02 3.959153099367356863e-07
7.080000000000000000e+02 3.800269638578433015e-07
7.090000000000000000e+02 3.773019500339321960e-07
7.100000000000000000e+02 3.757872455243991736e-07
7.110000000000000000e+02 3.768284016892506574e-07
7.120000000000000000e+02 3.767345063233033170e-07
7.130000000000000000e+02 4.068885775818171234e-07
7.140000000000000000e+02 3.842178291706792514e-07
7.150000000000000000e+02 4.022574827914202330e-07
7.160000000000000000e+02 4.188081960055727324e-07
7.170000000000000000e+02 4.088483509317360385e-07
7.180000000000000000e+02 5.037650339546356177e-07
7.190000000000000000e+02 4.070795330936986420e-07
7.200000000000000000e+02 3.750418273443939733e-07
7.210000000000000000e+02 3.811181419654149540e-07
7.220000000000000000e+02 3.875608965141191198e-07
7.230000000000000000e+02 3.863258561889763807e-07
7.240000000000000000e+02 4.310495618686315273e-07
7.250000000000000000e+02 4.103397578656609213e-07
7.260000000000000000e+02 3.789759817091243389e-07
7.270000000000000000e+02 3.907714611441934398e-07
7.280000000000000000e+02 3.755304435810172678e-07
7.290000000000000000e+02 3.938625937802529131e-07
7.300000000000000000e+02 3.839968732253024358e-07
7.310000000000000000e+02 3.908932151646438199e-07
7.320000000000000000e+02 3.824072205665978829e-07
7.330000000000000000e+02 3.830527541207688094e-07
7.340000000000000000e+02 3.738860226705704583e-07
7.350000000000000000e+02 3.792915949566867246e-07
7.360000000000000000e+02 3.854004052664544730e-07
7.370000000000000000e+02 3.855801299127531025e-07
7.380000000000000000e+02 3.830271879781976098e-07
7.390000000000000000e+02 3.973684483840182145e-07
7.400000000000000000e+02 4.169908950412337172e-07
7.410000000000000000e+02 3.901176705040879089e-07
7.420000000000000000e+02 3.919531452185238984e-07
7.430000000000000000e+02 4.367821071254491174e-07
7.440000000000000000e+02 3.831532563304176452e-07
7.450000000000000000e+02 3.834832238162781158e-07
7.460000000000000000e+02 3.799841207107502247e-07
7.470000000000000000e+02 3.996575992512227647e-07
7.480000000000000000e+02 3.826096442110079660e-07
7.490000000000000000e+02 4.025808173401926727e-07
7.500000000000000000e+02 3.889074212538910004e-07
7.510000000000000000e+02 3.881557424678951392e-07
7.520000000000000000e+02 3.820524355587758316e-07
7.530000000000000000e+02 3.791472643698234042e-07
7.540000000000000000e+02 3.755464159434417773e-07
7.550000000000000000e+02 3.784722233120052122e-07
7.560000000000000000e+02 3.757699546888547600e-07
7.570000000000000000e+02 3.918443742533462623e-07
7.580000000000000000e+02 3.873143648121220543e-07
7.590000000000000000e+02 4.154588010565489593e-07
7.600000000000000000e+02 3.753367994551086387e-07
7.610000000000000000e+02 3.771397826232178888e-07
7.620000000000000000e+02 3.819672158314968086e-07
7.630000000000000000e+02 3.759736424840100585e-07
7.640000000000000000e+02 3.817793419425861647e-07
7.650000000000000000e+02 3.793548290584562976e-07
7.660000000000000000e+02 3.864335618607286232e-07
7.670000000000000000e+02 3.809560783792187732e-07
7.680000000000000000e+02 3.826624553286469026e-07
7.690000000000000000e+02 3.866187339432957670e-07
7.700000000000000000e+02 3.775931897145558386e-07
7.710000000000000000e+02 3.825201878110288094e-07
7.720000000000000000e+02 4.510337556605724069e-07
7.730000000000000000e+02 4.730730237366766718e-07
7.740000000000000000e+02 3.865661782081213479e-07
7.750000000000000000e+02 3.820851651430900561e-07
7.760000000000000000e+02 3.744933777146065273e-07
7.770000000000000000e+02 4.049665988488989080e-07
7.780000000000000000e+02 4.166946032555804682e-07
7.790000000000000000e+02 4.063528582246709102e-07
7.800000000000000000e+02 3.782742325890107345e-07
7.810000000000000000e+02 3.729523410294354367e-07
7.820000000000000000e+02 3.742542929543919492e-07
7.830000000000000000e+02 3.875795673496404814e-07
7.840000000000000000e+02 3.935276699343247933e-07
7.850000000000000000e+02 3.864678591286592835e-07
7.860000000000000000e+02 3.867772224848151439e-07
7.870000000000000000e+02 4.116682076407515069e-07
7.880000000000000000e+02 3.850179869544510079e-07
7.890000000000000000e+02 3.785526552645484081e-07
7.900000000000000000e+02 3.860797645431491483e-07
7.910000000000000000e+02 3.878630963231332635e-07
7.920000000000000000e+02 3.817784009402675455e-07
7.930000000000000000e+02 3.730560803663680618e-07
7.940000000000000000e+02 3.765537241819278303e-07
7.950000000000000000e+02 3.797753854389222738e-07
7.960000000000000000e+02 3.738138445720664695e-07
7.970000000000000000e+02 3.808212109541742374e-07
7.980000000000000000e+02 3.827712707942466813e-07
7.990000000000000000e+02 3.871903858295211054e-07
8.000000000000000000e+02 3.731009560815645077e-07
8.010000000000000000e+02 3.818907318554462527e-07
8.020000000000000000e+02 3.765186437071059500e-07
8.030000000000000000e+02 3.773869391803167246e-07
8.040000000000000000e+02 3.800043695124778371e-07
8.050000000000000000e+02 3.886091448117126813e-07
8.060000000000000000e+02 3.842607139142606487e-07
8.070000000000000000e+02 3.753758285596196571e-07
8.080000000000000000e+02 3.819038517514499298e-07
8.090000000000000000e+02 3.728774407200431397e-07
8.100000000000000000e+02 3.810794338753252536e-07
8.110000000000000000e+02 3.905499330167719224e-07
8.120000000000000000e+02 3.781793820011545031e-07
8.130000000000000000e+02 3.763328354170301031e-07
8.140000000000000000e+02 3.796352447842365544e-07
8.150000000000000000e+02 3.752980629312097480e-07
8.160000000000000000e+02 3.914421085931537077e-07
8.170000000000000000e+02 4.019887338490365225e-07
8.180000000000000000e+02 3.862594844216485014e-07
8.190000000000000000e+02 3.833724814529694217e-07
8.200000000000000000e+02 3.747807510033782812e-07
8.210000000000000000e+02 3.744580268559972214e-07
8.220000000000000000e+02 3.823894279977455304e-07
8.230000000000000000e+02 3.807008547674683783e-07
8.240000000000000000e+02 3.832048679242121177e-07
8.250000000000000000e+02 3.872601852479643136e-07
8.260000000000000000e+02 3.755763648964186981e-07
8.270000000000000000e+02 3.770575077158947494e-07
8.280000000000000000e+02 3.756401617479309881e-07
8.290000000000000000e+02 3.886822649403598487e-07
8.300000000000000000e+02 3.729747584152512703e-07
8.310000000000000000e+02 4.189991648512986760e-07
8.320000000000000000e+02 3.870930545173628750e-07
8.330000000000000000e+02 3.751107720589158761e-07
8.340000000000000000e+02 3.764138454247745741e-07
8.350000000000000000e+02 3.821471855589549475e-07
8.360000000000000000e+02 3.854032812270751737e-07
8.370000000000000000e+02 3.783194714144816519e-07
8.380000000000000000e+02 4.031831940403577121e-07
8.390000000000000000e+02 3.760793970280372667e-07
8.400000000000000000e+02 3.701527920946454820e-07
8.410000000000000000e+02 3.975142401001864670e-07
8.420000000000000000e+02 3.777878691520685619e-07
8.430000000000000000e+02 3.981064173427679050e-07
8.440000000000000000e+02 3.791481709868386826e-07
8.450000000000000000e+02 3.806085044245245399e-07
8.460000000000000000e+02 3.760077880515627730e-07
8.470000000000000000e+02 3.887913544911867472e-07
8.480000000000000000e+02 3.843516384016905885e-07
8.490000000000000000e+02 3.750274770947606433e-07
8.500000000000000000e+02 3.749483461754137881e-07
8.510000000000000000e+02 3.766014913749722539e-07
8.520000000000000000e+02 3.764876639056223729e-07
8.530000000000000000e+02 3.749309733296953643e-07
8.540000000000000000e+02 3.760971664321687855e-07
8.550000000000000000e+02 3.769423369800920188e-07
8.560000000000000000e+02 3.754438342769672438e-07
8.570000000000000000e+02 3.746101370749089052e-07
8.580000000000000000e+02 3.732639824220560704e-07
8.590000000000000000e+02 3.724660794230237290e-07
8.600000000000000000e+02 3.711508529262673788e-07
8.610000000000000000e+02 3.949560264514599001e-07
8.620000000000000000e+02 3.823680931396854404e-07
8.630000000000000000e+02 3.830963204749287538e-07
8.640000000000000000e+02 3.893815629527596642e-07
8.650000000000000000e+02 3.919205900298099492e-07
8.660000000000000000e+02 3.774947656479659648e-07
8.670000000000000000e+02 3.754401916633560068e-07
8.680000000000000000e+02 3.824811950044469906e-07
8.690000000000000000e+02 3.813929118853937731e-07
8.700000000000000000e+02 3.775107826665624942e-07
8.710000000000000000e+02 3.780704299269623819e-07
8.720000000000000000e+02 3.755280504746684182e-07
8.730000000000000000e+02 3.755126153747128327e-07
8.740000000000000000e+02 3.728732679836918886e-07
8.750000000000000000e+02 3.803918797439529223e-07
8.760000000000000000e+02 3.848841976085837168e-07
8.770000000000000000e+02 3.771944332483434344e-07
8.780000000000000000e+02 3.785653789743255848e-07
8.790000000000000000e+02 3.845969635114663770e-07
8.800000000000000000e+02 3.766174878550314097e-07
8.810000000000000000e+02 3.756663530063562746e-07
8.820000000000000000e+02 3.721508144359869115e-07
8.830000000000000000e+02 3.774525284858218815e-07
8.840000000000000000e+02 3.741289718712619561e-07
8.850000000000000000e+02 3.771216696285549307e-07
8.860000000000000000e+02 3.778245810512153431e-07
8.870000000000000000e+02 3.802806580911698280e-07
8.880000000000000000e+02 3.739720327530589486e-07
8.890000000000000000e+02 3.787333963561717836e-07
8.900000000000000000e+02 3.793220204234564996e-07
8.910000000000000000e+02 3.719397831160205257e-07
8.920000000000000000e+02 3.817154077074423621e-07
8.930000000000000000e+02 3.954932071300217177e-07
8.940000000000000000e+02 3.745590597389380582e-07
8.950000000000000000e+02 3.744172677836158810e-07
8.960000000000000000e+02 3.727216781448800264e-07
8.970000000000000000e+02 3.828610184722552412e-07
8.980000000000000000e+02 3.865117219823969458e-07
8.990000000000000000e+02 3.761473480578505023e-07
9.000000000000000000e+02 3.778158199129740436e-07
9.010000000000000000e+02 3.789736399643833568e-07
9.020000000000000000e+02 3.769945274017599030e-07
9.030000000000000000e+02 3.796032263424488962e-07
9.040000000000000000e+02 3.833016197834872594e-07
9.050000000000000000e+02 3.859218576550805812e-07
9.060000000000000000e+02 3.744962894012614340e-07
9.070000000000000000e+02 3.768889834872433667e-07
9.080000000000000000e+02 3.727973201059907372e-07
9.090000000000000000e+02 3.783660644746079478e-07
9.100000000000000000e+02 3.799551116563840112e-07
9.110000000000000000e+02 3.836873428334007557e-07
9.120000000000000000e+02 3.751808935411030286e-07
9.130000000000000000e+02 3.751990247010014806e-07
9.140000000000000000e+02 3.801109545663752506e-07
9.150000000000000000e+02 3.853124628155193888e-07
9.160000000000000000e+02 3.727739310022237671e-07
9.170000000000000000e+02 3.710425941270765999e-07
9.180000000000000000e+02 3.753147600676081042e-07
9.190000000000000000e+02 3.758480236982048072e-07
9.200000000000000000e+02 3.763078293973736741e-07
9.210000000000000000e+02 3.766743795041830743e-07
9.220000000000000000e+02 3.775306684315329598e-07
9.230000000000000000e+02 3.804244321364704522e-07
9.240000000000000000e+02 3.775337499356727353e-07
9.250000000000000000e+02 3.748965273777306404e-07
9.260000000000000000e+02 3.729930878991924766e-07
9.270000000000000000e+02 3.776054712836752383e-07
9.280000000000000000e+02 3.831730823303114752e-07
9.290000000000000000e+02 3.778556097569613462e-07
9.300000000000000000e+02 3.757622153657968022e-07
9.310000000000000000e+02 3.746683406919255109e-07
9.320000000000000000e+02 3.782726514817628462e-07
9.330000000000000000e+02 3.778612526161755059e-07
9.340000000000000000e+02 3.736575341459111398e-07
9.350000000000000000e+02 3.810582150029480806e-07
9.360000000000000000e+02 3.762236923148507382e-07
9.370000000000000000e+02 3.771664735137875798e-07
9.380000000000000000e+02 3.801884158803318632e-07
9.390000000000000000e+02 3.765431737408035057e-07
9.400000000000000000e+02 3.715954170193061742e-07
9.410000000000000000e+02 3.835530350981420694e-07
9.420000000000000000e+02 3.752050765967254087e-07
9.430000000000000000e+02 3.790614702245312749e-07
9.440000000000000000e+02 3.812341099637468969e-07
9.450000000000000000e+02 3.793246948855520537e-07
9.460000000000000000e+02 3.815872825102222649e-07
9.470000000000000000e+02 3.773705394412747775e-07
9.480000000000000000e+02 3.750916616122263574e-07
9.490000000000000000e+02 3.850841878121769053e-07
9.500000000000000000e+02 3.723560658212301532e-07
9.510000000000000000e+02 3.739809732730283652e-07
9.520000000000000000e+02 3.767329547224386701e-07
9.530000000000000000e+02 3.953577800718346490e-07
9.540000000000000000e+02 3.873834851467662006e-07
9.550000000000000000e+02 3.979880366946966144e-07
9.560000000000000000e+02 3.805487004760664494e-07
9.570000000000000000e+02 3.760227727596906668e-07
9.580000000000000000e+02 3.746567161656559208e-07
9.590000000000000000e+02 3.824421187671823396e-07
9.600000000000000000e+02 3.728278715246329279e-07
9.610000000000000000e+02 3.793145263862203754e-07
9.620000000000000000e+02 3.714048530012403530e-07
9.630000000000000000e+02 3.774427438082168364e-07
9.640000000000000000e+02 3.718219556034263259e-07
9.650000000000000000e+02 3.764669190095216854e-07
9.660000000000000000e+02 3.740102986396111165e-07
9.670000000000000000e+02 3.846895111622882952e-07
9.680000000000000000e+02 3.714769397652136960e-07
9.690000000000000000e+02 3.776049438505092007e-07
9.700000000000000000e+02 3.878317687961702669e-07
9.710000000000000000e+02 3.948368194600581192e-07
9.720000000000000000e+02 3.818857188844757395e-07
9.730000000000000000e+02 3.835493156266667051e-07
9.740000000000000000e+02 3.759093354639144450e-07
9.750000000000000000e+02 3.740053123909990771e-07
9.760000000000000000e+02 3.736460283969937596e-07
9.770000000000000000e+02 3.770402831262910913e-07
9.780000000000000000e+02 3.720469254319091032e-07
9.790000000000000000e+02 3.848274209826363017e-07
9.800000000000000000e+02 4.069104876424851861e-07
9.810000000000000000e+02 3.784175532147391449e-07
9.820000000000000000e+02 3.767640856715318915e-07
9.830000000000000000e+02 3.735633296528339387e-07
9.840000000000000000e+02 3.851928652395607039e-07
9.850000000000000000e+02 3.721288601332307965e-07
9.860000000000000000e+02 3.735651973535937684e-07
9.870000000000000000e+02 3.714353551762804019e-07
9.880000000000000000e+02 3.757225488206385109e-07
9.890000000000000000e+02 3.803865788822491440e-07
9.900000000000000000e+02 3.742983494006943386e-07
9.910000000000000000e+02 3.714909164401778639e-07
9.920000000000000000e+02 3.719582657198670005e-07
9.930000000000000000e+02 3.747544746819644577e-07
9.940000000000000000e+02 3.765923401420214624e-07
9.950000000000000000e+02 3.722078518944511311e-07
9.960000000000000000e+02 3.757030044432060198e-07
9.970000000000000000e+02 3.736359819973289732e-07
9.980000000000000000e+02 3.748173862255773257e-07
9.990000000000000000e+02 3.731806874476886378e-07
1.000000000000000000e+03 3.720784412187364018e-07
1.001000000000000000e+03 3.729698866973451730e-07
1.002000000000000000e+03 3.828199213904897201e-07
1.003000000000000000e+03 3.705410411111471329e-07
1.004000000000000000e+03 3.709648612583535578e-07
1.005000000000000000e+03 3.788473908001838092e-07
1.006000000000000000e+03 3.728114305684762765e-07
1.007000000000000000e+03 3.802676039312066247e-07
1.008000000000000000e+03 3.755479288068549444e-07
1.009000000000000000e+03 3.795119962444618374e-07
1.010000000000000000e+03 3.788714765764917467e-07
1.011000000000000000e+03 3.813616198712378847e-07
1.012000000000000000e+03 3.770142870491946139e-07
1.013000000000000000e+03 3.722999230841592916e-07
1.014000000000000000e+03 3.723032180302562736e-07
1.015000000000000000e+03 3.711705213044726021e-07
1.016000000000000000e+03 3.743390393181685610e-07
1.017000000000000000e+03 3.740227954955328404e-07
1.018000000000000000e+03 3.712883160193881249e-07
1.019000000000000000e+03 3.709284874193900113e-07
1.020000000000000000e+03 3.786000941782331878e-07
1.021000000000000000e+03 3.789649165355149737e-07
1.022000000000000000e+03 3.710010168873164642e-07
1.023000000000000000e+03 3.728831984187355498e-07
1.024000000000000000e+03 3.791210953609256864e-07
1.025000000000000000e+03 3.756339549796216407e-07
1.026000000000000000e+03 3.786577474708073922e-07
1.027000000000000000e+03 3.732393278626283785e-07
1.028000000000000000e+03 3.712922474890171970e-07
1.029000000000000000e+03 3.718949604711361594e-07
1.030000000000000000e+03 3.843285969163995890e-07
1.031000000000000000e+03 3.752685851210562550e-07
1.032000000000000000e+03 3.774141150319623523e-07
1.033000000000000000e+03 3.847420256507734312e-07
1.034000000000000000e+03 3.795622311288414257e-07
1.035000000000000000e+03 3.724681025682726009e-07
1.036000000000000000e+03 3.841263722667355530e-07
1.037000000000000000e+03 3.742341609710448566e-07
1.038000000000000000e+03 3.731729894349636365e-07
1.039000000000000000e+03 3.710671360887179004e-07
1.040000000000000000e+03 3.706654005005240630e-07
1.041000000000000000e+03 3.728012727013343450e-07
1.042000000000000000e+03 3.775809456548930096e-07
1.043000000000000000e+03 3.736003551731743253e-07
1.044000000000000000e+03 3.748136003449230810e-07
1.045000000000000000e+03 3.712308352347448922e-07
1.046000000000000000e+03 3.758095869490611448e-07
1.047000000000000000e+03 3.725128082639869371e-07
1.048000000000000000e+03 3.820171365411364902e-07
1.049000000000000000e+03 3.747238619295116022e-07
1.050000000000000000e+03 3.732744581062231510e-07
1.051000000000000000e+03 3.739748542292695694e-07
1.052000000000000000e+03 3.721440803298512785e-07
1.053000000000000000e+03 3.717431244955556419e-07
1.054000000000000000e+03 3.724037547161753947e-07
1.055000000000000000e+03 3.731281212863365430e-07
1.056000000000000000e+03 3.733722291728812245e-07
1.057000000000000000e+03 3.755786504250294915e-07
1.058000000000000000e+03 3.844663350153502957e-07
1.059000000000000000e+03 3.733846470180146914e-07
1.060000000000000000e+03 3.801180147461191763e-07
1.061000000000000000e+03 3.842918014587568861e-07
1.062000000000000000e+03 3.735619245311272541e-07
1.063000000000000000e+03 3.720856209014093245e-07
1.064000000000000000e+03 3.749981874881223209e-07
1.065000000000000000e+03 3.724810344853609990e-07
1.066000000000000000e+03 3.744816791059903491e-07
1.067000000000000000e+03 3.738374265057259424e-07
1.068000000000000000e+03 3.882247531681256651e-07
1.069000000000000000e+03 3.770621722734501415e-07
1.070000000000000000e+03 3.787560877544975407e-07
1.071000000000000000e+03 3.799423980598937688e-07
1.072000000000000000e+03 3.772902334481480432e-07
1.073000000000000000e+03 3.763414815340985498e-07
1.074000000000000000e+03 3.798213320850190628e-07
1.075000000000000000e+03 3.742137567612933937e-07
1.076000000000000000e+03 3.730046503768318803e-07
1.077000000000000000e+03 3.752874027212434392e-07
1.078000000000000000e+03 3.723360817329973605e-07
1.079000000000000000e+03 3.774461793868275505e-07
1.080000000000000000e+03 3.734174835244487009e-07
1.081000000000000000e+03 3.761463708047180441e-07
1.082000000000000000e+03 3.774150466899539461e-07
1.083000000000000000e+03 3.732792815377866218e-07
1.084000000000000000e+03 3.721339906329756569e-07
1.085000000000000000e+03 3.732860306179875368e-07
1.086000000000000000e+03 3.850257151741721238e-07
1.087000000000000000e+03 3.851858985217730031e-07
1.088000000000000000e+03 3.768484468892233049e-07
1.089000000000000000e+03 3.720551533370277967e-07
1.090000000000000000e+03 3.720686479841829186e-07
1.091000000000000000e+03 3.730083825501982282e-07
1.092000000000000000e+03 3.750648068771667150e-07
1.093000000000000000e+03 3.779652808458222922e-07
1.094000000000000000e+03 3.768617354713476779e-07
1.095000000000000000e+03 3.727354925388461439e-07
1.096000000000000000e+03 3.710511366997583977e-07
1.097000000000000000e+03 3.716799782608326026e-07
1.098000000000000000e+03 3.703438085452515880e-07
1.099000000000000000e+03 3.739962179534672716e-07
1.100000000000000000e+03 3.733728626023962994e-07
1.101000000000000000e+03 3.835057592877990768e-07
1.102000000000000000e+03 3.709042248044341143e-07
1.103000000000000000e+03 3.743460113604389319e-07
1.104000000000000000e+03 3.757102993918646987e-07
1.105000000000000000e+03 3.704228779689820391e-07
1.106000000000000000e+03 3.747117645798125728e-07
1.107000000000000000e+03 3.746881607907518145e-07
1.108000000000000000e+03 3.744296134807056740e-07
1.109000000000000000e+03 3.711149051067375840e-07
1.110000000000000000e+03 3.709165052888714444e-07
1.111000000000000000e+03 3.720826656467487905e-07
1.112000000000000000e+03 3.770696313162915381e-07
1.113000000000000000e+03 3.759847528348319556e-07
1.114000000000000000e+03 3.728342082126989219e-07
1.115000000000000000e+03 3.747618040673681647e-07
1.116000000000000000e+03 3.728474697733848989e-07
1.117000000000000000e+03 3.719744602786707101e-07
1.118000000000000000e+03 3.737020764567797531e-07
1.119000000000000000e+03 3.724892337229653772e-07
1.120000000000000000e+03 3.727096334240893317e-07
1.121000000000000000e+03 3.823992541501231731e-07
1.122000000000000000e+03 3.750134405504509839e-07
1.123000000000000000e+03 3.881088425893533294e-07
1.124000000000000000e+03 3.743775555321953199e-07
1.125000000000000000e+03 3.759402432168694435e-07
1.126000000000000000e+03 3.774875166970302048e-07
1.127000000000000000e+03 3.821329782153558480e-07
1.128000000000000000e+03 3.720637143236980187e-07
1.129000000000000000e+03 3.726804087436328531e-07
1.130000000000000000e+03 3.757121605935909164e-07
1.131000000000000000e+03 3.710856750444104179e-07
1.132000000000000000e+03 3.765351197043876603e-07
1.133000000000000000e+03 3.734734123255738529e-07
1.134000000000000000e+03 3.759692369597090077e-07
1.135000000000000000e+03 3.778193147063574812e-07
1.136000000000000000e+03 3.763677861363789123e-07
1.137000000000000000e+03 3.722306352614338265e-07
1.138000000000000000e+03 3.716644312402430156e-07
1.139000000000000000e+03 3.792740670220129737e-07
1.140000000000000000e+03 3.777239367284767706e-07
1.141000000000000000e+03 3.766435619790541659e-07
1.142000000000000000e+03 3.794756283797265940e-07
1.143000000000000000e+03 3.760331817992973048e-07
1.144000000000000000e+03 3.723384193150807383e-07
1.145000000000000000e+03 3.710531619090163921e-07
1.146000000000000000e+03 3.735234890180845531e-07
1.147000000000000000e+03 3.744681144150464404e-07
1.148000000000000000e+03 3.709209645303342551e-07
1.149000000000000000e+03 3.748552068041681932e-07
1.150000000000000000e+03 3.726842508421869502e-07
1.151000000000000000e+03 3.723401599985884285e-07
1.152000000000000000e+03 3.716847915939258629e-07
1.153000000000000000e+03 3.716021925125132488e-07
1.154000000000000000e+03 3.712790264357888037e-07
1.155000000000000000e+03 3.777541315827208765e-07
1.156000000000000000e+03 3.824055323173333097e-07
1.157000000000000000e+03 3.859233057941467797e-07
1.158000000000000000e+03 3.760688821252043070e-07
1.159000000000000000e+03 3.753434881428850066e-07
1.160000000000000000e+03 3.742209918845208985e-07
1.161000000000000000e+03 3.731749885516552350e-07
1.162000000000000000e+03 3.716349177591305106e-07
1.163000000000000000e+03 3.772737217057788091e-07
1.164000000000000000e+03 3.748754774050045520e-07
1.165000000000000000e+03 3.732041216596935587e-07
1.166000000000000000e+03 3.760753895732246427e-07
1.167000000000000000e+03 3.750305426465412524e-07
1.168000000000000000e+03 3.777348593530405583e-07
1.169000000000000000e+03 3.886898583352718759e-07
1.170000000000000000e+03 3.766223927137773419e-07
1.171000000000000000e+03 3.714968603507473467e-07
1.172000000000000000e+03 3.722163914226307599e-07
1.173000000000000000e+03 3.754600436458850146e-07
1.174000000000000000e+03 3.719980807776622385e-07
1.175000000000000000e+03 3.707248622022659439e-07
1.176000000000000000e+03 3.720002954310041991e-07
1.177000000000000000e+03 3.744749704218470976e-07
1.178000000000000000e+03 3.717773657014292360e-07
1.179000000000000000e+03 3.719137189780142977e-07
1.180000000000000000e+03 3.807226283524823198e-07
1.181000000000000000e+03 3.766054495756540636e-07
1.182000000000000000e+03 3.769679958800092628e-07
1.183000000000000000e+03 3.729363245088643695e-07
1.184000000000000000e+03 3.717964527837050332e-07
1.185000000000000000e+03 3.717389294146485663e-07
1.186000000000000000e+03 3.727281786677045162e-07
1.187000000000000000e+03 3.847063649294501009e-07
1.188000000000000000e+03 3.749332279597002300e-07
1.189000000000000000e+03 3.792264146441767654e-07
1.190000000000000000e+03 3.785457872811518629e-07
1.191000000000000000e+03 3.728126932100312319e-07
1.192000000000000000e+03 3.713143053123759109e-07
1.193000000000000000e+03 3.710526606409111239e-07
1.194000000000000000e+03 3.731712086294156118e-07
1.195000000000000000e+03 3.729696779062192985e-07
1.196000000000000000e+03 3.723234101363418872e-07
1.197000000000000000e+03 3.712084918392222236e-07
1.198000000000000000e+03 3.766641352984357044e-07
1.199000000000000000e+03 3.705978267018508103e-07
1.200000000000000000e+03 3.718415684980486992e-07
1.201000000000000000e+03 3.753004564459656446e-07
1.202000000000000000e+03 3.720740232363551780e-07
1.203000000000000000e+03 3.770576801091826175e-07
1.204000000000000000e+03 3.753739631456052630e-07
1.205000000000000000e+03 3.735727404012694338e-07
1.206000000000000000e+03 3.772071901085344593e-07
1.207000000000000000e+03 3.796105389220391328e-07
1.208000000000000000e+03 3.714870114635954886e-07
1.209000000000000000e+03 3.751269601462966539e-07
1.210000000000000000e+03 3.723644664190369213e-07
1.211000000000000000e+03 3.788249403648819147e-07
1.212000000000000000e+03 3.716181047914494206e-07
1.213000000000000000e+03 3.711411482266582962e-07
1.214000000000000000e+03 3.732908056117928243e-07
1.215000000000000000e+03 3.730830320943666072e-07
1.216000000000000000e+03 3.754334622728938250e-07
1.217000000000000000e+03 3.749672509719150435e-07
1.218000000000000000e+03 3.780772784472162774e-07
1.219000000000000000e+03 3.789744643792775359e-07
1.220000000000000000e+03 3.762197543344531538e-07
1.221000000000000000e+03 3.715885000072243630e-07
1.222000000000000000e+03 3.722577494630899191e-07
1.223000000000000000e+03 3.760069148352598434e-07
1.224000000000000000e+03 3.719265605947775204e-07
1.225000000000000000e+03 3.736229880523815425e-07
1.226000000000000000e+03 3.697767042167468651e-07
1.227000000000000000e+03 3.764387129195781305e-07
1.228000000000000000e+03 3.701375825364902552e-07
1.229000000000000000e+03 3.704629056074334782e-07
1.230000000000000000e+03 3.784082075078184526e-07
1.231000000000000000e+03 3.853336419553092179e-07
1.232000000000000000e+03 3.751591682948488653e-07
1.233000000000000000e+03 3.714950186878373314e-07
1.234000000000000000e+03 3.749480798116052902e-07
1.235000000000000000e+03 3.728858972637610751e-07
1.236000000000000000e+03 3.739763962677672518e-07
1.237000000000000000e+03 3.727954957674939260e-07
1.238000000000000000e+03 3.742189981928984561e-07
1.239000000000000000e+03 3.720015690669862471e-07
1.240000000000000000e+03 3.725961337483785329e-07
1.241000000000000000e+03 3.736838247241086107e-07
1.242000000000000000e+03 3.704848024227292309e-07
1.243000000000000000e+03 3.729532678771147998e-07
1.244000000000000000e+03 3.722692182656614612e-07
1.245000000000000000e+03 3.718168613975377602e-07
1.246000000000000000e+03 3.725876293002092868e-07
1.247000000000000000e+03 3.836544399831334400e-07
1.248000000000000000e+03 3.712555929952808670e-07
1.249000000000000000e+03 3.701302697165844894e-07
1.250000000000000000e+03 3.734772531151662203e-07
1.251000000000000000e+03 3.719966952216663761e-07
1.252000000000000000e+03 3.759732259291291242e-07
1.253000000000000000e+03 3.728122472377538494e-07
1.254000000000000000e+03 3.734009673067003159e-07
1.255000000000000000e+03 3.738404030735905902e-07
1.256000000000000000e+03 3.717700231594892933e-07
1.257000000000000000e+03 3.732971734581559949e-07
1.258000000000000000e+03 3.756986282670887139e-07
1.259000000000000000e+03 3.733049727347741067e-07
1.260000000000000000e+03 3.713554282097346187e-07
1.261000000000000000e+03 3.706477310231783965e-07
1.262000000000000000e+03 3.709806525457194390e-07
1.263000000000000000e+03 3.701302550783059376e-07
1.264000000000000000e+03 3.725650223849852112e-07
1.265000000000000000e+03 3.791108326946799486e-07
1.266000000000000000e+03 3.818356090142105028e-07
1.267000000000000000e+03 3.735912333823392621e-07
1.268000000000000000e+03 3.717445742018455569e-07
1.269000000000000000e+03 3.732086246989861228e-07
1.270000000000000000e+03 3.729465191747077318e-07
1.271000000000000000e+03 3.729783502652060609e-07
1.272000000000000000e+03 3.717965247480878765e-07
1.273000000000000000e+03 3.738199647899235739e-07
1.274000000000000000e+03 3.736409548180416257e-07
1.275000000000000000e+03 3.720740490603683486e-07
1.276000000000000000e+03 3.734833193769186525e-07
1.277000000000000000e+03 3.719306024607187257e-07
1.278000000000000000e+03 3.713018785927653885e-07
1.279000000000000000e+03 3.733768552089194578e-07
1.280000000000000000e+03 3.705995987405986194e-07
1.281000000000000000e+03 3.698677294054217687e-07
1.282000000000000000e+03 3.718444634468318658e-07
1.283000000000000000e+03 3.715451298646015496e-07
1.284000000000000000e+03 3.711979480924370857e-07
1.285000000000000000e+03 3.727249320098479911e-07
1.286000000000000000e+03 3.730456556369157143e-07
1.287000000000000000e+03 3.724648573820434950e-07
1.288000000000000000e+03 3.769139382306459560e-07
1.289000000000000000e+03 3.708923269252386272e-07
1.290000000000000000e+03 3.720965430603342196e-07
1.291000000000000000e+03 3.827588219893032272e-07
1.292000000000000000e+03 3.851877264947503893e-07
1.293000000000000000e+03 3.727388458857411157e-07
1.294000000000000000e+03 3.710609958151065267e-07
1.295000000000000000e+03 3.741415020693062304e-07
1.296000000000000000e+03 3.730590293320260146e-07
1.297000000000000000e+03 3.797117715249005690e-07
1.298000000000000000e+03 3.732454002143649541e-07
1.299000000000000000e+03 3.716576781947142681e-07
1.300000000000000000e+03 3.716190158702055605e-07
1.301000000000000000e+03 3.700668689448748333e-07
1.302000000000000000e+03 3.704034523146837613e-07
1.303000000000000000e+03 3.714047184497765255e-07
1.304000000000000000e+03 3.723571651316716091e-07
1.305000000000000000e+03 3.797243642578272103e-07
1.306000000000000000e+03 3.787796803097339670e-07
1.307000000000000000e+03 3.714966365317887622e-07
1.308000000000000000e+03 3.716250935613548737e-07
1.309000000000000000e+03 3.737763440515092665e-07
1.310000000000000000e+03 3.726956696067344726e-07
1.311000000000000000e+03 3.742586512555909686e-07
1.312000000000000000e+03 3.703293366695822793e-07
1.313000000000000000e+03 3.711010884678859227e-07
1.314000000000000000e+03 3.713563027971605378e-07
1.315000000000000000e+03 3.741239994702659874e-07
1.316000000000000000e+03 3.724442139128759431e-07
1.317000000000000000e+03 3.724965514053178808e-07
1.318000000000000000e+03 3.723816416700701624e-07
1.319000000000000000e+03 3.708242846294763037e-07
1.320000000000000000e+03 3.744800016222994421e-07
1.321000000000000000e+03 3.793601749120116764e-07
1.322000000000000000e+03 3.720792252071032895e-07
1.323000000000000000e+03 3.708210837897118378e-07
1.324000000000000000e+03 3.731763512075696145e-07
1.325000000000000000e+03 3.742791042674493488e-07
1.326000000000000000e+03 3.787899580354094437e-07
1.327000000000000000e+03 3.796918074222922174e-07
1.328000000000000000e+03 3.714368747827904602e-07
1.329000000000000000e+03 3.712536081296652903e-07
1.330000000000000000e+03 3.701788943202053026e-07
1.331000000000000000e+03 3.723949087039770540e-07
1.332000000000000000e+03 3.720736779672273658e-07
1.333000000000000000e+03 3.699579358338467476e-07
1.334000000000000000e+03 3.703236358315028106e-07
1.335000000000000000e+03 3.705583998883826275e-07
1.336000000000000000e+03 3.738261926311181180e-07
1.337000000000000000e+03 3.730512211781564968e-07
1.338000000000000000e+03 3.813276824220031926e-07
1.339000000000000000e+03 3.765380039246388114e-07
1.340000000000000000e+03 3.765464096958368419e-07
1.341000000000000000e+03 3.716983285637537857e-07
1.342000000000000000e+03 3.740669634330585730e-07
1.343000000000000000e+03 3.737780564382092576e-07
1.344000000000000000e+03 3.718503672218678321e-07
1.345000000000000000e+03 3.703559451193628739e-07
1.346000000000000000e+03 3.705317203984543195e-07
1.347000000000000000e+03 3.751818934975795917e-07
1.348000000000000000e+03 3.727935659723222027e-07
1.349000000000000000e+03 3.720313395318957323e-07
1.350000000000000000e+03 3.701053634038033015e-07
1.351000000000000000e+03 3.708400975040508692e-07
1.352000000000000000e+03 3.781374231465850261e-07
1.353000000000000000e+03 3.715072433584339302e-07
1.354000000000000000e+03 3.708696352727093358e-07
1.355000000000000000e+03 3.711120728378366489e-07
1.356000000000000000e+03 3.726143205305813852e-07
1.357000000000000000e+03 3.734238715713799756e-07
1.358000000000000000e+03 3.716569286965809510e-07
1.359000000000000000e+03 3.707936785114461183e-07
1.360000000000000000e+03 3.737649339970389689e-07
1.361000000000000000e+03 3.710421757152108716e-07
1.362000000000000000e+03 3.701849107720377290e-07
1.363000000000000000e+03 3.807323107695965174e-07
1.364000000000000000e+03 3.731940722482097931e-07
1.365000000000000000e+03 3.720459393565063593e-07
1.366000000000000000e+03 3.728866225901054884e-07
1.367000000000000000e+03 3.767140723075291724e-07
1.368000000000000000e+03 3.727958894613192558e-07
1.369000000000000000e+03 3.718113107918451305e-07
1.370000000000000000e+03 3.710953414176373981e-07
1.371000000000000000e+03 3.750617802734187643e-07
1.372000000000000000e+03 3.708942420917687573e-07
1.373000000000000000e+03 3.714145498688310749e-07
1.374000000000000000e+03 3.726467872751015145e-07
1.375000000000000000e+03 3.746532772701282951e-07
1.376000000000000000e+03 3.762301671976457663e-07
1.377000000000000000e+03 3.708751748795321852e-07
1.378000000000000000e+03 3.705891690780292987e-07
1.379000000000000000e+03 3.721704817177043317e-07
1.380000000000000000e+03 3.718033502995502999e-07
1.381000000000000000e+03 3.716704881101402390e-07
1.382000000000000000e+03 3.705962653363031560e-07
1.383000000000000000e+03 3.714585109825176279e-07
1.384000000000000000e+03 3.750881003613233398e-07
1.385000000000000000e+03 3.711669432041991917e-07
1.386000000000000000e+03 3.699266102744813070e-07
1.387000000000000000e+03 3.711528680717874312e-07
1.388000000000000000e+03 3.723570293469774677e-07
1.389000000000000000e+03 3.722988869235977914e-07
1.390000000000000000e+03 3.721602868583444871e-07
1.391000000000000000e+03 3.737834047813598515e-07
1.392000000000000000e+03 3.714413827084248264e-07
1.393000000000000000e+03 3.720659712657239949e-07
1.394000000000000000e+03 3.717200411220587571e-07
1.395000000000000000e+03 3.756073381491348062e-07
1.396000000000000000e+03 3.724458340531397290e-07
1.397000000000000000e+03 3.726388911760314268e-07
1.398000000000000000e+03 3.725696258902700847e-07
1.399000000000000000e+03 3.749556886145948700e-07
1.400000000000000000e+03 3.780803297614622217e-07
1.401000000000000000e+03 3.721416237190966214e-07
1.402000000000000000e+03 3.715750575852433449e-07
1.403000000000000000e+03 3.740847943144082520e-07
1.404000000000000000e+03 3.726611371044048029e-07
1.405000000000000000e+03 3.764548649990539486e-07
1.406000000000000000e+03 3.780605266374567607e-07
1.407000000000000000e+03 3.756594728803802711e-07
1.408000000000000000e+03 3.706909716846440997e-07
1.409000000000000000e+03 3.708174086827232748e-07
1.410000000000000000e+03 3.728793434412342192e-07
1.411000000000000000e+03 3.730508277910569909e-07
1.412000000000000000e+03 3.747404410204215318e-07
1.413000000000000000e+03 3.750844783636581763e-07
1.414000000000000000e+03 3.729030700081081996e-07
1.415000000000000000e+03 3.724672279807268266e-07
1.416000000000000000e+03 3.738980798263467610e-07
1.417000000000000000e+03 3.713017512550145635e-07
1.418000000000000000e+03 3.716944636517545355e-07
1.419000000000000000e+03 3.718564286885730498e-07
1.420000000000000000e+03 3.725155692953481830e-07
1.421000000000000000e+03 3.717214470067512801e-07
1.422000000000000000e+03 3.729263058323466482e-07
1.423000000000000000e+03 3.721479089623499073e-07
1.424000000000000000e+03 3.790725204368616381e-07
1.425000000000000000e+03 3.767027006265440030e-07
1.426000000000000000e+03 3.760166459939427724e-07
1.427000000000000000e+03 3.832134088247317636e-07
