0.000000000000000000e+00 8.036000100771586441e-01
1.000000000000000000e+00 2.661601237456003854e-01
2.000000000000000000e+00 2.456713473796844349e-01
3.000000000000000000e+00 2.457074284553527888e-01
4.000000000000000000e+00 2.457444568475087576e-01
5.000000000000000000e+00 2.462983310222625621e-01
6.000000000000000000e+00 2.457150292396545477e-01
7.000000000000000000e+00 2.463103596369425330e-01
8.000000000000000000e+00 2.469540154933929366e-01
9.000000000000000000e+00 2.466112057367960686e-01
1.000000000000000000e+01 2.464145974318186494e-01
1.100000000000000000e+01 2.455090320110321078e-01
1.200000000000000000e+01 2.456860613822937078e-01
1.300000000000000000e+01 2.461047522226969264e-01
1.400000000000000000e+01 2.459985641638438025e-01
1.500000000000000000e+01 2.462136518955230780e-01
1.600000000000000000e+01 2.468666398525238004e-01
1.700000000000000000e+01 2.454235025246938040e-01
1.800000000000000000e+01 2.455701164404551218e-01
1.900000000000000000e+01 2.464793729782104592e-01
2.000000000000000000e+01 2.457964936892191588e-01
2.100000000000000000e+01 2.474931661287943507e-01
2.200000000000000000e+01 2.462174081802368242e-01
2.300000000000000000e+01 2.458718212445576978e-01
2.400000000000000000e+01 2.455105268955230791e-01
2.500000000000000000e+01 2.465466399987538693e-01
2.600000000000000000e+01 2.462854838371276722e-01
2.700000000000000000e+01 2.495326586564381999e-01
2.800000000000000000e+01 2.476219971974690792e-01
2.900000000000000000e+01 2.474286882082621375e-01
3.000000000000000000e+01 2.465733019510905066e-01
3.100000000000000000e+01 2.461571069558461389e-01
3.200000000000000000e+01 2.456337348620096783e-01
3.300000000000000000e+01 2.455324848492940193e-01
3.400000000000000000e+01 2.455416635672251491e-01
3.500000000000000000e+01 2.454766766230265240e-01
3.600000000000000000e+01 2.455172574520111117e-01
3.700000000000000000e+01 2.462366167704264364e-01
3.800000000000000000e+01 2.467489961783091157e-01
3.900000000000000000e+01 2.458053926626841135e-01
4.000000000000000000e+01 2.459378385543823375e-01
4.100000000000000000e+01 2.487094394365946537e-01
4.200000000000000000e+01 2.456855173905690415e-01
4.300000000000000000e+01 2.468040172259012843e-01
4.400000000000000000e+01 2.472744802633921324e-01
4.500000000000000000e+01 2.462657960255940637e-01
4.600000000000000000e+01 2.467654410998026404e-01
4.700000000000000000e+01 2.458469923337300578e-01
4.800000000000000000e+01 2.457490503787994329e-01
4.900000000000000000e+01 2.457743450005849262e-01
5.000000000000000000e+01 2.458298738797505822e-01
5.100000000000000000e+01 2.464188818136850978e-01
5.200000000000000000e+01 2.456878074010213353e-01
5.300000000000000000e+01 2.484735623995462939e-01
5.400000000000000000e+01 2.466948950290679954e-01
5.500000000000000000e+01 2.455484263102213627e-01
5.600000000000000000e+01 2.461553064982096306e-01
5.700000000000000000e+01 2.457794276873270789e-01
5.800000000000000000e+01 2.465775875250498517e-01
5.900000000000000000e+01 2.460496207078297914e-01
6.000000000000000000e+01 2.455857221285502046e-01
6.100000000000000000e+01 2.461406572659810277e-01
6.200000000000000000e+01 2.459335533777872729e-01
6.300000000000000000e+01 2.462520507971445727e-01
6.400000000000000000e+01 2.462569042046864887e-01
6.500000000000000000e+01 2.458266866207122758e-01
6.600000000000000000e+01 2.456224119663238392e-01
6.700000000000000000e+01 2.466012454032897872e-01
6.800000000000000000e+01 2.456463785966237490e-01
6.900000000000000000e+01 2.457838237285613903e-01
7.000000000000000000e+01 2.456782825787862112e-01
7.100000000000000000e+01 2.457681989669799894e-01
7.200000000000000000e+01 2.463464307785034058e-01
7.300000000000000000e+01 2.455504953861236683e-01
7.400000000000000000e+01 2.462686494986216224e-01
7.500000000000000000e+01 2.471124176184336385e-01
7.600000000000000000e+01 2.459461871782938625e-01
7.700000000000000000e+01 2.456110787391662664e-01
7.800000000000000000e+01 2.458387788136800201e-01
7.900000000000000000e+01 2.459339396158854163e-01
8.000000000000000000e+01 2.464421073595682854e-01
8.100000000000000000e+01 2.456860967477162705e-01
8.200000000000000000e+01 2.469407467047373406e-01
8.300000000000000000e+01 2.455380543073018285e-01
8.400000000000000000e+01 2.461169473330179769e-01
8.500000000000000000e+01 2.459266527493794707e-01
8.600000000000000000e+01 2.463040085633595722e-01
8.700000000000000000e+01 2.461509052912394246e-01
8.800000000000000000e+01 2.459572398662567272e-01
8.900000000000000000e+01 2.453986652692159154e-01
9.000000000000000000e+01 2.465991115570068393e-01
9.100000000000000000e+01 2.460632129510243737e-01
9.200000000000000000e+01 2.460304808616638195e-01
9.300000000000000000e+01 2.472931301593780384e-01
9.400000000000000000e+01 2.456962211926778106e-01
9.500000000000000000e+01 2.479598224163055420e-01
9.600000000000000000e+01 2.465297329425811812e-01
9.700000000000000000e+01 2.458964614073435584e-01
9.800000000000000000e+01 2.460349826018015662e-01
9.900000000000000000e+01 2.460435032844543457e-01
1.000000000000000000e+02 2.460915899276733265e-01
1.010000000000000000e+02 2.460737395286559936e-01
1.020000000000000000e+02 2.457422320048014419e-01
1.030000000000000000e+02 2.462489700317382901e-01
1.040000000000000000e+02 2.461919438838958696e-01
1.050000000000000000e+02 2.460361957550048773e-01
1.060000000000000000e+02 2.463203954696655262e-01
1.070000000000000000e+02 2.455158472061157171e-01
1.080000000000000000e+02 2.463581371307373147e-01
1.090000000000000000e+02 2.458951449394226052e-01
1.100000000000000000e+02 2.456123058001200288e-01
1.110000000000000000e+02 2.465181350708007812e-01
1.120000000000000000e+02 2.455158992608388324e-01
1.130000000000000000e+02 2.459396616617838538e-01
1.140000000000000000e+02 2.461272454261779763e-01
1.150000000000000000e+02 2.469338266054789122e-01
1.160000000000000000e+02 2.463514749209086141e-01
1.170000000000000000e+02 2.477794031302134325e-01
1.180000000000000000e+02 2.460914703210194954e-01
1.190000000000000000e+02 2.455672303835551018e-01
1.200000000000000000e+02 2.466808517773945997e-01
1.210000000000000000e+02 2.461105501651763838e-01
1.220000000000000000e+02 2.455396950244903564e-01
1.230000000000000000e+02 2.455091826121012233e-01
1.240000000000000000e+02 2.455478723843892430e-01
1.250000000000000000e+02 2.454860937595367554e-01
1.260000000000000000e+02 2.456273198127746638e-01
1.270000000000000000e+02 2.467900359630584850e-01
1.280000000000000000e+02 2.459329366683959961e-01
1.290000000000000000e+02 2.454350964228312060e-01
1.300000000000000000e+02 2.455460353692372755e-01
1.310000000000000000e+02 2.458050433794657375e-01
1.320000000000000000e+02 2.459883705774943141e-01
1.330000000000000000e+02 2.456660381952921468e-01
1.340000000000000000e+02 2.456811634699503644e-01
1.350000000000000000e+02 2.456449182828267519e-01
1.360000000000000000e+02 2.456022349993387810e-01
1.370000000000000000e+02 2.462302068869272886e-01
1.380000000000000000e+02 2.455636620521545466e-01
1.390000000000000000e+02 2.456667764981587676e-01
1.400000000000000000e+02 2.456482728322346987e-01
1.410000000000000000e+02 2.454923172791798891e-01
1.420000000000000000e+02 2.466968592007954819e-01
1.430000000000000000e+02 2.468123475710551074e-01
1.440000000000000000e+02 2.455667805671691850e-01
1.450000000000000000e+02 2.457145404815673784e-01
1.460000000000000000e+02 2.458320887883504169e-01
1.470000000000000000e+02 2.463929367065429699e-01
1.480000000000000000e+02 2.452439097563425818e-01
1.490000000000000000e+02 2.455655908584594704e-01
1.500000000000000000e+02 2.454464983940124467e-01
1.510000000000000000e+02 2.457718074321746937e-01
1.520000000000000000e+02 2.459593594074249157e-01
1.530000000000000000e+02 2.472993926207224524e-01
1.540000000000000000e+02 2.453164625167846558e-01
1.550000000000000000e+02 2.453809873263041175e-01
1.560000000000000000e+02 2.454699643452962210e-01
1.570000000000000000e+02 2.456944028536478808e-01
1.580000000000000000e+02 2.456340857346852591e-01
1.590000000000000000e+02 2.470061588287353616e-01
1.600000000000000000e+02 2.463971062501271458e-01
1.610000000000000000e+02 2.455211194356282656e-01
1.620000000000000000e+02 2.454773390293121249e-01
1.630000000000000000e+02 2.460626725355783972e-01
1.640000000000000000e+02 2.462905176480611191e-01
1.650000000000000000e+02 2.453936175505320172e-01
1.660000000000000000e+02 2.460487989584604906e-01
1.670000000000000000e+02 2.459040749073028442e-01
1.680000000000000000e+02 2.456889883677164654e-01
1.690000000000000000e+02 2.457224341233571474e-01
1.700000000000000000e+02 2.455391693115234475e-01
1.710000000000000000e+02 2.463491817315419385e-01
1.720000000000000000e+02 2.463859327634175533e-01
1.730000000000000000e+02 2.455255134900410918e-01
1.740000000000000000e+02 2.453552273909250792e-01
1.750000000000000000e+02 2.454290552934010883e-01
1.760000000000000000e+02 2.456107640266418368e-01
1.770000000000000000e+02 2.459169240792592470e-01
1.780000000000000000e+02 2.455767496426900232e-01
1.790000000000000000e+02 2.453054030736287472e-01
1.800000000000000000e+02 2.457447353998820083e-01
1.810000000000000000e+02 2.456863359610239606e-01
1.820000000000000000e+02 2.458814752101898260e-01
1.830000000000000000e+02 2.466337740421295222e-01
1.840000000000000000e+02 2.458361033598581991e-01
1.850000000000000000e+02 2.454379379749297985e-01
1.860000000000000000e+02 2.461434121926625584e-01
1.870000000000000000e+02 2.452964909871419297e-01
1.880000000000000000e+02 2.459705464045206791e-01
1.890000000000000000e+02 2.468738818168640103e-01
1.900000000000000000e+02 2.459696082274119011e-01
1.910000000000000000e+02 2.454074156284332398e-01
1.920000000000000000e+02 2.457236464818318700e-01
1.930000000000000000e+02 2.456911754608154252e-01
1.940000000000000000e+02 2.461637751261393225e-01
1.950000000000000000e+02 2.461151643594106098e-01
1.960000000000000000e+02 2.454466263453165820e-01
1.970000000000000000e+02 2.452362283070882165e-01
1.980000000000000000e+02 2.452700400352477994e-01
1.990000000000000000e+02 2.457045157750447628e-01
2.000000000000000000e+02 2.454725829760233680e-01
2.010000000000000000e+02 2.454052559534708744e-01
2.020000000000000000e+02 2.453521203994750988e-01
2.030000000000000000e+02 2.456932401657104525e-01
2.040000000000000000e+02 2.453234084447225016e-01
2.050000000000000000e+02 2.452532863616943282e-01
2.060000000000000000e+02 2.451963456471761005e-01
2.070000000000000000e+02 2.451169013977050892e-01
2.080000000000000000e+02 2.451743737856547090e-01
2.090000000000000000e+02 2.451804701487223237e-01
2.100000000000000000e+02 2.451579483350118105e-01
2.110000000000000000e+02 2.457358773549397912e-01
2.120000000000000000e+02 2.457024308045705208e-01
2.130000000000000000e+02 2.455712985992431763e-01
2.140000000000000000e+02 2.453740656375885121e-01
2.150000000000000000e+02 2.456136751174926858e-01
2.160000000000000000e+02 2.453834366798400834e-01
2.170000000000000000e+02 2.453606613477071208e-01
2.180000000000000000e+02 2.461130698521931948e-01
2.190000000000000000e+02 2.461613957087198934e-01
2.200000000000000000e+02 2.452420016129811531e-01
2.210000000000000000e+02 2.455276616414387991e-01
2.220000000000000000e+02 2.454987724622090528e-01
2.230000000000000000e+02 2.458527795473734456e-01
2.240000000000000000e+02 2.455798908074696973e-01
2.250000000000000000e+02 2.452077945073445620e-01
2.260000000000000000e+02 2.452186143398285001e-01
2.270000000000000000e+02 2.452286660671234020e-01
2.280000000000000000e+02 2.451469095547993970e-01
2.290000000000000000e+02 2.454856944084167492e-01
2.300000000000000000e+02 2.453019837538401304e-01
2.310000000000000000e+02 2.452094105879465691e-01
2.320000000000000000e+02 2.453378919760386134e-01
2.330000000000000000e+02 2.452139202753702840e-01
2.340000000000000000e+02 2.454037944475809807e-01
2.350000000000000000e+02 2.453788614273071378e-01
2.360000000000000000e+02 2.449941968917846713e-01
2.370000000000000000e+02 2.456330521901448627e-01
2.380000000000000000e+02 2.453557380040486680e-01
2.390000000000000000e+02 2.452309242884317952e-01
2.400000000000000000e+02 2.458147891362508219e-01
2.410000000000000000e+02 2.457276805241902784e-01
2.420000000000000000e+02 2.454001963138580378e-01
2.430000000000000000e+02 2.452914655208587591e-01
2.440000000000000000e+02 2.454181555906931600e-01
2.450000000000000000e+02 2.454740146795908740e-01
2.460000000000000000e+02 2.452070645491282175e-01
2.470000000000000000e+02 2.456557273864746205e-01
2.480000000000000000e+02 2.457240569591522261e-01
2.490000000000000000e+02 2.456376417477925678e-01
2.500000000000000000e+02 2.450072105725606408e-01
2.510000000000000000e+02 2.452963749567667606e-01
2.520000000000000000e+02 2.451865760485331114e-01
2.530000000000000000e+02 2.452045965194702137e-01
2.540000000000000000e+02 2.452937118212381862e-01
2.550000000000000000e+02 2.455520721276601148e-01
2.560000000000000000e+02 2.453647025426228812e-01
2.570000000000000000e+02 2.450593849023183224e-01
2.580000000000000000e+02 2.453034842014312766e-01
2.590000000000000000e+02 2.454445469379425149e-01
2.600000000000000000e+02 2.456642611821492628e-01
2.610000000000000000e+02 2.458208032449086533e-01
2.620000000000000000e+02 2.452082367738087909e-01
2.630000000000000000e+02 2.452690609296162838e-01
2.640000000000000000e+02 2.452751835187276241e-01
2.650000000000000000e+02 2.451317596435546864e-01
2.660000000000000000e+02 2.451854304472605439e-01
2.670000000000000000e+02 2.454609553019205803e-01
2.680000000000000000e+02 2.453966466585795203e-01
2.690000000000000000e+02 2.451314087708791056e-01
2.700000000000000000e+02 2.453261224428812670e-01
2.710000000000000000e+02 2.452073887983957923e-01
2.720000000000000000e+02 2.451246384779612320e-01
2.730000000000000000e+02 2.453985738754272394e-01
2.740000000000000000e+02 2.451372365156809507e-01
2.750000000000000000e+02 2.451560839017232207e-01
2.760000000000000000e+02 2.453023691972096854e-01
2.770000000000000000e+02 2.452892100811004672e-01
2.780000000000000000e+02 2.451233732700347778e-01
2.790000000000000000e+02 2.452820348739624123e-01
2.800000000000000000e+02 2.450230463345845489e-01
2.810000000000000000e+02 2.451203397909800241e-01
2.820000000000000000e+02 2.451135949293772320e-01
2.830000000000000000e+02 2.452042436599731479e-01
2.840000000000000000e+02 2.452605652809143055e-01
2.850000000000000000e+02 2.451851622263590547e-01
2.860000000000000000e+02 2.453706586360931419e-01
2.870000000000000000e+02 2.451803771654764708e-01
2.880000000000000000e+02 2.454411737124125026e-01
2.890000000000000000e+02 2.452921295166015647e-01
2.900000000000000000e+02 2.452822494506835815e-01
2.910000000000000000e+02 2.451764210065205951e-01
2.920000000000000000e+02 2.455049661795298266e-01
2.930000000000000000e+02 2.455769157409667947e-01
2.940000000000000000e+02 2.455796523888905958e-01
2.950000000000000000e+02 2.452608998616536418e-01
2.960000000000000000e+02 2.452656090259552057e-01
2.970000000000000000e+02 2.455898940563202015e-01
2.980000000000000000e+02 2.452935632069905558e-01
2.990000000000000000e+02 2.452159833908081066e-01
3.000000000000000000e+02 2.459292566776275502e-01
3.010000000000000000e+02 2.450092506408691473e-01
3.020000000000000000e+02 2.450686768690744921e-01
3.030000000000000000e+02 2.453005385398864813e-01
3.040000000000000000e+02 2.451163053512573353e-01
3.050000000000000000e+02 2.451841251055399684e-01
3.060000000000000000e+02 2.452693859736124748e-01
3.070000000000000000e+02 2.451565929253896048e-01
3.080000000000000000e+02 2.450423407554626343e-01
3.090000000000000000e+02 2.451143038272857733e-01
3.100000000000000000e+02 2.456615296999613562e-01
3.110000000000000000e+02 2.450393382708231649e-01
3.120000000000000000e+02 2.451936324437459236e-01
3.130000000000000000e+02 2.452335166931152444e-01
3.140000000000000000e+02 2.451012321313222331e-01
3.150000000000000000e+02 2.451649630069732688e-01
3.160000000000000000e+02 2.450523145993550589e-01
3.170000000000000000e+02 2.450263833999633822e-01
3.180000000000000000e+02 2.450728265444437615e-01
3.190000000000000000e+02 2.452158908049265618e-01
3.200000000000000000e+02 2.452730226516723622e-01
3.210000000000000000e+02 2.450689284006754565e-01
3.220000000000000000e+02 2.452904880046844482e-01
3.230000000000000000e+02 2.452308197816212842e-01
3.240000000000000000e+02 2.451661582787831584e-01
3.250000000000000000e+02 2.453471012910207194e-01
3.260000000000000000e+02 2.455015063285827526e-01
3.270000000000000000e+02 2.451560004552205407e-01
3.280000000000000000e+02 2.453062800566355450e-01
3.290000000000000000e+02 2.454960445562998361e-01
3.300000000000000000e+02 2.451992249488830489e-01
3.310000000000000000e+02 2.452540536721547482e-01
3.320000000000000000e+02 2.449806610743204827e-01
3.330000000000000000e+02 2.452913399537404449e-01
3.340000000000000000e+02 2.450426006317138750e-01
3.350000000000000000e+02 2.451542659600575713e-01
3.360000000000000000e+02 2.453166953722635824e-01
3.370000000000000000e+02 2.450562147299448768e-01
3.380000000000000000e+02 2.450562079747517774e-01
3.390000000000000000e+02 2.450027732054392560e-01
3.400000000000000000e+02 2.453786333401997977e-01
3.410000000000000000e+02 2.453127861022949274e-01
3.420000000000000000e+02 2.451898217201232966e-01
3.430000000000000000e+02 2.450158826510111520e-01
3.440000000000000000e+02 2.449962580204010087e-01
3.450000000000000000e+02 2.451087439060211093e-01
3.460000000000000000e+02 2.452252654234568230e-01
3.470000000000000000e+02 2.451625871658325295e-01
3.480000000000000000e+02 2.454309209187825469e-01
3.490000000000000000e+02 2.454915014902750714e-01
3.500000000000000000e+02 2.451515758037567105e-01
3.510000000000000000e+02 2.450410167376200488e-01
3.520000000000000000e+02 2.450412269433339396e-01
3.530000000000000000e+02 2.450622300306956047e-01
3.540000000000000000e+02 2.450723890463511190e-01
3.550000000000000000e+02 2.450726966063181689e-01
3.560000000000000000e+02 2.451722772916158088e-01
3.570000000000000000e+02 2.451498051484425900e-01
3.580000000000000000e+02 2.450000751018524270e-01
3.590000000000000000e+02 2.450731182098388750e-01
3.600000000000000000e+02 2.451810101668039921e-01
3.610000000000000000e+02 2.453292377789815237e-01
3.620000000000000000e+02 2.452054699261983217e-01
3.630000000000000000e+02 2.452015992005666112e-01
3.640000000000000000e+02 2.450622944037119666e-01
3.650000000000000000e+02 2.451203103860219445e-01
3.660000000000000000e+02 2.450940167903900013e-01
3.670000000000000000e+02 2.450353717803955000e-01
3.680000000000000000e+02 2.450547146797180109e-01
3.690000000000000000e+02 2.451211273670196589e-01
3.700000000000000000e+02 2.450958319505055771e-01
3.710000000000000000e+02 2.450820430119832471e-01
3.720000000000000000e+02 2.450417264302571507e-01
3.730000000000000000e+02 2.450280602773030614e-01
3.740000000000000000e+02 2.450836777687072643e-01
3.750000000000000000e+02 2.450282601515452185e-01
3.760000000000000000e+02 2.450782978534698509e-01
3.770000000000000000e+02 2.450063029925028391e-01
3.780000000000000000e+02 2.451779472827911310e-01
3.790000000000000000e+02 2.451711138089497921e-01
3.800000000000000000e+02 2.450247995058695560e-01
3.810000000000000000e+02 2.450270827611287505e-01
3.820000000000000000e+02 2.452457038561502989e-01
3.830000000000000000e+02 2.452016631762186649e-01
3.840000000000000000e+02 2.450440808137257787e-01
3.850000000000000000e+02 2.452560138702392645e-01
3.860000000000000000e+02 2.451298296451568659e-01
3.870000000000000000e+02 2.451459757486979252e-01
3.880000000000000000e+02 2.449805478254954150e-01
3.890000000000000000e+02 2.452917754650116022e-01
3.900000000000000000e+02 2.451915331681569499e-01
3.910000000000000000e+02 2.450597190856933505e-01
3.920000000000000000e+02 2.450699210166931152e-01
3.930000000000000000e+02 2.451786649227142290e-01
3.940000000000000000e+02 2.450111981232961089e-01
3.950000000000000000e+02 2.450000230471293117e-01
3.960000000000000000e+02 2.449878275394439808e-01
3.970000000000000000e+02 2.450616939862569066e-01
3.980000000000000000e+02 2.450425080458323024e-01
3.990000000000000000e+02 2.449909273783365815e-01
4.000000000000000000e+02 2.452686150868733650e-01
4.010000000000000000e+02 2.449460983276367243e-01
4.020000000000000000e+02 2.451218839486440093e-01
4.030000000000000000e+02 2.449874552090962609e-01
4.040000000000000000e+02 2.450460267066955633e-01
4.050000000000000000e+02 2.450008694330851333e-01
4.060000000000000000e+02 2.450054589907328384e-01
4.070000000000000000e+02 2.450380162398020367e-01
4.080000000000000000e+02 2.449923602739969841e-01
4.090000000000000000e+02 2.450732517242431574e-01
4.100000000000000000e+02 2.450130673249562574e-01
4.110000000000000000e+02 2.449521017074584861e-01
4.120000000000000000e+02 2.451586941878000914e-01
4.130000000000000000e+02 2.451707943280538038e-01
4.140000000000000000e+02 2.450862836837768566e-01
4.150000000000000000e+02 2.450293358167012492e-01
4.160000000000000000e+02 2.450136252244313473e-01
4.170000000000000000e+02 2.449590742588043102e-01
4.180000000000000000e+02 2.449790406227111694e-01
4.190000000000000000e+02 2.450447054704030236e-01
4.200000000000000000e+02 2.450257631142934156e-01
4.210000000000000000e+02 2.450102293491363548e-01
4.220000000000000000e+02 2.450062108039856024e-01
4.230000000000000000e+02 2.450174661477406701e-01
4.240000000000000000e+02 2.449873101711273204e-01
4.250000000000000000e+02 2.449306881427764926e-01
4.260000000000000000e+02 2.450159851710001502e-01
4.270000000000000000e+02 2.450827471415201742e-01
4.280000000000000000e+02 2.450483624140421535e-01
4.290000000000000000e+02 2.449694482485453295e-01
4.300000000000000000e+02 2.449878462155659908e-01
4.310000000000000000e+02 2.450404020150502571e-01
4.320000000000000000e+02 2.449795830249786310e-01
4.330000000000000000e+02 2.449771205584208300e-01
4.340000000000000000e+02 2.449739976723988855e-01
4.350000000000000000e+02 2.449981470902760916e-01
4.360000000000000000e+02 2.449446829160054628e-01
4.370000000000000000e+02 2.450533719857533876e-01
4.380000000000000000e+02 2.450331314404805561e-01
4.390000000000000000e+02 2.449650084972381514e-01
4.400000000000000000e+02 2.449957752227783225e-01
4.410000000000000000e+02 2.450105035305023271e-01
4.420000000000000000e+02 2.449586562315622940e-01
4.430000000000000000e+02 2.450440486272175977e-01
4.440000000000000000e+02 2.450519665082295795e-01
4.450000000000000000e+02 2.450768653551737564e-01
4.460000000000000000e+02 2.450770684083302953e-01
4.470000000000000000e+02 2.449650696913401315e-01
4.480000000000000000e+02 2.450206049283345511e-01
4.490000000000000000e+02 2.449692837397257350e-01
4.500000000000000000e+02 2.450467697779337428e-01
4.510000000000000000e+02 2.451295260588328140e-01
4.520000000000000000e+02 2.449595208962758452e-01
4.530000000000000000e+02 2.449533275763193796e-01
4.540000000000000000e+02 2.449555778503418046e-01
4.550000000000000000e+02 2.450351357460021917e-01
4.560000000000000000e+02 2.449724562962850016e-01
4.570000000000000000e+02 2.450881298383076889e-01
4.580000000000000000e+02 2.449849017461140921e-01
4.590000000000000000e+02 2.450400133927663204e-01
4.600000000000000000e+02 2.451230100790659505e-01
4.610000000000000000e+02 2.450993100802103808e-01
4.620000000000000000e+02 2.450186892350514622e-01
4.630000000000000000e+02 2.449673374493916700e-01
4.640000000000000000e+02 2.449225207169850593e-01
4.650000000000000000e+02 2.450689661502838124e-01
4.660000000000000000e+02 2.451825634638468421e-01
4.670000000000000000e+02 2.449220093091328820e-01
4.680000000000000000e+02 2.449911491076151582e-01
4.690000000000000000e+02 2.449975363413492702e-01
4.700000000000000000e+02 2.450631181399027525e-01
4.710000000000000000e+02 2.449366736412048329e-01
4.720000000000000000e+02 2.450144632657368926e-01
4.730000000000000000e+02 2.452718234062194747e-01
4.740000000000000000e+02 2.450098399321238296e-01
4.750000000000000000e+02 2.450212001800537165e-01
4.760000000000000000e+02 2.449547799428304085e-01
4.770000000000000000e+02 2.449455563227335708e-01
4.780000000000000000e+02 2.449901338418324914e-01
4.790000000000000000e+02 2.449647951126098511e-01
4.800000000000000000e+02 2.449723001321156834e-01
4.810000000000000000e+02 2.449537662665049187e-01
4.820000000000000000e+02 2.449367936452229721e-01
4.830000000000000000e+02 2.449658286571502752e-01
4.840000000000000000e+02 2.449445044994354170e-01
4.850000000000000000e+02 2.449862567583719897e-01
4.860000000000000000e+02 2.450139069557190075e-01
4.870000000000000000e+02 2.449798774719238181e-01
4.880000000000000000e+02 2.449377854665120424e-01
4.890000000000000000e+02 2.450130558013915993e-01
4.900000000000000000e+02 2.449985078970591257e-01
4.910000000000000000e+02 2.450376168886820583e-01
4.920000000000000000e+02 2.449620016415914037e-01
4.930000000000000000e+02 2.449528725941975960e-01
4.940000000000000000e+02 2.450069165229797341e-01
4.950000000000000000e+02 2.450006413459777932e-01
4.960000000000000000e+02 2.449255371093750078e-01
4.970000000000000000e+02 2.449942302703857488e-01
4.980000000000000000e+02 2.449551896254221484e-01
4.990000000000000000e+02 2.449346808592478553e-01
5.000000000000000000e+02 2.449383497238159235e-01
5.010000000000000000e+02 2.450554116566975860e-01
5.020000000000000000e+02 2.449563999970753858e-01
5.030000000000000000e+02 2.450639998912811368e-01
5.040000000000000000e+02 2.449654312928517541e-01
5.050000000000000000e+02 2.449707746505737360e-01
5.060000000000000000e+02 2.449416983127593872e-01
5.070000000000000000e+02 2.449766886234283347e-01
5.080000000000000000e+02 2.450130311648051062e-01
5.090000000000000000e+02 2.449425005912780895e-01
5.100000000000000000e+02 2.449575173854827981e-01
5.110000000000000000e+02 2.449421004454294948e-01
5.120000000000000000e+02 2.449543460210164281e-01
5.130000000000000000e+02 2.449460430939992273e-01
5.140000000000000000e+02 2.449648908774058054e-01
5.150000000000000000e+02 2.449444182713826634e-01
5.160000000000000000e+02 2.449617791175842385e-01
5.170000000000000000e+02 2.449942521254221683e-01
5.180000000000000000e+02 2.449587849775950177e-01
5.190000000000000000e+02 2.449172119299570793e-01
5.200000000000000000e+02 2.449636324246724506e-01
5.210000000000000000e+02 2.449475502967834450e-01
5.220000000000000000e+02 2.450000727176666337e-01
5.230000000000000000e+02 2.449899101257324296e-01
5.240000000000000000e+02 2.450032353401184193e-01
5.250000000000000000e+02 2.449410887559254901e-01
5.260000000000000000e+02 2.450040674209594815e-01
5.270000000000000000e+02 2.449566853046417358e-01
5.280000000000000000e+02 2.449414988358815382e-01
5.290000000000000000e+02 2.449419315656026219e-01
5.300000000000000000e+02 2.449750479062398345e-01
5.310000000000000000e+02 2.450011185805002767e-01
5.320000000000000000e+02 2.449661632378896114e-01
5.330000000000000000e+02 2.449557065963745006e-01
5.340000000000000000e+02 2.449528928597768107e-01
5.350000000000000000e+02 2.449200149377186997e-01
5.360000000000000000e+02 2.449320717652638812e-01
5.370000000000000000e+02 2.449633725484212377e-01
5.380000000000000000e+02 2.449257957935333241e-01
5.390000000000000000e+02 2.449380195140838656e-01
5.400000000000000000e+02 2.449399268627166781e-01
5.410000000000000000e+02 2.449600529670715454e-01
5.420000000000000000e+02 2.449385070800781383e-01
5.430000000000000000e+02 2.449151913324991992e-01
5.440000000000000000e+02 2.449219413598378581e-01
5.450000000000000000e+02 2.449394814173380397e-01
5.460000000000000000e+02 2.449368556340535408e-01
5.470000000000000000e+02 2.449175290266672744e-01
5.480000000000000000e+02 2.449776947498321644e-01
5.490000000000000000e+02 2.449411284923553589e-01
5.500000000000000000e+02 2.449481411774953321e-01
5.510000000000000000e+02 2.449547330538431877e-01
5.520000000000000000e+02 2.449773653348286950e-01
5.530000000000000000e+02 2.449463291962941380e-01
5.540000000000000000e+02 2.449223470687866278e-01
5.550000000000000000e+02 2.449722536404927709e-01
5.560000000000000000e+02 2.449221189816792876e-01
5.570000000000000000e+02 2.449381721019744940e-01
5.580000000000000000e+02 2.449238526821136408e-01
5.590000000000000000e+02 2.449368747075398867e-01
5.600000000000000000e+02 2.449438877900441403e-01
5.610000000000000000e+02 2.449160599708557207e-01
5.620000000000000000e+02 2.449324572086334362e-01
5.630000000000000000e+02 2.449199314912160197e-01
5.640000000000000000e+02 2.449193676312764467e-01
5.650000000000000000e+02 2.449379762013753348e-01
5.660000000000000000e+02 2.449614942073821966e-01
5.670000000000000000e+02 2.449563129742940160e-01
5.680000000000000000e+02 2.449473496278126994e-01
5.690000000000000000e+02 2.449800956249237049e-01
5.700000000000000000e+02 2.449248023827870768e-01
5.710000000000000000e+02 2.449173669020335009e-01
5.720000000000000000e+02 2.449512739976247022e-01
5.730000000000000000e+02 2.449189571539560906e-01
5.740000000000000000e+02 2.449271440505981501e-01
5.750000000000000000e+02 2.449194304148356038e-01
5.760000000000000000e+02 2.449405360221862671e-01
5.770000000000000000e+02 2.449182049433390185e-01
5.780000000000000000e+02 2.449329356352488163e-01
5.790000000000000000e+02 2.449171797434488984e-01
5.800000000000000000e+02 2.449561580022176221e-01
5.810000000000000000e+02 2.449214879671732514e-01
5.820000000000000000e+02 2.449294734001159768e-01
5.830000000000000000e+02 2.449211804072062293e-01
5.840000000000000000e+02 2.449308156967163197e-01
5.850000000000000000e+02 2.449409000078837106e-01
5.860000000000000000e+02 2.449308244387308764e-01
5.870000000000000000e+02 2.449117620786031013e-01
5.880000000000000000e+02 2.449238006273905532e-01
5.890000000000000000e+02 2.449094363053639645e-01
5.900000000000000000e+02 2.449556672573089677e-01
5.910000000000000000e+02 2.449273085594177168e-01
5.920000000000000000e+02 2.449167855580647868e-01
5.930000000000000000e+02 2.449142551422119063e-01
5.940000000000000000e+02 2.449157476425170843e-01
5.950000000000000000e+02 2.449183766047159927e-01
5.960000000000000000e+02 2.449199922879536917e-01
5.970000000000000000e+02 2.449202517668406243e-01
5.980000000000000000e+02 2.449129315217336011e-01
5.990000000000000000e+02 2.449141462643941169e-01
6.000000000000000000e+02 2.449109892050425341e-01
6.010000000000000000e+02 2.449305713176727350e-01
6.020000000000000000e+02 2.449312655131022087e-01
6.030000000000000000e+02 2.449155533313751298e-01
6.040000000000000000e+02 2.449093715349833222e-01
6.050000000000000000e+02 2.449248639742533373e-01
6.060000000000000000e+02 2.449315106868743819e-01
6.070000000000000000e+02 2.449125417073567679e-01
6.080000000000000000e+02 2.449101428190867125e-01
6.090000000000000000e+02 2.449434308211008715e-01
6.100000000000000000e+02 2.449396510918935010e-01
6.110000000000000000e+02 2.449228676160176699e-01
6.120000000000000000e+02 2.449322962760925315e-01
6.130000000000000000e+02 2.449115538597106956e-01
6.140000000000000000e+02 2.449168606599171905e-01
6.150000000000000000e+02 2.449245262145996194e-01
6.160000000000000000e+02 2.449121181170145767e-01
6.170000000000000000e+02 2.449325037002563488e-01
6.180000000000000000e+02 2.449095018704732230e-01
6.190000000000000000e+02 2.449165165424346813e-01
6.200000000000000000e+02 2.449316167831420976e-01
6.210000000000000000e+02 2.449053009351094545e-01
6.220000000000000000e+02 2.449076779683430904e-01
6.230000000000000000e+02 2.449211796124776130e-01
6.240000000000000000e+02 2.449075301488240486e-01
6.250000000000000000e+02 2.449197967847188406e-01
6.260000000000000000e+02 2.449214529991149969e-01
6.270000000000000000e+02 2.449161382516225061e-01
6.280000000000000000e+02 2.449110790093739776e-01
6.290000000000000000e+02 2.449090691407521669e-01
6.300000000000000000e+02 2.449426615238189664e-01
6.310000000000000000e+02 2.449143926302591867e-01
6.320000000000000000e+02 2.449073457717895475e-01
6.330000000000000000e+02 2.449320503075917699e-01
6.340000000000000000e+02 2.449246501922607289e-01
6.350000000000000000e+02 2.449055306116739994e-01
6.360000000000000000e+02 2.449082171916961703e-01
6.370000000000000000e+02 2.449167577425638842e-01
6.380000000000000000e+02 2.449079386393229196e-01
6.390000000000000000e+02 2.449069889386494836e-01
6.400000000000000000e+02 2.449312102794647117e-01
6.410000000000000000e+02 2.449110019207000610e-01
6.420000000000000000e+02 2.449235932032267360e-01
6.430000000000000000e+02 2.449230535825093480e-01
6.440000000000000000e+02 2.449081770579020212e-01
6.450000000000000000e+02 2.449189305305480846e-01
6.460000000000000000e+02 2.449023012320200587e-01
6.470000000000000000e+02 2.449108127752939734e-01
6.480000000000000000e+02 2.449007936318715328e-01
6.490000000000000000e+02 2.449407911300659213e-01
6.500000000000000000e+02 2.449084933598836278e-01
6.510000000000000000e+02 2.449093329906463501e-01
6.520000000000000000e+02 2.449091287453969423e-01
6.530000000000000000e+02 2.449357247352600131e-01
6.540000000000000000e+02 2.449053355058034287e-01
6.550000000000000000e+02 2.449062840143839404e-01
6.560000000000000000e+02 2.449196171760558982e-01
6.570000000000000000e+02 2.449170398712158248e-01
6.580000000000000000e+02 2.449121216932932665e-01
6.590000000000000000e+02 2.449026723702748543e-01
6.600000000000000000e+02 2.449060765902201231e-01
6.610000000000000000e+02 2.449086872736613019e-01
6.620000000000000000e+02 2.449144983291625943e-01
6.630000000000000000e+02 2.449147280057271392e-01
6.640000000000000000e+02 2.449138458569844468e-01
6.650000000000000000e+02 2.449161366621653291e-01
6.660000000000000000e+02 2.449104042847951301e-01
6.670000000000000000e+02 2.449227559566497792e-01
6.680000000000000000e+02 2.449091200033823579e-01
6.690000000000000000e+02 2.449119941393534394e-01
6.700000000000000000e+02 2.449190966288248561e-01
6.710000000000000000e+02 2.449027641614278106e-01
6.720000000000000000e+02 2.449183289210001557e-01
6.730000000000000000e+02 2.449032024542490693e-01
6.740000000000000000e+02 2.449215400218963667e-01
6.750000000000000000e+02 2.449071375528971417e-01
6.760000000000000000e+02 2.449047239621480188e-01
6.770000000000000000e+02 2.449058222770690851e-01
6.780000000000000000e+02 2.448996782302856334e-01
6.790000000000000000e+02 2.449084631601969320e-01
6.800000000000000000e+02 2.449052373568217089e-01
6.810000000000000000e+02 2.449233134587605887e-01
6.820000000000000000e+02 2.448991529146830326e-01
6.830000000000000000e+02 2.449116591612497951e-01
6.840000000000000000e+02 2.449140044053395582e-01
6.850000000000000000e+02 2.449110802014668742e-01
6.860000000000000000e+02 2.449011719226837080e-01
6.870000000000000000e+02 2.448976933956146240e-01
6.880000000000000000e+02 2.449120851357777795e-01
6.890000000000000000e+02 2.449158926804860525e-01
6.900000000000000000e+02 2.449207929770151893e-01
6.910000000000000000e+02 2.449045832951863566e-01
6.920000000000000000e+02 2.449061731497446659e-01
6.930000000000000000e+02 2.448993142445882176e-01
6.940000000000000000e+02 2.449078698952992794e-01
6.950000000000000000e+02 2.449002703030904171e-01
6.960000000000000000e+02 2.449002373218536477e-01
6.970000000000000000e+02 2.449111986160278365e-01
6.980000000000000000e+02 2.448979457219441769e-01
6.990000000000000000e+02 2.449026163419087687e-01
7.000000000000000000e+02 2.449065907796224018e-01
7.010000000000000000e+02 2.449020791053772017e-01
7.020000000000000000e+02 2.449099508921305235e-01
7.030000000000000000e+02 2.448997799555460708e-01
7.040000000000000000e+02 2.448977911472320634e-01
7.050000000000000000e+02 2.449039876461029108e-01
7.060000000000000000e+02 2.449118502934773678e-01
7.070000000000000000e+02 2.449238101641336984e-01
7.080000000000000000e+02 2.449092245101928689e-01
7.090000000000000000e+02 2.449070767561594697e-01
7.100000000000000000e+02 2.448990595340728715e-01
7.110000000000000000e+02 2.449032429854074988e-01
7.120000000000000000e+02 2.449063324928283658e-01
7.130000000000000000e+02 2.449039733409881514e-01
7.140000000000000000e+02 2.449064262708028072e-01
7.150000000000000000e+02 2.449006418387095207e-01
7.160000000000000000e+02 2.449061878522237057e-01
7.170000000000000000e+02 2.449010725816090916e-01
7.180000000000000000e+02 2.449054698149363274e-01
7.190000000000000000e+02 2.449108672142028820e-01
