0.000000000000000000e+00 7.514008412970943351e-02
1.000000000000000000e+00 4.968546112653855762e-03
2.000000000000000000e+00 2.954610297927425227e-03
3.000000000000000000e+00 2.887504330154104949e-03
4.000000000000000000e+00 2.875499455926196646e-03
5.000000000000000000e+00 2.868397627133225519e-03
6.000000000000000000e+00 2.866940897355401037e-03
7.000000000000000000e+00 2.862781667934449509e-03
8.000000000000000000e+00 2.859127249273903104e-03
9.000000000000000000e+00 2.857965913714200726e-03
1.000000000000000000e+01 2.857324581837114141e-03
1.100000000000000000e+01 2.853047094464011748e-03
1.200000000000000000e+01 2.838519194693870686e-03
1.300000000000000000e+01 2.840620510217793659e-03
1.400000000000000000e+01 2.830855082610255619e-03
1.500000000000000000e+01 2.827709962066406874e-03
1.600000000000000000e+01 2.832645857011531140e-03
1.700000000000000000e+01 2.813504209219878059e-03
1.800000000000000000e+01 2.814318084725001869e-03
1.900000000000000000e+01 2.811055422752266591e-03
2.000000000000000000e+01 2.804337976227712446e-03
2.100000000000000000e+01 2.801033121401640992e-03
2.200000000000000000e+01 2.793149577167331702e-03
2.300000000000000000e+01 2.785630060916756325e-03
2.400000000000000000e+01 2.781024839614775271e-03
2.500000000000000000e+01 2.777529825935809264e-03
2.600000000000000000e+01 2.780916188280932542e-03
2.700000000000000000e+01 2.759980476886483847e-03
2.800000000000000000e+01 2.761109681833392570e-03
2.900000000000000000e+01 2.751098836498602155e-03
3.000000000000000000e+01 2.751742195948794246e-03
3.100000000000000000e+01 2.744315400202935670e-03
3.200000000000000000e+01 2.740996014245242023e-03
3.300000000000000000e+01 2.732393534626606502e-03
3.400000000000000000e+01 2.739455790992396163e-03
3.500000000000000000e+01 2.716472447431413691e-03
3.600000000000000000e+01 2.704495523215128244e-03
3.700000000000000000e+01 2.718198482176067531e-03
3.800000000000000000e+01 2.699337850643036482e-03
3.900000000000000000e+01 2.688219530673310789e-03
4.000000000000000000e+01 2.682266262175551658e-03
4.100000000000000000e+01 2.665218998460209057e-03
4.200000000000000000e+01 2.658836427395290958e-03
4.300000000000000000e+01 2.650756198594839998e-03
4.400000000000000000e+01 2.640704271801394120e-03
4.500000000000000000e+01 2.639205436525317132e-03
4.600000000000000000e+01 2.624817756828901841e-03
4.700000000000000000e+01 2.615401100226546517e-03
4.800000000000000000e+01 2.601364909573719401e-03
4.900000000000000000e+01 2.594322592065383300e-03
5.000000000000000000e+01 2.584535808115493143e-03
5.100000000000000000e+01 2.567499976744704211e-03
5.200000000000000000e+01 2.546330373001341480e-03
5.300000000000000000e+01 2.526756204880394562e-03
5.400000000000000000e+01 2.504885020147431564e-03
5.500000000000000000e+01 2.481991560869167314e-03
5.600000000000000000e+01 2.470721910098953172e-03
5.700000000000000000e+01 2.415464710396366278e-03
5.800000000000000000e+01 2.342724040443170969e-03
5.900000000000000000e+01 2.251044912995513181e-03
6.000000000000000000e+01 2.123317513970600454e-03
6.100000000000000000e+01 1.913682496768224529e-03
6.200000000000000000e+01 1.671564275933058036e-03
6.300000000000000000e+01 1.427523452390128816e-03
6.400000000000000000e+01 1.267511805929564866e-03
6.500000000000000000e+01 1.174110835431695305e-03
6.600000000000000000e+01 1.141951342494810281e-03
6.700000000000000000e+01 1.135647121112220775e-03
6.800000000000000000e+01 1.111649236171928078e-03
6.900000000000000000e+01 1.086695729278730439e-03
7.000000000000000000e+01 1.085268845376561632e-03
7.100000000000000000e+01 1.079863962606247450e-03
7.200000000000000000e+01 1.083653161340510790e-03
7.300000000000000000e+01 1.063267975097817279e-03
7.400000000000000000e+01 1.053151330607505348e-03
7.500000000000000000e+01 1.049326921545143745e-03
7.600000000000000000e+01 1.043594085433193191e-03
7.700000000000000000e+01 1.041868591419249993e-03
7.800000000000000000e+01 1.039377629049715928e-03
7.900000000000000000e+01 1.037111614474036823e-03
8.000000000000000000e+01 1.034309485396801929e-03
8.100000000000000000e+01 1.029683680586683135e-03
8.200000000000000000e+01 1.039544155545205073e-03
8.300000000000000000e+01 1.045356130986336684e-03
8.400000000000000000e+01 1.022347632439885457e-03
8.500000000000000000e+01 1.022865536723994865e-03
8.600000000000000000e+01 1.021844598258548871e-03
8.700000000000000000e+01 1.022977393568925064e-03
8.800000000000000000e+01 1.023217801439067548e-03
8.900000000000000000e+01 1.016076404415024127e-03
9.000000000000000000e+01 1.018939193920305767e-03
9.100000000000000000e+01 1.015512253971789878e-03
9.200000000000000000e+01 1.014734499378011591e-03
9.300000000000000000e+01 1.009174241938914267e-03
9.400000000000000000e+01 1.012169519242840827e-03
9.500000000000000000e+01 1.005440667666948444e-03
9.600000000000000000e+01 1.006443492266598889e-03
9.700000000000000000e+01 1.007170029044120131e-03
9.800000000000000000e+01 1.003350891641995772e-03
9.900000000000000000e+01 1.005455938652721889e-03
1.000000000000000000e+02 1.002887357682400241e-03
1.010000000000000000e+02 1.002771682711307150e-03
1.020000000000000000e+02 1.004383733880656517e-03
1.030000000000000000e+02 1.002602207685904722e-03
1.040000000000000000e+02 1.003899977816353649e-03
1.050000000000000000e+02 9.995645736369160577e-04
1.060000000000000000e+02 1.007489245891124386e-03
1.070000000000000000e+02 9.962187364896764232e-04
1.080000000000000000e+02 9.949446585155790820e-04
1.090000000000000000e+02 9.967300466779578649e-04
1.100000000000000000e+02 9.946152070267962227e-04
1.110000000000000000e+02 9.963813698634570951e-04
1.120000000000000000e+02 9.912466683633025175e-04
1.130000000000000000e+02 9.921799646066878624e-04
1.140000000000000000e+02 9.998908544819437756e-04
1.150000000000000000e+02 9.913072421059499536e-04
1.160000000000000000e+02 9.972799417241765083e-04
1.170000000000000000e+02 9.902461642889840744e-04
1.180000000000000000e+02 9.943509444424573646e-04
1.190000000000000000e+02 9.917133856478450079e-04
1.200000000000000000e+02 9.900921167603300623e-04
1.210000000000000000e+02 9.885572287204674128e-04
1.220000000000000000e+02 9.933540249209436759e-04
1.230000000000000000e+02 9.894561328511993284e-04
1.240000000000000000e+02 9.896576867960986314e-04
1.250000000000000000e+02 9.913415320575262590e-04
1.260000000000000000e+02 9.886107763227831944e-04
1.270000000000000000e+02 9.853787024292517786e-04
1.280000000000000000e+02 9.838038915957287786e-04
1.290000000000000000e+02 9.882992900127336548e-04
1.300000000000000000e+02 9.849463249191920278e-04
1.310000000000000000e+02 9.829188216252280827e-04
1.320000000000000000e+02 9.852501194118985697e-04
1.330000000000000000e+02 9.845297437906836042e-04
1.340000000000000000e+02 9.809694266231005003e-04
1.350000000000000000e+02 9.841810690176388144e-04
1.360000000000000000e+02 9.965682644528031653e-04
1.370000000000000000e+02 9.865774862324462168e-04
1.380000000000000000e+02 9.824017150437645840e-04
1.390000000000000000e+02 9.808669405236992295e-04
1.400000000000000000e+02 9.803919136227780707e-04
1.410000000000000000e+02 9.807526859487766119e-04
1.420000000000000000e+02 9.805245972433318091e-04
1.430000000000000000e+02 9.783831557705559463e-04
1.440000000000000000e+02 9.812647297943388140e-04
1.450000000000000000e+02 9.810781727594046833e-04
1.460000000000000000e+02 9.801632804547196019e-04
1.470000000000000000e+02 9.800423037681852811e-04
1.480000000000000000e+02 9.783746047057593782e-04
1.490000000000000000e+02 9.785714049999690196e-04
1.500000000000000000e+02 9.764575366523583133e-04
1.510000000000000000e+02 9.806001384518384101e-04
1.520000000000000000e+02 9.801004253140975508e-04
1.530000000000000000e+02 9.764170967094382408e-04
1.540000000000000000e+02 9.769690784286395088e-04
1.550000000000000000e+02 9.762575123461410048e-04
1.560000000000000000e+02 9.763571670894435894e-04
1.570000000000000000e+02 9.767987355134340882e-04
1.580000000000000000e+02 9.794576611405316283e-04
1.590000000000000000e+02 9.853984058153706337e-04
1.600000000000000000e+02 9.801997958864905672e-04
1.610000000000000000e+02 9.750907574979395540e-04
1.620000000000000000e+02 9.753572457346999965e-04
1.630000000000000000e+02 9.752168030885728514e-04
1.640000000000000000e+02 9.753890832671075189e-04
1.650000000000000000e+02 9.748780571977591018e-04
1.660000000000000000e+02 9.763971918607327553e-04
1.670000000000000000e+02 9.737092871716585343e-04
1.680000000000000000e+02 9.779423319646539901e-04
1.690000000000000000e+02 9.788586412776535770e-04
1.700000000000000000e+02 9.779817632547887444e-04
1.710000000000000000e+02 9.781779350908413433e-04
1.720000000000000000e+02 9.759359082062866921e-04
1.730000000000000000e+02 9.741627889677650226e-04
1.740000000000000000e+02 9.763956171965330498e-04
1.750000000000000000e+02 9.751839791974721474e-04
1.760000000000000000e+02 9.734441269520812930e-04
1.770000000000000000e+02 9.753957653424360141e-04
1.780000000000000000e+02 9.726038217382434754e-04
1.790000000000000000e+02 9.732640166974647518e-04
1.800000000000000000e+02 9.738307807732806288e-04
1.810000000000000000e+02 9.735581400084522248e-04
1.820000000000000000e+02 9.713761420437509253e-04
1.830000000000000000e+02 9.740389828861545059e-04
1.840000000000000000e+02 9.708459373542918614e-04
1.850000000000000000e+02 9.720633204992881402e-04
1.860000000000000000e+02 9.715392201618016548e-04
1.870000000000000000e+02 9.740954607785583383e-04
1.880000000000000000e+02 9.718628987907294370e-04
1.890000000000000000e+02 9.786128417024614334e-04
1.900000000000000000e+02 9.774236744467452477e-04
1.910000000000000000e+02 9.752716039967055089e-04
1.920000000000000000e+02 9.712878969731165903e-04
1.930000000000000000e+02 9.748608631900986367e-04
1.940000000000000000e+02 9.706632868385815056e-04
1.950000000000000000e+02 9.708735184677172447e-04
1.960000000000000000e+02 9.713756436377442467e-04
1.970000000000000000e+02 9.721847071890353737e-04
1.980000000000000000e+02 9.707595251851854545e-04
1.990000000000000000e+02 9.708150148467182368e-04
2.000000000000000000e+02 9.698717620141585581e-04
2.010000000000000000e+02 9.699727126684393880e-04
2.020000000000000000e+02 9.694541681010588078e-04
2.030000000000000000e+02 9.706910208020628518e-04
2.040000000000000000e+02 9.718474553195909169e-04
2.050000000000000000e+02 9.715615028547200122e-04
2.060000000000000000e+02 9.711166984769258785e-04
2.070000000000000000e+02 9.711868988780293773e-04
2.080000000000000000e+02 9.699137536947543756e-04
2.090000000000000000e+02 9.704496057083421712e-04
2.100000000000000000e+02 9.699440548415702319e-04
2.110000000000000000e+02 9.693597352318644722e-04
2.120000000000000000e+02 9.708967564026222416e-04
2.130000000000000000e+02 9.687945753577513865e-04
2.140000000000000000e+02 9.705509375737683339e-04
2.150000000000000000e+02 9.683337607830035847e-04
2.160000000000000000e+02 9.687652139344409214e-04
2.170000000000000000e+02 9.710220484968063847e-04
2.180000000000000000e+02 9.737542823842730436e-04
2.190000000000000000e+02 9.693351794818084186e-04
2.200000000000000000e+02 9.696249797652015719e-04
2.210000000000000000e+02 9.684713320207933912e-04
2.220000000000000000e+02 9.722575370277841385e-04
2.230000000000000000e+02 9.688121908894577715e-04
2.240000000000000000e+02 9.682031281931446302e-04
2.250000000000000000e+02 9.694356119955392518e-04
2.260000000000000000e+02 9.686525771347099991e-04
2.270000000000000000e+02 9.688957290362279788e-04
2.280000000000000000e+02 9.685754134883045249e-04
2.290000000000000000e+02 9.686642188537043048e-04
2.300000000000000000e+02 9.677259866559296013e-04
2.310000000000000000e+02 9.674779380098301896e-04
2.320000000000000000e+02 9.687648181660448929e-04
2.330000000000000000e+02 9.682587631839060984e-04
2.340000000000000000e+02 9.672215391782580185e-04
2.350000000000000000e+02 9.678365247344323597e-04
2.360000000000000000e+02 9.683835875087885414e-04
2.370000000000000000e+02 9.674284411025590958e-04
2.380000000000000000e+02 9.681287269741304822e-04
2.390000000000000000e+02 9.696294340305521226e-04
2.400000000000000000e+02 9.692826115379299086e-04
2.410000000000000000e+02 9.678753607632212567e-04
2.420000000000000000e+02 9.679131765871964044e-04
2.430000000000000000e+02 9.733298234656309611e-04
2.440000000000000000e+02 9.674206445520859435e-04
2.450000000000000000e+02 9.666928510989621472e-04
2.460000000000000000e+02 9.670646195165574213e-04
2.470000000000000000e+02 9.678687231279765359e-04
2.480000000000000000e+02 9.666344686398606030e-04
2.490000000000000000e+02 9.670830662924745314e-04
2.500000000000000000e+02 9.662283028344010758e-04
2.510000000000000000e+02 9.663302529073751089e-04
2.520000000000000000e+02 9.670298850275749897e-04
2.530000000000000000e+02 9.671826768111693078e-04
2.540000000000000000e+02 9.665934549238151645e-04
2.550000000000000000e+02 9.695779594099915603e-04
2.560000000000000000e+02 9.676171692715226230e-04
2.570000000000000000e+02 9.665457420385163223e-04
2.580000000000000000e+02 9.661581583132067838e-04
2.590000000000000000e+02 9.668622734097730934e-04
2.600000000000000000e+02 9.671027172279601401e-04
2.610000000000000000e+02 9.663397121915194956e-04
2.620000000000000000e+02 9.660598452910475675e-04
2.630000000000000000e+02 9.661159537904927957e-04
2.640000000000000000e+02 9.668181200615193595e-04
2.650000000000000000e+02 9.658333893908269087e-04
2.660000000000000000e+02 9.656207940150523172e-04
2.670000000000000000e+02 9.665510784085906649e-04
2.680000000000000000e+02 9.657124249385239025e-04
2.690000000000000000e+02 9.656172046004071405e-04
2.700000000000000000e+02 9.665086531766967949e-04
2.710000000000000000e+02 9.662149420691669953e-04
2.720000000000000000e+02 9.659312790921336864e-04
2.730000000000000000e+02 9.654769343263889863e-04
2.740000000000000000e+02 9.652682746917390019e-04
2.750000000000000000e+02 9.648129174826671015e-04
2.760000000000000000e+02 9.654276024510353863e-04
2.770000000000000000e+02 9.650162100650038757e-04
2.780000000000000000e+02 9.654187096976509126e-04
2.790000000000000000e+02 9.657996345166523691e-04
2.800000000000000000e+02 9.658035417608058087e-04
2.810000000000000000e+02 9.652922905316607682e-04
2.820000000000000000e+02 9.659603148949193587e-04
2.830000000000000000e+02 9.645223658229763958e-04
2.840000000000000000e+02 9.664354202903928468e-04
2.850000000000000000e+02 9.647726786461139400e-04
2.860000000000000000e+02 9.652928440963002080e-04
2.870000000000000000e+02 9.651756830065106978e-04
2.880000000000000000e+02 9.648706178377067190e-04
2.890000000000000000e+02 9.644799267655750552e-04
2.900000000000000000e+02 9.677178076778405070e-04
2.910000000000000000e+02 9.650446442234490805e-04
2.920000000000000000e+02 9.652761260989264859e-04
2.930000000000000000e+02 9.654536046462905158e-04
2.940000000000000000e+02 9.647404866936173289e-04
2.950000000000000000e+02 9.649261694306504556e-04
2.960000000000000000e+02 9.652793995372736932e-04
2.970000000000000000e+02 9.644855295654823461e-04
2.980000000000000000e+02 9.644115019072685467e-04
2.990000000000000000e+02 9.648153205106354451e-04
3.000000000000000000e+02 9.647458416801024932e-04
3.010000000000000000e+02 9.650150244703472463e-04
3.020000000000000000e+02 9.645671527749205857e-04
3.030000000000000000e+02 9.645077832204172058e-04
3.040000000000000000e+02 9.644569292927634378e-04
3.050000000000000000e+02 9.644554066167591649e-04
3.060000000000000000e+02 9.643542976305859247e-04
3.070000000000000000e+02 9.648790939475052411e-04
3.080000000000000000e+02 9.641719400669944038e-04
3.090000000000000000e+02 9.645308645019030165e-04
3.100000000000000000e+02 9.662331084441276368e-04
3.110000000000000000e+02 9.653929986726138193e-04
3.120000000000000000e+02 9.639800215379942848e-04
3.130000000000000000e+02 9.647059564319894346e-04
3.140000000000000000e+02 9.648820115643980079e-04
3.150000000000000000e+02 9.649402601024158026e-04
3.160000000000000000e+02 9.643699960608487871e-04
3.170000000000000000e+02 9.638583147202634677e-04
3.180000000000000000e+02 9.645325267810435236e-04
3.190000000000000000e+02 9.651712021793235410e-04
3.200000000000000000e+02 9.654438693707125376e-04
3.210000000000000000e+02 9.652405736453683162e-04
3.220000000000000000e+02 9.641003241341299795e-04
3.230000000000000000e+02 9.640118709034108807e-04
3.240000000000000000e+02 9.654833434415798074e-04
3.250000000000000000e+02 9.642358212810282379e-04
3.260000000000000000e+02 9.640971344008005157e-04
3.270000000000000000e+02 9.641562470226776793e-04
3.280000000000000000e+02 9.639158467599514115e-04
3.290000000000000000e+02 9.640418931639703091e-04
3.300000000000000000e+02 9.654589463905253934e-04
3.310000000000000000e+02 9.645638401173880789e-04
3.320000000000000000e+02 9.639524148327044449e-04
3.330000000000000000e+02 9.651297231650872834e-04
3.340000000000000000e+02 9.655959587003418512e-04
3.350000000000000000e+02 9.644511581654729732e-04
3.360000000000000000e+02 9.643003608924056612e-04
3.370000000000000000e+02 9.639581995899477616e-04
3.380000000000000000e+02 9.640393931538912553e-04
3.390000000000000000e+02 9.638128703563098986e-04
3.400000000000000000e+02 9.642705090849268109e-04
3.410000000000000000e+02 9.643456654137597074e-04
3.420000000000000000e+02 9.651449156261824322e-04
3.430000000000000000e+02 9.645044836965509455e-04
3.440000000000000000e+02 9.632733183106400579e-04
3.450000000000000000e+02 9.637213292589400567e-04
3.460000000000000000e+02 9.638765291110620512e-04
3.470000000000000000e+02 9.638419598711059962e-04
3.480000000000000000e+02 9.636642562785188411e-04
3.490000000000000000e+02 9.640801339001801949e-04
3.500000000000000000e+02 9.635917492089553704e-04
3.510000000000000000e+02 9.635140085287651011e-04
3.520000000000000000e+02 9.633405163704790658e-04
3.530000000000000000e+02 9.634006492933254841e-04
3.540000000000000000e+02 9.640634059355213375e-04
3.550000000000000000e+02 9.631147493912006188e-04
3.560000000000000000e+02 9.644546677858260994e-04
3.570000000000000000e+02 9.639737803164422341e-04
3.580000000000000000e+02 9.637197234528379263e-04
3.590000000000000000e+02 9.640178892370919028e-04
3.600000000000000000e+02 9.636940616159096057e-04
3.610000000000000000e+02 9.633768224310123446e-04
3.620000000000000000e+02 9.635545024002855827e-04
3.630000000000000000e+02 9.634412895032947030e-04
3.640000000000000000e+02 9.639081922709884925e-04
3.650000000000000000e+02 9.637835807703129835e-04
3.660000000000000000e+02 9.633231491325029835e-04
3.670000000000000000e+02 9.633926477356077531e-04
3.680000000000000000e+02 9.634168273076474439e-04
3.690000000000000000e+02 9.632321697685256902e-04
3.700000000000000000e+02 9.641019182046602857e-04
3.710000000000000000e+02 9.632833678265080753e-04
3.720000000000000000e+02 9.633339626057353840e-04
3.730000000000000000e+02 9.635325510560336119e-04
3.740000000000000000e+02 9.636584957043235582e-04
3.750000000000000000e+02 9.634351705729728545e-04
3.760000000000000000e+02 9.634222204051175707e-04
3.770000000000000000e+02 9.634078950844106705e-04
3.780000000000000000e+02 9.636200661081719895e-04
3.790000000000000000e+02 9.635882754173468378e-04
3.800000000000000000e+02 9.633136262595123856e-04
3.810000000000000000e+02 9.632625077507461732e-04
3.820000000000000000e+02 9.631675966646516219e-04
3.830000000000000000e+02 9.633995758133399173e-04
3.840000000000000000e+02 9.635959180445450396e-04
3.850000000000000000e+02 9.631312340414107005e-04
3.860000000000000000e+02 9.637300547929397070e-04
3.870000000000000000e+02 9.631245557710888623e-04
3.880000000000000000e+02 9.631326683012132045e-04
3.890000000000000000e+02 9.631809466957764630e-04
3.900000000000000000e+02 9.631819245977607871e-04
3.910000000000000000e+02 9.633916212123167953e-04
3.920000000000000000e+02 9.633044167731020374e-04
3.930000000000000000e+02 9.637279903575381081e-04
