0.000000000000000000e+00 4.567281922241619437e-05
1.000000000000000000e+00 3.171140777855244950e-06
2.000000000000000000e+00 1.614560036829763214e-07
3.000000000000000000e+00 2.452667116255110136e-08
4.000000000000000000e+00 1.022944945435612367e-08
5.000000000000000000e+00 7.390817678356452432e-09
6.000000000000000000e+00 6.221901091936302724e-09
7.000000000000000000e+00 5.799882187117903053e-09
8.000000000000000000e+00 5.295016858351788712e-09
9.000000000000000000e+00 4.920447838095557463e-09
1.000000000000000000e+01 4.627304501826629160e-09
1.100000000000000000e+01 4.387213688153087143e-09
1.200000000000000000e+01 4.131366992421927350e-09
1.300000000000000000e+01 3.878247981494003185e-09
1.400000000000000000e+01 3.708778002006726384e-09
1.500000000000000000e+01 3.608667791728431927e-09
1.600000000000000000e+01 3.401191434688470753e-09
1.700000000000000000e+01 3.264153915951504525e-09
1.800000000000000000e+01 3.049468439479014245e-09
1.900000000000000000e+01 3.005728069298264228e-09
2.000000000000000000e+01 3.016078887705708701e-09
2.100000000000000000e+01 2.688362341226059192e-09
2.200000000000000000e+01 2.515512612873667196e-09
2.300000000000000000e+01 2.645518510216036788e-09
2.400000000000000000e+01 2.524165850956748014e-09
2.500000000000000000e+01 2.231737290373716182e-09
2.600000000000000000e+01 2.130854177783731621e-09
2.700000000000000000e+01 2.134002347104618252e-09
2.800000000000000000e+01 2.026446316455833733e-09
2.900000000000000000e+01 1.923999787723304550e-09
3.000000000000000000e+01 1.821626988884081735e-09
3.100000000000000000e+01 1.825985913371797244e-09
3.200000000000000000e+01 1.905705364441711774e-09
3.300000000000000000e+01 1.766813888818052357e-09
3.400000000000000000e+01 1.657242910748527828e-09
3.500000000000000000e+01 1.574477633773051307e-09
3.600000000000000000e+01 1.483297372543500876e-09
3.700000000000000000e+01 1.466232309976356453e-09
3.800000000000000000e+01 1.642791813312855115e-09
3.900000000000000000e+01 1.549030437601125426e-09
4.000000000000000000e+01 1.543229738259480402e-09
4.100000000000000000e+01 1.381842211814129277e-09
4.200000000000000000e+01 1.337410066294734338e-09
4.300000000000000000e+01 1.349459317264819855e-09
4.400000000000000000e+01 1.209835953520120432e-09
4.500000000000000000e+01 1.199514273430973255e-09
4.600000000000000000e+01 1.285598006383728709e-09
4.700000000000000000e+01 1.150128832234609810e-09
4.800000000000000000e+01 1.167859963703581836e-09
4.900000000000000000e+01 1.205911065280341554e-09
5.000000000000000000e+01 1.236315625011823904e-09
5.100000000000000000e+01 1.283489738461702100e-09
5.200000000000000000e+01 1.230748161682618736e-09
5.300000000000000000e+01 1.114904357511661354e-09
5.400000000000000000e+01 1.078650022260087678e-09
5.500000000000000000e+01 1.056045861719818355e-09
5.600000000000000000e+01 1.220351796875973109e-09
5.700000000000000000e+01 1.039160681248695192e-09
5.800000000000000000e+01 1.017602943356763805e-09
5.900000000000000000e+01 1.164070248180577955e-09
6.000000000000000000e+01 1.210510982927332437e-09
6.100000000000000000e+01 1.324501611513184514e-09
6.200000000000000000e+01 1.416671405827156607e-09
6.300000000000000000e+01 2.734154782898138022e-09
6.400000000000000000e+01 1.627512978083651791e-09
6.500000000000000000e+01 9.767919080586014399e-10
6.600000000000000000e+01 9.210564908686611351e-10
6.700000000000000000e+01 1.216460514691302269e-09
6.800000000000000000e+01 1.147017281540277630e-09
6.900000000000000000e+01 1.251819867481125397e-09
7.000000000000000000e+01 1.084552057761800035e-09
7.100000000000000000e+01 1.404172833035484959e-09
7.200000000000000000e+01 2.015233033017108128e-09
7.300000000000000000e+01 4.509996695005169257e-09
7.400000000000000000e+01 1.126191998597830742e-07
7.500000000000000000e+01 3.516471434903123418e-07
7.600000000000000000e+01 1.412082956698644235e-08
7.700000000000000000e+01 1.963297950749409299e-09
7.800000000000000000e+01 2.864446493030639886e-09
7.900000000000000000e+01 3.957720005079587782e-09
8.000000000000000000e+01 1.449508638096185951e-09
8.100000000000000000e+01 2.504061618561351508e-08
8.200000000000000000e+01 6.465543026643595098e-08
8.300000000000000000e+01 9.745601393514542068e-08
8.400000000000000000e+01 1.313971120851963055e-08
8.500000000000000000e+01 9.878352203738585665e-08
8.600000000000000000e+01 2.672253094990918980e-07
8.700000000000000000e+01 3.029615097683363095e-07
8.800000000000000000e+01 1.162460759469610685e-08
8.900000000000000000e+01 2.585869370739239909e-09
9.000000000000000000e+01 1.975839710910567681e-09
9.100000000000000000e+01 1.918718702799253398e-09
9.200000000000000000e+01 2.971615882038540681e-09
9.300000000000000000e+01 5.203064536510894005e-08
9.400000000000000000e+01 4.117624324745291886e-09
9.500000000000000000e+01 4.216889490894708646e-09
9.600000000000000000e+01 6.217561566981595970e-09
9.700000000000000000e+01 5.642878437257505775e-09
9.800000000000000000e+01 3.342433655521560799e-08
9.900000000000000000e+01 2.196192320191362450e-07
1.000000000000000000e+02 5.992788247743139238e-08
1.010000000000000000e+02 4.510519157941863538e-08
1.020000000000000000e+02 1.189309680888662212e-07
1.030000000000000000e+02 7.317469496280491436e-08
1.040000000000000000e+02 1.190936466322199297e-08
1.050000000000000000e+02 3.241742486363097512e-09
1.060000000000000000e+02 1.736475191190617368e-09
1.070000000000000000e+02 2.470644075926358035e-09
1.080000000000000000e+02 1.413173327821675917e-08
1.090000000000000000e+02 8.464838096955274926e-08
1.100000000000000000e+02 2.264195895508299956e-08
1.110000000000000000e+02 1.697626560015895159e-07
1.120000000000000000e+02 8.763205836441157213e-08
1.130000000000000000e+02 1.911237557154882236e-07
1.140000000000000000e+02 2.157689710285476097e-07
1.150000000000000000e+02 4.304743608114753143e-08
1.160000000000000000e+02 6.417134838565392332e-09
1.170000000000000000e+02 8.869779224069738323e-09
1.180000000000000000e+02 2.070363353815077036e-09
1.190000000000000000e+02 1.848241107640611854e-09
1.200000000000000000e+02 1.795321338985590089e-09
1.210000000000000000e+02 8.005355226996938779e-09
1.220000000000000000e+02 1.684102364253329222e-08
1.230000000000000000e+02 3.478903299742100500e-08
1.240000000000000000e+02 2.313276240939532695e-07
1.250000000000000000e+02 1.207194440414936094e-07
1.260000000000000000e+02 3.995221283996250261e-09
1.270000000000000000e+02 3.421307732037142018e-09
1.280000000000000000e+02 1.805726131282769417e-09
1.290000000000000000e+02 2.534059412975988938e-09
1.300000000000000000e+02 1.224786921656287353e-08
1.310000000000000000e+02 2.860735200432015163e-08
1.320000000000000000e+02 6.032325280633699404e-09
1.330000000000000000e+02 1.629047371513738188e-09
1.340000000000000000e+02 1.652439610351103276e-09
1.350000000000000000e+02 1.323160986701238122e-09
1.360000000000000000e+02 1.320268470947868208e-08
1.370000000000000000e+02 1.408907941261786150e-07
1.380000000000000000e+02 2.110572343877331800e-07
1.390000000000000000e+02 1.150528354336379764e-07
1.400000000000000000e+02 3.443253112506677121e-08
1.410000000000000000e+02 5.691574071220691272e-09
1.420000000000000000e+02 5.595626204327374767e-09
1.430000000000000000e+02 2.181117068045934683e-09
1.440000000000000000e+02 4.365113637399673079e-09
1.450000000000000000e+02 1.509636632844851196e-09
1.460000000000000000e+02 1.891072151439512671e-09
1.470000000000000000e+02 6.923339006583168078e-09
1.480000000000000000e+02 1.888685253080629624e-09
1.490000000000000000e+02 2.103429320196856655e-07
1.500000000000000000e+02 1.118887489387600535e-07
1.510000000000000000e+02 2.545698734974912540e-08
1.520000000000000000e+02 1.372858621114226727e-08
1.530000000000000000e+02 2.032049425849500149e-08
1.540000000000000000e+02 3.593680404689690624e-09
1.550000000000000000e+02 1.783210428041219001e-08
1.560000000000000000e+02 2.989856557705391708e-09
1.570000000000000000e+02 4.576438351148419366e-09
1.580000000000000000e+02 4.713271516770856473e-07
1.590000000000000000e+02 6.965239702848601921e-07
1.600000000000000000e+02 4.890793247421787575e-08
1.610000000000000000e+02 5.572529405062880745e-09
1.620000000000000000e+02 3.242006947725732579e-09
1.630000000000000000e+02 2.799509589443858781e-09
1.640000000000000000e+02 3.423905093257911914e-09
1.650000000000000000e+02 3.018306280749199055e-09
1.660000000000000000e+02 2.303459719978390133e-09
