0.000000000000000000e+00 9.190197768013187761e-04
1.000000000000000000e+00 2.071248629478428130e-04
2.000000000000000000e+00 1.871483425513056713e-04
3.000000000000000000e+00 1.672571786015823909e-04
4.000000000000000000e+00 1.133565322461874348e-04
5.000000000000000000e+00 1.684269260678917401e-05
6.000000000000000000e+00 5.671162227194304593e-06
7.000000000000000000e+00 2.705240882368223664e-06
8.000000000000000000e+00 1.405923920336922083e-06
9.000000000000000000e+00 1.358906793577169518e-06
1.000000000000000000e+01 1.120432530143838001e-06
1.100000000000000000e+01 1.077146238307415830e-06
1.200000000000000000e+01 9.764095015105905434e-07
1.300000000000000000e+01 9.415157825817037692e-07
1.400000000000000000e+01 8.605258054218928899e-07
1.500000000000000000e+01 1.025685710800449335e-06
1.600000000000000000e+01 1.687449180909508856e-06
1.700000000000000000e+01 8.408066993665796729e-07
1.800000000000000000e+01 9.919840981413483141e-07
1.900000000000000000e+01 8.640237493317480483e-07
2.000000000000000000e+01 6.717328638750362302e-07
2.100000000000000000e+01 9.382574715154049073e-07
2.200000000000000000e+01 1.011751645258019181e-06
2.300000000000000000e+01 9.892419343093237901e-07
2.400000000000000000e+01 5.498045834424293577e-07
2.500000000000000000e+01 7.443351811262853556e-07
2.600000000000000000e+01 9.774537614383766530e-07
2.700000000000000000e+01 6.598255599607980319e-07
2.800000000000000000e+01 1.113781267037919284e-06
2.900000000000000000e+01 1.193426271571183525e-06
3.000000000000000000e+01 6.806163538974348170e-07
3.100000000000000000e+01 2.709875591239796467e-06
3.200000000000000000e+01 9.593760273889692218e-07
3.300000000000000000e+01 8.915109449048353791e-07
3.400000000000000000e+01 1.235922543854201207e-06
3.500000000000000000e+01 6.653391725508353871e-07
3.600000000000000000e+01 5.703963197889842575e-07
3.700000000000000000e+01 6.339929659063343427e-07
3.800000000000000000e+01 1.026092745175143176e-06
3.900000000000000000e+01 1.481812098652781604e-06
4.000000000000000000e+01 8.026103897526607119e-07
4.100000000000000000e+01 7.722716161017046803e-07
4.200000000000000000e+01 7.932677495291405252e-07
4.300000000000000000e+01 8.524314334515947430e-07
4.400000000000000000e+01 5.141274836769989582e-07
4.500000000000000000e+01 8.286580789410315546e-07
4.600000000000000000e+01 1.242729380277315661e-06
4.700000000000000000e+01 9.021222348592033134e-07
4.800000000000000000e+01 9.738592200238573078e-07
4.900000000000000000e+01 5.192363580836913086e-07
5.000000000000000000e+01 5.612631470532387390e-07
5.100000000000000000e+01 7.956826840027518352e-07
5.200000000000000000e+01 9.396755831950230089e-07
5.300000000000000000e+01 6.196593764887286842e-07
5.400000000000000000e+01 5.079354568405968881e-07
5.500000000000000000e+01 9.192471877004168274e-07
5.600000000000000000e+01 5.545181170932516740e-07
5.700000000000000000e+01 9.067358888720525978e-07
5.800000000000000000e+01 4.937665462776763767e-07
5.900000000000000000e+01 5.023024435301821804e-07
6.000000000000000000e+01 5.360959596041909258e-07
6.100000000000000000e+01 1.365281465101702479e-06
6.200000000000000000e+01 2.122250865934055792e-06
6.300000000000000000e+01 6.941377305325468903e-07
6.400000000000000000e+01 1.437341104918898623e-06
6.500000000000000000e+01 6.631508559059477782e-07
6.600000000000000000e+01 4.651128085002764346e-07
6.700000000000000000e+01 6.799356279784091385e-07
6.800000000000000000e+01 5.913689294586159442e-07
6.900000000000000000e+01 6.394950965583486348e-07
7.000000000000000000e+01 7.357831216006043620e-07
7.100000000000000000e+01 5.755753310404328268e-07
7.200000000000000000e+01 5.388361285720145936e-07
7.300000000000000000e+01 5.202150018823803801e-07
7.400000000000000000e+01 5.977587264456329386e-07
7.500000000000000000e+01 4.821292277051344328e-07
7.600000000000000000e+01 5.035338490863442051e-07
7.700000000000000000e+01 6.243229308488619650e-07
7.800000000000000000e+01 8.748905843607254137e-07
7.900000000000000000e+01 5.662409963742405767e-07
8.000000000000000000e+01 4.703652845515846141e-07
8.100000000000000000e+01 4.980515257651809402e-07
8.200000000000000000e+01 5.777864759883520952e-07
8.300000000000000000e+01 4.961890245355994778e-07
8.400000000000000000e+01 6.833862729776189146e-07
8.500000000000000000e+01 5.192582764196430965e-07
8.600000000000000000e+01 6.940350742210620577e-07
8.700000000000000000e+01 7.111078503814433438e-07
8.800000000000000000e+01 6.231725217923103578e-07
8.900000000000000000e+01 4.660008960287121255e-07
9.000000000000000000e+01 6.127753829008382161e-07
9.100000000000000000e+01 4.322371188885443238e-07
9.200000000000000000e+01 1.764292922240953493e-06
9.300000000000000000e+01 1.068618546609583105e-06
9.400000000000000000e+01 6.981057716877169630e-07
9.500000000000000000e+01 5.784622648445716416e-07
9.600000000000000000e+01 7.077560100853703445e-07
9.700000000000000000e+01 1.015048678665773821e-06
9.800000000000000000e+01 4.821422400991341164e-07
9.900000000000000000e+01 5.025105033424467809e-07
1.000000000000000000e+02 1.239619751266868029e-06
1.010000000000000000e+02 1.231493029074336883e-06
1.020000000000000000e+02 6.534463313944155945e-07
1.030000000000000000e+02 4.867593571678446567e-07
1.040000000000000000e+02 4.209087397559336076e-07
1.050000000000000000e+02 5.996090106330741346e-07
1.060000000000000000e+02 4.405024040797172808e-07
1.070000000000000000e+02 4.363248173282156145e-07
1.080000000000000000e+02 4.804265412958514764e-07
1.090000000000000000e+02 4.685668507764662368e-07
1.100000000000000000e+02 6.531007308471096495e-07
1.110000000000000000e+02 6.665901691354524462e-07
1.120000000000000000e+02 5.788185584238720698e-07
1.130000000000000000e+02 5.029939745558390564e-07
1.140000000000000000e+02 4.358470811170363169e-07
1.150000000000000000e+02 5.881700826975526341e-07
1.160000000000000000e+02 1.097148525687046420e-06
1.170000000000000000e+02 5.053181732777908255e-07
1.180000000000000000e+02 5.794991645070799326e-07
1.190000000000000000e+02 5.170236720472797770e-07
1.200000000000000000e+02 5.021463197450693655e-07
1.210000000000000000e+02 4.111792354162228691e-07
1.220000000000000000e+02 3.882634109550765978e-07
1.230000000000000000e+02 3.763899098002216035e-07
1.240000000000000000e+02 5.950064769280183039e-07
1.250000000000000000e+02 3.954865845999311484e-07
1.260000000000000000e+02 3.782156617079548931e-07
1.270000000000000000e+02 4.065629433437314136e-07
1.280000000000000000e+02 3.798084875110597921e-07
1.290000000000000000e+02 5.386454492336559751e-07
1.300000000000000000e+02 4.135319579571651004e-07
1.310000000000000000e+02 4.192619814268642089e-07
1.320000000000000000e+02 3.593689934187876685e-07
1.330000000000000000e+02 3.616824738594759846e-07
1.340000000000000000e+02 5.682927183038211640e-07
1.350000000000000000e+02 3.766257666004936833e-07
1.360000000000000000e+02 4.083614945421022558e-07
1.370000000000000000e+02 4.582245247682479602e-07
1.380000000000000000e+02 4.655481831884152359e-07
1.390000000000000000e+02 4.103223608384747071e-07
1.400000000000000000e+02 3.309797099757429054e-07
1.410000000000000000e+02 3.125888032596490768e-07
1.420000000000000000e+02 3.452529874780342476e-07
1.430000000000000000e+02 3.383088974917995970e-07
1.440000000000000000e+02 2.895696943870463782e-07
1.450000000000000000e+02 4.152903528654760985e-07
1.460000000000000000e+02 3.320088849373248013e-07
1.470000000000000000e+02 4.516455812831844045e-07
1.480000000000000000e+02 3.101945321012316362e-07
1.490000000000000000e+02 3.084130759409546912e-07
1.500000000000000000e+02 3.193305535612955235e-07
1.510000000000000000e+02 3.474051287193686385e-07
1.520000000000000000e+02 3.186130017077340373e-07
1.530000000000000000e+02 3.922764767187969677e-07
1.540000000000000000e+02 3.561185679016887855e-07
1.550000000000000000e+02 3.864875603888438731e-07
1.560000000000000000e+02 2.855668763224438227e-07
1.570000000000000000e+02 3.981606343357522501e-07
1.580000000000000000e+02 3.032689751319499746e-07
1.590000000000000000e+02 3.195067136759808587e-07
1.600000000000000000e+02 3.411704584203010811e-07
1.610000000000000000e+02 4.217877895537053783e-07
1.620000000000000000e+02 4.866771578294426915e-07
1.630000000000000000e+02 5.386419219405857689e-07
1.640000000000000000e+02 3.210727656666342793e-07
1.650000000000000000e+02 3.203297648566921417e-07
1.660000000000000000e+02 3.411139314708252036e-07
1.670000000000000000e+02 3.395269625000140453e-07
1.680000000000000000e+02 3.647684559668292509e-07
1.690000000000000000e+02 3.137862662826993243e-07
1.700000000000000000e+02 3.516782798113234019e-07
1.710000000000000000e+02 2.793966030805855363e-07
1.720000000000000000e+02 3.870328663539987450e-07
1.730000000000000000e+02 3.358520229851059971e-07
1.740000000000000000e+02 3.144843893951497973e-07
1.750000000000000000e+02 3.085846365492117788e-07
1.760000000000000000e+02 2.740545820549807435e-07
1.770000000000000000e+02 2.771807304092700136e-07
1.780000000000000000e+02 2.844575638254163966e-07
1.790000000000000000e+02 2.909406940139632450e-07
1.800000000000000000e+02 3.023347451456029935e-07
1.810000000000000000e+02 3.236606250294598242e-07
1.820000000000000000e+02 4.874900090973273274e-07
1.830000000000000000e+02 3.204811288109070291e-07
1.840000000000000000e+02 3.043108424651249425e-07
1.850000000000000000e+02 3.799518637684873629e-07
1.860000000000000000e+02 3.033057959713261124e-07
1.870000000000000000e+02 3.153218807643206408e-07
1.880000000000000000e+02 3.339917562571307268e-07
1.890000000000000000e+02 3.003498391305232883e-07
1.900000000000000000e+02 2.787054064040673236e-07
1.910000000000000000e+02 3.009001841498602257e-07
1.920000000000000000e+02 3.037320208606995618e-07
1.930000000000000000e+02 5.412501837797430962e-07
1.940000000000000000e+02 3.349958634138179962e-07
1.950000000000000000e+02 2.981236977847506570e-07
1.960000000000000000e+02 3.563131451590944586e-07
1.970000000000000000e+02 2.918322320390294089e-07
1.980000000000000000e+02 3.236893123288011976e-07
1.990000000000000000e+02 2.776398550827898937e-07
2.000000000000000000e+02 2.777549816114377460e-07
2.010000000000000000e+02 4.117550989969599312e-07
2.020000000000000000e+02 3.441390382201527180e-07
2.030000000000000000e+02 4.516110286693183167e-07
2.040000000000000000e+02 3.257373224255201074e-07
2.050000000000000000e+02 3.051849849441691613e-07
2.060000000000000000e+02 3.180933658432754980e-07
2.070000000000000000e+02 3.032376138078730567e-07
2.080000000000000000e+02 2.961935440425478931e-07
2.090000000000000000e+02 3.275395501180584353e-07
2.100000000000000000e+02 2.967382659600670076e-07
2.110000000000000000e+02 2.996883041742487005e-07
2.120000000000000000e+02 3.421090739603012732e-07
2.130000000000000000e+02 3.074077831213284990e-07
2.140000000000000000e+02 3.068660564966693965e-07
2.150000000000000000e+02 3.085606926987594332e-07
2.160000000000000000e+02 3.406367658201005051e-07
2.170000000000000000e+02 2.872867913903680309e-07
2.180000000000000000e+02 2.876309012167679352e-07
2.190000000000000000e+02 3.495320712997917761e-07
2.200000000000000000e+02 2.824790451093605319e-07
2.210000000000000000e+02 2.777814322172804116e-07
2.220000000000000000e+02 3.496164333330677621e-07
2.230000000000000000e+02 3.981902351349858700e-07
2.240000000000000000e+02 2.966425518303113826e-07
2.250000000000000000e+02 2.730344699564644314e-07
2.260000000000000000e+02 4.015662670848379992e-07
2.270000000000000000e+02 3.138293380393250721e-07
2.280000000000000000e+02 2.806746146592650059e-07
2.290000000000000000e+02 2.888979582424702258e-07
2.300000000000000000e+02 3.176665634707645385e-07
2.310000000000000000e+02 3.115900194672867049e-07
2.320000000000000000e+02 2.821139307700338854e-07
2.330000000000000000e+02 2.670804088151967683e-07
2.340000000000000000e+02 3.197992795954420035e-07
2.350000000000000000e+02 3.028557532635595421e-07
2.360000000000000000e+02 3.001834800073088913e-07
2.370000000000000000e+02 3.190326530319503547e-07
2.380000000000000000e+02 2.736258215610322498e-07
2.390000000000000000e+02 3.515188151488505853e-07
2.400000000000000000e+02 3.727407992230569427e-07
2.410000000000000000e+02 2.781713892965020483e-07
2.420000000000000000e+02 3.121120942016882651e-07
2.430000000000000000e+02 2.889027101531579397e-07
2.440000000000000000e+02 2.576565180659627578e-07
2.450000000000000000e+02 3.291914928191911967e-07
2.460000000000000000e+02 3.735880623709331545e-07
2.470000000000000000e+02 2.775645701157656468e-07
2.480000000000000000e+02 2.899974250847482991e-07
2.490000000000000000e+02 2.921045989609826270e-07
2.500000000000000000e+02 2.673064172518380910e-07
2.510000000000000000e+02 2.943116030007471206e-07
2.520000000000000000e+02 3.406057026705373310e-07
2.530000000000000000e+02 2.743659485635345732e-07
2.540000000000000000e+02 2.868808378333039766e-07
2.550000000000000000e+02 2.835437403724695807e-07
2.560000000000000000e+02 2.984302924936703958e-07
2.570000000000000000e+02 3.968587454454293964e-07
2.580000000000000000e+02 3.059815650128156649e-07
2.590000000000000000e+02 3.100883564390839447e-07
2.600000000000000000e+02 2.603207460506774491e-07
2.610000000000000000e+02 2.757023622646391975e-07
2.620000000000000000e+02 3.090670776244318272e-07
2.630000000000000000e+02 3.747356465885980212e-07
2.640000000000000000e+02 2.978203368198339820e-07
2.650000000000000000e+02 3.033890264032709364e-07
2.660000000000000000e+02 2.731642115106013813e-07
2.670000000000000000e+02 2.596470940890436164e-07
2.680000000000000000e+02 2.665401046066761351e-07
2.690000000000000000e+02 3.065581657287563114e-07
2.700000000000000000e+02 2.970179205889729985e-07
2.710000000000000000e+02 3.023815131249603034e-07
2.720000000000000000e+02 2.794822527527383561e-07
2.730000000000000000e+02 2.736120298860009903e-07
2.740000000000000000e+02 2.796457597745195824e-07
2.750000000000000000e+02 2.704821780317949005e-07
2.760000000000000000e+02 2.551885132060548495e-07
2.770000000000000000e+02 2.700582152328241126e-07
2.780000000000000000e+02 2.621451746889694707e-07
2.790000000000000000e+02 3.043389036571774755e-07
2.800000000000000000e+02 2.782425789332141721e-07
2.810000000000000000e+02 2.689427352965047234e-07
2.820000000000000000e+02 2.943375469335513467e-07
2.830000000000000000e+02 2.829672543276752153e-07
2.840000000000000000e+02 3.142339406780152260e-07
2.850000000000000000e+02 2.744551670521531704e-07
2.860000000000000000e+02 2.808233295464402789e-07
2.870000000000000000e+02 2.826754016572389965e-07
2.880000000000000000e+02 2.809668079441374580e-07
2.890000000000000000e+02 2.805231711553989822e-07
2.900000000000000000e+02 3.262275408684716161e-07
2.910000000000000000e+02 2.782761640407136271e-07
2.920000000000000000e+02 2.732759330372400549e-07
2.930000000000000000e+02 2.842014279912691639e-07
2.940000000000000000e+02 2.856920626868673034e-07
2.950000000000000000e+02 2.640797140010817019e-07
2.960000000000000000e+02 2.584370663036193052e-07
2.970000000000000000e+02 2.922159319399019196e-07
2.980000000000000000e+02 2.777569234536514993e-07
2.990000000000000000e+02 2.888049191673113426e-07
3.000000000000000000e+02 2.638758709465633997e-07
3.010000000000000000e+02 2.796120889460772022e-07
3.020000000000000000e+02 3.022431581987009123e-07
3.030000000000000000e+02 2.773410233527839542e-07
3.040000000000000000e+02 3.186574433478420851e-07
3.050000000000000000e+02 2.591932807633479650e-07
3.060000000000000000e+02 2.691087762632577466e-07
3.070000000000000000e+02 2.842708566968833064e-07
3.080000000000000000e+02 2.714114018777450050e-07
3.090000000000000000e+02 2.596744001083011246e-07
3.100000000000000000e+02 2.642804042717940969e-07
3.110000000000000000e+02 2.568803884821662915e-07
3.120000000000000000e+02 2.603914742017776122e-07
3.130000000000000000e+02 2.675419452537456469e-07
3.140000000000000000e+02 2.857998756367978888e-07
3.150000000000000000e+02 3.225502868374031537e-07
3.160000000000000000e+02 2.814975948778790087e-07
3.170000000000000000e+02 2.583488220299962911e-07
3.180000000000000000e+02 2.665278150786164697e-07
3.190000000000000000e+02 2.959123733866912261e-07
3.200000000000000000e+02 2.699463985716615453e-07
3.210000000000000000e+02 2.841343582168929737e-07
3.220000000000000000e+02 2.647457409726927635e-07
3.230000000000000000e+02 2.631807067496471059e-07
3.240000000000000000e+02 2.840368237465381103e-07
3.250000000000000000e+02 2.787645854987250569e-07
3.260000000000000000e+02 2.757604372082399524e-07
3.270000000000000000e+02 2.786459311838377879e-07
3.280000000000000000e+02 2.604975939164623722e-07
3.290000000000000000e+02 3.059197845431991450e-07
3.300000000000000000e+02 2.635410456009693153e-07
3.310000000000000000e+02 2.604134002047881473e-07
3.320000000000000000e+02 3.152245846342965380e-07
3.330000000000000000e+02 2.789105698334976256e-07
3.340000000000000000e+02 2.712465499066229579e-07
3.350000000000000000e+02 2.778307448419370309e-07
3.360000000000000000e+02 2.819010329388675591e-07
3.370000000000000000e+02 3.011950791295578319e-07
3.380000000000000000e+02 2.546598933216610406e-07
3.390000000000000000e+02 2.571564149380057379e-07
3.400000000000000000e+02 2.669300976387901650e-07
3.410000000000000000e+02 2.679533522269497697e-07
3.420000000000000000e+02 2.705391208290920714e-07
3.430000000000000000e+02 2.557405695549667078e-07
3.440000000000000000e+02 2.645117926167843183e-07
3.450000000000000000e+02 2.569727914538186708e-07
3.460000000000000000e+02 2.602437458123829857e-07
3.470000000000000000e+02 2.675365559135652900e-07
3.480000000000000000e+02 2.666685570806161473e-07
3.490000000000000000e+02 2.781158786494260183e-07
3.500000000000000000e+02 2.682156060739875317e-07
3.510000000000000000e+02 2.684347563679190536e-07
3.520000000000000000e+02 2.578070545483582883e-07
3.530000000000000000e+02 2.554210431883466880e-07
3.540000000000000000e+02 2.546249434179282502e-07
3.550000000000000000e+02 2.839857082401191619e-07
3.560000000000000000e+02 3.226903398533319063e-07
3.570000000000000000e+02 2.710640701663113593e-07
3.580000000000000000e+02 2.607530877008123795e-07
3.590000000000000000e+02 2.634494957735913405e-07
3.600000000000000000e+02 2.611562697325637591e-07
3.610000000000000000e+02 2.511240004378472050e-07
3.620000000000000000e+02 2.583408858324877538e-07
3.630000000000000000e+02 2.582431206330964629e-07
3.640000000000000000e+02 2.494401079022618313e-07
3.650000000000000000e+02 2.788807457580338413e-07
3.660000000000000000e+02 2.489074172708010627e-07
3.670000000000000000e+02 2.637628512202900221e-07
3.680000000000000000e+02 2.527826820267931400e-07
3.690000000000000000e+02 2.590451994469686803e-07
3.700000000000000000e+02 2.658586906094306092e-07
3.710000000000000000e+02 2.571307195212030243e-07
3.720000000000000000e+02 2.456606442463203021e-07
3.730000000000000000e+02 2.841510747715087814e-07
3.740000000000000000e+02 3.239927437100909889e-07
3.750000000000000000e+02 2.590160082402137501e-07
3.760000000000000000e+02 2.857896800176284206e-07
3.770000000000000000e+02 2.589589250370075599e-07
3.780000000000000000e+02 2.892942873383370456e-07
3.790000000000000000e+02 2.579946620941391026e-07
3.800000000000000000e+02 2.508312476483858810e-07
3.810000000000000000e+02 2.669862912300310431e-07
3.820000000000000000e+02 2.883995560135840187e-07
3.830000000000000000e+02 2.552926837426524385e-07
3.840000000000000000e+02 2.617935881414566819e-07
3.850000000000000000e+02 2.552974068632642459e-07
3.860000000000000000e+02 2.602799716154216869e-07
3.870000000000000000e+02 2.564765219059759687e-07
3.880000000000000000e+02 2.504334195741371043e-07
3.890000000000000000e+02 2.620840833387770372e-07
3.900000000000000000e+02 2.639472998466331745e-07
3.910000000000000000e+02 2.555687601218827008e-07
3.920000000000000000e+02 2.531017336952909087e-07
3.930000000000000000e+02 2.714040088823983087e-07
3.940000000000000000e+02 2.472362525408468873e-07
3.950000000000000000e+02 2.534768878911541533e-07
3.960000000000000000e+02 2.737095850922606390e-07
3.970000000000000000e+02 2.660976459414120193e-07
3.980000000000000000e+02 2.807634919120845401e-07
3.990000000000000000e+02 2.701680941042240271e-07
4.000000000000000000e+02 2.674757553161099070e-07
4.010000000000000000e+02 2.523310210839735575e-07
4.020000000000000000e+02 2.479499889726667298e-07
4.030000000000000000e+02 2.521215906381296426e-07
4.040000000000000000e+02 2.502549531665232114e-07
4.050000000000000000e+02 2.668682938214761189e-07
4.060000000000000000e+02 2.551879811477433834e-07
4.070000000000000000e+02 2.613924914952722576e-07
4.080000000000000000e+02 2.583055364361701347e-07
4.090000000000000000e+02 2.568444431128752788e-07
4.100000000000000000e+02 2.471269857418038589e-07
4.110000000000000000e+02 2.583235122088118666e-07
4.120000000000000000e+02 2.646119060577837577e-07
4.130000000000000000e+02 2.597390411855384747e-07
4.140000000000000000e+02 2.576338645119824465e-07
4.150000000000000000e+02 2.487501862475056613e-07
4.160000000000000000e+02 2.496967598955443391e-07
4.170000000000000000e+02 2.665429960334545906e-07
4.180000000000000000e+02 2.519054516286540888e-07
4.190000000000000000e+02 2.474183142177880525e-07
4.200000000000000000e+02 2.689874815191117613e-07
4.210000000000000000e+02 2.532010731933526794e-07
4.220000000000000000e+02 2.505591733060978608e-07
4.230000000000000000e+02 2.445699306613642085e-07
4.240000000000000000e+02 2.603292214559002726e-07
4.250000000000000000e+02 2.586616386516306262e-07
4.260000000000000000e+02 2.565063171458892417e-07
4.270000000000000000e+02 2.510559142810955869e-07
4.280000000000000000e+02 2.584502253408084812e-07
4.290000000000000000e+02 2.545104026718577422e-07
4.300000000000000000e+02 2.645329469845308988e-07
4.310000000000000000e+02 2.579055397934225664e-07
4.320000000000000000e+02 2.518559179327480151e-07
4.330000000000000000e+02 2.443395821299056268e-07
4.340000000000000000e+02 2.473317960478661316e-07
4.350000000000000000e+02 2.460803818343050030e-07
4.360000000000000000e+02 2.521832927213880002e-07
4.370000000000000000e+02 2.556232653164731023e-07
4.380000000000000000e+02 2.568868146160796233e-07
4.390000000000000000e+02 2.452495316288672190e-07
4.400000000000000000e+02 2.626177277221416633e-07
4.410000000000000000e+02 2.483959735037610176e-07
4.420000000000000000e+02 2.531467242149201992e-07
4.430000000000000000e+02 2.424826908406910018e-07
4.440000000000000000e+02 2.518199344381586688e-07
4.450000000000000000e+02 2.479669064281837999e-07
4.460000000000000000e+02 2.468485856679967768e-07
4.470000000000000000e+02 2.519666194688460935e-07
4.480000000000000000e+02 2.591721051565816338e-07
4.490000000000000000e+02 2.444083511602273496e-07
4.500000000000000000e+02 2.447305921378459551e-07
4.510000000000000000e+02 2.633653696751110319e-07
4.520000000000000000e+02 2.515445722699683025e-07
4.530000000000000000e+02 2.666300952110212385e-07
4.540000000000000000e+02 2.591851147781457605e-07
4.550000000000000000e+02 2.446648580952053008e-07
4.560000000000000000e+02 2.458166143938280345e-07
4.570000000000000000e+02 2.574497896583439652e-07
4.580000000000000000e+02 2.519578552633501554e-07
4.590000000000000000e+02 2.673978279226220395e-07
4.600000000000000000e+02 2.538370805601169981e-07
4.610000000000000000e+02 2.479446509673793507e-07
4.620000000000000000e+02 2.504037940872562692e-07
4.630000000000000000e+02 2.484726776655024283e-07
4.640000000000000000e+02 2.438917492705751331e-07
4.650000000000000000e+02 2.500137125154400546e-07
4.660000000000000000e+02 2.491437909459938744e-07
4.670000000000000000e+02 2.573757004022297001e-07
4.680000000000000000e+02 2.483562370888716398e-07
4.690000000000000000e+02 2.499407092747889804e-07
4.700000000000000000e+02 2.410060216950243394e-07
4.710000000000000000e+02 2.533894568447053601e-07
4.720000000000000000e+02 2.433253808024195817e-07
4.730000000000000000e+02 2.507130449094151542e-07
4.740000000000000000e+02 2.457914460551810569e-07
4.750000000000000000e+02 2.431682505826678012e-07
4.760000000000000000e+02 2.477105821669162393e-07
4.770000000000000000e+02 2.488856703658695983e-07
4.780000000000000000e+02 2.504601879683417477e-07
4.790000000000000000e+02 2.483108502139501374e-07
4.800000000000000000e+02 2.449527788847446525e-07
4.810000000000000000e+02 2.570438912063331069e-07
4.820000000000000000e+02 2.473175272989435461e-07
4.830000000000000000e+02 2.453504540991679332e-07
4.840000000000000000e+02 2.439299345517799861e-07
4.850000000000000000e+02 2.438355102100553397e-07
4.860000000000000000e+02 2.499542997700539201e-07
4.870000000000000000e+02 2.487594911926049345e-07
4.880000000000000000e+02 2.415993700588768735e-07
4.890000000000000000e+02 2.448118827211782815e-07
4.900000000000000000e+02 2.501910499728276491e-07
4.910000000000000000e+02 2.408172307317282767e-07
4.920000000000000000e+02 2.400858349508726783e-07
4.930000000000000000e+02 2.455540255045764292e-07
4.940000000000000000e+02 2.552951822543325570e-07
4.950000000000000000e+02 2.565368081724361694e-07
4.960000000000000000e+02 2.518516085854744986e-07
4.970000000000000000e+02 2.479094341286960810e-07
4.980000000000000000e+02 2.459411396912581286e-07
4.990000000000000000e+02 2.430094189705133673e-07
5.000000000000000000e+02 2.452709314513953596e-07
5.010000000000000000e+02 2.459314587987126036e-07
5.020000000000000000e+02 2.454940265010747836e-07
5.030000000000000000e+02 2.483915169558477855e-07
5.040000000000000000e+02 2.477744259623235138e-07
5.050000000000000000e+02 2.528144623403542345e-07
5.060000000000000000e+02 2.442271513742616126e-07
5.070000000000000000e+02 2.414442928392614481e-07
5.080000000000000000e+02 2.456909846391527923e-07
5.090000000000000000e+02 2.429116911204282219e-07
5.100000000000000000e+02 2.535680060367739153e-07
5.110000000000000000e+02 2.432051973891563302e-07
5.120000000000000000e+02 2.449905447614366549e-07
5.130000000000000000e+02 2.408924103282678725e-07
5.140000000000000000e+02 2.447650009830839170e-07
5.150000000000000000e+02 2.398369661032295609e-07
5.160000000000000000e+02 2.425864947233961449e-07
5.170000000000000000e+02 2.407582961849188392e-07
5.180000000000000000e+02 2.435714338636086542e-07
5.190000000000000000e+02 2.554108473949430719e-07
5.200000000000000000e+02 2.414089940886792072e-07
5.210000000000000000e+02 2.456003714363276862e-07
5.220000000000000000e+02 2.449766942498442649e-07
5.230000000000000000e+02 2.419598287395986653e-07
5.240000000000000000e+02 2.399207855090653016e-07
5.250000000000000000e+02 2.440341862656297834e-07
5.260000000000000000e+02 2.425907846407427206e-07
5.270000000000000000e+02 2.445108903923777520e-07
5.280000000000000000e+02 2.392401659529369273e-07
5.290000000000000000e+02 2.390453437190703640e-07
5.300000000000000000e+02 2.417377098288952127e-07
5.310000000000000000e+02 2.413199876230800818e-07
5.320000000000000000e+02 2.400351264646094553e-07
5.330000000000000000e+02 2.411322979795935078e-07
5.340000000000000000e+02 2.517772411049290048e-07
5.350000000000000000e+02 2.425366993007034096e-07
5.360000000000000000e+02 2.400786048896594384e-07
5.370000000000000000e+02 2.452611958847244387e-07
5.380000000000000000e+02 2.400229145125844600e-07
5.390000000000000000e+02 2.390526021445355072e-07
5.400000000000000000e+02 2.423605420262038792e-07
5.410000000000000000e+02 2.399544419918267618e-07
5.420000000000000000e+02 2.450254457935064587e-07
5.430000000000000000e+02 2.377255198445884593e-07
5.440000000000000000e+02 2.522915469978440279e-07
5.450000000000000000e+02 2.495300177644053006e-07
5.460000000000000000e+02 2.434324007173262369e-07
5.470000000000000000e+02 2.409882170591471792e-07
5.480000000000000000e+02 2.420451542807056837e-07
5.490000000000000000e+02 2.440319564068458034e-07
5.500000000000000000e+02 2.371518837089166324e-07
5.510000000000000000e+02 2.421644336205927504e-07
5.520000000000000000e+02 2.497240444604799797e-07
5.530000000000000000e+02 2.425372478598205168e-07
5.540000000000000000e+02 2.465934112769616935e-07
5.550000000000000000e+02 2.394318961958095753e-07
5.560000000000000000e+02 2.423774259035563097e-07
5.570000000000000000e+02 2.396140689642724179e-07
5.580000000000000000e+02 2.376705658352190560e-07
5.590000000000000000e+02 2.535210473779880252e-07
5.600000000000000000e+02 2.449173256746797251e-07
5.610000000000000000e+02 2.402554413190747582e-07
5.620000000000000000e+02 2.432694488815374597e-07
5.630000000000000000e+02 2.446992912991649792e-07
5.640000000000000000e+02 2.583386714577474762e-07
5.650000000000000000e+02 2.423138554330558234e-07
5.660000000000000000e+02 2.431095828982228311e-07
5.670000000000000000e+02 2.402009275260801673e-07
5.680000000000000000e+02 2.393381579784483712e-07
5.690000000000000000e+02 2.433334950614379680e-07
5.700000000000000000e+02 2.436964415711611444e-07
5.710000000000000000e+02 2.412525129326216823e-07
5.720000000000000000e+02 2.403145251186741490e-07
5.730000000000000000e+02 2.388698247732841354e-07
5.740000000000000000e+02 2.373896968318185341e-07
5.750000000000000000e+02 2.412002554195825228e-07
5.760000000000000000e+02 2.392523606862444543e-07
5.770000000000000000e+02 2.412609753486986564e-07
5.780000000000000000e+02 2.401587389896423020e-07
5.790000000000000000e+02 2.381452606576375279e-07
5.800000000000000000e+02 2.380119432813983533e-07
5.810000000000000000e+02 2.396296481755361196e-07
5.820000000000000000e+02 2.384291247586262097e-07
5.830000000000000000e+02 2.361429000471710334e-07
5.840000000000000000e+02 2.376523883933942556e-07
5.850000000000000000e+02 2.366081740397614399e-07
5.860000000000000000e+02 2.409685138195452712e-07
5.870000000000000000e+02 2.407412091003902013e-07
5.880000000000000000e+02 2.377909638449329008e-07
5.890000000000000000e+02 2.383902581715464482e-07
5.900000000000000000e+02 2.361495381379540048e-07
5.910000000000000000e+02 2.362610931023313411e-07
5.920000000000000000e+02 2.418640909419042207e-07
5.930000000000000000e+02 2.381791335928315678e-07
5.940000000000000000e+02 2.381240563751854751e-07
5.950000000000000000e+02 2.404479467549708151e-07
5.960000000000000000e+02 2.445771414174433952e-07
5.970000000000000000e+02 2.387036732667362035e-07
5.980000000000000000e+02 2.387226806469075865e-07
5.990000000000000000e+02 2.395710574564086588e-07
6.000000000000000000e+02 2.376210402347951708e-07
6.010000000000000000e+02 2.380573855320646118e-07
6.020000000000000000e+02 2.453775983266845269e-07
6.030000000000000000e+02 2.392536855693788840e-07
6.040000000000000000e+02 2.385953965426138130e-07
6.050000000000000000e+02 2.460204078988769448e-07
6.060000000000000000e+02 2.378615202761880050e-07
6.070000000000000000e+02 2.397804211456557184e-07
6.080000000000000000e+02 2.498439757149228454e-07
6.090000000000000000e+02 2.351660076608940178e-07
6.100000000000000000e+02 2.356482227779755999e-07
6.110000000000000000e+02 2.362735672299251145e-07
6.120000000000000000e+02 2.382882752633611658e-07
6.130000000000000000e+02 2.373535969896777286e-07
6.140000000000000000e+02 2.363845934915379455e-07
6.150000000000000000e+02 2.393473286740743560e-07
6.160000000000000000e+02 2.372673756427798592e-07
6.170000000000000000e+02 2.404153951454158662e-07
6.180000000000000000e+02 2.345416093672082060e-07
6.190000000000000000e+02 2.431963694807276906e-07
6.200000000000000000e+02 2.363502415423893648e-07
6.210000000000000000e+02 2.376353552148512445e-07
6.220000000000000000e+02 2.394363084801933867e-07
6.230000000000000000e+02 2.354057874454571204e-07
6.240000000000000000e+02 2.389940591447219365e-07
6.250000000000000000e+02 2.391644673582094228e-07
6.260000000000000000e+02 2.372493313796627378e-07
6.270000000000000000e+02 2.359351123777272595e-07
6.280000000000000000e+02 2.381956312267685696e-07
6.290000000000000000e+02 2.345639536125390724e-07
6.300000000000000000e+02 2.370809088000926455e-07
6.310000000000000000e+02 2.361381388498269294e-07
6.320000000000000000e+02 2.363867986250997995e-07
6.330000000000000000e+02 2.393671762720665378e-07
6.340000000000000000e+02 2.358101819749318121e-07
6.350000000000000000e+02 2.348380791675112708e-07
6.360000000000000000e+02 2.445525965823165659e-07
6.370000000000000000e+02 2.520112458812202636e-07
6.380000000000000000e+02 2.371240023104902569e-07
6.390000000000000000e+02 2.375881294437477376e-07
6.400000000000000000e+02 2.402176506240139517e-07
6.410000000000000000e+02 2.395877237533162050e-07
6.420000000000000000e+02 2.380822558548964563e-07
6.430000000000000000e+02 2.433886044597040796e-07
6.440000000000000000e+02 2.371077560275026532e-07
6.450000000000000000e+02 2.366968232341069480e-07
6.460000000000000000e+02 2.389920487847483008e-07
6.470000000000000000e+02 2.377931677034353864e-07
6.480000000000000000e+02 2.375004999808676067e-07
6.490000000000000000e+02 2.354931430661568390e-07
6.500000000000000000e+02 2.354077559622784740e-07
6.510000000000000000e+02 2.366577342922096530e-07
6.520000000000000000e+02 2.361852441010000816e-07
6.530000000000000000e+02 2.342573873873286375e-07
6.540000000000000000e+02 2.347088702501544446e-07
6.550000000000000000e+02 2.372339755255629605e-07
6.560000000000000000e+02 2.357515264108627610e-07
6.570000000000000000e+02 2.386875301852884195e-07
6.580000000000000000e+02 2.359390977589773216e-07
6.590000000000000000e+02 2.378955547193372495e-07
6.600000000000000000e+02 2.349590317253728769e-07
6.610000000000000000e+02 2.418201208823152471e-07
6.620000000000000000e+02 2.341447053710395517e-07
6.630000000000000000e+02 2.367765182178818368e-07
6.640000000000000000e+02 2.379587495931997347e-07
6.650000000000000000e+02 2.353234813613548102e-07
6.660000000000000000e+02 2.401182669503027991e-07
6.670000000000000000e+02 2.363157388367802611e-07
6.680000000000000000e+02 2.360217821836260996e-07
6.690000000000000000e+02 2.358013538128888821e-07
6.700000000000000000e+02 2.364197290061672916e-07
6.710000000000000000e+02 2.385705749185088324e-07
6.720000000000000000e+02 2.379732147383830434e-07
6.730000000000000000e+02 2.343494493155490390e-07
6.740000000000000000e+02 2.374088184817013175e-07
6.750000000000000000e+02 2.358532844335095158e-07
6.760000000000000000e+02 2.372921356488162178e-07
6.770000000000000000e+02 2.359352368469869797e-07
6.780000000000000000e+02 2.366951523552733171e-07
6.790000000000000000e+02 2.354061204273241206e-07
6.800000000000000000e+02 2.343007475237453101e-07
6.810000000000000000e+02 2.354488364787379861e-07
6.820000000000000000e+02 2.346205108116580353e-07
6.830000000000000000e+02 2.357992811252651545e-07
6.840000000000000000e+02 2.347057485897351982e-07
6.850000000000000000e+02 2.363900246096681059e-07
6.860000000000000000e+02 2.363314847461879136e-07
6.870000000000000000e+02 2.351649403162756397e-07
6.880000000000000000e+02 2.374942794552031311e-07
6.890000000000000000e+02 2.347850903829561983e-07
6.900000000000000000e+02 2.360041138483417321e-07
6.910000000000000000e+02 2.343002188253773823e-07
6.920000000000000000e+02 2.346957419944736823e-07
6.930000000000000000e+02 2.337167564834480145e-07
6.940000000000000000e+02 2.351489647664443916e-07
6.950000000000000000e+02 2.350169021636740371e-07
6.960000000000000000e+02 2.379230301591009600e-07
6.970000000000000000e+02 2.350535216536625164e-07
6.980000000000000000e+02 2.360671740102284139e-07
6.990000000000000000e+02 2.368726188770020551e-07
7.000000000000000000e+02 2.343278853737636761e-07
7.010000000000000000e+02 2.345372347295532159e-07
7.020000000000000000e+02 2.345366809328026382e-07
7.030000000000000000e+02 2.345785783362571546e-07
7.040000000000000000e+02 2.342452785800942926e-07
7.050000000000000000e+02 2.340720701847232966e-07
7.060000000000000000e+02 2.355864153110704140e-07
7.070000000000000000e+02 2.360116889871542882e-07
7.080000000000000000e+02 2.346043503298098539e-07
7.090000000000000000e+02 2.359215387229136673e-07
7.100000000000000000e+02 2.359980048628658803e-07
7.110000000000000000e+02 2.349662141445429661e-07
7.120000000000000000e+02 2.339579168742861754e-07
7.130000000000000000e+02 2.346209955268135465e-07
7.140000000000000000e+02 2.364761660124288050e-07
7.150000000000000000e+02 2.350290326533622156e-07
7.160000000000000000e+02 2.343500325597350559e-07
7.170000000000000000e+02 2.344330796092979447e-07
7.180000000000000000e+02 2.329371924569433831e-07
7.190000000000000000e+02 2.341024256559423877e-07
7.200000000000000000e+02 2.338710154643867845e-07
7.210000000000000000e+02 2.335354901658852191e-07
7.220000000000000000e+02 2.330794011720463322e-07
7.230000000000000000e+02 2.347170393699821443e-07
7.240000000000000000e+02 2.379595619861248532e-07
7.250000000000000000e+02 2.351316082844108714e-07
7.260000000000000000e+02 2.347450142180004989e-07
7.270000000000000000e+02 2.327524305777275997e-07
7.280000000000000000e+02 2.351989159831838023e-07
7.290000000000000000e+02 2.336979047227325845e-07
7.300000000000000000e+02 2.353608026877449691e-07
7.310000000000000000e+02 2.340379400341783238e-07
7.320000000000000000e+02 2.340698813281832291e-07
7.330000000000000000e+02 2.343592313173219994e-07
7.340000000000000000e+02 2.373888162093035915e-07
7.350000000000000000e+02 2.339319130681188747e-07
7.360000000000000000e+02 2.331317267964753619e-07
7.370000000000000000e+02 2.377167818327011068e-07
7.380000000000000000e+02 2.388927820167236304e-07
7.390000000000000000e+02 2.349574555879932390e-07
7.400000000000000000e+02 2.354081209325676821e-07
7.410000000000000000e+02 2.358479188272379219e-07
7.420000000000000000e+02 2.333177591864595839e-07
7.430000000000000000e+02 2.339759462980943657e-07
7.440000000000000000e+02 2.344118863760178884e-07
7.450000000000000000e+02 2.367537473006989585e-07
7.460000000000000000e+02 2.336724840074642512e-07
7.470000000000000000e+02 2.329625891879351549e-07
7.480000000000000000e+02 2.367920716501525661e-07
7.490000000000000000e+02 2.334212135983187304e-07
7.500000000000000000e+02 2.334806015712198620e-07
7.510000000000000000e+02 2.353839920514797337e-07
7.520000000000000000e+02 2.353101067750728345e-07
7.530000000000000000e+02 2.352092309730728916e-07
7.540000000000000000e+02 2.328646318968119875e-07
7.550000000000000000e+02 2.331135380390309577e-07
7.560000000000000000e+02 2.331913714776988776e-07
7.570000000000000000e+02 2.345673475774949404e-07
7.580000000000000000e+02 2.329197777839374189e-07
7.590000000000000000e+02 2.342162624510709932e-07
7.600000000000000000e+02 2.344688881295686686e-07
7.610000000000000000e+02 2.339567330717206018e-07
7.620000000000000000e+02 2.334641449028750748e-07
7.630000000000000000e+02 2.330463440789538584e-07
7.640000000000000000e+02 2.332001622254767319e-07
7.650000000000000000e+02 2.327611353550303019e-07
7.660000000000000000e+02 2.330087942435408579e-07
7.670000000000000000e+02 2.337196297910508278e-07
7.680000000000000000e+02 2.339872357003002336e-07
7.690000000000000000e+02 2.338268862193296294e-07
7.700000000000000000e+02 2.338447258694264293e-07
7.710000000000000000e+02 2.350852269033933446e-07
7.720000000000000000e+02 2.354859408652470830e-07
7.730000000000000000e+02 2.336359074923844827e-07
7.740000000000000000e+02 2.329971827402894353e-07
7.750000000000000000e+02 2.327264685031931233e-07
7.760000000000000000e+02 2.335686869499312420e-07
7.770000000000000000e+02 2.328697323498187316e-07
7.780000000000000000e+02 2.332083102858663330e-07
7.790000000000000000e+02 2.333751297843973242e-07
7.800000000000000000e+02 2.334401818501830621e-07
7.810000000000000000e+02 2.338687128767009930e-07
7.820000000000000000e+02 2.345153219196737308e-07
7.830000000000000000e+02 2.327617229027927563e-07
7.840000000000000000e+02 2.333012695775382205e-07
7.850000000000000000e+02 2.363467111646353348e-07
7.860000000000000000e+02 2.332654765503844042e-07
7.870000000000000000e+02 2.342938023081324708e-07
7.880000000000000000e+02 2.344294009290228343e-07
7.890000000000000000e+02 2.332005227742614728e-07
7.900000000000000000e+02 2.329937333231047272e-07
7.910000000000000000e+02 2.328392579891770307e-07
7.920000000000000000e+02 2.325882512514224358e-07
7.930000000000000000e+02 2.333033223256146170e-07
7.940000000000000000e+02 2.337094187939376393e-07
7.950000000000000000e+02 2.333449697029534066e-07
7.960000000000000000e+02 2.327181914656437212e-07
7.970000000000000000e+02 2.335902704118074501e-07
7.980000000000000000e+02 2.333131302933567202e-07
7.990000000000000000e+02 2.328975889338961625e-07
8.000000000000000000e+02 2.324778068884463038e-07
8.010000000000000000e+02 2.329394869948416077e-07
8.020000000000000000e+02 2.325471785512424064e-07
8.030000000000000000e+02 2.338879634270764285e-07
8.040000000000000000e+02 2.326407012290228320e-07
8.050000000000000000e+02 2.333038807649946537e-07
8.060000000000000000e+02 2.326766098442789758e-07
8.070000000000000000e+02 2.342777316225953208e-07
8.080000000000000000e+02 2.336779876083459074e-07
8.090000000000000000e+02 2.325801321342364691e-07
8.100000000000000000e+02 2.329521689214059681e-07
8.110000000000000000e+02 2.326746931066834378e-07
8.120000000000000000e+02 2.331952566360956643e-07
8.130000000000000000e+02 2.326476966090587649e-07
8.140000000000000000e+02 2.329875646929755492e-07
8.150000000000000000e+02 2.330164597268942915e-07
8.160000000000000000e+02 2.331845695117815996e-07
8.170000000000000000e+02 2.329011208217362957e-07
8.180000000000000000e+02 2.331887584332058226e-07
8.190000000000000000e+02 2.345460365034738555e-07
8.200000000000000000e+02 2.324254321541738372e-07
8.210000000000000000e+02 2.343992855955972866e-07
8.220000000000000000e+02 2.329947592399791003e-07
8.230000000000000000e+02 2.356824188693075182e-07
8.240000000000000000e+02 2.331959791135986548e-07
8.250000000000000000e+02 2.336371510958885846e-07
8.260000000000000000e+02 2.340323585358205379e-07
8.270000000000000000e+02 2.328069712764475215e-07
8.280000000000000000e+02 2.325961109562376253e-07
8.290000000000000000e+02 2.325268205035662591e-07
8.300000000000000000e+02 2.330887054147397487e-07
8.310000000000000000e+02 2.331421461228287880e-07
8.320000000000000000e+02 2.327014096777544600e-07
8.330000000000000000e+02 2.327005673022024872e-07
8.340000000000000000e+02 2.323362375702369891e-07
8.350000000000000000e+02 2.327804276268868718e-07
8.360000000000000000e+02 2.330209475466800129e-07
8.370000000000000000e+02 2.332959764241480350e-07
8.380000000000000000e+02 2.334241169260405114e-07
8.390000000000000000e+02 2.323994759237302631e-07
8.400000000000000000e+02 2.327377739184772909e-07
8.410000000000000000e+02 2.329136569916916029e-07
8.420000000000000000e+02 2.319851940202523573e-07
8.430000000000000000e+02 2.320283799740830089e-07
8.440000000000000000e+02 2.323205887327126366e-07
8.450000000000000000e+02 2.323657085642967679e-07
8.460000000000000000e+02 2.320361047176999968e-07
8.470000000000000000e+02 2.318225115841815213e-07
8.480000000000000000e+02 2.341202463316953496e-07
8.490000000000000000e+02 2.326090109895274720e-07
8.500000000000000000e+02 2.323994658262213822e-07
8.510000000000000000e+02 2.324677836154673689e-07
8.520000000000000000e+02 2.328562040595523483e-07
8.530000000000000000e+02 2.323864854064246586e-07
8.540000000000000000e+02 2.322764478319047685e-07
8.550000000000000000e+02 2.324362898750198626e-07
8.560000000000000000e+02 2.325344558818609228e-07
8.570000000000000000e+02 2.322583912894938417e-07
8.580000000000000000e+02 2.319498517913145091e-07
8.590000000000000000e+02 2.324918824319463676e-07
8.600000000000000000e+02 2.319811924990644270e-07
8.610000000000000000e+02 2.322839233081720558e-07
8.620000000000000000e+02 2.322478619894115110e-07
8.630000000000000000e+02 2.327947980332997731e-07
8.640000000000000000e+02 2.325692439291745803e-07
8.650000000000000000e+02 2.323460593442245916e-07
8.660000000000000000e+02 2.329167662240867669e-07
8.670000000000000000e+02 2.321603746825604198e-07
8.680000000000000000e+02 2.322426671362829494e-07
8.690000000000000000e+02 2.327464984014247344e-07
8.700000000000000000e+02 2.323390530651908126e-07
8.710000000000000000e+02 2.324416650687341431e-07
8.720000000000000000e+02 2.320538233939495059e-07
8.730000000000000000e+02 2.319360001944315358e-07
8.740000000000000000e+02 2.331353811305493585e-07
8.750000000000000000e+02 2.329910218347224302e-07
8.760000000000000000e+02 2.322189114603510425e-07
8.770000000000000000e+02 2.329890077213606491e-07
8.780000000000000000e+02 2.323718971854345255e-07
8.790000000000000000e+02 2.328371902882604097e-07
8.800000000000000000e+02 2.320797109943917235e-07
8.810000000000000000e+02 2.325144451354883326e-07
8.820000000000000000e+02 2.326571580872276721e-07
8.830000000000000000e+02 2.324394874614582300e-07
8.840000000000000000e+02 2.325678297328078645e-07
8.850000000000000000e+02 2.319244734864411497e-07
8.860000000000000000e+02 2.328350027225194621e-07
8.870000000000000000e+02 2.321448379135577597e-07
8.880000000000000000e+02 2.325391643153796431e-07
8.890000000000000000e+02 2.319255179821060388e-07
8.900000000000000000e+02 2.321588633165012066e-07
8.910000000000000000e+02 2.320956369620701253e-07
8.920000000000000000e+02 2.321027488775563714e-07
8.930000000000000000e+02 2.320910499092266351e-07
8.940000000000000000e+02 2.320377053729832472e-07
8.950000000000000000e+02 2.319833560107829291e-07
8.960000000000000000e+02 2.322731348590399713e-07
8.970000000000000000e+02 2.318982333238376905e-07
8.980000000000000000e+02 2.329374064294638430e-07
8.990000000000000000e+02 2.321745508540814872e-07
9.000000000000000000e+02 2.321210314208750521e-07
9.010000000000000000e+02 2.320364979303169889e-07
9.020000000000000000e+02 2.322668071159177948e-07
9.030000000000000000e+02 2.318798460491404904e-07
9.040000000000000000e+02 2.319635136514954496e-07
9.050000000000000000e+02 2.328896198413920889e-07
9.060000000000000000e+02 2.331593570593489796e-07
9.070000000000000000e+02 2.320129517343473189e-07
9.080000000000000000e+02 2.318584757653996042e-07
9.090000000000000000e+02 2.319934277187569198e-07
9.100000000000000000e+02 2.320464381369828426e-07
9.110000000000000000e+02 2.325647716674558560e-07
9.120000000000000000e+02 2.326047040522519759e-07
9.130000000000000000e+02 2.322424908063336230e-07
9.140000000000000000e+02 2.321800078562030094e-07
9.150000000000000000e+02 2.320772027021256070e-07
9.160000000000000000e+02 2.318142746807610167e-07
9.170000000000000000e+02 2.330777843070860527e-07
9.180000000000000000e+02 2.326569439525090849e-07
9.190000000000000000e+02 2.321217044926076580e-07
9.200000000000000000e+02 2.315317837378573009e-07
9.210000000000000000e+02 2.326830352151293363e-07
9.220000000000000000e+02 2.319880881931961723e-07
9.230000000000000000e+02 2.320408400350197120e-07
9.240000000000000000e+02 2.324829728799142987e-07
9.250000000000000000e+02 2.324872713915650802e-07
