0.000000000000000000e+00 9.923178965524543944e-04
1.000000000000000000e+00 2.997185350955056441e-04
2.000000000000000000e+00 2.760726741170452616e-04
3.000000000000000000e+00 2.380353985477646356e-04
4.000000000000000000e+00 1.546938028411946658e-04
5.000000000000000000e+00 1.182602750676746748e-04
6.000000000000000000e+00 1.135874837983692136e-04
7.000000000000000000e+00 1.107787187225018174e-04
8.000000000000000000e+00 1.103654264772309764e-04
9.000000000000000000e+00 1.088194534178167774e-04
1.000000000000000000e+01 1.069795551797764259e-04
1.100000000000000000e+01 1.055214378018008698e-04
1.200000000000000000e+01 1.066221975510859193e-04
1.300000000000000000e+01 1.076316471265575540e-04
1.400000000000000000e+01 1.059870447075120931e-04
1.500000000000000000e+01 1.050301899683761829e-04
1.600000000000000000e+01 1.058880327827473961e-04
1.700000000000000000e+01 1.051767341959433644e-04
1.800000000000000000e+01 1.017587425882570231e-04
1.900000000000000000e+01 1.009587779392666395e-04
2.000000000000000000e+01 1.032744502479458206e-04
2.100000000000000000e+01 1.019942246233090341e-04
2.200000000000000000e+01 1.003807439710867333e-04
2.300000000000000000e+01 9.623352859164194543e-05
2.400000000000000000e+01 9.548805512057628015e-05
2.500000000000000000e+01 9.499208866081443629e-05
2.600000000000000000e+01 9.631849300838377320e-05
2.700000000000000000e+01 9.207701594607985780e-05
2.800000000000000000e+01 8.935930472702266405e-05
2.900000000000000000e+01 8.278912190932368311e-05
3.000000000000000000e+01 7.686071980661477745e-05
3.100000000000000000e+01 6.104268908039944656e-05
3.200000000000000000e+01 4.922368621892151590e-05
3.300000000000000000e+01 2.578218130058664291e-05
3.400000000000000000e+01 1.514457066246292839e-05
3.500000000000000000e+01 9.109285347094921549e-06
3.600000000000000000e+01 5.270613781157212599e-06
3.700000000000000000e+01 4.333399752450485830e-06
3.800000000000000000e+01 4.221218229532501957e-06
3.900000000000000000e+01 3.901635594992163778e-06
4.000000000000000000e+01 3.624908841669587595e-06
4.100000000000000000e+01 3.359713503462371312e-06
4.200000000000000000e+01 3.778297109424200339e-06
4.300000000000000000e+01 3.355287332143711508e-06
4.400000000000000000e+01 3.070753979370738618e-06
4.500000000000000000e+01 3.062097726560786514e-06
4.600000000000000000e+01 2.634062466465019303e-06
4.700000000000000000e+01 2.553700244298886840e-06
4.800000000000000000e+01 2.290694039502102940e-06
4.900000000000000000e+01 2.203285453386813478e-06
5.000000000000000000e+01 2.203090231150101816e-06
5.100000000000000000e+01 2.197184476569442379e-06
5.200000000000000000e+01 1.832847353278660271e-06
5.300000000000000000e+01 2.510377129178156518e-06
5.400000000000000000e+01 1.927397835866883001e-06
5.500000000000000000e+01 2.926773706007561667e-06
5.600000000000000000e+01 1.847046396633568377e-06
5.700000000000000000e+01 1.614409736983972245e-06
5.800000000000000000e+01 1.784524617391230185e-06
5.900000000000000000e+01 1.362819343974953844e-06
6.000000000000000000e+01 1.623622158160385817e-06
6.100000000000000000e+01 1.525179570023651309e-06
6.200000000000000000e+01 1.367082265686725339e-06
6.300000000000000000e+01 1.375578352198835946e-06
6.400000000000000000e+01 1.807416322288208856e-06
6.500000000000000000e+01 1.433035286442895501e-06
6.600000000000000000e+01 1.195440826965024737e-06
6.700000000000000000e+01 1.059029550239882255e-06
6.800000000000000000e+01 1.285938922251286293e-06
6.900000000000000000e+01 1.302832312560573336e-06
7.000000000000000000e+01 1.086355910127003731e-06
7.100000000000000000e+01 9.436213875046844949e-07
7.200000000000000000e+01 1.051155906003547714e-06
7.300000000000000000e+01 9.370974158409831602e-07
7.400000000000000000e+01 9.914993445829142111e-07
7.500000000000000000e+01 8.612839224185918570e-07
7.600000000000000000e+01 7.992845686916148369e-07
7.700000000000000000e+01 8.126691110246981457e-07
7.800000000000000000e+01 8.644906673654109315e-07
7.900000000000000000e+01 7.920811107906515615e-07
8.000000000000000000e+01 8.331506604247838247e-07
8.100000000000000000e+01 7.465294583557733141e-07
8.200000000000000000e+01 7.434045940979455844e-07
8.300000000000000000e+01 6.565300499466850325e-07
8.400000000000000000e+01 7.813792413416224952e-07
8.500000000000000000e+01 6.363457608076552613e-07
8.600000000000000000e+01 7.257559950347129312e-07
8.700000000000000000e+01 6.965287316833164670e-07
8.800000000000000000e+01 7.099736076292308713e-07
8.900000000000000000e+01 8.451289725524237985e-07
9.000000000000000000e+01 6.561596028552896717e-07
9.100000000000000000e+01 5.013566214100074188e-07
9.200000000000000000e+01 5.814706102058090685e-07
9.300000000000000000e+01 1.067036054361384526e-06
9.400000000000000000e+01 5.212401758027462799e-07
9.500000000000000000e+01 5.279872268569073406e-07
9.600000000000000000e+01 4.555601192631056843e-07
9.700000000000000000e+01 4.773138226829021269e-07
9.800000000000000000e+01 5.332086802754414271e-07
9.900000000000000000e+01 4.156697653817158844e-07
1.000000000000000000e+02 3.515175125769590742e-07
1.010000000000000000e+02 4.237126431432258920e-07
1.020000000000000000e+02 3.797958127430580660e-07
1.030000000000000000e+02 4.353235778209679585e-07
1.040000000000000000e+02 3.600794072701760331e-07
1.050000000000000000e+02 3.413074516498089439e-07
1.060000000000000000e+02 3.643335462425310822e-07
1.070000000000000000e+02 3.727461240533792962e-07
1.080000000000000000e+02 3.487683922638211261e-07
1.090000000000000000e+02 3.648941150174357813e-07
1.100000000000000000e+02 2.698613123932451080e-07
1.110000000000000000e+02 2.703056462782545301e-07
1.120000000000000000e+02 4.751617654294063416e-07
1.130000000000000000e+02 2.857877251706937879e-07
1.140000000000000000e+02 2.726178373479781853e-07
1.150000000000000000e+02 3.064803561608878167e-07
1.160000000000000000e+02 4.358655606228916037e-07
1.170000000000000000e+02 2.700912299417109184e-07
1.180000000000000000e+02 2.502979607488097059e-07
1.190000000000000000e+02 4.403454703777977389e-07
1.200000000000000000e+02 2.299448179777354878e-07
1.210000000000000000e+02 2.764297989965389769e-07
1.220000000000000000e+02 2.648664806025147632e-07
1.230000000000000000e+02 1.946605409999164890e-07
1.240000000000000000e+02 2.099513551721619768e-07
1.250000000000000000e+02 2.388546654392179559e-07
1.260000000000000000e+02 2.069391740004233513e-07
1.270000000000000000e+02 2.208634793759438485e-07
1.280000000000000000e+02 1.987935383808835235e-07
1.290000000000000000e+02 2.059401007550139301e-07
1.300000000000000000e+02 1.829215034939918901e-07
1.310000000000000000e+02 1.609267068799821463e-07
1.320000000000000000e+02 2.013928701575413391e-07
1.330000000000000000e+02 1.528982601642515342e-07
1.340000000000000000e+02 1.502349206296052767e-07
1.350000000000000000e+02 1.356718862399801394e-07
1.360000000000000000e+02 1.941780970402193887e-07
1.370000000000000000e+02 1.337733713323632202e-07
1.380000000000000000e+02 1.525771323989587975e-07
1.390000000000000000e+02 1.366416340342787445e-07
1.400000000000000000e+02 2.301703821632598947e-07
1.410000000000000000e+02 1.423960125244458662e-07
1.420000000000000000e+02 1.218594439772504971e-07
1.430000000000000000e+02 1.503286317463325425e-07
1.440000000000000000e+02 1.066280372806119392e-07
1.450000000000000000e+02 1.165086297355978804e-07
1.460000000000000000e+02 9.649128862013283125e-08
1.470000000000000000e+02 1.339680751419443582e-07
1.480000000000000000e+02 1.204253315665410351e-07
1.490000000000000000e+02 1.737755146381463550e-07
1.500000000000000000e+02 1.237521433854019212e-07
1.510000000000000000e+02 8.236928983918999530e-08
1.520000000000000000e+02 1.388301285819539012e-07
1.530000000000000000e+02 9.204862586264732018e-08
1.540000000000000000e+02 3.148106894320036470e-07
1.550000000000000000e+02 1.820480224647787212e-07
1.560000000000000000e+02 1.301227702342451279e-07
1.570000000000000000e+02 1.116702084741882677e-07
1.580000000000000000e+02 1.350572473443797857e-07
1.590000000000000000e+02 9.167645412665874138e-08
1.600000000000000000e+02 1.192073071671553664e-07
1.610000000000000000e+02 9.228101578182283774e-08
1.620000000000000000e+02 8.094397619329611382e-08
1.630000000000000000e+02 8.153649285007893829e-08
1.640000000000000000e+02 1.289060504854998821e-07
1.650000000000000000e+02 1.228327121221985181e-07
1.660000000000000000e+02 1.516742173331621772e-07
1.670000000000000000e+02 7.312466330405720332e-08
1.680000000000000000e+02 1.265721177094527251e-07
1.690000000000000000e+02 1.731427635156633264e-07
1.700000000000000000e+02 9.754873223340599297e-08
1.710000000000000000e+02 1.193489898429827851e-07
1.720000000000000000e+02 7.181291200921599074e-08
1.730000000000000000e+02 8.492334612172593682e-08
1.740000000000000000e+02 6.525730521624708253e-08
1.750000000000000000e+02 9.097967127079347764e-08
1.760000000000000000e+02 6.301294034773390879e-08
1.770000000000000000e+02 9.372895593154274850e-08
1.780000000000000000e+02 1.304952910167014532e-07
1.790000000000000000e+02 8.711774483046824926e-08
1.800000000000000000e+02 8.507585357177931720e-08
1.810000000000000000e+02 8.575178508051455811e-08
1.820000000000000000e+02 8.059438686878456561e-08
1.830000000000000000e+02 9.014073790378083128e-08
1.840000000000000000e+02 2.420350101289690443e-07
1.850000000000000000e+02 7.076766254777264044e-08
1.860000000000000000e+02 7.299518736603618541e-08
1.870000000000000000e+02 6.069240375234558703e-08
1.880000000000000000e+02 6.054673140209748175e-08
1.890000000000000000e+02 1.298498260319452310e-07
1.900000000000000000e+02 8.706540748788720547e-08
1.910000000000000000e+02 1.619896470594725655e-07
1.920000000000000000e+02 4.945484469136531000e-08
1.930000000000000000e+02 8.876582071563825611e-08
1.940000000000000000e+02 8.444589571829723062e-08
1.950000000000000000e+02 9.698043232192879894e-08
1.960000000000000000e+02 1.218722575065168353e-07
1.970000000000000000e+02 8.653986598225521197e-08
1.980000000000000000e+02 1.284193720474570122e-07
1.990000000000000000e+02 4.394120374721590937e-08
2.000000000000000000e+02 5.321734750457907593e-08
2.010000000000000000e+02 8.780970277705473246e-08
2.020000000000000000e+02 1.401762657068311861e-07
2.030000000000000000e+02 1.183847711527536445e-07
2.040000000000000000e+02 6.727771147266207880e-08
2.050000000000000000e+02 4.748055522785313391e-08
2.060000000000000000e+02 4.925219291435536238e-08
2.070000000000000000e+02 6.387531152376487212e-08
2.080000000000000000e+02 1.241891160428834237e-07
2.090000000000000000e+02 9.632921372268193973e-08
2.100000000000000000e+02 4.424408614068809945e-08
2.110000000000000000e+02 3.778756686897591932e-08
2.120000000000000000e+02 3.242899125268974661e-08
2.130000000000000000e+02 9.348615723019304325e-08
2.140000000000000000e+02 9.238713875434819641e-08
2.150000000000000000e+02 6.159736805956083274e-08
2.160000000000000000e+02 9.269470638045940941e-08
2.170000000000000000e+02 2.454710639301648686e-07
2.180000000000000000e+02 1.539794530290280647e-07
2.190000000000000000e+02 1.029170253007318406e-07
2.200000000000000000e+02 4.237942154647054908e-08
2.210000000000000000e+02 4.700068022361080428e-08
2.220000000000000000e+02 3.248330374529854079e-08
2.230000000000000000e+02 6.238863133747752889e-08
2.240000000000000000e+02 1.540748134547429172e-07
2.250000000000000000e+02 7.612265749716003199e-08
2.260000000000000000e+02 4.477798004948523237e-08
2.270000000000000000e+02 4.687951445029942794e-08
2.280000000000000000e+02 4.170821945171396782e-08
2.290000000000000000e+02 2.733907464826773388e-08
2.300000000000000000e+02 8.631075866215545326e-08
2.310000000000000000e+02 5.066832421263916252e-08
2.320000000000000000e+02 5.871706653702249191e-08
2.330000000000000000e+02 1.118694179772084096e-07
2.340000000000000000e+02 1.635548792537014246e-07
2.350000000000000000e+02 4.949760432615918802e-07
2.360000000000000000e+02 5.540579679167502406e-08
2.370000000000000000e+02 3.334631945600216451e-08
2.380000000000000000e+02 2.441464620798472512e-08
2.390000000000000000e+02 2.673681314009229429e-08
2.400000000000000000e+02 3.418200615137627875e-08
2.410000000000000000e+02 4.118748232152358699e-08
2.420000000000000000e+02 5.194784557580389517e-08
2.430000000000000000e+02 3.734894519690426153e-08
2.440000000000000000e+02 4.299071564499796982e-08
2.450000000000000000e+02 3.536805260314796786e-08
2.460000000000000000e+02 8.210694700675642607e-08
2.470000000000000000e+02 3.126760387658710632e-08
2.480000000000000000e+02 6.389538927934568136e-08
2.490000000000000000e+02 4.143835730841969936e-08
2.500000000000000000e+02 4.340198884819286287e-08
2.510000000000000000e+02 2.762204624902987245e-08
2.520000000000000000e+02 2.188179438289929581e-08
2.530000000000000000e+02 2.376299000018384839e-08
2.540000000000000000e+02 2.717091629840058709e-08
2.550000000000000000e+02 1.812385100601227246e-08
2.560000000000000000e+02 5.475109696687541956e-08
2.570000000000000000e+02 7.832462515773754376e-08
2.580000000000000000e+02 2.909989818576744418e-08
2.590000000000000000e+02 3.874086989703961903e-08
2.600000000000000000e+02 3.253606157492721671e-08
2.610000000000000000e+02 4.427797331084594017e-08
2.620000000000000000e+02 5.507327958797568837e-08
2.630000000000000000e+02 8.790172103935638895e-08
2.640000000000000000e+02 5.880997918744452510e-08
2.650000000000000000e+02 4.508391849069157517e-08
2.660000000000000000e+02 2.833065310135874438e-08
2.670000000000000000e+02 4.594997641205602866e-08
2.680000000000000000e+02 3.883910014048791188e-08
2.690000000000000000e+02 2.089714810892297363e-08
2.700000000000000000e+02 3.447293776607443497e-08
2.710000000000000000e+02 2.415125230956743734e-08
2.720000000000000000e+02 3.809449573299154721e-08
2.730000000000000000e+02 2.389702399915568340e-08
2.740000000000000000e+02 2.709698997481460475e-08
2.750000000000000000e+02 8.612540148802448859e-08
2.760000000000000000e+02 2.823680980321205374e-08
2.770000000000000000e+02 2.245810429664075616e-07
2.780000000000000000e+02 4.458524497639021446e-08
2.790000000000000000e+02 3.127572269953823227e-08
2.800000000000000000e+02 3.063725901365532071e-08
2.810000000000000000e+02 4.225210426710717477e-08
2.820000000000000000e+02 4.590408098423763798e-08
2.830000000000000000e+02 2.228955402110228718e-08
2.840000000000000000e+02 3.927855102009601848e-08
2.850000000000000000e+02 8.777930740769850059e-08
2.860000000000000000e+02 4.684071974059577520e-08
2.870000000000000000e+02 5.543403889466483669e-08
2.880000000000000000e+02 2.363919338338106755e-08
2.890000000000000000e+02 5.802630018413073119e-08
2.900000000000000000e+02 3.347085045310456622e-08
2.910000000000000000e+02 2.070543615135192250e-08
2.920000000000000000e+02 2.536723463985821740e-08
2.930000000000000000e+02 5.597043154914355572e-08
2.940000000000000000e+02 4.685783579971159095e-08
2.950000000000000000e+02 3.407268635171286462e-08
2.960000000000000000e+02 2.484229540276960904e-08
2.970000000000000000e+02 1.779721296301949333e-08
2.980000000000000000e+02 5.170821669751412716e-08
2.990000000000000000e+02 2.508480295496203003e-08
3.000000000000000000e+02 5.652176567056321080e-08
3.010000000000000000e+02 4.534209744616193036e-08
3.020000000000000000e+02 1.553709087727614713e-08
3.030000000000000000e+02 1.810798542446152841e-08
3.040000000000000000e+02 2.285765411268845679e-08
3.050000000000000000e+02 3.223854936269360545e-08
3.060000000000000000e+02 2.740766203631835189e-08
3.070000000000000000e+02 5.036760733180931681e-08
3.080000000000000000e+02 7.363372900001150684e-08
3.090000000000000000e+02 1.922015517146823306e-07
3.100000000000000000e+02 1.123891202866696850e-07
3.110000000000000000e+02 3.385871986725016661e-08
3.120000000000000000e+02 2.198632176346567481e-08
3.130000000000000000e+02 1.508643039059137155e-08
3.140000000000000000e+02 1.807726640034853013e-08
3.150000000000000000e+02 4.028014153902297114e-08
3.160000000000000000e+02 2.322596318944548029e-08
3.170000000000000000e+02 1.891489217556689757e-08
3.180000000000000000e+02 2.416837809841528557e-08
3.190000000000000000e+02 1.907544917843907544e-08
3.200000000000000000e+02 1.582533004090768489e-08
3.210000000000000000e+02 1.844893936970730511e-08
3.220000000000000000e+02 3.747567126048519202e-08
3.230000000000000000e+02 1.461835788440266967e-08
3.240000000000000000e+02 2.102729456113661453e-08
3.250000000000000000e+02 2.494253714704719114e-08
3.260000000000000000e+02 1.339479917187581353e-08
3.270000000000000000e+02 1.421480533196709891e-08
3.280000000000000000e+02 1.988640539697463030e-08
3.290000000000000000e+02 2.302527968904747111e-08
3.300000000000000000e+02 7.025416289366103268e-08
3.310000000000000000e+02 1.360700007967563275e-07
3.320000000000000000e+02 4.547506788786831308e-08
3.330000000000000000e+02 1.481591039822283026e-08
3.340000000000000000e+02 1.392311151079284995e-08
3.350000000000000000e+02 1.498120144030060501e-08
3.360000000000000000e+02 2.028863929624238621e-08
3.370000000000000000e+02 2.088956961102875831e-08
3.380000000000000000e+02 1.449745657900572328e-08
3.390000000000000000e+02 3.744244527469791160e-08
3.400000000000000000e+02 5.436514578726979055e-08
3.410000000000000000e+02 1.268973361044087644e-08
3.420000000000000000e+02 1.635968284992736153e-08
3.430000000000000000e+02 4.532951439277957383e-08
3.440000000000000000e+02 7.366612092036411450e-08
3.450000000000000000e+02 2.971543580624087425e-08
3.460000000000000000e+02 1.729744602042730715e-08
3.470000000000000000e+02 2.534269356634262534e-08
3.480000000000000000e+02 2.536068618358443247e-08
3.490000000000000000e+02 3.392477614561342976e-08
3.500000000000000000e+02 2.852203510661001203e-08
3.510000000000000000e+02 2.208796986039013310e-08
3.520000000000000000e+02 4.554586401015269506e-08
3.530000000000000000e+02 2.130734209592992232e-08
3.540000000000000000e+02 1.385065412137362076e-08
3.550000000000000000e+02 1.596179518450746811e-08
3.560000000000000000e+02 1.790879075348274510e-08
3.570000000000000000e+02 1.608167986204028816e-08
3.580000000000000000e+02 1.990622077188377094e-08
3.590000000000000000e+02 2.012892149509331109e-08
3.600000000000000000e+02 1.533861808634610841e-08
3.610000000000000000e+02 1.172983034304573659e-08
3.620000000000000000e+02 1.058749736809939141e-08
3.630000000000000000e+02 1.403342982814551883e-08
3.640000000000000000e+02 1.634783267126679929e-08
3.650000000000000000e+02 3.452526481849942935e-08
3.660000000000000000e+02 1.554842961550274040e-08
3.670000000000000000e+02 1.811334683541724621e-08
3.680000000000000000e+02 1.308320703557942727e-08
3.690000000000000000e+02 4.346496776096230164e-08
3.700000000000000000e+02 1.483761197517496878e-08
3.710000000000000000e+02 2.082184220888204250e-08
3.720000000000000000e+02 1.848475669530560770e-08
3.730000000000000000e+02 8.332302723902801561e-08
3.740000000000000000e+02 2.094972964917599213e-08
3.750000000000000000e+02 3.541243894488089006e-08
3.760000000000000000e+02 4.122029139525481366e-08
3.770000000000000000e+02 1.034357670466941362e-07
3.780000000000000000e+02 1.348864416591428077e-08
3.790000000000000000e+02 1.225036096244966107e-08
3.800000000000000000e+02 1.207872117305741451e-08
3.810000000000000000e+02 1.195398443533387255e-08
3.820000000000000000e+02 1.330348531803710265e-08
3.830000000000000000e+02 1.244668832457977658e-08
3.840000000000000000e+02 1.661281705124246169e-08
3.850000000000000000e+02 1.759805478499508671e-08
3.860000000000000000e+02 2.536622532011047889e-08
3.870000000000000000e+02 3.201824902557214888e-08
3.880000000000000000e+02 1.220409062204713807e-08
3.890000000000000000e+02 6.147865011411637327e-08
3.900000000000000000e+02 6.177388957434104171e-08
3.910000000000000000e+02 1.385127936471460338e-08
3.920000000000000000e+02 1.055476216926762753e-08
3.930000000000000000e+02 1.098369720699163366e-08
3.940000000000000000e+02 1.807148142459960174e-08
3.950000000000000000e+02 1.127119717915505565e-08
3.960000000000000000e+02 1.081436715915844497e-08
3.970000000000000000e+02 1.317211058468506953e-08
3.980000000000000000e+02 2.394897140619052282e-08
3.990000000000000000e+02 2.321115065531645629e-08
4.000000000000000000e+02 1.339835939718526056e-08
4.010000000000000000e+02 1.087325977819300368e-08
4.020000000000000000e+02 1.230748790500763957e-08
4.030000000000000000e+02 1.303173302291388376e-08
4.040000000000000000e+02 1.651466988847932453e-08
4.050000000000000000e+02 1.504513578857822426e-08
4.060000000000000000e+02 3.507628856218515895e-08
4.070000000000000000e+02 3.010100809994766621e-08
4.080000000000000000e+02 2.122206278857051118e-08
4.090000000000000000e+02 1.500372545814356919e-08
4.100000000000000000e+02 1.414955414638373210e-08
4.110000000000000000e+02 1.045474936153482386e-08
4.120000000000000000e+02 1.256391828106759731e-08
4.130000000000000000e+02 2.039991616369722381e-08
