0, 2.7910e-01, 3.6307e-03, fsolve flag:1, 2.323649823665619e-07, 793
1, 1.3514e-02, 8.0541e-05, fsolve flag:5, 3.5762786865234375e-07, 790
2, 9.2805e-02, 5.1672e-04, fsolve flag:1, 2.2351741790771484e-07, 1309
3, 5.4044e-02, 5.0186e-04, fsolve flag:1, 1.7578713595867157e-07, 791
4, 1.1593e-01, 1.8567e-03, fsolve flag:1, 2.528540790081024e-07, 1049
5, 2.7228e-01, 7.3893e-03, fsolve flag:1, 3.478489816188812e-07, 1310
6, 5.5980e-01, 1.0534e-01, fsolve flag:5, 0.013044613413512707, 527
7, 1.0228e-01, 6.2744e-04, fsolve flag:1, 3.8111465983092785e-07, 794
8, 3.1523e-02, 2.3951e-04, fsolve flag:4, 5.005858838558197e-07, 1308
9, 9.8523e-02, 1.1773e-03, fsolve flag:1, 1.7415732145309448e-07, 1310
10, 2.9406e-02, 3.0025e-04, fsolve flag:1, 2.915039658546448e-07, 1050
11, 5.3953e-02, 5.0489e-04, fsolve flag:1, 4.2654573917388916e-07, 795
12, 1.5582e-02, 7.9899e-05, fsolve flag:1, 1.355656422674656e-07, 793
13, 1.9563e-01, 3.5385e-03, fsolve flag:4, 0.015858624130487442, 1833
14, 2.8957e-01, 1.0045e-01, fsolve flag:5, 0.017413010820746422, 527
15, 2.8107e-01, 9.7497e-03, fsolve flag:1, 1.5273690223693848e-07, 1326
16, 8.5892e-02, 7.1087e-04, fsolve flag:1, 3.3024116419255733e-07, 794
17, 2.1592e-01, 1.9548e-03, fsolve flag:5, 2.610322553664446e-07, 793
18, 5.6372e-02, 3.5236e-04, fsolve flag:5, 3.425520844757557e-07, 527
19, 3.9494e-01, 3.0686e-02, fsolve flag:1, 1.5040859580039978e-07, 1053
20, 1.8624e-02, 2.0656e-04, fsolve flag:5, 5.110632628202438e-07, 531
21, 1.4180e-01, 3.1150e-03, fsolve flag:1, 1.234002411365509e-07, 1321
22, 1.8118e-01, 1.9039e-03, fsolve flag:1, 2.39349901676178e-07, 1312
23, 1.3406e-01, 1.4581e-03, fsolve flag:5, 3.473833203315735e-07, 527
24, 2.3696e-02, 1.3606e-04, fsolve flag:5, 2.2817403078079224e-07, 791
25, 1.5244e-01, 9.8261e-04, fsolve flag:1, 1.6437843441963196e-07, 1312
26, 2.5566e-01, 9.2733e-03, fsolve flag:1, 1.3969838619232178e-07, 1064
27, 2.0463e-01, 2.2140e-03, fsolve flag:1, 2.591405063867569e-07, 1050
28, 9.9380e-02, 1.2272e-03, fsolve flag:1, 1.6763806343078613e-07, 1321
29, 2.4213e-02, 1.0988e-01, fsolve flag:5, 0.010433422401547432, 527
30, 1.6604e-01, 4.9087e-03, fsolve flag:4, 1.1920928955078125e-07, 1832
31, 1.1347e-01, 1.4871e-03, fsolve flag:1, 2.789311110973358e-07, 1308
32, 2.1385e-01, 1.0527e-02, fsolve flag:1, 1.0244548320770264e-07, 1067
33, 1.0675e-01, 1.9406e-03, fsolve flag:1, 1.601874828338623e-07, 1325
34, 1.2767e-02, 5.9908e-05, fsolve flag:5, 3.1152740120887756e-07, 531
35, 2.8606e-02, 1.2129e-01, fsolve flag:5, 0.012463800609111786, 527
36, 3.3541e-01, 5.8177e-03, fsolve flag:5, 2.5634653866291046e-07, 527
37, 1.3675e-01, 3.6266e-03, fsolve flag:4, 1.4808028936386108e-07, 2623
39, 4.7527e-02, 5.2348e-04, fsolve flag:4, 3.9208680391311646e-07, 1303
40, 2.7155e-02, 2.1174e-04, fsolve flag:5, 1.862645149230957e-07, 1050
41, 2.2540e-02, 1.3909e-04, fsolve flag:5, 1.73225998878479e-07, 791
42, 1.9979e-02, 1.4394e-04, fsolve flag:1, 5.62518835067749e-07, 1051
43, 2.3901e-02, 1.2029e-04, fsolve flag:1, 1.73225998878479e-07, 793
44, 1.6884e-02, 1.4731e-04, fsolve flag:5, 4.900794010609388e-07, 792
45, 2.2708e-01, 5.9279e-03, fsolve flag:1, 3.6065466701984406e-07, 533
46, 1.6624e-01, 1.6407e-03, fsolve flag:5, 3.1851232051849365e-07, 790
47, 1.7266e-01, 6.4083e-03, fsolve flag:4, 1.4528632164001465e-07, 2095
48, 1.3646e-02, 7.0990e-05, fsolve flag:5, 2.253800630569458e-07, 791
49, 1.4223e-01, 3.8986e-03, fsolve flag:5, 2.3224856704473495e-07, 790
50, 1.4791e-01, 1.6941e-03, fsolve flag:4, 3.012828528881073e-07, 1304
51, 2.4875e-02, 1.7999e-04, fsolve flag:1, 1.601874828338623e-07, 1050
52, 7.4137e-02, 5.7697e-04, fsolve flag:1, 1.9604340195655823e-07, 1312
53, 2.8324e-01, 5.4868e-03, fsolve flag:4, 2.086162567138672e-07, 1304
54, 2.3972e-02, 2.0439e-04, fsolve flag:1, 4.470348358154297e-07, 1050
55, 9.3745e-02, 1.2396e-03, fsolve flag:1, 1.862645149230957e-07, 793
56, 3.5829e-02, 1.7729e-04, fsolve flag:5, 1.993030309677124e-07, 790
57, 2.3162e-01, 1.0131e-01, fsolve flag:5, 0.019051723182201385, 527
58, 9.3152e-02, 9.7557e-04, fsolve flag:4, 1.5739351511001587e-07, 1304
59, 2.2763e-01, 9.9092e-03, fsolve flag:1, 9.313225746154785e-08, 1327
60, 1.8124e-02, 1.0891e-04, fsolve flag:1, 1.7695128917694092e-07, 792
61, 1.5122e-01, 3.1889e-03, fsolve flag:1, 1.5832483768463135e-07, 806
62, 4.1408e-02, 5.2002e-04, fsolve flag:1, 3.264285624027252e-07, 533
63, 4.9877e-02, 4.1546e-04, fsolve flag:1, 1.6111880540847778e-07, 1051
64, 5.2060e-02, 4.5479e-04, fsolve flag:1, 3.869645297527313e-07, 1051
65, 1.4855e-01, 1.5050e-03, fsolve flag:4, 1.6344711184501648e-07, 1305
66, 1.9747e-01, 5.5035e-03, fsolve flag:5, 1.6391277313232422e-07, 806
67, 4.8136e-02, 4.8784e-04, fsolve flag:1, 2.477318048477173e-07, 793
68, 3.4477e-01, 3.4455e-02, fsolve flag:1, 9.872019290924072e-08, 1066
69, 3.2248e-01, 1.0263e-01, fsolve flag:5, 0.01907595805823803, 527
70, 3.3433e-02, 5.9262e-04, fsolve flag:5, 4.940666258335114e-07, 791
71, 3.4249e-02, 1.6868e-04, fsolve flag:5, 3.46451997756958e-07, 788
72, 4.2755e-02, 1.2479e-01, fsolve flag:5, 0.010605772957205772, 527
73, 3.7096e-01, 1.6898e-02, fsolve flag:5, 1.564621925354004e-07, 800
74, 3.5848e-02, 2.8357e-04, fsolve flag:1, 1.0803341865539551e-07, 793
75, 1.9833e-01, 3.2683e-03, fsolve flag:1, 2.5704503059387207e-07, 1049
76, 3.1515e-02, 2.3698e-04, fsolve flag:1, 4.172325134277344e-07, 1309
77, 1.2916e-01, 1.7570e-03, fsolve flag:4, 0.011434800922870636, 2096
78, 3.1238e-02, 1.5882e-04, fsolve flag:1, 1.7136335372924805e-07, 1309
79, 5.4163e-01, 2.5936e-02, fsolve flag:1, 2.0302832126617432e-07, 795
80, 1.6067e-02, 7.6010e-05, fsolve flag:1, 1.555308699607849e-07, 793
81, 6.9730e-02, 7.4744e-04, fsolve flag:4, 1.2852251529693604e-07, 1302
82, 3.3673e-01, 3.4039e-02, fsolve flag:1, 1.0617077350616455e-07, 1074
83, 6.2113e-02, 5.8785e-04, fsolve flag:1, 1.825392246246338e-07, 794
84, 6.1527e-02, 5.0797e-04, fsolve flag:1, 3.394670784473419e-07, 1052
85, 2.8466e-01, 1.4173e-02, fsolve flag:1, 9.96515154838562e-08, 1068
86, 3.5117e-02, 2.7531e-04, fsolve flag:5, 1.4278339222073555e-07, 531
87, 4.2464e-02, 2.7661e-04, fsolve flag:1, 1.601874828338623e-07, 1310
88, 1.4489e-01, 1.4215e-03, fsolve flag:1, 2.973247319459915e-07, 792
89, 1.8997e-01, 7.1140e-03, fsolve flag:1, 1.0989606380462646e-07, 1327
90, 2.3648e-02, 3.2391e-04, fsolve flag:1, 2.3189932107925415e-07, 1566
91, 9.4921e-02, 7.2071e-04, fsolve flag:1, 2.2398307919502258e-07, 1310
92, 1.4187e-02, 7.2190e-05, fsolve flag:1, 2.2351741790771484e-07, 1050
93, 1.3004e-01, 4.5942e-03, fsolve flag:4, 0.0018566250801086426, 1833
94, 3.7653e-02, 3.7383e-04, fsolve flag:1, 4.163011908531189e-07, 1048
95, 3.9357e-01, 1.0243e-02, fsolve flag:1, 1.8673017621040344e-07, 795
96, 4.0762e-02, 3.8103e-04, fsolve flag:4, 1.825392246246338e-07, 1304
97, 2.1925e-01, 2.4135e-03, fsolve flag:1, 2.0186416804790497e-07, 1053
98, 5.9771e-02, 5.7297e-04, fsolve flag:1, 4.884786903858185e-07, 794
99, 1.2465e-01, 8.0332e-04, fsolve flag:5, 2.738088369369507e-07, 789
mean err: 1.1048e-02
