0.000000000000000000e+00 6.600645982673582213e-02
1.000000000000000000e+00 7.089437541821697400e-03
2.000000000000000000e+00 5.856079752783837147e-03
3.000000000000000000e+00 5.733246372659093690e-03
4.000000000000000000e+00 5.645193144679500757e-03
5.000000000000000000e+00 5.490287752772917730e-03
6.000000000000000000e+00 5.394299488462717292e-03
7.000000000000000000e+00 5.347507201113810976e-03
8.000000000000000000e+00 5.205239832638511484e-03
9.000000000000000000e+00 5.094894211399104804e-03
1.000000000000000000e+01 4.967414955069966546e-03
1.100000000000000000e+01 4.934927336233791220e-03
1.200000000000000000e+01 4.887436535182342230e-03
1.300000000000000000e+01 4.807596232838798507e-03
1.400000000000000000e+01 4.783838312458195928e-03
1.500000000000000000e+01 4.717887396891488894e-03
1.600000000000000000e+01 4.659402731979366864e-03
1.700000000000000000e+01 4.626035869590262341e-03
1.800000000000000000e+01 4.580461050519742117e-03
1.900000000000000000e+01 4.465321366400042645e-03
2.000000000000000000e+01 4.424769327012171953e-03
2.100000000000000000e+01 4.509614105750814686e-03
2.200000000000000000e+01 4.375542698337171570e-03
2.300000000000000000e+01 4.043649256376668881e-03
2.400000000000000000e+01 3.892156807626241406e-03
2.500000000000000000e+01 3.756841043203469795e-03
2.600000000000000000e+01 3.394015920518245622e-03
2.700000000000000000e+01 3.067602903718350156e-03
2.800000000000000000e+01 2.642070605301574757e-03
2.900000000000000000e+01 2.248313817592917461e-03
3.000000000000000000e+01 1.644095655809897855e-03
3.100000000000000000e+01 1.164856124974761363e-03
3.200000000000000000e+01 8.523701095511359302e-04
3.300000000000000000e+01 5.988825547027979259e-04
3.400000000000000000e+01 4.182909377516976727e-04
3.500000000000000000e+01 3.345540374819851084e-04
3.600000000000000000e+01 2.804634586711077693e-04
3.700000000000000000e+01 2.101720141599681805e-04
3.800000000000000000e+01 2.288870120537795706e-04
3.900000000000000000e+01 1.717587527665618576e-04
4.000000000000000000e+01 1.606103547105049145e-04
4.100000000000000000e+01 1.431727297646529808e-04
4.200000000000000000e+01 1.367379126121617057e-04
4.300000000000000000e+01 1.349602231769368331e-04
4.400000000000000000e+01 1.284230975395078158e-04
4.500000000000000000e+01 1.230534866738529668e-04
4.600000000000000000e+01 1.161682674529545075e-04
4.700000000000000000e+01 1.149549219523067999e-04
4.800000000000000000e+01 1.121696456026447523e-04
4.900000000000000000e+01 1.104220968483520183e-04
5.000000000000000000e+01 1.092490873486555680e-04
5.100000000000000000e+01 1.025156998537239000e-04
5.200000000000000000e+01 1.057747227576453662e-04
5.300000000000000000e+01 1.005333501882363541e-04
5.400000000000000000e+01 9.842555876527625666e-05
5.500000000000000000e+01 9.650131257694761848e-05
5.600000000000000000e+01 9.801710004521471404e-05
5.700000000000000000e+01 9.835640999683976048e-05
5.800000000000000000e+01 9.391259160773790114e-05
5.900000000000000000e+01 9.403391837809741869e-05
6.000000000000000000e+01 1.017760635411393328e-04
6.100000000000000000e+01 9.325608498429145763e-05
6.200000000000000000e+01 9.027963948965723995e-05
6.300000000000000000e+01 8.971064684438471613e-05
6.400000000000000000e+01 9.757565347349704825e-05
6.500000000000000000e+01 9.294781919939671593e-05
6.600000000000000000e+01 8.891995616883118512e-05
6.700000000000000000e+01 8.796067973239212227e-05
6.800000000000000000e+01 8.886131730592035079e-05
6.900000000000000000e+01 9.107080904893852811e-05
7.000000000000000000e+01 8.691391946734731164e-05
7.100000000000000000e+01 8.843711995353348222e-05
7.200000000000000000e+01 8.949998217710638767e-05
7.300000000000000000e+01 8.997777953506220204e-05
7.400000000000000000e+01 8.641765293777299128e-05
7.500000000000000000e+01 8.411460102480962083e-05
7.600000000000000000e+01 8.536733436764027631e-05
7.700000000000000000e+01 8.304723053269240222e-05
7.800000000000000000e+01 8.698036658215941414e-05
7.900000000000000000e+01 8.320093149319261413e-05
8.000000000000000000e+01 8.241373187784699437e-05
8.100000000000000000e+01 8.517405475193094320e-05
8.200000000000000000e+01 8.033186033501353107e-05
8.300000000000000000e+01 8.056172378757718501e-05
8.400000000000000000e+01 8.317404778023152661e-05
8.500000000000000000e+01 7.852623315889220416e-05
8.600000000000000000e+01 7.934584193594436331e-05
8.700000000000000000e+01 9.057655313717391705e-05
8.800000000000000000e+01 7.890650720112130545e-05
8.900000000000000000e+01 7.686796495607897087e-05
9.000000000000000000e+01 8.139387804290360105e-05
9.100000000000000000e+01 7.960630347326184313e-05
9.200000000000000000e+01 8.843935332979666606e-05
9.300000000000000000e+01 7.719768208911600971e-05
9.400000000000000000e+01 7.674269479712211687e-05
9.500000000000000000e+01 8.074222485814258382e-05
9.600000000000000000e+01 7.573113028284180360e-05
9.700000000000000000e+01 7.563757651541709202e-05
9.800000000000000000e+01 8.658184049566363088e-05
9.900000000000000000e+01 7.573044757399371757e-05
1.000000000000000000e+02 8.005233266195447303e-05
1.010000000000000000e+02 7.631022121607497835e-05
1.020000000000000000e+02 7.547572072194071039e-05
1.030000000000000000e+02 7.574709545036967273e-05
1.040000000000000000e+02 7.574699448425171945e-05
1.050000000000000000e+02 7.680341022476412747e-05
1.060000000000000000e+02 7.419851492503208069e-05
1.070000000000000000e+02 8.124977601492488002e-05
1.080000000000000000e+02 7.935029891826479221e-05
1.090000000000000000e+02 7.986628699283907754e-05
1.100000000000000000e+02 7.640213549222321296e-05
1.110000000000000000e+02 7.461543995794072803e-05
1.120000000000000000e+02 7.722390454021741573e-05
1.130000000000000000e+02 7.987566899004222662e-05
1.140000000000000000e+02 7.455111016329447340e-05
1.150000000000000000e+02 8.325368347966897683e-05
1.160000000000000000e+02 7.394167019232759420e-05
1.170000000000000000e+02 7.776499955077326935e-05
1.180000000000000000e+02 7.729086361453246703e-05
1.190000000000000000e+02 7.498841047091835761e-05
1.200000000000000000e+02 7.906375727234003477e-05
1.210000000000000000e+02 7.591727117592591038e-05
1.220000000000000000e+02 9.053626606332381332e-05
1.230000000000000000e+02 7.323270879910532562e-05
1.240000000000000000e+02 7.412572281466589487e-05
1.250000000000000000e+02 7.874167933178574078e-05
1.260000000000000000e+02 8.121044798464826869e-05
1.270000000000000000e+02 7.602371455434897281e-05
1.280000000000000000e+02 7.262591867614751409e-05
1.290000000000000000e+02 7.898592123514967800e-05
1.300000000000000000e+02 7.478211170804032284e-05
1.310000000000000000e+02 7.399018562765182806e-05
1.320000000000000000e+02 7.334538929398155534e-05
1.330000000000000000e+02 7.300554430609560764e-05
1.340000000000000000e+02 7.744122547094685078e-05
1.350000000000000000e+02 7.863359208294597603e-05
1.360000000000000000e+02 7.552835347815286160e-05
1.370000000000000000e+02 7.598616848510043788e-05
1.380000000000000000e+02 7.472515438610305026e-05
1.390000000000000000e+02 7.909546521008325233e-05
1.400000000000000000e+02 7.239028461338685731e-05
1.410000000000000000e+02 7.211992998751747452e-05
1.420000000000000000e+02 7.295824870412924640e-05
1.430000000000000000e+02 8.329517195592509298e-05
1.440000000000000000e+02 8.026899542656189561e-05
1.450000000000000000e+02 7.335462342145538522e-05
1.460000000000000000e+02 7.148298913874312575e-05
1.470000000000000000e+02 7.126195526845919149e-05
1.480000000000000000e+02 7.224834971432786662e-05
1.490000000000000000e+02 7.410077577564825495e-05
1.500000000000000000e+02 7.959290423369350261e-05
1.510000000000000000e+02 7.176128308470932596e-05
1.520000000000000000e+02 7.209169359417154268e-05
1.530000000000000000e+02 7.410111439239629953e-05
1.540000000000000000e+02 7.254604683525670797e-05
1.550000000000000000e+02 7.192636843967507940e-05
1.560000000000000000e+02 7.514734380761608839e-05
1.570000000000000000e+02 7.437455729216168069e-05
1.580000000000000000e+02 7.269757613201238981e-05
1.590000000000000000e+02 7.539837633992704823e-05
1.600000000000000000e+02 7.214557211741565222e-05
1.610000000000000000e+02 8.317502789065212476e-05
1.620000000000000000e+02 9.024355512473133554e-05
1.630000000000000000e+02 8.530001453883201152e-05
1.640000000000000000e+02 7.833351259554844259e-05
1.650000000000000000e+02 7.149699496906823009e-05
1.660000000000000000e+02 7.644805681729876070e-05
1.670000000000000000e+02 7.560838513943053218e-05
1.680000000000000000e+02 7.670618083896742451e-05
1.690000000000000000e+02 7.454512408390752203e-05
1.700000000000000000e+02 7.204118343936848263e-05
1.710000000000000000e+02 7.064087922754717398e-05
1.720000000000000000e+02 7.199974294039739378e-05
1.730000000000000000e+02 7.152494542992377641e-05
1.740000000000000000e+02 7.244883073074986413e-05
1.750000000000000000e+02 6.958588885424456662e-05
1.760000000000000000e+02 7.164809911916062205e-05
1.770000000000000000e+02 7.368967135214575623e-05
1.780000000000000000e+02 7.289772059518121199e-05
1.790000000000000000e+02 7.321142619999963688e-05
1.800000000000000000e+02 7.906821059436359880e-05
1.810000000000000000e+02 7.099558509878931781e-05
1.820000000000000000e+02 7.699488916820617463e-05
1.830000000000000000e+02 7.641155189948048670e-05
1.840000000000000000e+02 7.116105529302698470e-05
1.850000000000000000e+02 7.108252122680257191e-05
1.860000000000000000e+02 7.103810824556528207e-05
1.870000000000000000e+02 7.231221506827386724e-05
1.880000000000000000e+02 7.627431862556958151e-05
1.890000000000000000e+02 7.740688983453195633e-05
1.900000000000000000e+02 7.403104956775092833e-05
1.910000000000000000e+02 7.027381909478809942e-05
1.920000000000000000e+02 7.645183459095932063e-05
1.930000000000000000e+02 7.347265472864947407e-05
1.940000000000000000e+02 7.637956105940558137e-05
1.950000000000000000e+02 7.181775966736725391e-05
1.960000000000000000e+02 6.969573997421767261e-05
1.970000000000000000e+02 7.081837804942398549e-05
1.980000000000000000e+02 6.911528496841699192e-05
1.990000000000000000e+02 7.253342936469514318e-05
2.000000000000000000e+02 7.334762817450319228e-05
2.010000000000000000e+02 7.553501795450572173e-05
2.020000000000000000e+02 7.713492153092793883e-05
2.030000000000000000e+02 7.103823322850270656e-05
2.040000000000000000e+02 7.103929014664044648e-05
2.050000000000000000e+02 7.489814780349550352e-05
2.060000000000000000e+02 6.866878162023167323e-05
2.070000000000000000e+02 7.573555579195476943e-05
2.080000000000000000e+02 7.107204471474374836e-05
2.090000000000000000e+02 7.025365688580214761e-05
2.100000000000000000e+02 7.132050316254487463e-05
2.110000000000000000e+02 7.533829804390840365e-05
2.120000000000000000e+02 7.771672250669260282e-05
2.130000000000000000e+02 7.490723087415176627e-05
2.140000000000000000e+02 7.404722506503689714e-05
2.150000000000000000e+02 7.016162148416679061e-05
2.160000000000000000e+02 7.345839247458152118e-05
2.170000000000000000e+02 7.038125317019345727e-05
2.180000000000000000e+02 7.600878352981636744e-05
2.190000000000000000e+02 7.539452349734350022e-05
2.200000000000000000e+02 7.230562532825228006e-05
2.210000000000000000e+02 7.439605561110119753e-05
2.220000000000000000e+02 8.617612938441351184e-05
2.230000000000000000e+02 8.280901091481821592e-05
2.240000000000000000e+02 7.229404249803327313e-05
2.250000000000000000e+02 7.252126397785198025e-05
2.260000000000000000e+02 6.973605616069263058e-05
2.270000000000000000e+02 7.071312060034161515e-05
2.280000000000000000e+02 7.544459798740791386e-05
2.290000000000000000e+02 7.006550726602206198e-05
2.300000000000000000e+02 6.800869062353812457e-05
2.310000000000000000e+02 6.899677250243619340e-05
2.320000000000000000e+02 7.102726839221124304e-05
2.330000000000000000e+02 7.816395869660431141e-05
2.340000000000000000e+02 7.280904988569330064e-05
2.350000000000000000e+02 7.164989326411375060e-05
2.360000000000000000e+02 7.082182640561146894e-05
2.370000000000000000e+02 7.149275244163157052e-05
2.380000000000000000e+02 7.117773547907096953e-05
2.390000000000000000e+02 7.326592716370159200e-05
2.400000000000000000e+02 7.077370763895708336e-05
2.410000000000000000e+02 6.985336509985865417e-05
2.420000000000000000e+02 7.163526342638914233e-05
2.430000000000000000e+02 6.999477083847114570e-05
2.440000000000000000e+02 7.120563120457030798e-05
2.450000000000000000e+02 7.217732607761972292e-05
2.460000000000000000e+02 7.422752469279969882e-05
2.470000000000000000e+02 6.958007389171229633e-05
2.480000000000000000e+02 7.173988579890494142e-05
2.490000000000000000e+02 7.248293453476634660e-05
2.500000000000000000e+02 6.802076802372583684e-05
2.510000000000000000e+02 7.172468000916642778e-05
2.520000000000000000e+02 7.352854041892277872e-05
2.530000000000000000e+02 7.241317160790682571e-05
2.540000000000000000e+02 6.983658679440747110e-05
2.550000000000000000e+02 7.260622872120541633e-05
2.560000000000000000e+02 7.410795316403434130e-05
2.570000000000000000e+02 6.973746558525528575e-05
2.580000000000000000e+02 7.249271051988032751e-05
2.590000000000000000e+02 6.768677949288370800e-05
2.600000000000000000e+02 6.899654533878799045e-05
2.610000000000000000e+02 7.248848103112576755e-05
2.620000000000000000e+02 6.991427619654260123e-05
2.630000000000000000e+02 7.055265099653396717e-05
2.640000000000000000e+02 7.148335819485136344e-05
2.650000000000000000e+02 7.391468040015677292e-05
2.660000000000000000e+02 7.230374764987919714e-05
2.670000000000000000e+02 7.249281827488447932e-05
2.680000000000000000e+02 7.132561270899395950e-05
2.690000000000000000e+02 7.122689133016338965e-05
2.700000000000000000e+02 6.877616673445898301e-05
2.710000000000000000e+02 6.885588400555003982e-05
2.720000000000000000e+02 7.060512779335787869e-05
2.730000000000000000e+02 6.894580556058751270e-05
2.740000000000000000e+02 6.975257020018455975e-05
2.750000000000000000e+02 7.049880872322203146e-05
2.760000000000000000e+02 6.990865054467434547e-05
2.770000000000000000e+02 6.849515005596858728e-05
2.780000000000000000e+02 7.194357644220490829e-05
2.790000000000000000e+02 7.130293911951024141e-05
2.800000000000000000e+02 6.979670104120508812e-05
2.810000000000000000e+02 7.022231879470671725e-05
2.820000000000000000e+02 6.781108391065996039e-05
2.830000000000000000e+02 7.238186795043645471e-05
2.840000000000000000e+02 6.872160655408792980e-05
2.850000000000000000e+02 7.162475964686044767e-05
2.860000000000000000e+02 6.993378507161029662e-05
2.870000000000000000e+02 6.963341029527502521e-05
2.880000000000000000e+02 7.176337722065919290e-05
2.890000000000000000e+02 7.474057843002935783e-05
2.900000000000000000e+02 7.175641016399384256e-05
2.910000000000000000e+02 6.819001187766380613e-05
2.920000000000000000e+02 7.228026878942316578e-05
2.930000000000000000e+02 8.554167063761205299e-05
2.940000000000000000e+02 8.133347431290343581e-05
2.950000000000000000e+02 6.710456273007609201e-05
2.960000000000000000e+02 6.687347184542992385e-05
2.970000000000000000e+02 6.963458126933097178e-05
2.980000000000000000e+02 6.666565105002691819e-05
2.990000000000000000e+02 6.852455843910994660e-05
3.000000000000000000e+02 6.758106114667126541e-05
3.010000000000000000e+02 6.829060970437899659e-05
3.020000000000000000e+02 6.755906562107118012e-05
3.030000000000000000e+02 6.948911784982851343e-05
3.040000000000000000e+02 7.051637065973881012e-05
3.050000000000000000e+02 7.043914898233679680e-05
3.060000000000000000e+02 6.851493889415395341e-05
3.070000000000000000e+02 6.801417631949221282e-05
3.080000000000000000e+02 6.657212584899412078e-05
3.090000000000000000e+02 6.748727931830169604e-05
3.100000000000000000e+02 6.898195573681920360e-05
3.110000000000000000e+02 6.726177501362461163e-05
3.120000000000000000e+02 6.736657349763455944e-05
3.130000000000000000e+02 6.876924608087200681e-05
3.140000000000000000e+02 7.419643764948078909e-05
3.150000000000000000e+02 6.883385428869896847e-05
3.160000000000000000e+02 7.082328722867467855e-05
3.170000000000000000e+02 6.845501938607563835e-05
3.180000000000000000e+02 6.664033879517982999e-05
3.190000000000000000e+02 6.720079460166219912e-05
3.200000000000000000e+02 7.164937129653232940e-05
3.210000000000000000e+02 6.960390754296488227e-05
3.220000000000000000e+02 7.138423204157090074e-05
3.230000000000000000e+02 7.005087402564254620e-05
3.240000000000000000e+02 6.723054561175327896e-05
3.250000000000000000e+02 6.721936507427290369e-05
3.260000000000000000e+02 6.762122349033513377e-05
3.270000000000000000e+02 6.868570849775635062e-05
3.280000000000000000e+02 6.666459402107028569e-05
3.290000000000000000e+02 6.815950663284473551e-05
3.300000000000000000e+02 6.815474648474360549e-05
3.310000000000000000e+02 6.828824820712547396e-05
3.320000000000000000e+02 6.902584336814461866e-05
3.330000000000000000e+02 6.758591450982448696e-05
3.340000000000000000e+02 7.079810466343855588e-05
3.350000000000000000e+02 6.971382988339269293e-05
3.360000000000000000e+02 7.549535065364843271e-05
3.370000000000000000e+02 6.871365395183381020e-05
3.380000000000000000e+02 6.871561118464851361e-05
3.390000000000000000e+02 6.738674312719849797e-05
3.400000000000000000e+02 6.659681860926966901e-05
3.410000000000000000e+02 6.715486359175435599e-05
3.420000000000000000e+02 7.149427659587068206e-05
3.430000000000000000e+02 6.977861865699768243e-05
3.440000000000000000e+02 6.990512545221696291e-05
3.450000000000000000e+02 7.150162539228920304e-05
3.460000000000000000e+02 6.669211425347817003e-05
3.470000000000000000e+02 6.858728565606394699e-05
3.480000000000000000e+02 7.401472807932206520e-05
3.490000000000000000e+02 7.036168690621795408e-05
3.500000000000000000e+02 6.715525455442325205e-05
3.510000000000000000e+02 7.008474485678870382e-05
3.520000000000000000e+02 6.706716283094004284e-05
3.530000000000000000e+02 6.761334840368200783e-05
3.540000000000000000e+02 6.669098677464001333e-05
3.550000000000000000e+02 6.740630150778325648e-05
3.560000000000000000e+02 6.742131346315615185e-05
3.570000000000000000e+02 6.889112162258643395e-05
3.580000000000000000e+02 7.142131201782258242e-05
3.590000000000000000e+02 6.825352108865090578e-05
3.600000000000000000e+02 6.734019760377422047e-05
3.610000000000000000e+02 6.947014408953611697e-05
3.620000000000000000e+02 6.695002839840911361e-05
3.630000000000000000e+02 6.706581093519575309e-05
3.640000000000000000e+02 6.722779718866645046e-05
3.650000000000000000e+02 6.846334543755090360e-05
3.660000000000000000e+02 6.754375517000236421e-05
3.670000000000000000e+02 6.793264679944101866e-05
3.680000000000000000e+02 6.814888336432286446e-05
3.690000000000000000e+02 6.961991919285716345e-05
3.700000000000000000e+02 7.248892156982816826e-05
3.710000000000000000e+02 6.653890957246272352e-05
3.720000000000000000e+02 6.785344789241292557e-05
3.730000000000000000e+02 6.703636675456722685e-05
3.740000000000000000e+02 6.662935923729011777e-05
3.750000000000000000e+02 6.646106933230930237e-05
3.760000000000000000e+02 6.702861887210567120e-05
3.770000000000000000e+02 6.704858118388525067e-05
3.780000000000000000e+02 7.268279558473545398e-05
3.790000000000000000e+02 6.832399114254565729e-05
3.800000000000000000e+02 6.931323122826051606e-05
3.810000000000000000e+02 7.000520900680115598e-05
3.820000000000000000e+02 7.002583354121376153e-05
3.830000000000000000e+02 6.638342433075317020e-05
3.840000000000000000e+02 6.652164742781461570e-05
3.850000000000000000e+02 6.814223932180802983e-05
3.860000000000000000e+02 6.636602600004413955e-05
3.870000000000000000e+02 6.757394970524406455e-05
3.880000000000000000e+02 6.988955553583046682e-05
3.890000000000000000e+02 7.506159644234171530e-05
3.900000000000000000e+02 6.743178577245887166e-05
3.910000000000000000e+02 6.846251940142995655e-05
3.920000000000000000e+02 6.774458090384991883e-05
3.930000000000000000e+02 6.707841327107133295e-05
3.940000000000000000e+02 6.850958927153466180e-05
3.950000000000000000e+02 6.725760974715265430e-05
3.960000000000000000e+02 6.739710689899880002e-05
3.970000000000000000e+02 6.632493829876088360e-05
3.980000000000000000e+02 6.729910464767680260e-05
3.990000000000000000e+02 6.902490021897448702e-05
4.000000000000000000e+02 6.658259628209968559e-05
4.010000000000000000e+02 6.599171358218364344e-05
4.020000000000000000e+02 6.774124263642518047e-05
4.030000000000000000e+02 6.686816196806161369e-05
4.040000000000000000e+02 6.717420262147828878e-05
4.050000000000000000e+02 6.653371162105515472e-05
4.060000000000000000e+02 6.689624799171473327e-05
4.070000000000000000e+02 6.877949541375191918e-05
4.080000000000000000e+02 6.762513056801340919e-05
4.090000000000000000e+02 6.938000002954666724e-05
4.100000000000000000e+02 6.691637896206927959e-05
4.110000000000000000e+02 6.606356444575880364e-05
4.120000000000000000e+02 6.633414342800516888e-05
4.130000000000000000e+02 6.913604988135815528e-05
4.140000000000000000e+02 6.656372739976956093e-05
4.150000000000000000e+02 6.633957626248373856e-05
4.160000000000000000e+02 6.666076494279906013e-05
4.170000000000000000e+02 6.644359187469920899e-05
4.180000000000000000e+02 6.908141658487117068e-05
4.190000000000000000e+02 6.887544708024716602e-05
4.200000000000000000e+02 6.820782799297704418e-05
4.210000000000000000e+02 6.786070304928212566e-05
4.220000000000000000e+02 6.827422837183995668e-05
4.230000000000000000e+02 6.677142060919638588e-05
4.240000000000000000e+02 6.623384228871926846e-05
4.250000000000000000e+02 6.645775308161660231e-05
4.260000000000000000e+02 6.599800508437876016e-05
4.270000000000000000e+02 6.643247062295667884e-05
4.280000000000000000e+02 6.735166510929684741e-05
4.290000000000000000e+02 6.667284339392612368e-05
4.300000000000000000e+02 6.663392850879126729e-05
4.310000000000000000e+02 6.696956753912112917e-05
4.320000000000000000e+02 6.728726458332614949e-05
4.330000000000000000e+02 6.632208780851106544e-05
4.340000000000000000e+02 6.796261624451140429e-05
4.350000000000000000e+02 6.672606465363705613e-05
4.360000000000000000e+02 6.813711746109960509e-05
4.370000000000000000e+02 6.637884102041393547e-05
4.380000000000000000e+02 6.666782079067543423e-05
4.390000000000000000e+02 6.626876415892150711e-05
4.400000000000000000e+02 6.895454839132610103e-05
4.410000000000000000e+02 6.854843083988813412e-05
4.420000000000000000e+02 6.894155973498690578e-05
4.430000000000000000e+02 6.804668979940110330e-05
4.440000000000000000e+02 6.758809660535550093e-05
4.450000000000000000e+02 6.664985991201648977e-05
4.460000000000000000e+02 7.077071143872461136e-05
4.470000000000000000e+02 7.069398461648233650e-05
4.480000000000000000e+02 6.602400585442109093e-05
4.490000000000000000e+02 6.625398665827070082e-05
4.500000000000000000e+02 6.624569547836822801e-05
4.510000000000000000e+02 6.639799351745136809e-05
4.520000000000000000e+02 6.631356958698144885e-05
4.530000000000000000e+02 6.578347419794811014e-05
4.540000000000000000e+02 6.706515951357337984e-05
4.550000000000000000e+02 6.620858157754968241e-05
4.560000000000000000e+02 6.599589826423895894e-05
4.570000000000000000e+02 6.619204848743050727e-05
4.580000000000000000e+02 6.613981457719741346e-05
4.590000000000000000e+02 6.617570516853734156e-05
4.600000000000000000e+02 6.593198236837553242e-05
4.610000000000000000e+02 6.707933963495100831e-05
4.620000000000000000e+02 6.726470806823360148e-05
4.630000000000000000e+02 6.659378554945899541e-05
4.640000000000000000e+02 6.778429990470145558e-05
4.650000000000000000e+02 6.700720395947448998e-05
4.660000000000000000e+02 6.655096677320853098e-05
4.670000000000000000e+02 6.688374282716767283e-05
4.680000000000000000e+02 6.656847851374723892e-05
4.690000000000000000e+02 6.577448472822999131e-05
4.700000000000000000e+02 6.597596451017352919e-05
4.710000000000000000e+02 6.682893774604904333e-05
4.720000000000000000e+02 6.707357288796218005e-05
4.730000000000000000e+02 6.649487477521910347e-05
4.740000000000000000e+02 6.656359091350296344e-05
4.750000000000000000e+02 6.747656486138268680e-05
4.760000000000000000e+02 6.730006825605748609e-05
4.770000000000000000e+02 6.595214251176909038e-05
4.780000000000000000e+02 6.608363294320476267e-05
4.790000000000000000e+02 6.648504958895492915e-05
4.800000000000000000e+02 6.596426518955791549e-05
4.810000000000000000e+02 6.667960870418338816e-05
4.820000000000000000e+02 6.578508850274252320e-05
4.830000000000000000e+02 6.568491072899870201e-05
4.840000000000000000e+02 6.648870601166298195e-05
4.850000000000000000e+02 6.637167900703894142e-05
4.860000000000000000e+02 6.591700514994405552e-05
4.870000000000000000e+02 6.774546678388427353e-05
4.880000000000000000e+02 6.616815103366867920e-05
4.890000000000000000e+02 6.739449289538445903e-05
4.900000000000000000e+02 6.771308597919551786e-05
4.910000000000000000e+02 6.716905604889961861e-05
4.920000000000000000e+02 6.589616392065032204e-05
4.930000000000000000e+02 6.580656896157421106e-05
4.940000000000000000e+02 6.607997425020298852e-05
4.950000000000000000e+02 6.595381672565489020e-05
4.960000000000000000e+02 6.553510653936758064e-05
4.970000000000000000e+02 6.796637087809007257e-05
4.980000000000000000e+02 6.899836737428765362e-05
4.990000000000000000e+02 6.543002095441707725e-05
5.000000000000000000e+02 6.556723970888874266e-05
5.010000000000000000e+02 6.650564687516454605e-05
5.020000000000000000e+02 6.739017616734109452e-05
5.030000000000000000e+02 6.588704825278929799e-05
5.040000000000000000e+02 6.635138192804534442e-05
5.050000000000000000e+02 6.613524781977810215e-05
5.060000000000000000e+02 6.580168919475439643e-05
5.070000000000000000e+02 6.591855899759395605e-05
5.080000000000000000e+02 6.525993060199057497e-05
5.090000000000000000e+02 6.559834391468570189e-05
5.100000000000000000e+02 6.672461975848953050e-05
5.110000000000000000e+02 6.813310663781009318e-05
5.120000000000000000e+02 6.675726283950491962e-05
5.130000000000000000e+02 6.611184891129453579e-05
5.140000000000000000e+02 6.570040580274704833e-05
5.150000000000000000e+02 6.540661471892908344e-05
5.160000000000000000e+02 6.650442789219757100e-05
5.170000000000000000e+02 6.685676602344957213e-05
5.180000000000000000e+02 6.595865707047674441e-05
5.190000000000000000e+02 6.602931851399378605e-05
5.200000000000000000e+02 6.572243435445519993e-05
5.210000000000000000e+02 6.598982680879668817e-05
5.220000000000000000e+02 6.607556228939132461e-05
5.230000000000000000e+02 6.521054765583238005e-05
5.240000000000000000e+02 6.639454184506104930e-05
5.250000000000000000e+02 6.624196998359427790e-05
5.260000000000000000e+02 6.653630371811606085e-05
5.270000000000000000e+02 6.665976658713705758e-05
5.280000000000000000e+02 6.703938282355010193e-05
5.290000000000000000e+02 6.541546337365976489e-05
5.300000000000000000e+02 6.572218569025434307e-05
5.310000000000000000e+02 6.542544857046243617e-05
5.320000000000000000e+02 6.578766371027655645e-05
5.330000000000000000e+02 6.540322045469141850e-05
5.340000000000000000e+02 6.753936527931956007e-05
5.350000000000000000e+02 6.719852155416402250e-05
5.360000000000000000e+02 6.606703995476682001e-05
5.370000000000000000e+02 6.553039004177590001e-05
5.380000000000000000e+02 6.703432685824368650e-05
5.390000000000000000e+02 6.571442331060149819e-05
5.400000000000000000e+02 6.523655691425637993e-05
5.410000000000000000e+02 6.525535360670423166e-05
5.420000000000000000e+02 6.596062019242549044e-05
5.430000000000000000e+02 6.569192853404537966e-05
5.440000000000000000e+02 6.572069196525377396e-05
5.450000000000000000e+02 6.530521325515028629e-05
5.460000000000000000e+02 6.704317292317586155e-05
5.470000000000000000e+02 6.693272440953676678e-05
5.480000000000000000e+02 6.545269337599698186e-05
5.490000000000000000e+02 6.560180370328477556e-05
5.500000000000000000e+02 6.550972205898400067e-05
5.510000000000000000e+02 6.531418608871711340e-05
5.520000000000000000e+02 6.556779514397485104e-05
5.530000000000000000e+02 6.747790365720068146e-05
5.540000000000000000e+02 6.580383586661060693e-05
5.550000000000000000e+02 6.648538302414995179e-05
5.560000000000000000e+02 6.538694062275847570e-05
5.570000000000000000e+02 6.587931763343027021e-05
5.580000000000000000e+02 6.559634658225992109e-05
5.590000000000000000e+02 6.535616227361395504e-05
5.600000000000000000e+02 6.719479473638933565e-05
5.610000000000000000e+02 6.611484529909546085e-05
5.620000000000000000e+02 6.555250015635125669e-05
5.630000000000000000e+02 6.575403267457271780e-05
5.640000000000000000e+02 6.616982925273433378e-05
5.650000000000000000e+02 6.613913075630809576e-05
5.660000000000000000e+02 6.551429570261588654e-05
5.670000000000000000e+02 6.589005127449222825e-05
5.680000000000000000e+02 6.547330415056785134e-05
5.690000000000000000e+02 6.514707111303938512e-05
5.700000000000000000e+02 6.756774638505254425e-05
5.710000000000000000e+02 6.611531649706466713e-05
5.720000000000000000e+02 6.514598355697033918e-05
5.730000000000000000e+02 6.594860245404013215e-05
5.740000000000000000e+02 6.615593935597796410e-05
5.750000000000000000e+02 6.598259272108199290e-05
5.760000000000000000e+02 6.566783983551190498e-05
5.770000000000000000e+02 6.503762018893900342e-05
5.780000000000000000e+02 6.563872271515056695e-05
5.790000000000000000e+02 6.623561128345468671e-05
5.800000000000000000e+02 6.500234459139555068e-05
5.810000000000000000e+02 6.527584100137127335e-05
5.820000000000000000e+02 6.556885084895347406e-05
5.830000000000000000e+02 6.509719331884184109e-05
5.840000000000000000e+02 6.574473477469494501e-05
5.850000000000000000e+02 6.554160389886980946e-05
5.860000000000000000e+02 6.572798944545819953e-05
5.870000000000000000e+02 6.502640839921126968e-05
5.880000000000000000e+02 6.580004239778641307e-05
5.890000000000000000e+02 6.511998711022119670e-05
5.900000000000000000e+02 6.577588991651219842e-05
5.910000000000000000e+02 6.573993667267025523e-05
5.920000000000000000e+02 6.638733431601619530e-05
5.930000000000000000e+02 6.519280798689526752e-05
5.940000000000000000e+02 6.558711896100967030e-05
5.950000000000000000e+02 6.512964792839292421e-05
5.960000000000000000e+02 6.524815248635875450e-05
5.970000000000000000e+02 6.495552243989234989e-05
5.980000000000000000e+02 6.579238983010285966e-05
5.990000000000000000e+02 6.572366852952410529e-05
6.000000000000000000e+02 6.622438137694255380e-05
6.010000000000000000e+02 6.601695924266317867e-05
6.020000000000000000e+02 6.515195834670178723e-05
6.030000000000000000e+02 6.539466986352378535e-05
6.040000000000000000e+02 6.494183168129563709e-05
6.050000000000000000e+02 6.488116817477088019e-05
6.060000000000000000e+02 6.479914565642565585e-05
6.070000000000000000e+02 6.572689541882528210e-05
6.080000000000000000e+02 6.492774094125364768e-05
6.090000000000000000e+02 6.478599182386247089e-05
6.100000000000000000e+02 6.484593917475099667e-05
6.110000000000000000e+02 6.496056936658872207e-05
6.120000000000000000e+02 6.528086674523290306e-05
6.130000000000000000e+02 6.585304431967840127e-05
6.140000000000000000e+02 6.506448224225024144e-05
6.150000000000000000e+02 6.546481327052539555e-05
6.160000000000000000e+02 6.642020447851894674e-05
6.170000000000000000e+02 6.538056298789237644e-05
6.180000000000000000e+02 6.550997978214971238e-05
6.190000000000000000e+02 6.513675875410158934e-05
6.200000000000000000e+02 6.547360620971242099e-05
6.210000000000000000e+02 6.494075800006524708e-05
6.220000000000000000e+02 6.581272526319266859e-05
6.230000000000000000e+02 6.490140067954179917e-05
6.240000000000000000e+02 6.490952684075412609e-05
6.250000000000000000e+02 6.549160394202941662e-05
6.260000000000000000e+02 6.499212577499698866e-05
6.270000000000000000e+02 6.475124960858608298e-05
6.280000000000000000e+02 6.501327968328453008e-05
6.290000000000000000e+02 6.508702783051344251e-05
6.300000000000000000e+02 6.516941523842895384e-05
6.310000000000000000e+02 6.578819969529739497e-05
6.320000000000000000e+02 6.509286558718883203e-05
6.330000000000000000e+02 6.537032606232895773e-05
6.340000000000000000e+02 6.497331515966978089e-05
6.350000000000000000e+02 6.502233725559087424e-05
6.360000000000000000e+02 6.512080119214610141e-05
6.370000000000000000e+02 6.531851236839228869e-05
6.380000000000000000e+02 6.541044112581098126e-05
6.390000000000000000e+02 6.494083823469346038e-05
6.400000000000000000e+02 6.606153374857562767e-05
6.410000000000000000e+02 6.498897545476780397e-05
6.420000000000000000e+02 6.528677479336012380e-05
6.430000000000000000e+02 6.535880751526753740e-05
6.440000000000000000e+02 6.477392623149770719e-05
6.450000000000000000e+02 6.477510010998084079e-05
6.460000000000000000e+02 6.477580992328901485e-05
6.470000000000000000e+02 6.455044418620821118e-05
6.480000000000000000e+02 6.463076060861931054e-05
6.490000000000000000e+02 6.492261374845979599e-05
6.500000000000000000e+02 6.516923290050367771e-05
6.510000000000000000e+02 6.474118914964201686e-05
6.520000000000000000e+02 6.525660065900385865e-05
6.530000000000000000e+02 6.538738433374588867e-05
6.540000000000000000e+02 6.505075334620498005e-05
6.550000000000000000e+02 6.472628468805632191e-05
6.560000000000000000e+02 6.515535164197097575e-05
6.570000000000000000e+02 6.568402719829178563e-05
6.580000000000000000e+02 6.476918673146351939e-05
6.590000000000000000e+02 6.451160146121954000e-05
6.600000000000000000e+02 6.469016845360745990e-05
6.610000000000000000e+02 6.504464614190598069e-05
6.620000000000000000e+02 6.450080412339271902e-05
6.630000000000000000e+02 6.460005465524240684e-05
6.640000000000000000e+02 6.480832067629176141e-05
6.650000000000000000e+02 6.461395731385294490e-05
6.660000000000000000e+02 6.470714240156089591e-05
6.670000000000000000e+02 6.502719386853586178e-05
6.680000000000000000e+02 6.554516804200688767e-05
6.690000000000000000e+02 6.455067952234674075e-05
6.700000000000000000e+02 6.456088935185814060e-05
6.710000000000000000e+02 6.462729380019467944e-05
6.720000000000000000e+02 6.468612488047550502e-05
6.730000000000000000e+02 6.470720887802958057e-05
6.740000000000000000e+02 6.617890996733491124e-05
6.750000000000000000e+02 6.579963820218272242e-05
6.760000000000000000e+02 6.600643187922683008e-05
6.770000000000000000e+02 6.583460593805730515e-05
6.780000000000000000e+02 6.525587329202659501e-05
6.790000000000000000e+02 6.562801758835543010e-05
6.800000000000000000e+02 6.489419662855949614e-05
6.810000000000000000e+02 6.500957801756100717e-05
6.820000000000000000e+02 6.485666779205493380e-05
6.830000000000000000e+02 6.475008931270800146e-05
6.840000000000000000e+02 6.509999314504503858e-05
6.850000000000000000e+02 6.539149416803624181e-05
6.860000000000000000e+02 6.479510973270800607e-05
6.870000000000000000e+02 6.455872731542609399e-05
6.880000000000000000e+02 6.451043247220129731e-05
6.890000000000000000e+02 6.460567837056204420e-05
6.900000000000000000e+02 6.481950523076792487e-05
6.910000000000000000e+02 6.561891285069303321e-05
6.920000000000000000e+02 6.492774569364776394e-05
6.930000000000000000e+02 6.446691838706801599e-05
6.940000000000000000e+02 6.474879688891712888e-05
6.950000000000000000e+02 6.513419517678969138e-05
6.960000000000000000e+02 6.490651439176139579e-05
6.970000000000000000e+02 6.508941636768899729e-05
6.980000000000000000e+02 6.476227580897923983e-05
6.990000000000000000e+02 6.477226614548604378e-05
7.000000000000000000e+02 6.449338331735219145e-05
7.010000000000000000e+02 6.441806187513963403e-05
7.020000000000000000e+02 6.544932912213247752e-05
7.030000000000000000e+02 6.487274858395609219e-05
7.040000000000000000e+02 6.507063403309856428e-05
7.050000000000000000e+02 6.463250293118827307e-05
7.060000000000000000e+02 6.478428784440729438e-05
7.070000000000000000e+02 6.664057475194246289e-05
7.080000000000000000e+02 6.522916825058225755e-05
7.090000000000000000e+02 6.457183413309846491e-05
7.100000000000000000e+02 6.464773575904970732e-05
7.110000000000000000e+02 6.453527073949526704e-05
7.120000000000000000e+02 6.448767220269663021e-05
7.130000000000000000e+02 6.468275568671502846e-05
7.140000000000000000e+02 6.471286719942755616e-05
7.150000000000000000e+02 6.432977406441858781e-05
7.160000000000000000e+02 6.534440406683575300e-05
7.170000000000000000e+02 6.472420883539457359e-05
7.180000000000000000e+02 6.455479073921060649e-05
7.190000000000000000e+02 6.447881291168360723e-05
7.200000000000000000e+02 6.461836404228872913e-05
7.210000000000000000e+02 6.447408632041441874e-05
7.220000000000000000e+02 6.472900393767109487e-05
7.230000000000000000e+02 6.482901312717520830e-05
7.240000000000000000e+02 6.490782380418528934e-05
7.250000000000000000e+02 6.452357092141094215e-05
7.260000000000000000e+02 6.437488298220105890e-05
7.270000000000000000e+02 6.473480936068359696e-05
7.280000000000000000e+02 6.450569622007713421e-05
7.290000000000000000e+02 6.483674875315745809e-05
7.300000000000000000e+02 6.454065638188268656e-05
7.310000000000000000e+02 6.446710817527672431e-05
7.320000000000000000e+02 6.468276836218555138e-05
7.330000000000000000e+02 6.482980237637133065e-05
7.340000000000000000e+02 6.460928465577851288e-05
7.350000000000000000e+02 6.478760581527082097e-05
7.360000000000000000e+02 6.475555934961282358e-05
7.370000000000000000e+02 6.429478149474691766e-05
7.380000000000000000e+02 6.464579143035362771e-05
7.390000000000000000e+02 6.453645066536633286e-05
7.400000000000000000e+02 6.547208558250038209e-05
7.410000000000000000e+02 6.533861801177253900e-05
7.420000000000000000e+02 6.433800071955351931e-05
7.430000000000000000e+02 6.464940179846235093e-05
7.440000000000000000e+02 6.457626334887481138e-05
7.450000000000000000e+02 6.461630700809840660e-05
7.460000000000000000e+02 6.429154444563119574e-05
7.470000000000000000e+02 6.445066320950842401e-05
7.480000000000000000e+02 6.449337564321234409e-05
7.490000000000000000e+02 6.436077003542200992e-05
7.500000000000000000e+02 6.431980337041559386e-05
7.510000000000000000e+02 6.468204593781849232e-05
7.520000000000000000e+02 6.445140880525133899e-05
7.530000000000000000e+02 6.449472068531358741e-05
7.540000000000000000e+02 6.446952950071722075e-05
7.550000000000000000e+02 6.448000379343604390e-05
7.560000000000000000e+02 6.454108517060791602e-05
7.570000000000000000e+02 6.435242805832740089e-05
7.580000000000000000e+02 6.487086626198133041e-05
7.590000000000000000e+02 6.463429414756827326e-05
7.600000000000000000e+02 6.437963580201353756e-05
7.610000000000000000e+02 6.446822804146404198e-05
7.620000000000000000e+02 6.469312711559733022e-05
7.630000000000000000e+02 6.490223233325508859e-05
7.640000000000000000e+02 6.507738826159798937e-05
7.650000000000000000e+02 6.434570496796911360e-05
7.660000000000000000e+02 6.440624146320650520e-05
7.670000000000000000e+02 6.445511749855802140e-05
7.680000000000000000e+02 6.446508689836740835e-05
7.690000000000000000e+02 6.449768286622008825e-05
7.700000000000000000e+02 6.444731573109583754e-05
7.710000000000000000e+02 6.425080437180365103e-05
7.720000000000000000e+02 6.437193266620817780e-05
7.730000000000000000e+02 6.558567994908746164e-05
7.740000000000000000e+02 6.489556703128890130e-05
7.750000000000000000e+02 6.445066524144875452e-05
7.760000000000000000e+02 6.442718589395648988e-05
7.770000000000000000e+02 6.498457411157171858e-05
7.780000000000000000e+02 6.473839090193686671e-05
7.790000000000000000e+02 6.548574585678415853e-05
7.800000000000000000e+02 6.486515860213885138e-05
7.810000000000000000e+02 6.424987177352030311e-05
7.820000000000000000e+02 6.458033347162853383e-05
7.830000000000000000e+02 6.459787203578728132e-05
7.840000000000000000e+02 6.437588941073045501e-05
7.850000000000000000e+02 6.462837668917261673e-05
7.860000000000000000e+02 6.471546747399312908e-05
7.870000000000000000e+02 6.475581533804275361e-05
7.880000000000000000e+02 6.436684055335726423e-05
7.890000000000000000e+02 6.433740453871481381e-05
7.900000000000000000e+02 6.448985205359712377e-05
7.910000000000000000e+02 6.446868964088962222e-05
7.920000000000000000e+02 6.455469508203091943e-05
7.930000000000000000e+02 6.447425902152793343e-05
7.940000000000000000e+02 6.474052935546071761e-05
7.950000000000000000e+02 6.482482779100818605e-05
7.960000000000000000e+02 6.482619524544233744e-05
7.970000000000000000e+02 6.501826204424861146e-05
7.980000000000000000e+02 6.446244920094401339e-05
7.990000000000000000e+02 6.439310463952335598e-05
8.000000000000000000e+02 6.469305211171435654e-05
8.010000000000000000e+02 6.447222757570800916e-05
8.020000000000000000e+02 6.438227211537578612e-05
8.030000000000000000e+02 6.467858945296725115e-05
8.040000000000000000e+02 6.439664618869688243e-05
8.050000000000000000e+02 6.475504439507154828e-05
8.060000000000000000e+02 6.505161844122096142e-05
8.070000000000000000e+02 6.433717116544822008e-05
8.080000000000000000e+02 6.424906091574761260e-05
8.090000000000000000e+02 6.432596931602690396e-05
8.100000000000000000e+02 6.421147044555513726e-05
8.110000000000000000e+02 6.453698366748167705e-05
8.120000000000000000e+02 6.418851032645176758e-05
8.130000000000000000e+02 6.438942195637508325e-05
8.140000000000000000e+02 6.427979096103780864e-05
8.150000000000000000e+02 6.421111220633093626e-05
8.160000000000000000e+02 6.494630520809448616e-05
8.170000000000000000e+02 6.427689907408158806e-05
8.180000000000000000e+02 6.516762585297946177e-05
8.190000000000000000e+02 6.431399411861704867e-05
8.200000000000000000e+02 6.438182772168956193e-05
8.210000000000000000e+02 6.453938203425122551e-05
8.220000000000000000e+02 6.564699530747200758e-05
8.230000000000000000e+02 6.428344446840735860e-05
8.240000000000000000e+02 6.442725172468062188e-05
8.250000000000000000e+02 6.457317682495609197e-05
8.260000000000000000e+02 6.418745218915421766e-05
8.270000000000000000e+02 6.429161746877353823e-05
8.280000000000000000e+02 6.429312254068909210e-05
8.290000000000000000e+02 6.446107744871469646e-05
8.300000000000000000e+02 6.451934120511977828e-05
8.310000000000000000e+02 6.418660118088104910e-05
8.320000000000000000e+02 6.436709424472202761e-05
8.330000000000000000e+02 6.414471591711789361e-05
8.340000000000000000e+02 6.423363504919083887e-05
8.350000000000000000e+02 6.413363822374561240e-05
8.360000000000000000e+02 6.431241478306691918e-05
8.370000000000000000e+02 6.425777721064736703e-05
8.380000000000000000e+02 6.468566485152678694e-05
8.390000000000000000e+02 6.425176991799736305e-05
8.400000000000000000e+02 6.433523153228478590e-05
8.410000000000000000e+02 6.414192670410201350e-05
8.420000000000000000e+02 6.442349172408403410e-05
8.430000000000000000e+02 6.429725304480247614e-05
8.440000000000000000e+02 6.431299855226572579e-05
8.450000000000000000e+02 6.437835510393322320e-05
8.460000000000000000e+02 6.447244409498233424e-05
8.470000000000000000e+02 6.424682334469944715e-05
8.480000000000000000e+02 6.431680620889604165e-05
8.490000000000000000e+02 6.417994516625333821e-05
8.500000000000000000e+02 6.430629790562715920e-05
8.510000000000000000e+02 6.452857503399449073e-05
8.520000000000000000e+02 6.431474508225936662e-05
8.530000000000000000e+02 6.429239475849401445e-05
8.540000000000000000e+02 6.477931670905764515e-05
8.550000000000000000e+02 6.453622207000934735e-05
8.560000000000000000e+02 6.437348520289405923e-05
8.570000000000000000e+02 6.428054841756392611e-05
8.580000000000000000e+02 6.482723273716837196e-05
8.590000000000000000e+02 6.426876419097298193e-05
8.600000000000000000e+02 6.418166787731097904e-05
8.610000000000000000e+02 6.410313569894058867e-05
8.620000000000000000e+02 6.427030797319392339e-05
8.630000000000000000e+02 6.430451957774417778e-05
8.640000000000000000e+02 6.433667871906202033e-05
8.650000000000000000e+02 6.430336263711048262e-05
8.660000000000000000e+02 6.416494128150750879e-05
8.670000000000000000e+02 6.417504555569123294e-05
8.680000000000000000e+02 6.420601245288472649e-05
8.690000000000000000e+02 6.439207183457304213e-05
8.700000000000000000e+02 6.428059985028863671e-05
8.710000000000000000e+02 6.474442697631022678e-05
8.720000000000000000e+02 6.447359003495831500e-05
8.730000000000000000e+02 6.433548761207254544e-05
8.740000000000000000e+02 6.416952362775823397e-05
8.750000000000000000e+02 6.424874216219980466e-05
8.760000000000000000e+02 6.448630687220596952e-05
8.770000000000000000e+02 6.429210175734143148e-05
8.780000000000000000e+02 6.429880886190937703e-05
8.790000000000000000e+02 6.438351229150050424e-05
8.800000000000000000e+02 6.431004369781861041e-05
8.810000000000000000e+02 6.436710642358076562e-05
8.820000000000000000e+02 6.418117496856062354e-05
8.830000000000000000e+02 6.448154455131037020e-05
8.840000000000000000e+02 6.469948498504981269e-05
8.850000000000000000e+02 6.450502975428187651e-05
8.860000000000000000e+02 6.448415179515728276e-05
8.870000000000000000e+02 6.441206611200536193e-05
8.880000000000000000e+02 6.440066788131510616e-05
8.890000000000000000e+02 6.424876806036304371e-05
8.900000000000000000e+02 6.416596022797563042e-05
8.910000000000000000e+02 6.417696169328787397e-05
8.920000000000000000e+02 6.431049878479983895e-05
8.930000000000000000e+02 6.426524717042137336e-05
8.940000000000000000e+02 6.440866315823792906e-05
8.950000000000000000e+02 6.422652170354809680e-05
8.960000000000000000e+02 6.445668183401689390e-05
8.970000000000000000e+02 6.430207314444188744e-05
8.980000000000000000e+02 6.416372660156404741e-05
8.990000000000000000e+02 6.413708235348445058e-05
9.000000000000000000e+02 6.451972164533417101e-05
9.010000000000000000e+02 6.414107086722119775e-05
9.020000000000000000e+02 6.452663025100424318e-05
9.030000000000000000e+02 6.426525597258382280e-05
9.040000000000000000e+02 6.423977715377340197e-05
9.050000000000000000e+02 6.410489846345616212e-05
9.060000000000000000e+02 6.437139041356630068e-05
9.070000000000000000e+02 6.412764695866779506e-05
9.080000000000000000e+02 6.415603451003332690e-05
9.090000000000000000e+02 6.437509655693503404e-05
9.100000000000000000e+02 6.419670610341448756e-05
9.110000000000000000e+02 6.415662138308138307e-05
9.120000000000000000e+02 6.430708245625962698e-05
9.130000000000000000e+02 6.449285373821977301e-05
9.140000000000000000e+02 6.433513752730189727e-05
9.150000000000000000e+02 6.420950110051325125e-05
9.160000000000000000e+02 6.486361436745528473e-05
9.170000000000000000e+02 6.417168037522684020e-05
9.180000000000000000e+02 6.425453553091469675e-05
9.190000000000000000e+02 6.518321214289945478e-05
9.200000000000000000e+02 6.426783475130628566e-05
9.210000000000000000e+02 6.428410799002795420e-05
9.220000000000000000e+02 6.430345604831357162e-05
9.230000000000000000e+02 6.413028783775036334e-05
9.240000000000000000e+02 6.415224623570920943e-05
9.250000000000000000e+02 6.426230413589089903e-05
9.260000000000000000e+02 6.426241220189967730e-05
9.270000000000000000e+02 6.423373334673731941e-05
9.280000000000000000e+02 6.433560375654736110e-05
9.290000000000000000e+02 6.416650515995711362e-05
9.300000000000000000e+02 6.415664370457710907e-05
9.310000000000000000e+02 6.420484470209816895e-05
9.320000000000000000e+02 6.431553436868596158e-05
9.330000000000000000e+02 6.411615104730872857e-05
9.340000000000000000e+02 6.426716093530967491e-05
9.350000000000000000e+02 6.414959129187864479e-05
9.360000000000000000e+02 6.421074477417800907e-05
9.370000000000000000e+02 6.415627506114471919e-05
9.380000000000000000e+02 6.423570009306233655e-05
9.390000000000000000e+02 6.475319289842526875e-05
9.400000000000000000e+02 6.433307290428136218e-05
9.410000000000000000e+02 6.450194536080942139e-05
9.420000000000000000e+02 6.413656304810078925e-05
9.430000000000000000e+02 6.424964433532665844e-05
9.440000000000000000e+02 6.420139935983254769e-05
9.450000000000000000e+02 6.414162169474433130e-05
9.460000000000000000e+02 6.417353843744588509e-05
9.470000000000000000e+02 6.414197102675556596e-05
9.480000000000000000e+02 6.436835834975797993e-05
9.490000000000000000e+02 6.416196727140733680e-05
9.500000000000000000e+02 6.416960936144690990e-05
9.510000000000000000e+02 6.424424295591472174e-05
9.520000000000000000e+02 6.423220141362424092e-05
9.530000000000000000e+02 6.423693745401716385e-05
9.540000000000000000e+02 6.430521652096131836e-05
9.550000000000000000e+02 6.420211544230134098e-05
9.560000000000000000e+02 6.440869299157197440e-05
9.570000000000000000e+02 6.407749195131825430e-05
9.580000000000000000e+02 6.430724904740899028e-05
9.590000000000000000e+02 6.423291274956602381e-05
9.600000000000000000e+02 6.438644585233191809e-05
9.610000000000000000e+02 6.427892947616221215e-05
9.620000000000000000e+02 6.435466809206623513e-05
