0.000000000000000000e+00 2.094533020560073919e-04
1.000000000000000000e+00 1.100306023761170202e-04
2.000000000000000000e+00 5.041161405081977649e-05
3.000000000000000000e+00 3.773540091925155020e-05
4.000000000000000000e+00 3.387370211734292948e-05
5.000000000000000000e+00 5.619965307206494117e-05
6.000000000000000000e+00 3.950721039912591002e-05
7.000000000000000000e+00 2.897808405495822759e-05
8.000000000000000000e+00 2.936524490709732581e-05
9.000000000000000000e+00 3.142340369098997247e-05
1.000000000000000000e+01 3.099472462216061656e-05
1.100000000000000000e+01 3.485183300575817831e-05
1.200000000000000000e+01 2.328169424748658591e-05
1.300000000000000000e+01 2.442450099986715720e-05
1.400000000000000000e+01 2.071967452530963018e-05
1.500000000000000000e+01 3.030427189072377865e-05
1.600000000000000000e+01 2.792091721783008623e-05
1.700000000000000000e+01 2.140922627994903358e-05
1.800000000000000000e+01 1.928941654295709683e-05
1.900000000000000000e+01 1.828027695894958045e-05
2.000000000000000000e+01 1.637399693265144938e-05
2.100000000000000000e+01 1.883024131206616225e-05
2.200000000000000000e+01 2.950190241936261561e-05
2.300000000000000000e+01 2.520334824073061021e-05
2.400000000000000000e+01 1.594813322174236758e-05
2.500000000000000000e+01 1.599053369336399184e-05
2.600000000000000000e+01 1.802321597955636949e-05
2.700000000000000000e+01 2.209468142144074663e-05
2.800000000000000000e+01 2.300579553345038163e-05
2.900000000000000000e+01 1.575370478865189481e-05
3.000000000000000000e+01 1.778897305547560778e-05
3.100000000000000000e+01 2.368087918149683089e-05
3.200000000000000000e+01 1.919974948072817483e-05
3.300000000000000000e+01 1.935219572211122085e-05
3.400000000000000000e+01 1.719082531285713819e-05
3.500000000000000000e+01 1.587672481729613340e-05
3.600000000000000000e+01 1.624619946368746956e-05
3.700000000000000000e+01 2.035949034428397814e-05
3.800000000000000000e+01 2.189401854064698818e-05
3.900000000000000000e+01 2.007343758472365658e-05
4.000000000000000000e+01 1.708974010359933884e-05
4.100000000000000000e+01 2.191321767487393308e-05
4.200000000000000000e+01 2.106294200910574930e-05
4.300000000000000000e+01 1.921353544051312214e-05
4.400000000000000000e+01 1.897027378913895997e-05
4.500000000000000000e+01 1.946106082003228770e-05
4.600000000000000000e+01 1.756490141722792271e-05
4.700000000000000000e+01 1.721313649459039639e-05
4.800000000000000000e+01 1.517929463387674770e-05
4.900000000000000000e+01 1.623521473099834254e-05
5.000000000000000000e+01 1.541685551089907753e-05
5.100000000000000000e+01 1.725936762975354558e-05
5.200000000000000000e+01 1.611553858797141255e-05
5.300000000000000000e+01 1.675269528926615542e-05
5.400000000000000000e+01 1.719279162771178483e-05
5.500000000000000000e+01 1.706505536292929505e-05
5.600000000000000000e+01 1.746409292697101334e-05
5.700000000000000000e+01 1.629341645311035061e-05
5.800000000000000000e+01 1.479456783321018983e-05
5.900000000000000000e+01 1.800936500522675062e-05
6.000000000000000000e+01 1.824121201617676086e-05
6.100000000000000000e+01 1.626585676741524092e-05
6.200000000000000000e+01 1.724640778871169025e-05
6.300000000000000000e+01 1.534477507450484945e-05
6.400000000000000000e+01 1.597867149668073068e-05
6.500000000000000000e+01 1.936971719447483622e-05
6.600000000000000000e+01 1.593077174973335850e-05
6.700000000000000000e+01 1.892794763099681871e-05
6.800000000000000000e+01 1.704083662718917756e-05
6.900000000000000000e+01 1.343335790930091067e-05
7.000000000000000000e+01 1.647543802310911078e-05
7.100000000000000000e+01 1.418934390024308007e-05
7.200000000000000000e+01 1.768870983809413760e-05
7.300000000000000000e+01 1.589116704816705470e-05
7.400000000000000000e+01 1.537702675046001360e-05
7.500000000000000000e+01 1.279866140870004620e-05
7.600000000000000000e+01 1.411031001123917016e-05
7.700000000000000000e+01 1.571839187606583892e-05
7.800000000000000000e+01 1.347308966969981134e-05
7.900000000000000000e+01 1.635159815228249262e-05
8.000000000000000000e+01 1.625773596175146869e-05
