0.000000000000000000e+00 1.344378335278867545e-05
1.000000000000000000e+00 6.714006028227889830e-06
2.000000000000000000e+00 6.466532659332848200e-06
3.000000000000000000e+00 5.993576344882919449e-06
4.000000000000000000e+00 5.794902319796400531e-06
5.000000000000000000e+00 5.374128239689766437e-06
6.000000000000000000e+00 5.215431469438374899e-06
7.000000000000000000e+00 4.548690299935573118e-06
8.000000000000000000e+00 3.943323158729388908e-06
9.000000000000000000e+00 3.099320742241627352e-06
1.000000000000000000e+01 2.207296516160439991e-06
1.100000000000000000e+01 1.456265040922006332e-06
1.200000000000000000e+01 9.487087834231721636e-07
1.300000000000000000e+01 7.361832923208497234e-07
1.400000000000000000e+01 6.431395064199384826e-07
1.500000000000000000e+01 5.050517050211524015e-07
1.600000000000000000e+01 4.149281191849043573e-07
1.700000000000000000e+01 3.064167619704898159e-07
1.800000000000000000e+01 2.704041290054528626e-07
1.900000000000000000e+01 2.630220029253052419e-07
2.000000000000000000e+01 2.614072085216492040e-07
2.100000000000000000e+01 2.978081045360463316e-07
2.200000000000000000e+01 2.431534839119255562e-07
2.300000000000000000e+01 3.055027349842180268e-07
2.400000000000000000e+01 2.464212705687935893e-07
2.500000000000000000e+01 2.678639433547075146e-07
2.600000000000000000e+01 2.485277425609857164e-07
2.700000000000000000e+01 2.826987424257962624e-07
2.800000000000000000e+01 2.091824306774264032e-07
2.900000000000000000e+01 2.709602569462360311e-07
3.000000000000000000e+01 1.975203738520553904e-07
3.100000000000000000e+01 2.047964999897751644e-07
3.200000000000000000e+01 1.746775434181495744e-07
3.300000000000000000e+01 1.711987945700330999e-07
3.400000000000000000e+01 1.663767054774878216e-07
3.500000000000000000e+01 1.575761769027668524e-07
3.600000000000000000e+01 2.147492352844622692e-07
3.700000000000000000e+01 2.389068063155915266e-07
3.800000000000000000e+01 1.274031097403173220e-07
3.900000000000000000e+01 1.252354356687694496e-07
4.000000000000000000e+01 1.721294451144162496e-07
4.100000000000000000e+01 1.395706708437332976e-07
4.200000000000000000e+01 1.084627903065828497e-07
4.300000000000000000e+01 1.010454030113235288e-07
4.400000000000000000e+01 9.463053865986616845e-08
4.500000000000000000e+01 1.056138019250082209e-07
4.600000000000000000e+01 1.012256353090143038e-07
4.700000000000000000e+01 9.289336062262557602e-08
4.800000000000000000e+01 9.299037940296374781e-08
4.900000000000000000e+01 8.241742433510267721e-08
5.000000000000000000e+01 7.536421366400637652e-08
5.100000000000000000e+01 7.973218048720437140e-08
5.200000000000000000e+01 7.572224793276536453e-08
5.300000000000000000e+01 9.500857519683703094e-08
5.400000000000000000e+01 8.573253493539604088e-08
5.500000000000000000e+01 6.217776812255353915e-08
5.600000000000000000e+01 6.446244286700254347e-08
5.700000000000000000e+01 6.814146129189438867e-08
5.800000000000000000e+01 6.437253162214090492e-08
5.900000000000000000e+01 6.201727892019873474e-08
6.000000000000000000e+01 6.495761503042113346e-08
6.100000000000000000e+01 6.022929132384621226e-08
6.200000000000000000e+01 7.146326451386365561e-08
6.300000000000000000e+01 6.812054402800487318e-08
6.400000000000000000e+01 1.108307853750541942e-07
6.500000000000000000e+01 7.503466238955478159e-08
6.600000000000000000e+01 6.079735311438291404e-08
6.700000000000000000e+01 5.726696765727852069e-08
6.800000000000000000e+01 5.433577008219531994e-08
6.900000000000000000e+01 6.534896201236582690e-08
7.000000000000000000e+01 5.229081469778499595e-08
7.100000000000000000e+01 5.151626201896757603e-08
7.200000000000000000e+01 5.469879016272288891e-08
7.300000000000000000e+01 5.873212025326326611e-08
7.400000000000000000e+01 5.046521514912686836e-08
7.500000000000000000e+01 6.140676384082834070e-08
7.600000000000000000e+01 5.403258217699044329e-08
7.700000000000000000e+01 5.270901794300707528e-08
7.800000000000000000e+01 4.996119389089996814e-08
7.900000000000000000e+01 6.881688465074207748e-08
8.000000000000000000e+01 5.541723084953671019e-08
8.100000000000000000e+01 4.594825681678059424e-08
8.200000000000000000e+01 1.212352329754431763e-07
8.300000000000000000e+01 7.930567266931660416e-08
8.400000000000000000e+01 4.852096114072928216e-08
8.500000000000000000e+01 4.314016161653653132e-08
8.600000000000000000e+01 4.505308016338859127e-08
8.700000000000000000e+01 5.018350577709729373e-08
8.800000000000000000e+01 4.810642964704241530e-08
8.900000000000000000e+01 6.690615665347279026e-08
9.000000000000000000e+01 6.646461813373674552e-08
9.100000000000000000e+01 8.188913648633187114e-08
9.200000000000000000e+01 5.257967767749245175e-08
9.300000000000000000e+01 4.400003079908132675e-08
9.400000000000000000e+01 4.148705754200754320e-08
9.500000000000000000e+01 4.690964872464891687e-08
9.600000000000000000e+01 5.209159512364273021e-08
9.700000000000000000e+01 3.996267826791937516e-08
9.800000000000000000e+01 5.090246959174363793e-08
9.900000000000000000e+01 6.280083103031445228e-08
1.000000000000000000e+02 1.008591500880777200e-07
1.010000000000000000e+02 5.247971386224325215e-08
1.020000000000000000e+02 3.697628783260022899e-08
1.030000000000000000e+02 3.761307124304648924e-08
1.040000000000000000e+02 4.144955508196182397e-08
1.050000000000000000e+02 3.979854157759311056e-08
1.060000000000000000e+02 4.470959940856751593e-08
1.070000000000000000e+02 3.653927105665598659e-08
1.080000000000000000e+02 5.827141983485312701e-08
1.090000000000000000e+02 3.273255304984892041e-08
1.100000000000000000e+02 5.344246073308815358e-08
1.110000000000000000e+02 5.538328377798759379e-08
1.120000000000000000e+02 7.559331609541964007e-08
1.130000000000000000e+02 4.685766817132991853e-08
1.140000000000000000e+02 3.103163549178999831e-08
1.150000000000000000e+02 2.923396585783945747e-08
1.160000000000000000e+02 3.236034394238792621e-08
1.170000000000000000e+02 3.737182294444797800e-08
1.180000000000000000e+02 3.177347761993876787e-08
1.190000000000000000e+02 3.702317371988271953e-08
1.200000000000000000e+02 3.640907732942551279e-08
1.210000000000000000e+02 3.292626806961932462e-08
1.220000000000000000e+02 2.818543927399745833e-08
1.230000000000000000e+02 3.015410372834393415e-08
1.240000000000000000e+02 2.848586778571268366e-08
1.250000000000000000e+02 2.654637378230878217e-08
1.260000000000000000e+02 2.863691788008496723e-08
1.270000000000000000e+02 2.571339379920472192e-08
1.280000000000000000e+02 2.732390271516861054e-08
1.290000000000000000e+02 2.523985961620520069e-08
1.300000000000000000e+02 3.090243642267689297e-08
1.310000000000000000e+02 3.042742192976694691e-08
1.320000000000000000e+02 2.635462442318520367e-08
1.330000000000000000e+02 2.845770952051813982e-08
1.340000000000000000e+02 3.532568820988354242e-08
1.350000000000000000e+02 2.756048409861574013e-08
1.360000000000000000e+02 3.275946090541774059e-08
1.370000000000000000e+02 2.485036530417195803e-08
1.380000000000000000e+02 2.524059242760485332e-08
1.390000000000000000e+02 2.745706097740212567e-08
1.400000000000000000e+02 2.511928900485909147e-08
1.410000000000000000e+02 2.839606728882830535e-08
1.420000000000000000e+02 2.539479238063444794e-08
1.430000000000000000e+02 2.803845038458495060e-08
1.440000000000000000e+02 2.923594295260252400e-08
1.450000000000000000e+02 2.516176493908610383e-08
1.460000000000000000e+02 2.870346914041487475e-08
1.470000000000000000e+02 3.142737073907732056e-08
1.480000000000000000e+02 3.297743347187610630e-08
1.490000000000000000e+02 3.025108059657440677e-08
1.500000000000000000e+02 2.655765389311740318e-08
1.510000000000000000e+02 2.983178922454410084e-08
1.520000000000000000e+02 3.703823943428598530e-08
1.530000000000000000e+02 3.446080708396886557e-08
1.540000000000000000e+02 3.176535715857238114e-08
1.550000000000000000e+02 2.508530605372853158e-08
1.560000000000000000e+02 2.989047941835002475e-08
1.570000000000000000e+02 2.272819487595182243e-08
1.580000000000000000e+02 2.339104285970172884e-08
1.590000000000000000e+02 2.552816492043417352e-08
1.600000000000000000e+02 2.623273515910105948e-08
1.610000000000000000e+02 1.944266154862192167e-08
1.620000000000000000e+02 2.481552654327928238e-08
1.630000000000000000e+02 2.369092758952473719e-08
1.640000000000000000e+02 2.402702046348983158e-08
1.650000000000000000e+02 2.081590281937560540e-08
1.660000000000000000e+02 3.483695519763097638e-08
1.670000000000000000e+02 2.701333668664898881e-08
1.680000000000000000e+02 2.054981952294323312e-08
1.690000000000000000e+02 2.405519451689559428e-08
1.700000000000000000e+02 2.541621793590781019e-08
1.710000000000000000e+02 2.151637021527798401e-08
1.720000000000000000e+02 1.941947293781097529e-08
1.730000000000000000e+02 1.910181795049644266e-08
1.740000000000000000e+02 2.001162487274234940e-08
1.750000000000000000e+02 2.014089177293773086e-08
1.760000000000000000e+02 1.722463186653600516e-08
1.770000000000000000e+02 2.980650990799145585e-08
1.780000000000000000e+02 3.019573326273647017e-08
1.790000000000000000e+02 2.858843051395585137e-08
1.800000000000000000e+02 2.383211550871231290e-08
1.810000000000000000e+02 2.129079723958600545e-08
1.820000000000000000e+02 1.904172820799958968e-08
1.830000000000000000e+02 2.238177492542568995e-08
1.840000000000000000e+02 1.847405859892806922e-08
1.850000000000000000e+02 1.534263212062266550e-08
1.860000000000000000e+02 1.869725792168332852e-08
1.870000000000000000e+02 1.899853316644276189e-08
1.880000000000000000e+02 2.488620553462477091e-08
1.890000000000000000e+02 2.780266025136518147e-08
1.900000000000000000e+02 1.708573363662990610e-08
1.910000000000000000e+02 1.733399914184010856e-08
1.920000000000000000e+02 1.800315746581391706e-08
1.930000000000000000e+02 2.054586829140341979e-08
1.940000000000000000e+02 1.936152899310069861e-08
1.950000000000000000e+02 1.780067470759810284e-08
1.960000000000000000e+02 2.585619634673056096e-08
1.970000000000000000e+02 1.936573730852654480e-08
1.980000000000000000e+02 1.927323155720698988e-08
1.990000000000000000e+02 2.075713427057754293e-08
2.000000000000000000e+02 1.650997777433515959e-08
2.010000000000000000e+02 1.656547319396942161e-08
2.020000000000000000e+02 1.530075291993292341e-08
2.030000000000000000e+02 1.573525564282031502e-08
2.040000000000000000e+02 1.772938047051996787e-08
2.050000000000000000e+02 2.155656022325749764e-08
2.060000000000000000e+02 2.145313417176029876e-08
2.070000000000000000e+02 1.666365345458105766e-08
2.080000000000000000e+02 1.585225186102957035e-08
2.090000000000000000e+02 1.441057655825544183e-08
2.100000000000000000e+02 1.690220144697015349e-08
2.110000000000000000e+02 1.680238235436119973e-08
2.120000000000000000e+02 1.440843160450000082e-08
2.130000000000000000e+02 1.501418006835235512e-08
2.140000000000000000e+02 1.624261327847360997e-08
2.150000000000000000e+02 1.473405417671377440e-08
2.160000000000000000e+02 1.405722337210384651e-08
2.170000000000000000e+02 1.423004880673991201e-08
2.180000000000000000e+02 1.637604631257143510e-08
2.190000000000000000e+02 1.593797871494600389e-08
2.200000000000000000e+02 1.459976769549999894e-08
2.210000000000000000e+02 1.993145749389347166e-08
2.220000000000000000e+02 2.036373296413001468e-08
2.230000000000000000e+02 1.662912033898665332e-08
2.240000000000000000e+02 2.009212935883324956e-08
2.250000000000000000e+02 1.514362783535608525e-08
2.260000000000000000e+02 1.511536595118853947e-08
2.270000000000000000e+02 1.897689092287468566e-08
2.280000000000000000e+02 1.953668406988879770e-08
2.290000000000000000e+02 1.647101274297519080e-08
2.300000000000000000e+02 1.502237548155380554e-08
2.310000000000000000e+02 1.775356922054515439e-08
2.320000000000000000e+02 1.479501621381422858e-08
2.330000000000000000e+02 1.426817928628256614e-08
2.340000000000000000e+02 1.597813986162627658e-08
2.350000000000000000e+02 1.374370797812837854e-08
2.360000000000000000e+02 1.357205308649993372e-08
2.370000000000000000e+02 1.604852216207736901e-08
2.380000000000000000e+02 1.286478031303575848e-08
2.390000000000000000e+02 1.530741577190884338e-08
2.400000000000000000e+02 1.356659711399603553e-08
2.410000000000000000e+02 1.737415310407321081e-08
2.420000000000000000e+02 1.353571373845658551e-08
2.430000000000000000e+02 1.309024972473121332e-08
2.440000000000000000e+02 1.201290243979049279e-08
2.450000000000000000e+02 1.186141649451761553e-08
2.460000000000000000e+02 2.034648971962020923e-08
2.470000000000000000e+02 1.694749877776994091e-08
2.480000000000000000e+02 1.831716908606439274e-08
2.490000000000000000e+02 1.726464226814774246e-08
2.500000000000000000e+02 1.930833038929539880e-08
2.510000000000000000e+02 2.238790136885163395e-08
2.520000000000000000e+02 2.859777362050757061e-08
2.530000000000000000e+02 1.609131707008326792e-08
2.540000000000000000e+02 1.343410835529059295e-08
2.550000000000000000e+02 1.912660898209012451e-08
2.560000000000000000e+02 1.324355182598922446e-08
2.570000000000000000e+02 1.554427594062583463e-08
2.580000000000000000e+02 1.667808420561408398e-08
2.590000000000000000e+02 1.375310962002316503e-08
2.600000000000000000e+02 1.460020228511025764e-08
2.610000000000000000e+02 1.446525040756723641e-08
2.620000000000000000e+02 1.110666166203842960e-08
2.630000000000000000e+02 1.098214921928488706e-08
2.640000000000000000e+02 1.724063887261892978e-08
2.650000000000000000e+02 1.522843673798342998e-08
2.660000000000000000e+02 1.105338618249965623e-08
2.670000000000000000e+02 1.204242556463964470e-08
2.680000000000000000e+02 1.079150718908521288e-08
2.690000000000000000e+02 1.051370459910278450e-08
2.700000000000000000e+02 1.074789088231623970e-08
2.710000000000000000e+02 1.142434431156069360e-08
2.720000000000000000e+02 1.158540293499501424e-08
2.730000000000000000e+02 1.240226896237646295e-08
2.740000000000000000e+02 1.248042377780195084e-08
2.750000000000000000e+02 1.550463199483664997e-08
2.760000000000000000e+02 1.279605040292505003e-08
2.770000000000000000e+02 1.062139617278456027e-08
2.780000000000000000e+02 1.414061175250690999e-08
2.790000000000000000e+02 1.125008749684107293e-08
2.800000000000000000e+02 1.253685835997593587e-08
2.810000000000000000e+02 1.146623173684990464e-08
2.820000000000000000e+02 1.018166925606106443e-08
2.830000000000000000e+02 1.095338661972192937e-08
2.840000000000000000e+02 1.145533027172968651e-08
2.850000000000000000e+02 1.164955369363219997e-08
2.860000000000000000e+02 1.237919897007585306e-08
2.870000000000000000e+02 1.219266480628625940e-08
2.880000000000000000e+02 1.358689427320170948e-08
2.890000000000000000e+02 1.036685952636331749e-08
2.900000000000000000e+02 1.015723713541373850e-08
2.910000000000000000e+02 9.950423153156396960e-09
2.920000000000000000e+02 1.265605467372559735e-08
2.930000000000000000e+02 1.105947616683936278e-08
2.940000000000000000e+02 1.155785150259358244e-08
2.950000000000000000e+02 9.950715015791274321e-09
2.960000000000000000e+02 1.053893413968954005e-08
2.970000000000000000e+02 1.865486976877316307e-08
2.980000000000000000e+02 1.510477835470408011e-08
2.990000000000000000e+02 1.148065062283629099e-08
3.000000000000000000e+02 9.794126136356265823e-09
3.010000000000000000e+02 1.229373518557200381e-08
3.020000000000000000e+02 1.385384533844203428e-08
3.030000000000000000e+02 1.271955027829154777e-08
3.040000000000000000e+02 1.053585799918458710e-08
3.050000000000000000e+02 1.039016176063998469e-08
3.060000000000000000e+02 1.119653480073267842e-08
3.070000000000000000e+02 9.522542118216758672e-09
3.080000000000000000e+02 1.212014579070715239e-08
3.090000000000000000e+02 2.371391640533259810e-08
3.100000000000000000e+02 1.226466906574041544e-08
3.110000000000000000e+02 1.296026488406129995e-08
3.120000000000000000e+02 1.099225077344104765e-08
3.130000000000000000e+02 9.501213587420801817e-09
3.140000000000000000e+02 1.347720157867597558e-08
3.150000000000000000e+02 1.063060340676743624e-08
3.160000000000000000e+02 9.668436449787170013e-09
3.170000000000000000e+02 9.748335819559216810e-09
3.180000000000000000e+02 9.447799104933790014e-09
3.190000000000000000e+02 1.065674450732911836e-08
3.200000000000000000e+02 9.807132717285079434e-09
3.210000000000000000e+02 9.080394028605110726e-09
3.220000000000000000e+02 9.091238122829025141e-09
3.230000000000000000e+02 9.254959891140188842e-09
3.240000000000000000e+02 9.651452421907344311e-09
3.250000000000000000e+02 8.585476610774222861e-09
3.260000000000000000e+02 8.331199669571687444e-09
3.270000000000000000e+02 9.210943229674565801e-09
3.280000000000000000e+02 1.035977456208090160e-08
3.290000000000000000e+02 1.063466294447081198e-08
3.300000000000000000e+02 1.326360699373614104e-08
3.310000000000000000e+02 1.431804170086375816e-08
3.320000000000000000e+02 1.094827735854676235e-08
3.330000000000000000e+02 9.199955708087514025e-09
3.340000000000000000e+02 8.686044550118339070e-09
3.350000000000000000e+02 9.749513563157461628e-09
3.360000000000000000e+02 9.596948874443326976e-09
3.370000000000000000e+02 1.170624671395423911e-08
3.380000000000000000e+02 1.000740241232865465e-08
3.390000000000000000e+02 9.985584670151598719e-09
3.400000000000000000e+02 9.904439447019902349e-09
3.410000000000000000e+02 9.882919727273455812e-09
3.420000000000000000e+02 9.110800769864214507e-09
3.430000000000000000e+02 9.601523451006567977e-09
3.440000000000000000e+02 1.019880487068911131e-08
3.450000000000000000e+02 1.345042515347283214e-08
3.460000000000000000e+02 1.151303368553574056e-08
3.470000000000000000e+02 8.755978728765087298e-09
3.480000000000000000e+02 8.546826382080703295e-09
3.490000000000000000e+02 8.326013300000180836e-09
3.500000000000000000e+02 8.501038650697172040e-09
3.510000000000000000e+02 1.000436413633023411e-08
3.520000000000000000e+02 8.044610458553371101e-09
3.530000000000000000e+02 7.967997716849175954e-09
3.540000000000000000e+02 8.774688381547341675e-09
3.550000000000000000e+02 9.105003117396219204e-09
3.560000000000000000e+02 9.610277524161305928e-09
3.570000000000000000e+02 9.057735598761613879e-09
3.580000000000000000e+02 8.554945670579293669e-09
3.590000000000000000e+02 9.083551303884640054e-09
3.600000000000000000e+02 8.472720189982992647e-09
3.610000000000000000e+02 8.166054918025924306e-09
3.620000000000000000e+02 1.048736663218322786e-08
3.630000000000000000e+02 8.590986126465760665e-09
3.640000000000000000e+02 8.729509452123742598e-09
3.650000000000000000e+02 8.336092246422566067e-09
3.660000000000000000e+02 8.058175404180769095e-09
3.670000000000000000e+02 7.889616980950240774e-09
3.680000000000000000e+02 8.268596498157683369e-09
3.690000000000000000e+02 7.507424907783320016e-09
3.700000000000000000e+02 8.636756653165637607e-09
3.710000000000000000e+02 8.715931991537517087e-09
3.720000000000000000e+02 8.915305048923500091e-09
3.730000000000000000e+02 8.388677785293290933e-09
3.740000000000000000e+02 7.813046826440583677e-09
3.750000000000000000e+02 7.446977533839313547e-09
3.760000000000000000e+02 7.730702889451206653e-09
3.770000000000000000e+02 7.868914456900138057e-09
3.780000000000000000e+02 8.328881637529374623e-09
3.790000000000000000e+02 1.006708421180550065e-08
3.800000000000000000e+02 8.614197731790319847e-09
3.810000000000000000e+02 8.720652266277804341e-09
3.820000000000000000e+02 7.556513838531485724e-09
3.830000000000000000e+02 8.150012461125982923e-09
3.840000000000000000e+02 1.129474105988462029e-08
3.850000000000000000e+02 1.049490455898352310e-08
3.860000000000000000e+02 8.267700392359609396e-09
3.870000000000000000e+02 8.385648615574752409e-09
3.880000000000000000e+02 7.658876728554337309e-09
3.890000000000000000e+02 8.950349025238080688e-09
3.900000000000000000e+02 7.951878922932088706e-09
3.910000000000000000e+02 8.627315304428597297e-09
3.920000000000000000e+02 7.551004946571381036e-09
3.930000000000000000e+02 7.504108549296305463e-09
3.940000000000000000e+02 7.238120428648854934e-09
3.950000000000000000e+02 8.605447672686397311e-09
3.960000000000000000e+02 8.171617589943660079e-09
3.970000000000000000e+02 7.678917743878229740e-09
3.980000000000000000e+02 8.324910328002791407e-09
3.990000000000000000e+02 8.162543944455970257e-09
4.000000000000000000e+02 7.271041470886905412e-09
4.010000000000000000e+02 9.218582205958248648e-09
4.020000000000000000e+02 9.436594991077151781e-09
4.030000000000000000e+02 7.912880955817397849e-09
4.040000000000000000e+02 7.462822313254123395e-09
4.050000000000000000e+02 7.786239100687206257e-09
4.060000000000000000e+02 8.032639171515573046e-09
4.070000000000000000e+02 6.977346680107238382e-09
4.080000000000000000e+02 7.346392292682597565e-09
4.090000000000000000e+02 8.282510807477719374e-09
4.100000000000000000e+02 7.379519621705980742e-09
4.110000000000000000e+02 7.414629976790695126e-09
4.120000000000000000e+02 6.938566503204189236e-09
4.130000000000000000e+02 7.312600527322371939e-09
4.140000000000000000e+02 7.204767790420460463e-09
4.150000000000000000e+02 6.787332402181864963e-09
4.160000000000000000e+02 7.145668030922913026e-09
4.170000000000000000e+02 7.719797737385892565e-09
4.180000000000000000e+02 7.409967732434104502e-09
4.190000000000000000e+02 7.725924588065189918e-09
4.200000000000000000e+02 7.226973512693872108e-09
4.210000000000000000e+02 7.372507521144606133e-09
4.220000000000000000e+02 7.792489674267976324e-09
4.230000000000000000e+02 7.940917453620619926e-09
4.240000000000000000e+02 7.740486641933312108e-09
4.250000000000000000e+02 6.737790367742648457e-09
4.260000000000000000e+02 7.038910405521348458e-09
4.270000000000000000e+02 8.482326605121767690e-09
4.280000000000000000e+02 1.105662557672342619e-08
4.290000000000000000e+02 1.498070476163191101e-08
4.300000000000000000e+02 1.334709801061780960e-08
4.310000000000000000e+02 9.434897010425374195e-09
4.320000000000000000e+02 6.965638987319676939e-09
4.330000000000000000e+02 6.718237010713147430e-09
4.340000000000000000e+02 7.161610122714779641e-09
4.350000000000000000e+02 6.919738612003099065e-09
4.360000000000000000e+02 6.943371184590327208e-09
4.370000000000000000e+02 6.725937878466726959e-09
4.380000000000000000e+02 6.973512884444363522e-09
4.390000000000000000e+02 8.090059769995579224e-09
4.400000000000000000e+02 6.668219061204746279e-09
4.410000000000000000e+02 7.286768192982169801e-09
4.420000000000000000e+02 7.495429041845010537e-09
4.430000000000000000e+02 7.156360245236282946e-09
4.440000000000000000e+02 6.592021883265327986e-09
4.450000000000000000e+02 6.595372325080999656e-09
4.460000000000000000e+02 7.331061631062222057e-09
4.470000000000000000e+02 7.904373640784622330e-09
4.480000000000000000e+02 7.931106783592216739e-09
4.490000000000000000e+02 7.490782986407175274e-09
4.500000000000000000e+02 7.401664639559751160e-09
4.510000000000000000e+02 6.408979821509169887e-09
4.520000000000000000e+02 6.809864218510131576e-09
4.530000000000000000e+02 6.819263869775355899e-09
4.540000000000000000e+02 6.759800270828219062e-09
4.550000000000000000e+02 6.903211693430454143e-09
4.560000000000000000e+02 8.817410192176188811e-09
4.570000000000000000e+02 7.229350545390893203e-09
4.580000000000000000e+02 6.353290322318957283e-09
4.590000000000000000e+02 6.641875333083333416e-09
4.600000000000000000e+02 6.580577098419564260e-09
4.610000000000000000e+02 6.767576400748205132e-09
4.620000000000000000e+02 6.608909221470362674e-09
4.630000000000000000e+02 6.476736760199314289e-09
4.640000000000000000e+02 6.525782933330650804e-09
4.650000000000000000e+02 7.176369023846646979e-09
4.660000000000000000e+02 6.585657410365740415e-09
4.670000000000000000e+02 7.034480661444401624e-09
4.680000000000000000e+02 6.836300846575821252e-09
4.690000000000000000e+02 6.586087969125735238e-09
4.700000000000000000e+02 6.640849218690398675e-09
4.710000000000000000e+02 7.084077086276241195e-09
4.720000000000000000e+02 6.346659021966281790e-09
4.730000000000000000e+02 6.432768301506133130e-09
4.740000000000000000e+02 6.552736006319262238e-09
4.750000000000000000e+02 6.683867700292054819e-09
4.760000000000000000e+02 6.609903462523748523e-09
4.770000000000000000e+02 6.379198781263321929e-09
4.780000000000000000e+02 6.174635788970362540e-09
4.790000000000000000e+02 6.157109709083944001e-09
4.800000000000000000e+02 6.402254684481397024e-09
4.810000000000000000e+02 7.168983427337785754e-09
4.820000000000000000e+02 6.706673011420149926e-09
4.830000000000000000e+02 6.998333839533245048e-09
4.840000000000000000e+02 6.213057192915016885e-09
4.850000000000000000e+02 6.285407788289866939e-09
4.860000000000000000e+02 6.202247125404655592e-09
4.870000000000000000e+02 6.479610736278441747e-09
4.880000000000000000e+02 6.099977511166697033e-09
4.890000000000000000e+02 6.404055876196023589e-09
4.900000000000000000e+02 6.322196839843975881e-09
4.910000000000000000e+02 6.107453685173614265e-09
4.920000000000000000e+02 6.739183383957681260e-09
4.930000000000000000e+02 6.060243775104128511e-09
4.940000000000000000e+02 6.051592083351924798e-09
4.950000000000000000e+02 6.661552216639533661e-09
4.960000000000000000e+02 6.884978080559088137e-09
4.970000000000000000e+02 6.624941256586910419e-09
4.980000000000000000e+02 6.529505424137716650e-09
4.990000000000000000e+02 6.107137942109314688e-09
5.000000000000000000e+02 6.910097906186266361e-09
5.010000000000000000e+02 6.401666130089443668e-09
5.020000000000000000e+02 6.389499013840532009e-09
5.030000000000000000e+02 6.641843162573857163e-09
5.040000000000000000e+02 6.134312328902927232e-09
5.050000000000000000e+02 6.972679213241705883e-09
5.060000000000000000e+02 6.668157136689147907e-09
5.070000000000000000e+02 6.488892035964816831e-09
5.080000000000000000e+02 7.896159055026589912e-09
5.090000000000000000e+02 7.416549399429647191e-09
5.100000000000000000e+02 6.143503680804496411e-09
5.110000000000000000e+02 5.962092278609481119e-09
5.120000000000000000e+02 5.948192714968527131e-09
5.130000000000000000e+02 6.321553530566553952e-09
5.140000000000000000e+02 6.177486678364297108e-09
5.150000000000000000e+02 6.329944599992489179e-09
5.160000000000000000e+02 6.025283988578161614e-09
5.170000000000000000e+02 7.657317432690846771e-09
5.180000000000000000e+02 6.327803918633433620e-09
5.190000000000000000e+02 6.233929896307606127e-09
5.200000000000000000e+02 6.656492269742207110e-09
5.210000000000000000e+02 6.053513507510407459e-09
5.220000000000000000e+02 6.404737839068223480e-09
5.230000000000000000e+02 6.565497212035583026e-09
5.240000000000000000e+02 6.712027965828143001e-09
5.250000000000000000e+02 6.053301761196183150e-09
5.260000000000000000e+02 5.796085218175142577e-09
5.270000000000000000e+02 5.716846819237133985e-09
5.280000000000000000e+02 6.724945528469802066e-09
5.290000000000000000e+02 6.033960414778787920e-09
5.300000000000000000e+02 5.986411303509717631e-09
5.310000000000000000e+02 5.716175319948860221e-09
5.320000000000000000e+02 5.688653080828409251e-09
5.330000000000000000e+02 5.620707644516743586e-09
5.340000000000000000e+02 5.823607142284461499e-09
5.350000000000000000e+02 6.017508846520974588e-09
5.360000000000000000e+02 6.383364407416460350e-09
5.370000000000000000e+02 6.521120326283005951e-09
5.380000000000000000e+02 5.894012932672436120e-09
5.390000000000000000e+02 5.978609553297572632e-09
5.400000000000000000e+02 5.972378697100588444e-09
5.410000000000000000e+02 6.125770790477621154e-09
5.420000000000000000e+02 5.980392260456996196e-09
5.430000000000000000e+02 5.827202433698491783e-09
5.440000000000000000e+02 5.828568060456073379e-09
5.450000000000000000e+02 6.501013381905961684e-09
5.460000000000000000e+02 5.811695535964106470e-09
5.470000000000000000e+02 6.998917017001367732e-09
5.480000000000000000e+02 6.385690716744086003e-09
5.490000000000000000e+02 5.932274288629849463e-09
5.500000000000000000e+02 5.693596748008923391e-09
5.510000000000000000e+02 5.774034079026972290e-09
5.520000000000000000e+02 5.756310478285593337e-09
5.530000000000000000e+02 5.917787073346305473e-09
5.540000000000000000e+02 5.818480824060918607e-09
5.550000000000000000e+02 5.764346113031648889e-09
5.560000000000000000e+02 5.540124184955160631e-09
5.570000000000000000e+02 5.815556796072286654e-09
5.580000000000000000e+02 5.805595291665900600e-09
5.590000000000000000e+02 6.764273263704980319e-09
5.600000000000000000e+02 6.057287697549923253e-09
5.610000000000000000e+02 5.808792443851934718e-09
5.620000000000000000e+02 5.681983947666477868e-09
5.630000000000000000e+02 6.691842613857326590e-09
5.640000000000000000e+02 6.482742076722624440e-09
5.650000000000000000e+02 5.617474726340477922e-09
5.660000000000000000e+02 5.496075938694271846e-09
5.670000000000000000e+02 5.840894940008580926e-09
5.680000000000000000e+02 6.116203853252876613e-09
5.690000000000000000e+02 5.759571222518174618e-09
5.700000000000000000e+02 5.683482565842862358e-09
5.710000000000000000e+02 5.608397956974122655e-09
5.720000000000000000e+02 6.110522842310661568e-09
5.730000000000000000e+02 5.648051559956777407e-09
5.740000000000000000e+02 5.560130139050103124e-09
5.750000000000000000e+02 5.644645335070278035e-09
5.760000000000000000e+02 5.556597442404441773e-09
5.770000000000000000e+02 5.335733460512036220e-09
5.780000000000000000e+02 5.572455888632558054e-09
5.790000000000000000e+02 5.515429282652753280e-09
5.800000000000000000e+02 5.495285410308494920e-09
5.810000000000000000e+02 5.534403313783713853e-09
5.820000000000000000e+02 5.471403932476803621e-09
5.830000000000000000e+02 5.435238842297296188e-09
5.840000000000000000e+02 5.476582253404720914e-09
5.850000000000000000e+02 5.945924977189312588e-09
5.860000000000000000e+02 6.311755934648313321e-09
5.870000000000000000e+02 5.806251454757195867e-09
5.880000000000000000e+02 6.388595276108842008e-09
5.890000000000000000e+02 6.220395250071780129e-09
5.900000000000000000e+02 5.557671523937858703e-09
5.910000000000000000e+02 5.545523237663776481e-09
5.920000000000000000e+02 5.445080751973646541e-09
5.930000000000000000e+02 5.634218362012575246e-09
5.940000000000000000e+02 5.547028461607223292e-09
5.950000000000000000e+02 5.603991155615439413e-09
5.960000000000000000e+02 5.758548127960277533e-09
5.970000000000000000e+02 5.620136590596079482e-09
5.980000000000000000e+02 5.859526656890491944e-09
5.990000000000000000e+02 6.280689585581539262e-09
6.000000000000000000e+02 6.061843694493316974e-09
6.010000000000000000e+02 5.812845095063045234e-09
6.020000000000000000e+02 5.427188517863100251e-09
6.030000000000000000e+02 5.853667343399813080e-09
6.040000000000000000e+02 5.572743248405786936e-09
6.050000000000000000e+02 5.427383461493085030e-09
6.060000000000000000e+02 5.655579646409122436e-09
6.070000000000000000e+02 5.728694565331561661e-09
6.080000000000000000e+02 5.887474190806185931e-09
6.090000000000000000e+02 5.671832492496172982e-09
6.100000000000000000e+02 5.591941409399186359e-09
6.110000000000000000e+02 5.441008588626345139e-09
6.120000000000000000e+02 5.340082558090584104e-09
6.130000000000000000e+02 5.324215178230306304e-09
6.140000000000000000e+02 5.418787249331190159e-09
6.150000000000000000e+02 5.327568211648256763e-09
6.160000000000000000e+02 5.499883987088646044e-09
6.170000000000000000e+02 5.346141166916395940e-09
6.180000000000000000e+02 5.381467604205467803e-09
6.190000000000000000e+02 5.311485547524010670e-09
6.200000000000000000e+02 5.494600992254850607e-09
6.210000000000000000e+02 5.376641006712456999e-09
6.220000000000000000e+02 5.383388493942016117e-09
6.230000000000000000e+02 5.528138261141724315e-09
6.240000000000000000e+02 5.338747621633612372e-09
6.250000000000000000e+02 5.540018887073165209e-09
6.260000000000000000e+02 5.301123364515667542e-09
6.270000000000000000e+02 5.576257837394353183e-09
6.280000000000000000e+02 5.919879890457793348e-09
6.290000000000000000e+02 5.261924234814024474e-09
6.300000000000000000e+02 5.218448117375183250e-09
6.310000000000000000e+02 5.407187071549483610e-09
6.320000000000000000e+02 5.328757303701407089e-09
6.330000000000000000e+02 5.704512658333875069e-09
6.340000000000000000e+02 5.480900359750750542e-09
6.350000000000000000e+02 5.533215206469151028e-09
6.360000000000000000e+02 5.908221886576010383e-09
6.370000000000000000e+02 5.382168799180818912e-09
6.380000000000000000e+02 5.594060846410194833e-09
6.390000000000000000e+02 5.380850120769391501e-09
6.400000000000000000e+02 5.244421859811990102e-09
6.410000000000000000e+02 5.209032717669026407e-09
6.420000000000000000e+02 5.355600943278650757e-09
6.430000000000000000e+02 5.335671175792187154e-09
6.440000000000000000e+02 5.217788061314483540e-09
6.450000000000000000e+02 5.529173862343119030e-09
6.460000000000000000e+02 5.329748402000977645e-09
6.470000000000000000e+02 5.564541632884412214e-09
6.480000000000000000e+02 5.443908064010284224e-09
6.490000000000000000e+02 5.420806125218848854e-09
6.500000000000000000e+02 5.469893899836031731e-09
6.510000000000000000e+02 5.354450495122039834e-09
6.520000000000000000e+02 5.280886106827652533e-09
6.530000000000000000e+02 5.372545787714946318e-09
6.540000000000000000e+02 5.364131795685365457e-09
6.550000000000000000e+02 5.184882682672211864e-09
6.560000000000000000e+02 5.391652505209510353e-09
6.570000000000000000e+02 5.173388627167946537e-09
6.580000000000000000e+02 5.514959940123130684e-09
6.590000000000000000e+02 6.237682730200110162e-09
6.600000000000000000e+02 5.455645375886867534e-09
6.610000000000000000e+02 5.301825434111634611e-09
6.620000000000000000e+02 5.307615082150991700e-09
6.630000000000000000e+02 5.142416478319368084e-09
6.640000000000000000e+02 5.147113286964257489e-09
6.650000000000000000e+02 5.395399837201031646e-09
6.660000000000000000e+02 5.215546403672677305e-09
6.670000000000000000e+02 5.446547321836468375e-09
6.680000000000000000e+02 5.082793591842446844e-09
6.690000000000000000e+02 5.348678166441120034e-09
6.700000000000000000e+02 5.303805622686231443e-09
6.710000000000000000e+02 5.098694928100977504e-09
6.720000000000000000e+02 5.335897474489560669e-09
6.730000000000000000e+02 5.439831822952661793e-09
6.740000000000000000e+02 5.291425523106261409e-09
6.750000000000000000e+02 5.315254253684005954e-09
6.760000000000000000e+02 5.287950807338812539e-09
6.770000000000000000e+02 5.559342360820966131e-09
6.780000000000000000e+02 5.293321289233693093e-09
6.790000000000000000e+02 5.528001014567564049e-09
6.800000000000000000e+02 5.398612746946122674e-09
6.810000000000000000e+02 5.057397942808936465e-09
6.820000000000000000e+02 5.012218716741008033e-09
6.830000000000000000e+02 5.157895243419594055e-09
6.840000000000000000e+02 5.131655564971283631e-09
6.850000000000000000e+02 5.065632645511030638e-09
6.860000000000000000e+02 5.206285345142058824e-09
6.870000000000000000e+02 5.284314455194001583e-09
6.880000000000000000e+02 5.089594749335155509e-09
6.890000000000000000e+02 5.179677408010726876e-09
6.900000000000000000e+02 5.478802172235999157e-09
6.910000000000000000e+02 5.259036129545750039e-09
6.920000000000000000e+02 5.357934530899150332e-09
6.930000000000000000e+02 5.171443368279326186e-09
6.940000000000000000e+02 5.105543232362828853e-09
6.950000000000000000e+02 5.112769363327420825e-09
6.960000000000000000e+02 5.258798210798030111e-09
6.970000000000000000e+02 5.153653846838399759e-09
6.980000000000000000e+02 5.010543442235203696e-09
6.990000000000000000e+02 5.081370354664643433e-09
7.000000000000000000e+02 5.306641222383479830e-09
7.010000000000000000e+02 5.108602933616840551e-09
7.020000000000000000e+02 5.135814877177470010e-09
7.030000000000000000e+02 5.029327642040102298e-09
7.040000000000000000e+02 5.036375899395648888e-09
7.050000000000000000e+02 5.033339159260777527e-09
7.060000000000000000e+02 5.058180578075376224e-09
7.070000000000000000e+02 4.998565132712789748e-09
7.080000000000000000e+02 5.367505137454144940e-09
7.090000000000000000e+02 5.128499794026445889e-09
7.100000000000000000e+02 5.215582022441501124e-09
7.110000000000000000e+02 5.040998957911371211e-09
7.120000000000000000e+02 5.230889088115117803e-09
7.130000000000000000e+02 5.141781278039068183e-09
7.140000000000000000e+02 5.042235376204155693e-09
7.150000000000000000e+02 5.369453198036959464e-09
7.160000000000000000e+02 5.232895246440024881e-09
7.170000000000000000e+02 5.228539960385900898e-09
7.180000000000000000e+02 5.040644871740112619e-09
7.190000000000000000e+02 5.151739583213046219e-09
7.200000000000000000e+02 5.101970887018448933e-09
7.210000000000000000e+02 4.910057968753159802e-09
7.220000000000000000e+02 5.153538983018919698e-09
7.230000000000000000e+02 5.144077540547087006e-09
7.240000000000000000e+02 4.942572179090731241e-09
7.250000000000000000e+02 4.994390344118485557e-09
7.260000000000000000e+02 5.093425664277772355e-09
7.270000000000000000e+02 4.998191388723846712e-09
7.280000000000000000e+02 5.046609228879913379e-09
7.290000000000000000e+02 5.404866756498981023e-09
7.300000000000000000e+02 5.112203826155539641e-09
7.310000000000000000e+02 5.065620100224171901e-09
7.320000000000000000e+02 5.193544130561797735e-09
7.330000000000000000e+02 4.998881338899064152e-09
7.340000000000000000e+02 4.987940527892467180e-09
7.350000000000000000e+02 5.138777264369845981e-09
7.360000000000000000e+02 5.068863069971764640e-09
7.370000000000000000e+02 4.943532779538788664e-09
7.380000000000000000e+02 4.997648247895828571e-09
7.390000000000000000e+02 5.180044975021869586e-09
7.400000000000000000e+02 4.937349712800180356e-09
7.410000000000000000e+02 4.966993627159858686e-09
7.420000000000000000e+02 5.011712562368120160e-09
7.430000000000000000e+02 5.243113800661653576e-09
7.440000000000000000e+02 4.908628669466152424e-09
7.450000000000000000e+02 4.897475635239790170e-09
7.460000000000000000e+02 5.123081921464513272e-09
7.470000000000000000e+02 4.975901416113862334e-09
7.480000000000000000e+02 5.189647561046565093e-09
7.490000000000000000e+02 5.616205750025938601e-09
7.500000000000000000e+02 5.307892147681085823e-09
7.510000000000000000e+02 5.077439753753983969e-09
7.520000000000000000e+02 4.902203923315257153e-09
7.530000000000000000e+02 5.068147870616548108e-09
7.540000000000000000e+02 5.117477359243095224e-09
7.550000000000000000e+02 5.540143599754882985e-09
7.560000000000000000e+02 5.106824022859146137e-09
7.570000000000000000e+02 5.122622882106115004e-09
7.580000000000000000e+02 5.116918163019426598e-09
7.590000000000000000e+02 4.967865428682568299e-09
7.600000000000000000e+02 4.919997227445399745e-09
7.610000000000000000e+02 4.861599267883612182e-09
7.620000000000000000e+02 5.008445959042647425e-09
7.630000000000000000e+02 5.009759911852728327e-09
7.640000000000000000e+02 4.917079782976410491e-09
7.650000000000000000e+02 4.915742335521052632e-09
7.660000000000000000e+02 5.095485853490487604e-09
7.670000000000000000e+02 5.097255165845788975e-09
7.680000000000000000e+02 4.955976396920066373e-09
7.690000000000000000e+02 4.984020959148787368e-09
7.700000000000000000e+02 4.905613691739542296e-09
7.710000000000000000e+02 4.809577421911364934e-09
7.720000000000000000e+02 4.942691602777833914e-09
7.730000000000000000e+02 5.096640400490021395e-09
7.740000000000000000e+02 5.268542631169448115e-09
7.750000000000000000e+02 5.124317375781865107e-09
7.760000000000000000e+02 4.853751005583299586e-09
7.770000000000000000e+02 4.859984073893139344e-09
7.780000000000000000e+02 4.950153528077451229e-09
7.790000000000000000e+02 5.095740762265593619e-09
7.800000000000000000e+02 4.943531895453352933e-09
7.810000000000000000e+02 4.885664853138935106e-09
7.820000000000000000e+02 4.900881044695319331e-09
7.830000000000000000e+02 4.901656861007716379e-09
7.840000000000000000e+02 4.918426176304172207e-09
7.850000000000000000e+02 4.967319152868768144e-09
7.860000000000000000e+02 4.855809512824291667e-09
7.870000000000000000e+02 4.831402029936914068e-09
7.880000000000000000e+02 4.935807196500389158e-09
7.890000000000000000e+02 5.096701838528944806e-09
7.900000000000000000e+02 5.145700671786225820e-09
7.910000000000000000e+02 5.197373584169501936e-09
7.920000000000000000e+02 4.998214925590835020e-09
7.930000000000000000e+02 4.889897828710544012e-09
7.940000000000000000e+02 4.831046280602590068e-09
7.950000000000000000e+02 4.863524682887774306e-09
7.960000000000000000e+02 4.895696396257784089e-09
7.970000000000000000e+02 4.881137438191769254e-09
7.980000000000000000e+02 4.999029577008678790e-09
7.990000000000000000e+02 4.929343161736436436e-09
8.000000000000000000e+02 4.893208568198236368e-09
8.010000000000000000e+02 4.883502182633497121e-09
8.020000000000000000e+02 4.903778564839132307e-09
8.030000000000000000e+02 4.883309191873141475e-09
8.040000000000000000e+02 4.919162898685155774e-09
8.050000000000000000e+02 4.942877924073055156e-09
8.060000000000000000e+02 4.835257413855187691e-09
8.070000000000000000e+02 4.804691402656163710e-09
8.080000000000000000e+02 4.902947918898227425e-09
8.090000000000000000e+02 4.836909387622984810e-09
8.100000000000000000e+02 4.895837484915063632e-09
8.110000000000000000e+02 4.874281817751823687e-09
8.120000000000000000e+02 4.806030022359421322e-09
8.130000000000000000e+02 4.938771523107792882e-09
8.140000000000000000e+02 5.029626048744805650e-09
8.150000000000000000e+02 4.886279381380762897e-09
8.160000000000000000e+02 4.836277872841942771e-09
8.170000000000000000e+02 4.933072324225547729e-09
8.180000000000000000e+02 5.020231671157966353e-09
8.190000000000000000e+02 4.833111449326504705e-09
8.200000000000000000e+02 4.815644893859562076e-09
8.210000000000000000e+02 4.996974296639066828e-09
8.220000000000000000e+02 4.894647580266387542e-09
8.230000000000000000e+02 4.899649233624271396e-09
8.240000000000000000e+02 5.050492893547569870e-09
8.250000000000000000e+02 4.929957348101908959e-09
8.260000000000000000e+02 4.956170073396206685e-09
8.270000000000000000e+02 4.927241350240326628e-09
8.280000000000000000e+02 4.875719889467054478e-09
8.290000000000000000e+02 4.791644356664460141e-09
8.300000000000000000e+02 4.861394892153150275e-09
8.310000000000000000e+02 4.782277887678418827e-09
8.320000000000000000e+02 4.791987118872294440e-09
8.330000000000000000e+02 4.833199949472559245e-09
8.340000000000000000e+02 4.787594634468874439e-09
8.350000000000000000e+02 4.814576554644941193e-09
8.360000000000000000e+02 4.766731689425265419e-09
8.370000000000000000e+02 4.863528664569994092e-09
8.380000000000000000e+02 4.853727714620574532e-09
8.390000000000000000e+02 4.776058042575917875e-09
8.400000000000000000e+02 4.738012482103390579e-09
8.410000000000000000e+02 4.871942424692224270e-09
8.420000000000000000e+02 4.812401907596171033e-09
8.430000000000000000e+02 4.752449123056505023e-09
8.440000000000000000e+02 4.733216881548950370e-09
8.450000000000000000e+02 4.828695143386256927e-09
8.460000000000000000e+02 4.756489107917801882e-09
8.470000000000000000e+02 4.776788685576895858e-09
8.480000000000000000e+02 4.890787113527268916e-09
8.490000000000000000e+02 4.853615850559111184e-09
8.500000000000000000e+02 4.971944179349699249e-09
8.510000000000000000e+02 4.898043736326856810e-09
8.520000000000000000e+02 4.831136229819104994e-09
8.530000000000000000e+02 4.764764671917057156e-09
8.540000000000000000e+02 4.765589846597822100e-09
8.550000000000000000e+02 4.794852087599867878e-09
8.560000000000000000e+02 4.952522365812124545e-09
8.570000000000000000e+02 4.764292517442629639e-09
8.580000000000000000e+02 4.740868529896823957e-09
8.590000000000000000e+02 4.848334906374859976e-09
8.600000000000000000e+02 4.752085151690506517e-09
8.610000000000000000e+02 4.790072945724111811e-09
8.620000000000000000e+02 4.791961261590334853e-09
8.630000000000000000e+02 4.830390040202823525e-09
8.640000000000000000e+02 4.836403531023090251e-09
8.650000000000000000e+02 4.734875901136793516e-09
8.660000000000000000e+02 4.740966676106159467e-09
8.670000000000000000e+02 4.811442713525951203e-09
8.680000000000000000e+02 4.705219030482105297e-09
8.690000000000000000e+02 4.812741127760329431e-09
8.700000000000000000e+02 4.811685308952708230e-09
8.710000000000000000e+02 4.713709364963528588e-09
8.720000000000000000e+02 4.760751420302735121e-09
8.730000000000000000e+02 4.767212825499917556e-09
8.740000000000000000e+02 4.692239355384087299e-09
8.750000000000000000e+02 4.775722984953095226e-09
8.760000000000000000e+02 4.746698176963861185e-09
8.770000000000000000e+02 4.790158078403033175e-09
8.780000000000000000e+02 4.887781518291848045e-09
8.790000000000000000e+02 4.684090324639519035e-09
8.800000000000000000e+02 4.730261954680221780e-09
8.810000000000000000e+02 4.814009313909117883e-09
8.820000000000000000e+02 4.696305271974431019e-09
8.830000000000000000e+02 4.780450020280098716e-09
8.840000000000000000e+02 4.715034483359884505e-09
8.850000000000000000e+02 4.755428353357453602e-09
8.860000000000000000e+02 4.722013562454355771e-09
8.870000000000000000e+02 4.701762034961226087e-09
8.880000000000000000e+02 4.715978476403776799e-09
8.890000000000000000e+02 4.816630570204603536e-09
8.900000000000000000e+02 4.909361080230962005e-09
8.910000000000000000e+02 4.761428404815551540e-09
8.920000000000000000e+02 4.886259899570905029e-09
8.930000000000000000e+02 4.724562479993764665e-09
8.940000000000000000e+02 4.760963110627591098e-09
8.950000000000000000e+02 4.717738929823824050e-09
8.960000000000000000e+02 4.730800481262222926e-09
8.970000000000000000e+02 4.698598149521491440e-09
8.980000000000000000e+02 4.722359134764211122e-09
8.990000000000000000e+02 4.721853623894498860e-09
9.000000000000000000e+02 4.722273964809089457e-09
9.010000000000000000e+02 4.750319516204762301e-09
9.020000000000000000e+02 4.691358082388950495e-09
9.030000000000000000e+02 4.680618913869214055e-09
9.040000000000000000e+02 4.733298730789369060e-09
9.050000000000000000e+02 4.678275115864351166e-09
9.060000000000000000e+02 4.682025519139148702e-09
9.070000000000000000e+02 4.769903695591875706e-09
9.080000000000000000e+02 4.814213897375659147e-09
9.090000000000000000e+02 4.717671487807588521e-09
9.100000000000000000e+02 4.775632568659652305e-09
9.110000000000000000e+02 4.717250561692761051e-09
9.120000000000000000e+02 4.695434481952676353e-09
9.130000000000000000e+02 4.680078027095711738e-09
9.140000000000000000e+02 4.690380820286923748e-09
9.150000000000000000e+02 4.667909257717921885e-09
9.160000000000000000e+02 4.724204988897039833e-09
9.170000000000000000e+02 4.804907281422224967e-09
9.180000000000000000e+02 4.681646825226652121e-09
9.190000000000000000e+02 4.787059398297378603e-09
9.200000000000000000e+02 4.715624473824068953e-09
9.210000000000000000e+02 4.670435789678584824e-09
9.220000000000000000e+02 4.713250926093612923e-09
9.230000000000000000e+02 4.705438794314904145e-09
9.240000000000000000e+02 4.729743024123279105e-09
9.250000000000000000e+02 4.690627698533482449e-09
9.260000000000000000e+02 4.704839092086084921e-09
9.270000000000000000e+02 4.676065274470868803e-09
9.280000000000000000e+02 4.653939224243039494e-09
9.290000000000000000e+02 4.689358399608188463e-09
9.300000000000000000e+02 4.707881688815941785e-09
9.310000000000000000e+02 4.673918211705011577e-09
9.320000000000000000e+02 4.645148844354892547e-09
9.330000000000000000e+02 4.645187965473302506e-09
9.340000000000000000e+02 4.689545243078837476e-09
9.350000000000000000e+02 4.680039293611565518e-09
9.360000000000000000e+02 4.646523346497567185e-09
9.370000000000000000e+02 4.682882847576700304e-09
9.380000000000000000e+02 4.763905313116803248e-09
9.390000000000000000e+02 4.801471757224644382e-09
9.400000000000000000e+02 4.770812777895230212e-09
9.410000000000000000e+02 4.739075483010499710e-09
9.420000000000000000e+02 4.643537614277225812e-09
9.430000000000000000e+02 4.638870157287910536e-09
9.440000000000000000e+02 4.654388713483290166e-09
9.450000000000000000e+02 4.684824647974257627e-09
9.460000000000000000e+02 4.669209407154774048e-09
9.470000000000000000e+02 4.691243468485446334e-09
9.480000000000000000e+02 4.690918318929504760e-09
9.490000000000000000e+02 4.657077238091647094e-09
9.500000000000000000e+02 4.629640516752570796e-09
9.510000000000000000e+02 4.739364831188736573e-09
9.520000000000000000e+02 4.672752989896774375e-09
9.530000000000000000e+02 4.685555560740761094e-09
9.540000000000000000e+02 4.793795197212815598e-09
9.550000000000000000e+02 4.633347465434111529e-09
9.560000000000000000e+02 4.692579342846643125e-09
9.570000000000000000e+02 4.820672431275706820e-09
9.580000000000000000e+02 4.687625957063232617e-09
9.590000000000000000e+02 4.681707635852483931e-09
9.600000000000000000e+02 4.607254558532707566e-09
9.610000000000000000e+02 4.621786389060791699e-09
9.620000000000000000e+02 4.637627362958896257e-09
9.630000000000000000e+02 4.721548513929963914e-09
9.640000000000000000e+02 4.626227402890484275e-09
9.650000000000000000e+02 4.631213989769387800e-09
9.660000000000000000e+02 4.733875031243108306e-09
9.670000000000000000e+02 4.614803361033202666e-09
9.680000000000000000e+02 4.685599650439132324e-09
9.690000000000000000e+02 4.733377563415896451e-09
9.700000000000000000e+02 4.689701172612826659e-09
9.710000000000000000e+02 4.741828142595615358e-09
9.720000000000000000e+02 4.702883473023181923e-09
9.730000000000000000e+02 4.740171704200976435e-09
9.740000000000000000e+02 4.697122963111827782e-09
9.750000000000000000e+02 4.635651268455345552e-09
9.760000000000000000e+02 4.804593395334589778e-09
9.770000000000000000e+02 4.879005278721930425e-09
9.780000000000000000e+02 4.657159440220742723e-09
9.790000000000000000e+02 4.641203926407966526e-09
9.800000000000000000e+02 4.606342145694119491e-09
9.810000000000000000e+02 4.644944379988836742e-09
9.820000000000000000e+02 4.658740921845841488e-09
9.830000000000000000e+02 4.686971595337921653e-09
9.840000000000000000e+02 4.716086683839571081e-09
9.850000000000000000e+02 4.647245290332012061e-09
9.860000000000000000e+02 4.691410998216690358e-09
9.870000000000000000e+02 4.658091707617291726e-09
9.880000000000000000e+02 4.698196104152030362e-09
9.890000000000000000e+02 4.606916862264570835e-09
9.900000000000000000e+02 4.687196654939976254e-09
9.910000000000000000e+02 4.635665506449845899e-09
9.920000000000000000e+02 4.719480083717734588e-09
9.930000000000000000e+02 4.774431947744689397e-09
9.940000000000000000e+02 4.696485848108133407e-09
9.950000000000000000e+02 4.590015225601366472e-09
9.960000000000000000e+02 4.594182832326588930e-09
9.970000000000000000e+02 4.741138134093159922e-09
9.980000000000000000e+02 4.630972483406909688e-09
9.990000000000000000e+02 4.699908582738587426e-09
1.000000000000000000e+03 4.642995375516062648e-09
1.001000000000000000e+03 4.706829751342564481e-09
1.002000000000000000e+03 4.651162014691572345e-09
1.003000000000000000e+03 4.752080824516339066e-09
1.004000000000000000e+03 4.678031585255325172e-09
1.005000000000000000e+03 4.662510722767749807e-09
1.006000000000000000e+03 4.677908553021200655e-09
1.007000000000000000e+03 4.687858430054761236e-09
1.008000000000000000e+03 4.591061765073377506e-09
1.009000000000000000e+03 4.603783248642430145e-09
1.010000000000000000e+03 4.629197087961322145e-09
1.011000000000000000e+03 4.604211933394936467e-09
1.012000000000000000e+03 4.601086317664374504e-09
1.013000000000000000e+03 4.601594552510599278e-09
1.014000000000000000e+03 4.615120263975987960e-09
1.015000000000000000e+03 4.612891451308685578e-09
1.016000000000000000e+03 4.689279383765536140e-09
1.017000000000000000e+03 4.623254103016529376e-09
1.018000000000000000e+03 4.612859199953416792e-09
1.019000000000000000e+03 4.593398387695374665e-09
1.020000000000000000e+03 4.591039929087973195e-09
1.021000000000000000e+03 4.677827156923515880e-09
1.022000000000000000e+03 4.683467366122956729e-09
1.023000000000000000e+03 4.602855793347119789e-09
1.024000000000000000e+03 4.649771713735394751e-09
1.025000000000000000e+03 4.671413923546140026e-09
1.026000000000000000e+03 4.629712222885501792e-09
1.027000000000000000e+03 4.627784687000929639e-09
1.028000000000000000e+03 4.605023987241449516e-09
1.029000000000000000e+03 4.677511757402651526e-09
1.030000000000000000e+03 4.609405564931816434e-09
1.031000000000000000e+03 4.601704678853197734e-09
1.032000000000000000e+03 4.618757560520361301e-09
1.033000000000000000e+03 4.569050064478523251e-09
1.034000000000000000e+03 4.598941383546053170e-09
1.035000000000000000e+03 4.687248156631479416e-09
1.036000000000000000e+03 4.664957756775685890e-09
1.037000000000000000e+03 4.681891805482004271e-09
1.038000000000000000e+03 4.595913343130132598e-09
1.039000000000000000e+03 4.618710354563801294e-09
1.040000000000000000e+03 4.597890315721880922e-09
1.041000000000000000e+03 4.594911860607961848e-09
1.042000000000000000e+03 4.633731124965807900e-09
1.043000000000000000e+03 4.595890743117954258e-09
1.044000000000000000e+03 4.604974142804511104e-09
1.045000000000000000e+03 4.557759022233804516e-09
1.046000000000000000e+03 4.706040633786215901e-09
1.047000000000000000e+03 4.684102071376119075e-09
1.048000000000000000e+03 4.634495976890790156e-09
1.049000000000000000e+03 4.608150438795252746e-09
1.050000000000000000e+03 4.596034356585926466e-09
1.051000000000000000e+03 4.702767654839491684e-09
1.052000000000000000e+03 4.695953813847846840e-09
1.053000000000000000e+03 4.579107849125502647e-09
1.054000000000000000e+03 4.623192690398561082e-09
1.055000000000000000e+03 4.611407572543001805e-09
1.056000000000000000e+03 4.622446949694234503e-09
1.057000000000000000e+03 4.689547885923413348e-09
1.058000000000000000e+03 4.641476271467064490e-09
1.059000000000000000e+03 4.629073857745070755e-09
1.060000000000000000e+03 4.622109496304663384e-09
1.061000000000000000e+03 4.572083345947612015e-09
1.062000000000000000e+03 4.631208051951567607e-09
1.063000000000000000e+03 4.645703674462285584e-09
1.064000000000000000e+03 4.552987615309709073e-09
1.065000000000000000e+03 4.579437545715738478e-09
1.066000000000000000e+03 4.619894046856081196e-09
1.067000000000000000e+03 4.626383460096330155e-09
1.068000000000000000e+03 4.615186419934387868e-09
1.069000000000000000e+03 4.582344821068446537e-09
1.070000000000000000e+03 4.631040432278752118e-09
1.071000000000000000e+03 4.557224370204856173e-09
1.072000000000000000e+03 4.552133010837054713e-09
1.073000000000000000e+03 4.585024159210445637e-09
1.074000000000000000e+03 4.627882129324085208e-09
1.075000000000000000e+03 4.598011263638471544e-09
1.076000000000000000e+03 4.606083262180333040e-09
1.077000000000000000e+03 4.591810395156881306e-09
1.078000000000000000e+03 4.557457096569159225e-09
1.079000000000000000e+03 4.606434153807966755e-09
1.080000000000000000e+03 4.568432150091678469e-09
1.081000000000000000e+03 4.566960096171646976e-09
1.082000000000000000e+03 4.632676192328402952e-09
1.083000000000000000e+03 4.599347791622247306e-09
1.084000000000000000e+03 4.571836800433352082e-09
1.085000000000000000e+03 4.577039399363863740e-09
1.086000000000000000e+03 4.609353333444121740e-09
1.087000000000000000e+03 4.595340611696040377e-09
1.088000000000000000e+03 4.710553310231553179e-09
1.089000000000000000e+03 4.696870260547132469e-09
1.090000000000000000e+03 4.589756653615393300e-09
1.091000000000000000e+03 4.556506563077489481e-09
1.092000000000000000e+03 4.562647493573125297e-09
1.093000000000000000e+03 4.634724155188428743e-09
1.094000000000000000e+03 4.625153367226770101e-09
1.095000000000000000e+03 4.546773212408054735e-09
1.096000000000000000e+03 4.566358796185907799e-09
1.097000000000000000e+03 4.628750365068986903e-09
1.098000000000000000e+03 4.656798755112947608e-09
1.099000000000000000e+03 4.565064227963741869e-09
1.100000000000000000e+03 4.593138027159111708e-09
1.101000000000000000e+03 4.592065242252949790e-09
1.102000000000000000e+03 4.586154881854606507e-09
1.103000000000000000e+03 4.553033279086219858e-09
1.104000000000000000e+03 4.593481721739607515e-09
1.105000000000000000e+03 4.554395443927260261e-09
1.106000000000000000e+03 4.545703099054757847e-09
1.107000000000000000e+03 4.541214478633889689e-09
1.108000000000000000e+03 4.571787770548871746e-09
1.109000000000000000e+03 4.574136093203410612e-09
1.110000000000000000e+03 4.570197634303101272e-09
1.111000000000000000e+03 4.554770130119428274e-09
1.112000000000000000e+03 4.596141366723819987e-09
1.113000000000000000e+03 4.566212770841166403e-09
1.114000000000000000e+03 4.563519511498256593e-09
1.115000000000000000e+03 4.593056591329112327e-09
1.116000000000000000e+03 4.555531534607804925e-09
1.117000000000000000e+03 4.548292725631326429e-09
1.118000000000000000e+03 4.531302145193243244e-09
1.119000000000000000e+03 4.619254735718794566e-09
1.120000000000000000e+03 4.570836609272568996e-09
1.121000000000000000e+03 4.589227254249630713e-09
1.122000000000000000e+03 4.559296526932478674e-09
1.123000000000000000e+03 4.546583306053762307e-09
1.124000000000000000e+03 4.560502884771504641e-09
1.125000000000000000e+03 4.703398696785888515e-09
1.126000000000000000e+03 4.577613062270133765e-09
1.127000000000000000e+03 4.522193299743778625e-09
1.128000000000000000e+03 4.531548911163973439e-09
1.129000000000000000e+03 4.561024086765283594e-09
1.130000000000000000e+03 4.538875687853010923e-09
1.131000000000000000e+03 4.575632977566412186e-09
1.132000000000000000e+03 4.541263496161285116e-09
1.133000000000000000e+03 4.551959972398987699e-09
1.134000000000000000e+03 4.563003027118386174e-09
1.135000000000000000e+03 4.520405701998067570e-09
1.136000000000000000e+03 4.594690386954193456e-09
1.137000000000000000e+03 4.567940069952196765e-09
1.138000000000000000e+03 4.536097052529803247e-09
1.139000000000000000e+03 4.571797424543636057e-09
1.140000000000000000e+03 4.529184194436686323e-09
1.141000000000000000e+03 4.518508088084476673e-09
1.142000000000000000e+03 4.529659008590499317e-09
1.143000000000000000e+03 4.570440022863690879e-09
1.144000000000000000e+03 4.550354798810882362e-09
1.145000000000000000e+03 4.565490168852769407e-09
1.146000000000000000e+03 4.639618110199597243e-09
1.147000000000000000e+03 4.579308082491028056e-09
1.148000000000000000e+03 4.562922088569653555e-09
1.149000000000000000e+03 4.582570475389243458e-09
1.150000000000000000e+03 4.563156325574802695e-09
1.151000000000000000e+03 4.517295006440878816e-09
1.152000000000000000e+03 4.557562615623971590e-09
1.153000000000000000e+03 4.538720838998247713e-09
1.154000000000000000e+03 4.520055184503724469e-09
1.155000000000000000e+03 4.515397117577901772e-09
1.156000000000000000e+03 4.540882704232910432e-09
1.157000000000000000e+03 4.513579772511171084e-09
1.158000000000000000e+03 4.532746385734874300e-09
1.159000000000000000e+03 4.525551423051938362e-09
1.160000000000000000e+03 4.542182212741188296e-09
1.161000000000000000e+03 4.509070624893928784e-09
1.162000000000000000e+03 4.561971117908583981e-09
1.163000000000000000e+03 4.521625948494124084e-09
1.164000000000000000e+03 4.540131463353134611e-09
1.165000000000000000e+03 4.568175791339608145e-09
1.166000000000000000e+03 4.531584899606373378e-09
1.167000000000000000e+03 4.531139288544087748e-09
1.168000000000000000e+03 4.527253220369552790e-09
1.169000000000000000e+03 4.552149457488438450e-09
1.170000000000000000e+03 4.556880945184833566e-09
1.171000000000000000e+03 4.501036863190458858e-09
1.172000000000000000e+03 4.501799485829811446e-09
1.173000000000000000e+03 4.558388175228759539e-09
1.174000000000000000e+03 4.501534853621181820e-09
1.175000000000000000e+03 4.563194345898490257e-09
1.176000000000000000e+03 4.501733082701169037e-09
1.177000000000000000e+03 4.536440041325357450e-09
1.178000000000000000e+03 4.512228636144590140e-09
1.179000000000000000e+03 4.536634277621666229e-09
1.180000000000000000e+03 4.653767677512008380e-09
1.181000000000000000e+03 4.605175059520112750e-09
1.182000000000000000e+03 4.560874833874834519e-09
1.183000000000000000e+03 4.503680146541284009e-09
1.184000000000000000e+03 4.528880577847055534e-09
1.185000000000000000e+03 4.509828308493903503e-09
1.186000000000000000e+03 4.496006655694136631e-09
1.187000000000000000e+03 4.531368342504618818e-09
1.188000000000000000e+03 4.525495070864804402e-09
1.189000000000000000e+03 4.519622615970603306e-09
1.190000000000000000e+03 4.517103220832840510e-09
1.191000000000000000e+03 4.525088660941659060e-09
1.192000000000000000e+03 4.483859960164533349e-09
1.193000000000000000e+03 4.476024919454840014e-09
1.194000000000000000e+03 4.568557809381246315e-09
1.195000000000000000e+03 4.518611141755487450e-09
1.196000000000000000e+03 4.491034340065304925e-09
1.197000000000000000e+03 4.526490267338919347e-09
1.198000000000000000e+03 4.526227378085327833e-09
1.199000000000000000e+03 4.512961645825520340e-09
1.200000000000000000e+03 4.511163981548191258e-09
1.201000000000000000e+03 4.540184030578833585e-09
1.202000000000000000e+03 4.509538092326273928e-09
1.203000000000000000e+03 4.533530191426783549e-09
1.204000000000000000e+03 4.516519280559531570e-09
1.205000000000000000e+03 4.517665504032998057e-09
1.206000000000000000e+03 4.509812631835119723e-09
1.207000000000000000e+03 4.490093256367954771e-09
1.208000000000000000e+03 4.515621365825395087e-09
1.209000000000000000e+03 4.511950242307964759e-09
1.210000000000000000e+03 4.481354263853125572e-09
1.211000000000000000e+03 4.542714338798496812e-09
1.212000000000000000e+03 4.534980683148958013e-09
1.213000000000000000e+03 4.480982255358335245e-09
1.214000000000000000e+03 4.489358260965269729e-09
1.215000000000000000e+03 4.500131517544914705e-09
1.216000000000000000e+03 4.519105268432073299e-09
1.217000000000000000e+03 4.544338498649991178e-09
1.218000000000000000e+03 4.493955924788691752e-09
1.219000000000000000e+03 4.538515786825297167e-09
1.220000000000000000e+03 4.498412029124814917e-09
1.221000000000000000e+03 4.555570381651368748e-09
1.222000000000000000e+03 4.497603923864490160e-09
1.223000000000000000e+03 4.514365493663468744e-09
1.224000000000000000e+03 4.490775610043679854e-09
1.225000000000000000e+03 4.499226423071637762e-09
1.226000000000000000e+03 4.529474475421326775e-09
1.227000000000000000e+03 4.498872022768019815e-09
1.228000000000000000e+03 4.481926869352154176e-09
1.229000000000000000e+03 4.589373931111076625e-09
1.230000000000000000e+03 4.473415163981167756e-09
1.231000000000000000e+03 4.477032962149321856e-09
1.232000000000000000e+03 4.490673989449709777e-09
1.233000000000000000e+03 4.489527808298369404e-09
1.234000000000000000e+03 4.537729484747507135e-09
1.235000000000000000e+03 4.509219477805128384e-09
1.236000000000000000e+03 4.553637701742785276e-09
1.237000000000000000e+03 4.516308553199656662e-09
1.238000000000000000e+03 4.488980510455280973e-09
1.239000000000000000e+03 4.455532533203896869e-09
1.240000000000000000e+03 4.518035556452907997e-09
1.241000000000000000e+03 4.526252017189059189e-09
1.242000000000000000e+03 4.546249268939289288e-09
1.243000000000000000e+03 4.527959171764911401e-09
1.244000000000000000e+03 4.489699042736407951e-09
1.245000000000000000e+03 4.547418540732052886e-09
1.246000000000000000e+03 4.494444941559488701e-09
1.247000000000000000e+03 4.460149393829625918e-09
