0.000000000000000000e+00 2.274578916033108966e-01
1.000000000000000000e+00 4.655734846989313669e-02
2.000000000000000000e+00 4.129095574220021519e-02
3.000000000000000000e+00 3.463265190521876147e-02
4.000000000000000000e+00 2.400035227338473062e-02
5.000000000000000000e+00 1.935566693544387915e-02
6.000000000000000000e+00 1.902580703298250783e-02
7.000000000000000000e+00 1.869709660609563187e-02
8.000000000000000000e+00 1.807223245501518236e-02
9.000000000000000000e+00 1.761555880308151092e-02
1.000000000000000000e+01 1.766465194523334642e-02
1.100000000000000000e+01 1.676311567425727705e-02
1.200000000000000000e+01 1.686042845249175956e-02
1.300000000000000000e+01 1.564652959505716950e-02
1.400000000000000000e+01 1.480726825694243104e-02
1.500000000000000000e+01 1.365145427485307122e-02
1.600000000000000000e+01 1.414978402356306675e-02
1.700000000000000000e+01 1.251000560820102712e-02
1.800000000000000000e+01 1.227918406327565583e-02
1.900000000000000000e+01 9.678869570295015740e-03
2.000000000000000000e+01 9.667887911200523030e-03
2.100000000000000000e+01 7.718002622326214715e-03
2.200000000000000000e+01 6.161630451679230014e-03
2.300000000000000000e+01 5.513226054608822216e-03
2.400000000000000000e+01 4.025546045353015252e-03
2.500000000000000000e+01 3.535056887194514431e-03
2.600000000000000000e+01 2.927378248423337902e-03
2.700000000000000000e+01 2.394773165384928189e-03
2.800000000000000000e+01 1.445751697756349988e-03
2.900000000000000000e+01 1.088146079952518252e-03
3.000000000000000000e+01 9.307461581192910801e-04
3.100000000000000000e+01 7.100866758264600797e-04
3.200000000000000000e+01 6.416080868802964687e-04
3.300000000000000000e+01 5.139725212939083403e-04
3.400000000000000000e+01 5.751613007547954487e-04
3.500000000000000000e+01 4.200259844462076895e-04
3.600000000000000000e+01 3.572136741907646273e-04
3.700000000000000000e+01 3.285877049590150761e-04
3.800000000000000000e+01 3.242474103656908108e-04
3.900000000000000000e+01 3.187662700656801636e-04
4.000000000000000000e+01 2.797640056814998128e-04
4.100000000000000000e+01 2.493244669555375916e-04
4.200000000000000000e+01 2.746840779824803107e-04
4.300000000000000000e+01 2.689792650441328822e-04
4.400000000000000000e+01 2.506504108896478750e-04
4.500000000000000000e+01 2.452813519630581162e-04
4.600000000000000000e+01 2.222453247910986221e-04
4.700000000000000000e+01 2.343092664765815056e-04
4.800000000000000000e+01 2.747256101186697479e-04
4.900000000000000000e+01 2.653406791311378049e-04
5.000000000000000000e+01 2.283402503235265548e-04
5.100000000000000000e+01 1.924198307096958171e-04
5.200000000000000000e+01 2.307250051914403876e-04
5.300000000000000000e+01 2.932061611985166774e-04
5.400000000000000000e+01 2.575708186486735788e-04
5.500000000000000000e+01 1.900409359950572209e-04
5.600000000000000000e+01 2.017252806884546948e-04
5.700000000000000000e+01 2.068915262740726149e-04
5.800000000000000000e+01 2.322262890326480035e-04
5.900000000000000000e+01 1.611688722429486576e-04
6.000000000000000000e+01 1.868468540487810839e-04
6.100000000000000000e+01 1.283235328931671860e-04
6.200000000000000000e+01 1.209262161864899072e-04
6.300000000000000000e+01 1.311840440030209633e-04
6.400000000000000000e+01 1.705032429890707222e-04
6.500000000000000000e+01 1.174063418875448389e-04
6.600000000000000000e+01 1.140272343764081581e-04
6.700000000000000000e+01 1.245987933361902952e-04
6.800000000000000000e+01 1.632799589424394049e-04
6.900000000000000000e+01 1.109722343001825074e-04
7.000000000000000000e+01 1.422950023940454032e-04
7.100000000000000000e+01 1.193122831561292256e-04
7.200000000000000000e+01 8.054982089864400020e-05
7.300000000000000000e+01 1.093896209204103765e-04
7.400000000000000000e+01 1.063149518449790825e-04
7.500000000000000000e+01 1.493365278292913098e-04
7.600000000000000000e+01 1.401097497243123866e-04
7.700000000000000000e+01 1.175872046345223916e-04
7.800000000000000000e+01 7.422127460207169237e-05
7.900000000000000000e+01 1.843842609863107439e-04
8.000000000000000000e+01 1.340789246023632456e-04
8.100000000000000000e+01 1.395349302038084802e-04
8.200000000000000000e+01 9.687079975265078138e-05
8.300000000000000000e+01 1.267938691792854476e-04
8.400000000000000000e+01 1.143132762323754488e-04
8.500000000000000000e+01 7.361729609935233629e-05
8.600000000000000000e+01 1.138960627334502791e-04
8.700000000000000000e+01 8.218518846357861902e-05
8.800000000000000000e+01 7.056430898956022669e-05
8.900000000000000000e+01 9.878760252225523447e-05
9.000000000000000000e+01 1.384749672918890863e-04
9.100000000000000000e+01 9.892998321447521014e-05
9.200000000000000000e+01 1.701240864349529039e-04
9.300000000000000000e+01 7.001390957157128210e-05
9.400000000000000000e+01 7.579566561616957838e-05
9.500000000000000000e+01 8.171047530292222590e-05
9.600000000000000000e+01 1.030528965444924970e-04
9.700000000000000000e+01 7.718645739563119294e-05
9.800000000000000000e+01 1.569919297859693693e-04
9.900000000000000000e+01 1.585774747945833930e-04
1.000000000000000000e+02 1.247926216941171737e-04
1.010000000000000000e+02 1.257207143256285509e-04
1.020000000000000000e+02 1.281434719082123188e-04
1.030000000000000000e+02 6.299226331369330088e-05
1.040000000000000000e+02 9.059734026474567390e-05
1.050000000000000000e+02 7.791742357464197450e-05
1.060000000000000000e+02 8.363578555872663747e-05
1.070000000000000000e+02 1.006571219962400639e-04
1.080000000000000000e+02 8.989996417464378540e-05
1.090000000000000000e+02 1.009359428038199676e-04
1.100000000000000000e+02 7.598832691049513916e-05
1.110000000000000000e+02 5.994826203580790383e-05
1.120000000000000000e+02 6.600045177037827345e-05
1.130000000000000000e+02 1.150882369014046415e-04
1.140000000000000000e+02 6.188659179315436740e-05
1.150000000000000000e+02 1.440228970750467852e-04
1.160000000000000000e+02 9.343163714220281474e-05
1.170000000000000000e+02 8.444320325603863213e-05
1.180000000000000000e+02 7.460836861961676555e-05
1.190000000000000000e+02 4.347736668326736530e-05
1.200000000000000000e+02 1.240152156969998097e-04
1.210000000000000000e+02 1.089199654476639446e-04
1.220000000000000000e+02 8.836537963361479884e-05
1.230000000000000000e+02 7.756666241524119883e-05
1.240000000000000000e+02 5.283672474130677671e-05
1.250000000000000000e+02 9.086399465256060615e-05
1.260000000000000000e+02 1.035635149795174014e-04
1.270000000000000000e+02 6.797758304552795788e-05
1.280000000000000000e+02 2.258437919469239862e-04
1.290000000000000000e+02 8.168803894174440905e-05
1.300000000000000000e+02 6.901946828293148591e-05
1.310000000000000000e+02 6.823500632890499695e-05
1.320000000000000000e+02 8.639948971297902781e-05
1.330000000000000000e+02 1.040445825007433684e-04
1.340000000000000000e+02 8.257665841180520988e-05
1.350000000000000000e+02 5.410354790607622234e-05
1.360000000000000000e+02 1.379048090408711348e-04
1.370000000000000000e+02 1.180079651627844757e-04
1.380000000000000000e+02 6.632350358510545488e-05
1.390000000000000000e+02 8.081509173886539674e-05
1.400000000000000000e+02 8.169151153803492712e-05
1.410000000000000000e+02 5.411216295518291638e-05
1.420000000000000000e+02 7.251527322902499623e-05
1.430000000000000000e+02 8.981621722341515395e-05
1.440000000000000000e+02 1.326040214189561062e-04
1.450000000000000000e+02 9.996184254608427955e-05
1.460000000000000000e+02 1.229027450608555238e-04
1.470000000000000000e+02 6.873508049466181059e-05
1.480000000000000000e+02 6.445830481728383903e-05
1.490000000000000000e+02 4.858506290474906699e-05
1.500000000000000000e+02 3.765509939209247484e-05
1.510000000000000000e+02 9.517737237426141753e-05
1.520000000000000000e+02 9.818720017695644557e-05
1.530000000000000000e+02 7.579037446703296155e-05
1.540000000000000000e+02 5.625297984806820533e-05
1.550000000000000000e+02 5.776439126445135768e-05
1.560000000000000000e+02 6.845755010241797562e-05
1.570000000000000000e+02 9.961419181005718880e-05
1.580000000000000000e+02 1.113602356053888814e-04
1.590000000000000000e+02 5.440734525715622098e-05
1.600000000000000000e+02 5.905195461915961445e-05
1.610000000000000000e+02 9.873809814356112431e-05
1.620000000000000000e+02 9.546656884291829584e-05
1.630000000000000000e+02 4.323769055190496445e-05
1.640000000000000000e+02 5.887244687376854085e-05
1.650000000000000000e+02 8.047583886461022614e-05
1.660000000000000000e+02 8.247288397493927393e-05
1.670000000000000000e+02 5.226294248132035218e-05
1.680000000000000000e+02 7.591392798834324944e-05
1.690000000000000000e+02 1.013199832717267185e-04
1.700000000000000000e+02 6.968988117781312009e-05
1.710000000000000000e+02 5.994222684724566900e-05
1.720000000000000000e+02 5.529609814402647560e-05
1.730000000000000000e+02 3.805701829454240654e-05
1.740000000000000000e+02 6.035624050127808194e-05
1.750000000000000000e+02 1.189270475879311627e-04
1.760000000000000000e+02 7.782545260852202610e-05
1.770000000000000000e+02 5.795634274060527773e-05
1.780000000000000000e+02 7.439576986750277778e-05
1.790000000000000000e+02 4.460977453466815181e-05
1.800000000000000000e+02 9.195592829200905358e-05
1.810000000000000000e+02 7.210199328255839646e-05
1.820000000000000000e+02 4.383936512264577986e-05
1.830000000000000000e+02 5.623019676325687391e-05
1.840000000000000000e+02 5.508469160607394757e-05
1.850000000000000000e+02 3.969130416711171450e-05
1.860000000000000000e+02 5.567257515698050550e-05
1.870000000000000000e+02 3.495153667851506223e-05
1.880000000000000000e+02 5.647394917711305329e-05
1.890000000000000000e+02 4.468974041325661034e-05
1.900000000000000000e+02 2.737331107103576191e-05
1.910000000000000000e+02 1.140339178285406247e-04
1.920000000000000000e+02 3.718859911411224708e-05
1.930000000000000000e+02 5.896832032400804307e-05
1.940000000000000000e+02 4.782244919624645344e-05
1.950000000000000000e+02 5.265939216769766062e-05
1.960000000000000000e+02 4.073129321720140775e-05
1.970000000000000000e+02 9.491000254153429563e-05
1.980000000000000000e+02 6.627827693591825339e-05
1.990000000000000000e+02 7.930926740906821878e-05
2.000000000000000000e+02 2.975242047493035504e-05
2.010000000000000000e+02 7.862069758023911340e-05
2.020000000000000000e+02 4.250047636257173997e-05
2.030000000000000000e+02 3.882379845890682516e-05
2.040000000000000000e+02 6.338386990440388123e-05
2.050000000000000000e+02 2.780683964374475140e-05
2.060000000000000000e+02 9.961834851613578516e-05
2.070000000000000000e+02 2.185943124156134950e-05
2.080000000000000000e+02 3.516167361037029376e-05
2.090000000000000000e+02 2.441002665970397025e-05
2.100000000000000000e+02 5.825749669990424408e-05
2.110000000000000000e+02 4.436036899278406352e-05
2.120000000000000000e+02 3.989849210483953357e-05
2.130000000000000000e+02 3.095076065316485853e-05
2.140000000000000000e+02 2.963719152224560412e-05
2.150000000000000000e+02 4.716074057796504403e-05
2.160000000000000000e+02 4.331290571523520034e-05
2.170000000000000000e+02 4.832317261995437317e-05
2.180000000000000000e+02 2.174081887157323613e-05
2.190000000000000000e+02 1.000919807362758289e-04
2.200000000000000000e+02 3.859971797889254035e-05
2.210000000000000000e+02 7.284659232633809755e-05
2.220000000000000000e+02 6.070886322656102819e-05
2.230000000000000000e+02 4.265708157618064704e-05
2.240000000000000000e+02 3.410584528561836910e-05
2.250000000000000000e+02 5.192923849487366794e-05
2.260000000000000000e+02 3.728020531222379447e-05
2.270000000000000000e+02 2.678103578849307622e-05
2.280000000000000000e+02 5.867275689524831033e-05
2.290000000000000000e+02 3.974983867616780850e-05
2.300000000000000000e+02 4.365206430520629619e-05
2.310000000000000000e+02 3.413625887333182835e-05
2.320000000000000000e+02 7.932210572713909043e-05
2.330000000000000000e+02 8.814031922762902442e-05
2.340000000000000000e+02 4.605680875101825033e-05
2.350000000000000000e+02 3.810031084867659685e-05
2.360000000000000000e+02 2.971021077731469156e-05
2.370000000000000000e+02 2.392020580979684912e-05
2.380000000000000000e+02 4.886617106725074037e-05
2.390000000000000000e+02 3.385663858352927220e-05
2.400000000000000000e+02 3.902204913174500499e-05
2.410000000000000000e+02 2.703116103172457512e-05
2.420000000000000000e+02 4.579190281219780581e-05
2.430000000000000000e+02 4.074211771997700629e-05
2.440000000000000000e+02 2.310173100947092022e-05
2.450000000000000000e+02 3.374453443636108612e-05
2.460000000000000000e+02 4.454581752118732385e-05
2.470000000000000000e+02 4.441698488032367448e-05
2.480000000000000000e+02 4.182443319829568743e-05
2.490000000000000000e+02 2.458177602723784201e-05
2.500000000000000000e+02 2.578749270469415770e-05
2.510000000000000000e+02 3.224825952202081707e-05
2.520000000000000000e+02 5.987856562569504278e-05
2.530000000000000000e+02 6.472769256409567748e-05
2.540000000000000000e+02 3.915664960610835521e-05
2.550000000000000000e+02 3.363781002311346142e-05
2.560000000000000000e+02 2.587342950088592804e-05
2.570000000000000000e+02 2.523427619356274020e-05
2.580000000000000000e+02 3.593455704200702237e-05
2.590000000000000000e+02 1.623939453565981334e-05
2.600000000000000000e+02 2.343791453313315165e-05
2.610000000000000000e+02 2.707166427474779301e-05
2.620000000000000000e+02 2.429938129353104268e-05
2.630000000000000000e+02 3.456637903582304689e-05
2.640000000000000000e+02 2.900619319310256423e-05
2.650000000000000000e+02 6.337189898961999692e-05
2.660000000000000000e+02 3.543296241938757472e-05
2.670000000000000000e+02 3.195467311646401514e-05
2.680000000000000000e+02 3.702202081816115872e-05
2.690000000000000000e+02 4.184718327451264621e-05
2.700000000000000000e+02 1.971005801654731175e-05
2.710000000000000000e+02 3.121747558907372741e-05
2.720000000000000000e+02 3.306187557124455004e-05
2.730000000000000000e+02 3.351199450359369173e-05
2.740000000000000000e+02 2.212818087476383147e-05
2.750000000000000000e+02 4.686053984187310345e-05
2.760000000000000000e+02 2.064710023356989516e-05
2.770000000000000000e+02 2.125927433856607612e-05
2.780000000000000000e+02 2.304383175214752636e-05
2.790000000000000000e+02 1.892891668830998242e-05
2.800000000000000000e+02 2.644231363471287159e-05
2.810000000000000000e+02 2.888623480733561757e-05
2.820000000000000000e+02 2.613101283107728990e-05
2.830000000000000000e+02 2.174794642390528014e-05
2.840000000000000000e+02 4.018662184535060078e-05
2.850000000000000000e+02 5.174558095556373280e-05
2.860000000000000000e+02 3.199136648618150286e-05
2.870000000000000000e+02 2.732062421273440123e-05
2.880000000000000000e+02 3.098028568880787487e-05
2.890000000000000000e+02 3.278409566216092843e-05
2.900000000000000000e+02 2.590977192085119896e-05
2.910000000000000000e+02 1.606682657438796068e-05
2.920000000000000000e+02 2.951532296719960936e-05
2.930000000000000000e+02 4.508894271566532281e-05
2.940000000000000000e+02 2.942588341587300664e-05
2.950000000000000000e+02 2.164293799675457940e-05
2.960000000000000000e+02 2.516020294327366309e-05
2.970000000000000000e+02 2.646395178089733168e-05
2.980000000000000000e+02 3.174476765707367706e-05
2.990000000000000000e+02 2.689775092828009862e-05
3.000000000000000000e+02 3.283329299544372547e-05
3.010000000000000000e+02 3.500384622990774494e-05
3.020000000000000000e+02 1.784840210651357883e-05
3.030000000000000000e+02 2.012064246324977613e-05
3.040000000000000000e+02 2.118057996388718778e-05
3.050000000000000000e+02 3.624272037995978892e-05
3.060000000000000000e+02 1.433480208409794994e-05
3.070000000000000000e+02 2.120995787360395162e-05
3.080000000000000000e+02 3.618791388968626893e-05
3.090000000000000000e+02 1.359691061831351016e-05
3.100000000000000000e+02 3.923126356918752995e-05
3.110000000000000000e+02 1.840955755445368935e-05
3.120000000000000000e+02 1.833008755056653036e-05
3.130000000000000000e+02 1.197527095428085899e-05
3.140000000000000000e+02 3.378875891333639860e-05
3.150000000000000000e+02 3.724124367484667631e-05
3.160000000000000000e+02 2.572365086962235942e-05
3.170000000000000000e+02 2.172387845348566852e-05
3.180000000000000000e+02 2.070383123282226707e-05
3.190000000000000000e+02 2.854257482492054466e-05
3.200000000000000000e+02 1.576249504675312525e-05
3.210000000000000000e+02 2.049369742962881086e-05
3.220000000000000000e+02 2.770125200186157572e-05
3.230000000000000000e+02 1.859389906409584598e-05
3.240000000000000000e+02 1.777475684017796817e-05
3.250000000000000000e+02 1.678910234962434868e-05
3.260000000000000000e+02 1.648736191176188444e-05
3.270000000000000000e+02 2.002997956878971430e-05
3.280000000000000000e+02 2.164506299474548121e-05
3.290000000000000000e+02 2.233959533138355988e-05
3.300000000000000000e+02 4.054707499866101885e-05
3.310000000000000000e+02 2.259718206308510488e-05
3.320000000000000000e+02 2.106407977407798225e-05
3.330000000000000000e+02 1.869847993172394629e-05
3.340000000000000000e+02 2.710441867141829083e-05
3.350000000000000000e+02 2.054766022411058643e-05
3.360000000000000000e+02 2.202187901275465184e-05
3.370000000000000000e+02 1.406872886339745736e-05
3.380000000000000000e+02 2.034332215165098558e-05
3.390000000000000000e+02 1.578877253753792706e-05
3.400000000000000000e+02 2.491675991526184032e-05
3.410000000000000000e+02 1.820042723314448715e-05
3.420000000000000000e+02 3.594770982696597036e-05
3.430000000000000000e+02 1.298034937766109049e-05
3.440000000000000000e+02 2.280999922125678033e-05
3.450000000000000000e+02 1.811037481578144388e-05
3.460000000000000000e+02 1.709233606864775891e-05
3.470000000000000000e+02 2.204947132365001883e-05
3.480000000000000000e+02 1.421745152886918134e-05
3.490000000000000000e+02 1.989158737463488549e-05
3.500000000000000000e+02 1.155799403932178379e-05
3.510000000000000000e+02 1.661857647680638745e-05
3.520000000000000000e+02 1.518369811189283331e-05
3.530000000000000000e+02 1.816247574727943487e-05
3.540000000000000000e+02 2.452609717389956796e-05
3.550000000000000000e+02 1.259306939270269738e-05
3.560000000000000000e+02 2.369588955843937719e-05
3.570000000000000000e+02 2.029919742805456328e-05
3.580000000000000000e+02 1.281444868557931291e-05
3.590000000000000000e+02 1.903513650783376381e-05
3.600000000000000000e+02 2.291781387611990781e-05
3.610000000000000000e+02 1.966690028590771077e-05
3.620000000000000000e+02 1.552213320489196610e-05
3.630000000000000000e+02 1.595061978756954506e-05
3.640000000000000000e+02 1.406845287419855554e-05
3.650000000000000000e+02 1.662582947271100061e-05
3.660000000000000000e+02 2.009284414574115857e-05
3.670000000000000000e+02 2.831437914816584955e-05
3.680000000000000000e+02 1.361164189802366228e-05
3.690000000000000000e+02 1.809630909823075256e-05
3.700000000000000000e+02 1.029869779207122764e-05
3.710000000000000000e+02 1.654365772992605262e-05
3.720000000000000000e+02 1.467983741652763782e-05
3.730000000000000000e+02 1.710423449670391599e-05
3.740000000000000000e+02 1.645056845518411205e-05
3.750000000000000000e+02 2.327737035860385269e-05
3.760000000000000000e+02 1.686546327012668615e-05
3.770000000000000000e+02 2.213577989702268198e-05
3.780000000000000000e+02 1.228265534033804867e-05
3.790000000000000000e+02 1.203762240038486265e-05
3.800000000000000000e+02 2.761897444846302699e-05
3.810000000000000000e+02 1.420799149248826644e-05
3.820000000000000000e+02 1.499328829595469897e-05
3.830000000000000000e+02 1.147287015555775779e-05
3.840000000000000000e+02 2.234963611651134236e-05
3.850000000000000000e+02 3.122496316185182009e-05
3.860000000000000000e+02 1.633605366199238518e-05
3.870000000000000000e+02 1.402600299115874879e-05
3.880000000000000000e+02 1.149970522722772629e-05
3.890000000000000000e+02 2.078614215861307457e-05
3.900000000000000000e+02 1.407092138227502237e-05
3.910000000000000000e+02 1.314647014927080180e-05
3.920000000000000000e+02 1.484076034709384332e-05
3.930000000000000000e+02 1.419752288711606525e-05
3.940000000000000000e+02 1.524977062217658311e-05
3.950000000000000000e+02 1.669679627714989000e-05
3.960000000000000000e+02 1.619157916744976903e-05
3.970000000000000000e+02 1.622346472383166249e-05
3.980000000000000000e+02 1.651270924412529011e-05
3.990000000000000000e+02 1.425427525949392713e-05
4.000000000000000000e+02 1.308036484260810559e-05
4.010000000000000000e+02 1.115120595689707742e-05
4.020000000000000000e+02 2.599406415053332714e-05
4.030000000000000000e+02 1.406481992792881352e-05
4.040000000000000000e+02 1.172976374315718835e-05
4.050000000000000000e+02 1.776087660497675425e-05
4.060000000000000000e+02 1.129803231378900852e-05
4.070000000000000000e+02 1.458431304248127474e-05
4.080000000000000000e+02 1.794684489141218418e-05
4.090000000000000000e+02 1.123460406840119198e-05
4.100000000000000000e+02 1.866270055567535171e-05
4.110000000000000000e+02 1.174655403398598184e-05
4.120000000000000000e+02 1.542324560432461927e-05
4.130000000000000000e+02 1.073009335717264005e-05
4.140000000000000000e+02 1.307999068255109318e-05
4.150000000000000000e+02 9.413169658121964042e-06
4.160000000000000000e+02 1.450292935866552106e-05
4.170000000000000000e+02 1.060845873022723624e-05
4.180000000000000000e+02 1.566130672775519237e-05
4.190000000000000000e+02 1.679631168371997774e-05
4.200000000000000000e+02 1.039903259879793020e-05
4.210000000000000000e+02 1.159215708563957914e-05
4.220000000000000000e+02 1.329208818788174499e-05
4.230000000000000000e+02 1.135964511073931746e-05
4.240000000000000000e+02 1.115707363169349217e-05
4.250000000000000000e+02 1.162286109320120879e-05
4.260000000000000000e+02 1.631490324749999496e-05
4.270000000000000000e+02 1.270036228258201472e-05
4.280000000000000000e+02 1.059874911031026087e-05
4.290000000000000000e+02 1.641875785329223794e-05
4.300000000000000000e+02 1.289558472005107046e-05
4.310000000000000000e+02 1.748052096445462544e-05
4.320000000000000000e+02 1.210394725906856718e-05
4.330000000000000000e+02 1.478309017026428327e-05
4.340000000000000000e+02 1.122203808336052989e-05
4.350000000000000000e+02 2.017607374000363025e-05
4.360000000000000000e+02 1.007294610947913776e-05
4.370000000000000000e+02 1.149578258264227696e-05
4.380000000000000000e+02 8.518537812657693339e-06
4.390000000000000000e+02 1.075678160001795480e-05
4.400000000000000000e+02 1.864128875846896892e-05
4.410000000000000000e+02 1.327676852573252569e-05
4.420000000000000000e+02 8.489686818696403007e-06
4.430000000000000000e+02 1.404705969131706915e-05
4.440000000000000000e+02 1.166092437415500124e-05
4.450000000000000000e+02 1.212034069491589190e-05
4.460000000000000000e+02 1.011994284150811490e-05
4.470000000000000000e+02 1.344858674201532267e-05
4.480000000000000000e+02 1.285405618546064963e-05
4.490000000000000000e+02 1.284925639993161921e-05
4.500000000000000000e+02 1.268397118716772333e-05
4.510000000000000000e+02 1.114810005674371550e-05
4.520000000000000000e+02 1.123378131524077590e-05
4.530000000000000000e+02 9.979592202095469516e-06
4.540000000000000000e+02 1.125717382819857408e-05
4.550000000000000000e+02 1.149364838056499057e-05
4.560000000000000000e+02 1.058513270133213732e-05
4.570000000000000000e+02 1.402365560352336649e-05
4.580000000000000000e+02 8.302605504771539004e-06
4.590000000000000000e+02 1.053090831798423687e-05
4.600000000000000000e+02 1.454070514834408342e-05
4.610000000000000000e+02 1.067956140711127522e-05
4.620000000000000000e+02 1.093037958222945894e-05
4.630000000000000000e+02 9.755949328488592589e-06
4.640000000000000000e+02 7.014537807966311237e-06
4.650000000000000000e+02 9.230986985736915187e-06
4.660000000000000000e+02 9.687593701528385214e-06
4.670000000000000000e+02 9.032883505521265068e-06
4.680000000000000000e+02 1.199467835249379304e-05
4.690000000000000000e+02 7.053924534072090742e-06
4.700000000000000000e+02 1.126966679294127944e-05
4.710000000000000000e+02 1.016495954900165149e-05
4.720000000000000000e+02 8.046481780183966593e-06
4.730000000000000000e+02 9.015033495719157374e-06
4.740000000000000000e+02 1.044979600616594943e-05
4.750000000000000000e+02 1.030090269220333274e-05
4.760000000000000000e+02 9.172940602487263738e-06
4.770000000000000000e+02 8.748131816294821194e-06
4.780000000000000000e+02 1.038710080441281505e-05
4.790000000000000000e+02 7.895192387271285001e-06
4.800000000000000000e+02 8.733002590209555468e-06
4.810000000000000000e+02 1.216988299953906532e-05
4.820000000000000000e+02 1.214913237466437980e-05
4.830000000000000000e+02 8.419718536363992445e-06
4.840000000000000000e+02 1.042588117040092238e-05
4.850000000000000000e+02 1.179543061880394742e-05
4.860000000000000000e+02 8.912862816335594072e-06
4.870000000000000000e+02 9.038787387301757876e-06
4.880000000000000000e+02 7.469192681431498508e-06
4.890000000000000000e+02 7.953702919015389608e-06
4.900000000000000000e+02 1.046793696029150512e-05
4.910000000000000000e+02 8.533975627263620101e-06
4.920000000000000000e+02 9.349105184810468385e-06
4.930000000000000000e+02 8.756338290064984481e-06
4.940000000000000000e+02 1.052488933055428720e-05
4.950000000000000000e+02 9.347224331577308340e-06
4.960000000000000000e+02 1.017106479897241448e-05
4.970000000000000000e+02 9.889526415160314254e-06
4.980000000000000000e+02 9.841149464288416799e-06
4.990000000000000000e+02 1.067310640185799796e-05
5.000000000000000000e+02 9.779751386910599798e-06
5.010000000000000000e+02 8.821173626832508205e-06
5.020000000000000000e+02 8.008555875373228120e-06
5.030000000000000000e+02 8.691161780613281245e-06
5.040000000000000000e+02 8.559802687765719357e-06
5.050000000000000000e+02 8.864512662209259470e-06
5.060000000000000000e+02 8.890161067635441933e-06
5.070000000000000000e+02 1.071088241587858627e-05
5.080000000000000000e+02 6.595964629620236012e-06
5.090000000000000000e+02 8.503156547400673044e-06
5.100000000000000000e+02 1.111196769367476687e-05
5.110000000000000000e+02 8.626760821546971742e-06
5.120000000000000000e+02 8.535617180314147709e-06
5.130000000000000000e+02 7.279393181912988718e-06
5.140000000000000000e+02 1.029893888699007268e-05
5.150000000000000000e+02 6.778602913376138184e-06
5.160000000000000000e+02 6.604464257785973179e-06
5.170000000000000000e+02 9.187306050080224008e-06
5.180000000000000000e+02 9.125972377053889525e-06
5.190000000000000000e+02 8.937637888569345895e-06
5.200000000000000000e+02 8.708416295727753611e-06
5.210000000000000000e+02 7.515682082157581909e-06
5.220000000000000000e+02 7.222181435887857143e-06
5.230000000000000000e+02 8.220030446561092178e-06
5.240000000000000000e+02 7.936221433434790124e-06
5.250000000000000000e+02 8.107400120328141506e-06
5.260000000000000000e+02 8.172748985089128024e-06
5.270000000000000000e+02 8.315658560604787753e-06
5.280000000000000000e+02 7.729628799400719893e-06
5.290000000000000000e+02 1.463812731041495450e-05
5.300000000000000000e+02 9.249572328068703605e-06
5.310000000000000000e+02 6.425192104870802452e-06
5.320000000000000000e+02 6.249624857446178963e-06
5.330000000000000000e+02 6.647236011000738553e-06
5.340000000000000000e+02 7.458886693711974997e-06
5.350000000000000000e+02 1.078881634991072798e-05
5.360000000000000000e+02 7.222289298927838417e-06
5.370000000000000000e+02 7.383014996473017984e-06
5.380000000000000000e+02 7.548349949502153356e-06
5.390000000000000000e+02 6.925100033186026646e-06
5.400000000000000000e+02 7.953006246073831545e-06
5.410000000000000000e+02 7.111831046131555651e-06
5.420000000000000000e+02 8.165709535508844014e-06
5.430000000000000000e+02 7.526968778014027847e-06
5.440000000000000000e+02 8.136374887423395981e-06
5.450000000000000000e+02 8.295549341710285165e-06
5.460000000000000000e+02 7.471766378633523033e-06
5.470000000000000000e+02 9.402718399845373743e-06
5.480000000000000000e+02 7.144047379673186785e-06
5.490000000000000000e+02 7.018002467399734467e-06
5.500000000000000000e+02 7.531901558953298928e-06
5.510000000000000000e+02 6.888732674876034028e-06
5.520000000000000000e+02 1.005721600449760397e-05
5.530000000000000000e+02 8.955334878919529796e-06
5.540000000000000000e+02 8.275446659051036654e-06
5.550000000000000000e+02 7.471754215657710724e-06
5.560000000000000000e+02 9.643348021199926124e-06
5.570000000000000000e+02 8.304066583756746273e-06
5.580000000000000000e+02 9.944329719170733614e-06
5.590000000000000000e+02 6.629198796872515367e-06
5.600000000000000000e+02 6.371856801100269462e-06
5.610000000000000000e+02 8.288686434146560062e-06
5.620000000000000000e+02 6.750866599152989917e-06
5.630000000000000000e+02 7.077183690853416716e-06
5.640000000000000000e+02 6.684509147210822638e-06
5.650000000000000000e+02 7.279147751736066976e-06
5.660000000000000000e+02 6.500753361251554587e-06
5.670000000000000000e+02 6.733524648249537215e-06
5.680000000000000000e+02 9.222238822985673594e-06
5.690000000000000000e+02 7.491853166357031956e-06
5.700000000000000000e+02 6.711685003513896968e-06
5.710000000000000000e+02 8.341255221845738003e-06
5.720000000000000000e+02 6.896596763302416569e-06
5.730000000000000000e+02 8.375164758642010464e-06
5.740000000000000000e+02 9.008351844386197288e-06
5.750000000000000000e+02 7.026141189877913830e-06
5.760000000000000000e+02 6.443458723879302886e-06
5.770000000000000000e+02 7.328990911143288547e-06
5.780000000000000000e+02 7.840100846199978137e-06
5.790000000000000000e+02 6.153809869526109495e-06
5.800000000000000000e+02 6.910568505797224819e-06
5.810000000000000000e+02 6.172699668240965903e-06
5.820000000000000000e+02 7.374993592748069171e-06
5.830000000000000000e+02 6.822685785058032259e-06
5.840000000000000000e+02 6.196280528456554951e-06
5.850000000000000000e+02 6.987061954835856599e-06
5.860000000000000000e+02 7.468565669720798601e-06
5.870000000000000000e+02 6.317567728425880663e-06
5.880000000000000000e+02 5.662750357563102883e-06
5.890000000000000000e+02 6.399235959785679987e-06
5.900000000000000000e+02 7.011376067869908780e-06
5.910000000000000000e+02 6.595998038392281194e-06
5.920000000000000000e+02 6.476575099441106330e-06
5.930000000000000000e+02 6.763107124546270710e-06
5.940000000000000000e+02 6.141629940733158227e-06
5.950000000000000000e+02 6.438622370599962867e-06
5.960000000000000000e+02 6.140451256821203644e-06
5.970000000000000000e+02 6.082964064262341471e-06
5.980000000000000000e+02 6.309421099407093865e-06
5.990000000000000000e+02 8.076464955593110808e-06
6.000000000000000000e+02 6.724050032668552655e-06
6.010000000000000000e+02 7.054096446760619454e-06
6.020000000000000000e+02 6.312691924298026492e-06
6.030000000000000000e+02 5.945771332941755455e-06
6.040000000000000000e+02 5.974913962442466927e-06
6.050000000000000000e+02 8.279708157109173601e-06
6.060000000000000000e+02 6.379663870272148829e-06
6.070000000000000000e+02 5.739259352897837329e-06
6.080000000000000000e+02 5.902399128293230769e-06
6.090000000000000000e+02 6.177438262966461649e-06
6.100000000000000000e+02 5.884685888304374739e-06
6.110000000000000000e+02 5.851099898184959839e-06
6.120000000000000000e+02 6.811587991251144728e-06
6.130000000000000000e+02 6.579791415788349628e-06
6.140000000000000000e+02 6.350941387912219689e-06
6.150000000000000000e+02 5.962218501736060987e-06
6.160000000000000000e+02 5.732262003827296728e-06
6.170000000000000000e+02 8.746747344048344666e-06
6.180000000000000000e+02 5.903284860930095128e-06
6.190000000000000000e+02 5.956666085088120835e-06
6.200000000000000000e+02 6.813906738898367994e-06
6.210000000000000000e+02 6.116430195106659186e-06
6.220000000000000000e+02 6.823511357652023502e-06
6.230000000000000000e+02 5.428792070839942269e-06
6.240000000000000000e+02 7.693340179078706991e-06
6.250000000000000000e+02 7.133392834172506111e-06
6.260000000000000000e+02 7.556804697136007024e-06
6.270000000000000000e+02 6.204158174417292406e-06
6.280000000000000000e+02 6.523578670870241246e-06
6.290000000000000000e+02 5.896456107924071779e-06
6.300000000000000000e+02 5.353096542724718842e-06
6.310000000000000000e+02 6.335106503077744179e-06
6.320000000000000000e+02 5.601922894129529900e-06
6.330000000000000000e+02 5.713659620596445538e-06
6.340000000000000000e+02 5.734864610834241145e-06
6.350000000000000000e+02 5.943438136455369978e-06
6.360000000000000000e+02 5.973783724281626725e-06
6.370000000000000000e+02 5.676873985673107213e-06
6.380000000000000000e+02 5.544375508179655163e-06
6.390000000000000000e+02 5.839832871667264492e-06
6.400000000000000000e+02 5.167491159833540434e-06
6.410000000000000000e+02 8.531086393001412454e-06
6.420000000000000000e+02 6.879162259186463002e-06
6.430000000000000000e+02 5.721111753397659861e-06
6.440000000000000000e+02 5.531853118251699130e-06
6.450000000000000000e+02 6.601333661819808287e-06
6.460000000000000000e+02 5.600464476932150746e-06
6.470000000000000000e+02 5.906701308049377579e-06
6.480000000000000000e+02 5.634547790881091232e-06
6.490000000000000000e+02 5.902112910310582659e-06
6.500000000000000000e+02 5.201954915416233213e-06
6.510000000000000000e+02 6.084406207567856709e-06
6.520000000000000000e+02 5.267201183111561756e-06
6.530000000000000000e+02 6.017144463233611253e-06
6.540000000000000000e+02 5.064897013653535531e-06
6.550000000000000000e+02 5.737534296107089971e-06
6.560000000000000000e+02 5.402124112758125540e-06
6.570000000000000000e+02 5.612497419254698683e-06
6.580000000000000000e+02 5.040751872608477120e-06
6.590000000000000000e+02 6.997483642408042113e-06
6.600000000000000000e+02 5.599405997903279920e-06
6.610000000000000000e+02 5.361146868381183866e-06
6.620000000000000000e+02 6.549910137133944277e-06
6.630000000000000000e+02 6.079649750366419294e-06
6.640000000000000000e+02 5.180253043969666591e-06
6.650000000000000000e+02 4.908945884380955317e-06
6.660000000000000000e+02 6.152813857625005665e-06
6.670000000000000000e+02 5.226495525979165456e-06
6.680000000000000000e+02 6.144105652007662189e-06
6.690000000000000000e+02 5.532257573577226377e-06
6.700000000000000000e+02 7.349001689362921379e-06
6.710000000000000000e+02 6.123402781668118760e-06
6.720000000000000000e+02 5.124608081435629059e-06
6.730000000000000000e+02 5.444890042175150572e-06
6.740000000000000000e+02 5.359851271956965198e-06
6.750000000000000000e+02 5.214260166515790462e-06
6.760000000000000000e+02 5.237479460144337662e-06
6.770000000000000000e+02 5.784793056591297906e-06
6.780000000000000000e+02 5.992104103521948415e-06
6.790000000000000000e+02 5.408780392220554478e-06
6.800000000000000000e+02 5.601340590146719783e-06
6.810000000000000000e+02 5.788908501926925931e-06
6.820000000000000000e+02 4.910433626719168489e-06
6.830000000000000000e+02 5.744857371610124071e-06
6.840000000000000000e+02 5.311842217755232204e-06
6.850000000000000000e+02 5.183478782176583407e-06
6.860000000000000000e+02 4.727389629503401222e-06
6.870000000000000000e+02 6.355070712136997412e-06
6.880000000000000000e+02 5.087276040285360204e-06
6.890000000000000000e+02 5.805989136812664963e-06
6.900000000000000000e+02 5.339727767932344753e-06
6.910000000000000000e+02 5.053533153234941811e-06
6.920000000000000000e+02 4.809055299119790779e-06
6.930000000000000000e+02 5.356215642677852782e-06
6.940000000000000000e+02 5.010960024568097169e-06
6.950000000000000000e+02 4.941620403163445854e-06
6.960000000000000000e+02 5.413200011995892469e-06
6.970000000000000000e+02 4.959288647417755064e-06
6.980000000000000000e+02 5.909690280532231283e-06
6.990000000000000000e+02 5.023838123937215261e-06
7.000000000000000000e+02 5.109213213169520625e-06
7.010000000000000000e+02 4.967193047680969954e-06
7.020000000000000000e+02 5.291238194331526689e-06
7.030000000000000000e+02 5.248424001062327798e-06
7.040000000000000000e+02 5.098374170605287492e-06
7.050000000000000000e+02 4.892913730145664920e-06
7.060000000000000000e+02 5.440695058496203680e-06
7.070000000000000000e+02 4.787738474381815704e-06
7.080000000000000000e+02 4.780944042674187966e-06
7.090000000000000000e+02 5.526839125498858055e-06
7.100000000000000000e+02 4.985801742805051821e-06
7.110000000000000000e+02 4.712606687462539073e-06
7.120000000000000000e+02 6.138365649045832715e-06
7.130000000000000000e+02 6.485498076168975663e-06
7.140000000000000000e+02 5.178041443893258821e-06
7.150000000000000000e+02 4.945107078431950318e-06
7.160000000000000000e+02 4.876163599571252349e-06
7.170000000000000000e+02 5.200884606892941181e-06
7.180000000000000000e+02 5.314909779675266243e-06
7.190000000000000000e+02 4.831406307251502856e-06
7.200000000000000000e+02 5.032656911983697669e-06
7.210000000000000000e+02 4.812668463879769233e-06
7.220000000000000000e+02 5.281650316343681452e-06
7.230000000000000000e+02 4.840193423660821451e-06
7.240000000000000000e+02 4.685711043445431988e-06
7.250000000000000000e+02 4.854983723513820807e-06
7.260000000000000000e+02 5.051672518069001739e-06
7.270000000000000000e+02 5.448434288458277940e-06
7.280000000000000000e+02 4.958225611820428559e-06
7.290000000000000000e+02 5.788874526236516892e-06
7.300000000000000000e+02 4.721978381591422218e-06
7.310000000000000000e+02 4.435407705993081144e-06
7.320000000000000000e+02 6.054683860080937522e-06
7.330000000000000000e+02 5.050616458296038611e-06
7.340000000000000000e+02 4.752563548512019923e-06
7.350000000000000000e+02 4.803693166953356169e-06
7.360000000000000000e+02 4.732684892587713237e-06
7.370000000000000000e+02 4.874275591646437906e-06
7.380000000000000000e+02 5.046444202889688381e-06
7.390000000000000000e+02 4.518601742044362499e-06
7.400000000000000000e+02 5.449292284538387728e-06
7.410000000000000000e+02 5.038429490014095418e-06
7.420000000000000000e+02 4.756154509474678462e-06
7.430000000000000000e+02 4.783651629622909105e-06
7.440000000000000000e+02 4.991128495627587125e-06
7.450000000000000000e+02 4.448816735020955500e-06
7.460000000000000000e+02 5.054028121473189940e-06
7.470000000000000000e+02 4.943523466257223126e-06
7.480000000000000000e+02 5.442740160409206265e-06
7.490000000000000000e+02 4.675027521443553371e-06
7.500000000000000000e+02 5.204534857815209517e-06
7.510000000000000000e+02 4.859996415689238618e-06
7.520000000000000000e+02 4.801900277016102709e-06
7.530000000000000000e+02 4.419445773843714600e-06
7.540000000000000000e+02 5.317762418902323847e-06
7.550000000000000000e+02 5.020615180910680968e-06
7.560000000000000000e+02 4.921084519082797099e-06
7.570000000000000000e+02 5.448171377793187513e-06
7.580000000000000000e+02 4.419447313921409625e-06
7.590000000000000000e+02 4.479168749943103703e-06
7.600000000000000000e+02 4.648875383281847496e-06
7.610000000000000000e+02 4.637251710543447874e-06
7.620000000000000000e+02 4.941687851290528623e-06
7.630000000000000000e+02 4.648474847878484518e-06
7.640000000000000000e+02 4.702607529907254638e-06
7.650000000000000000e+02 4.482696158447651954e-06
7.660000000000000000e+02 4.672936626472316010e-06
7.670000000000000000e+02 4.399928087271595114e-06
7.680000000000000000e+02 4.743047159839382355e-06
7.690000000000000000e+02 4.574034307249045259e-06
7.700000000000000000e+02 4.446564998943358592e-06
7.710000000000000000e+02 4.884380317283406052e-06
7.720000000000000000e+02 5.635243978758808463e-06
7.730000000000000000e+02 4.588466199493268877e-06
7.740000000000000000e+02 4.744395640348859955e-06
7.750000000000000000e+02 5.025686253551005956e-06
7.760000000000000000e+02 4.692047380861671009e-06
7.770000000000000000e+02 4.515442215051734583e-06
7.780000000000000000e+02 4.958262719204261572e-06
7.790000000000000000e+02 5.727946239251953713e-06
7.800000000000000000e+02 4.389996969014949092e-06
7.810000000000000000e+02 4.344941726230899973e-06
7.820000000000000000e+02 4.435400627092652458e-06
7.830000000000000000e+02 4.653307244855871317e-06
7.840000000000000000e+02 4.682328878213108387e-06
7.850000000000000000e+02 4.313328069353398161e-06
7.860000000000000000e+02 5.022488406514942945e-06
7.870000000000000000e+02 4.318671787283771372e-06
7.880000000000000000e+02 4.975532574462704293e-06
7.890000000000000000e+02 4.991399221883815149e-06
7.900000000000000000e+02 4.325169893490965343e-06
7.910000000000000000e+02 4.984463676009908843e-06
7.920000000000000000e+02 5.565085245204196808e-06
7.930000000000000000e+02 4.468790390698511193e-06
7.940000000000000000e+02 4.808192749502874815e-06
7.950000000000000000e+02 4.509752203982012674e-06
7.960000000000000000e+02 4.293860135173114479e-06
7.970000000000000000e+02 4.630424755305284939e-06
7.980000000000000000e+02 4.684170529192972855e-06
7.990000000000000000e+02 4.516560790458849129e-06
8.000000000000000000e+02 4.447833183197266129e-06
8.010000000000000000e+02 4.587451327703699577e-06
8.020000000000000000e+02 4.454227740401014087e-06
8.030000000000000000e+02 4.524508825246205988e-06
8.040000000000000000e+02 4.522385640181407033e-06
8.050000000000000000e+02 4.507741832640021667e-06
8.060000000000000000e+02 5.030015966743424529e-06
8.070000000000000000e+02 4.316384729463607242e-06
8.080000000000000000e+02 4.410990538114371444e-06
8.090000000000000000e+02 4.442664200420646290e-06
8.100000000000000000e+02 4.331092098558049711e-06
8.110000000000000000e+02 4.507930158676269402e-06
8.120000000000000000e+02 4.271867452795655963e-06
8.130000000000000000e+02 4.386868883254161737e-06
8.140000000000000000e+02 4.742285749064952366e-06
8.150000000000000000e+02 4.391850349444818113e-06
8.160000000000000000e+02 4.849149527217377942e-06
8.170000000000000000e+02 4.253284102257263954e-06
8.180000000000000000e+02 4.191084426565793902e-06
8.190000000000000000e+02 4.344796676984212164e-06
8.200000000000000000e+02 4.421605256842061448e-06
8.210000000000000000e+02 4.690784771810286086e-06
8.220000000000000000e+02 4.068661155542940833e-06
8.230000000000000000e+02 4.402046012425368082e-06
8.240000000000000000e+02 4.264434974174946411e-06
8.250000000000000000e+02 4.556867318873022220e-06
8.260000000000000000e+02 4.473660428629955412e-06
8.270000000000000000e+02 4.039509949507191913e-06
8.280000000000000000e+02 4.702888736574095335e-06
8.290000000000000000e+02 4.078072109526449944e-06
8.300000000000000000e+02 4.336459808958655590e-06
8.310000000000000000e+02 4.420215279120990707e-06
8.320000000000000000e+02 4.351652499584209575e-06
8.330000000000000000e+02 4.144933163843234036e-06
8.340000000000000000e+02 4.207777092233300074e-06
8.350000000000000000e+02 4.361476045839178314e-06
8.360000000000000000e+02 4.181604099358082817e-06
8.370000000000000000e+02 4.397735907938719360e-06
8.380000000000000000e+02 4.091366739279086408e-06
8.390000000000000000e+02 4.215769070772997369e-06
8.400000000000000000e+02 4.190918170934309980e-06
8.410000000000000000e+02 4.690433258171348161e-06
8.420000000000000000e+02 4.415461753524141420e-06
8.430000000000000000e+02 4.756181524498969943e-06
8.440000000000000000e+02 4.502395516586451430e-06
8.450000000000000000e+02 4.157190166248862400e-06
8.460000000000000000e+02 4.193744589429116249e-06
8.470000000000000000e+02 4.690246426738061378e-06
8.480000000000000000e+02 4.240878409594491186e-06
8.490000000000000000e+02 4.426362875165068714e-06
8.500000000000000000e+02 4.305940956328413788e-06
8.510000000000000000e+02 4.566239416211222327e-06
8.520000000000000000e+02 4.138393560424446924e-06
8.530000000000000000e+02 4.340912643480502769e-06
8.540000000000000000e+02 4.049222343383007513e-06
8.550000000000000000e+02 4.324536727532783495e-06
8.560000000000000000e+02 4.457521481526782906e-06
8.570000000000000000e+02 4.063947414275995952e-06
8.580000000000000000e+02 4.249771560959440696e-06
8.590000000000000000e+02 4.336916754255071621e-06
8.600000000000000000e+02 4.497762268632262110e-06
8.610000000000000000e+02 4.329495753457497698e-06
8.620000000000000000e+02 4.648611050773373173e-06
8.630000000000000000e+02 4.245936024744878760e-06
8.640000000000000000e+02 4.053301657525784043e-06
8.650000000000000000e+02 4.431852200165545929e-06
8.660000000000000000e+02 4.193180639049387639e-06
8.670000000000000000e+02 4.229944015605724315e-06
8.680000000000000000e+02 4.059584392355948850e-06
8.690000000000000000e+02 4.304437652535852976e-06
8.700000000000000000e+02 4.036384549787423613e-06
8.710000000000000000e+02 4.316807150341143160e-06
8.720000000000000000e+02 4.375565195005037449e-06
8.730000000000000000e+02 4.043936490537210701e-06
8.740000000000000000e+02 4.277641549682205605e-06
8.750000000000000000e+02 4.051566247653681954e-06
8.760000000000000000e+02 4.164175315963802588e-06
8.770000000000000000e+02 4.441565257972494231e-06
8.780000000000000000e+02 5.229984517427510616e-06
8.790000000000000000e+02 4.028983275929931517e-06
8.800000000000000000e+02 4.356875306257279217e-06
8.810000000000000000e+02 4.335734432364309099e-06
8.820000000000000000e+02 4.134542962977624002e-06
8.830000000000000000e+02 4.118507746776837184e-06
8.840000000000000000e+02 4.089989621813098431e-06
8.850000000000000000e+02 4.110329070196409207e-06
8.860000000000000000e+02 4.493702156954289815e-06
8.870000000000000000e+02 4.127853302027991171e-06
8.880000000000000000e+02 4.084389799269653964e-06
8.890000000000000000e+02 5.154694496620019971e-06
8.900000000000000000e+02 4.108901509122612282e-06
8.910000000000000000e+02 4.421038802320254306e-06
8.920000000000000000e+02 4.296969148830005893e-06
8.930000000000000000e+02 4.088736686753691411e-06
8.940000000000000000e+02 4.016117497182373624e-06
8.950000000000000000e+02 3.984355028781768471e-06
8.960000000000000000e+02 4.224480968938829671e-06
8.970000000000000000e+02 4.024372813849670942e-06
8.980000000000000000e+02 4.722693001895095323e-06
8.990000000000000000e+02 3.982316626813068551e-06
9.000000000000000000e+02 4.139003719198323589e-06
9.010000000000000000e+02 4.136401382008140879e-06
9.020000000000000000e+02 4.037875420787410410e-06
9.030000000000000000e+02 4.036712589368107458e-06
9.040000000000000000e+02 3.946355648925721538e-06
9.050000000000000000e+02 4.827057837246684120e-06
9.060000000000000000e+02 4.385587077801270738e-06
9.070000000000000000e+02 3.953424641925569889e-06
9.080000000000000000e+02 4.246389122878705885e-06
9.090000000000000000e+02 4.154783522002010600e-06
9.100000000000000000e+02 4.277945899957557937e-06
9.110000000000000000e+02 4.059612204703929134e-06
9.120000000000000000e+02 4.168127940526270974e-06
9.130000000000000000e+02 4.254556500503289254e-06
9.140000000000000000e+02 3.964922028292979176e-06
9.150000000000000000e+02 4.434862851970441109e-06
9.160000000000000000e+02 4.060066357851610451e-06
9.170000000000000000e+02 4.263932945226164072e-06
9.180000000000000000e+02 4.015590645091530364e-06
9.190000000000000000e+02 3.995793955861397059e-06
9.200000000000000000e+02 4.036197848715043429e-06
9.210000000000000000e+02 3.942187028466529743e-06
9.220000000000000000e+02 4.006831786682596125e-06
9.230000000000000000e+02 4.180267502912708157e-06
9.240000000000000000e+02 3.915931523200318381e-06
9.250000000000000000e+02 4.233767537395275864e-06
9.260000000000000000e+02 4.067307187748762649e-06
9.270000000000000000e+02 4.216811472967189776e-06
9.280000000000000000e+02 4.085702563922192501e-06
9.290000000000000000e+02 4.029665281753598740e-06
9.300000000000000000e+02 3.985617271003623691e-06
9.310000000000000000e+02 3.905691525384706485e-06
9.320000000000000000e+02 4.024695272164535709e-06
9.330000000000000000e+02 4.097320537160461069e-06
9.340000000000000000e+02 4.036920836369973015e-06
9.350000000000000000e+02 3.942905144261507024e-06
9.360000000000000000e+02 3.963091839978005364e-06
9.370000000000000000e+02 3.904849451525175882e-06
9.380000000000000000e+02 3.880173765840784539e-06
9.390000000000000000e+02 3.937948088908645251e-06
9.400000000000000000e+02 4.020662190669099868e-06
9.410000000000000000e+02 3.994268011714059921e-06
9.420000000000000000e+02 4.063041372622440936e-06
9.430000000000000000e+02 3.958192298038436106e-06
9.440000000000000000e+02 3.996047601807125551e-06
9.450000000000000000e+02 3.872144379784003425e-06
9.460000000000000000e+02 4.092434883204987476e-06
9.470000000000000000e+02 3.870163039512893789e-06
9.480000000000000000e+02 3.987982730298730319e-06
9.490000000000000000e+02 3.996482088647704933e-06
9.500000000000000000e+02 3.856074781651841104e-06
9.510000000000000000e+02 3.992866322732879950e-06
9.520000000000000000e+02 4.127577379525367402e-06
9.530000000000000000e+02 3.791618443453141375e-06
9.540000000000000000e+02 4.218495265983316748e-06
9.550000000000000000e+02 3.838133804189662489e-06
9.560000000000000000e+02 3.978950820358780546e-06
9.570000000000000000e+02 3.959166121300464993e-06
9.580000000000000000e+02 4.466780928851221959e-06
9.590000000000000000e+02 3.902784795476085179e-06
9.600000000000000000e+02 3.934790762893195557e-06
9.610000000000000000e+02 4.007065863333991525e-06
9.620000000000000000e+02 3.859363887386279875e-06
9.630000000000000000e+02 4.216045326757012240e-06
9.640000000000000000e+02 4.196985701128142022e-06
9.650000000000000000e+02 3.821456254324099884e-06
9.660000000000000000e+02 3.950977303854111909e-06
9.670000000000000000e+02 3.998360701492249994e-06
9.680000000000000000e+02 3.815717009274521605e-06
9.690000000000000000e+02 3.804356926290590085e-06
9.700000000000000000e+02 3.884803866943305759e-06
9.710000000000000000e+02 4.043831819823632446e-06
9.720000000000000000e+02 4.002098615577172414e-06
9.730000000000000000e+02 3.988774721316682671e-06
9.740000000000000000e+02 4.058410095240105739e-06
9.750000000000000000e+02 4.061979055525928865e-06
9.760000000000000000e+02 3.727334284728082563e-06
9.770000000000000000e+02 4.156600792460570411e-06
9.780000000000000000e+02 3.986882529716240412e-06
9.790000000000000000e+02 3.905721699387261537e-06
9.800000000000000000e+02 3.848324513455736281e-06
9.810000000000000000e+02 4.125453572972522010e-06
9.820000000000000000e+02 3.958561034475375633e-06
9.830000000000000000e+02 3.875019495656791307e-06
9.840000000000000000e+02 3.823209441785971961e-06
9.850000000000000000e+02 4.003595589286608921e-06
9.860000000000000000e+02 4.253548471145525535e-06
9.870000000000000000e+02 3.791447982924486082e-06
9.880000000000000000e+02 3.844100037895259820e-06
9.890000000000000000e+02 3.741410834360673826e-06
9.900000000000000000e+02 3.832126831184723211e-06
9.910000000000000000e+02 3.866730394292972288e-06
9.920000000000000000e+02 3.955073840794890888e-06
9.930000000000000000e+02 3.772821840660374979e-06
9.940000000000000000e+02 3.796985762771024916e-06
9.950000000000000000e+02 3.761325524465064433e-06
9.960000000000000000e+02 3.896769979595167862e-06
9.970000000000000000e+02 4.050915113111841086e-06
9.980000000000000000e+02 3.777588126467889954e-06
9.990000000000000000e+02 3.808348874372313832e-06
1.000000000000000000e+03 3.899436572586031168e-06
1.001000000000000000e+03 3.908551237448894616e-06
1.002000000000000000e+03 3.799192406101307431e-06
1.003000000000000000e+03 3.878134029946522753e-06
1.004000000000000000e+03 4.062140648481242297e-06
1.005000000000000000e+03 3.894408861621438633e-06
1.006000000000000000e+03 3.814756937572383627e-06
1.007000000000000000e+03 3.999641427678095013e-06
1.008000000000000000e+03 3.819506218860624358e-06
1.009000000000000000e+03 3.848338507547547606e-06
1.010000000000000000e+03 3.905869486213002326e-06
1.011000000000000000e+03 3.893874718414736218e-06
1.012000000000000000e+03 3.963453309552278370e-06
1.013000000000000000e+03 3.785945376269713394e-06
1.014000000000000000e+03 3.730717695968148118e-06
1.015000000000000000e+03 3.773379048652714237e-06
1.016000000000000000e+03 4.041457308024595198e-06
1.017000000000000000e+03 3.759279934456571937e-06
1.018000000000000000e+03 3.810756382639131639e-06
1.019000000000000000e+03 3.787511777773034031e-06
1.020000000000000000e+03 4.005465534646645849e-06
1.021000000000000000e+03 3.766482635304176378e-06
1.022000000000000000e+03 3.867681443807668747e-06
1.023000000000000000e+03 3.722761345367568280e-06
1.024000000000000000e+03 3.809842758831413051e-06
1.025000000000000000e+03 3.810387424891814403e-06
1.026000000000000000e+03 3.822793454067626505e-06
1.027000000000000000e+03 3.791027450764279993e-06
1.028000000000000000e+03 3.741635052089501720e-06
1.029000000000000000e+03 3.805537589869345606e-06
1.030000000000000000e+03 3.763796363879616090e-06
1.031000000000000000e+03 3.725099471315236875e-06
1.032000000000000000e+03 3.880999653726273256e-06
1.033000000000000000e+03 3.887306678128273729e-06
1.034000000000000000e+03 3.758292108007784487e-06
1.035000000000000000e+03 3.858571702342790681e-06
1.036000000000000000e+03 3.916065118877062348e-06
1.037000000000000000e+03 3.924865392643065858e-06
1.038000000000000000e+03 3.700795708330891614e-06
1.039000000000000000e+03 3.749567213162663393e-06
1.040000000000000000e+03 3.788562986907587985e-06
1.041000000000000000e+03 3.775463892452535389e-06
1.042000000000000000e+03 3.724007826046242130e-06
1.043000000000000000e+03 3.736252265298389881e-06
1.044000000000000000e+03 3.730766411536023783e-06
1.045000000000000000e+03 3.823205643129767477e-06
1.046000000000000000e+03 3.757692550910481551e-06
1.047000000000000000e+03 3.754514057921672505e-06
1.048000000000000000e+03 3.932253051364871803e-06
1.049000000000000000e+03 3.982810894740395874e-06
1.050000000000000000e+03 3.941146214856416783e-06
1.051000000000000000e+03 3.724427160705090687e-06
1.052000000000000000e+03 3.768781352846417508e-06
1.053000000000000000e+03 3.766293727191320237e-06
1.054000000000000000e+03 3.762756008048503095e-06
1.055000000000000000e+03 3.757113787893710528e-06
1.056000000000000000e+03 3.825805457987978027e-06
1.057000000000000000e+03 3.731143612336988211e-06
1.058000000000000000e+03 3.835669795080320944e-06
1.059000000000000000e+03 3.840342457503235464e-06
1.060000000000000000e+03 3.784855495420439615e-06
1.061000000000000000e+03 3.708404835075877426e-06
1.062000000000000000e+03 3.669748296791415978e-06
1.063000000000000000e+03 3.744265759451082180e-06
1.064000000000000000e+03 3.713979795065825060e-06
1.065000000000000000e+03 3.661341297629405812e-06
1.066000000000000000e+03 3.797877006945782494e-06
1.067000000000000000e+03 3.702068449153254407e-06
1.068000000000000000e+03 3.716635358917604618e-06
1.069000000000000000e+03 3.709662281229005630e-06
1.070000000000000000e+03 3.692728423629887267e-06
1.071000000000000000e+03 3.691447136588976549e-06
1.072000000000000000e+03 3.751699384035115762e-06
1.073000000000000000e+03 3.815659283645800315e-06
1.074000000000000000e+03 3.838159442845304993e-06
1.075000000000000000e+03 3.826726072778304542e-06
1.076000000000000000e+03 3.647456078397226622e-06
1.077000000000000000e+03 3.737898435550353908e-06
1.078000000000000000e+03 3.793772084463853406e-06
1.079000000000000000e+03 3.766119913658864531e-06
1.080000000000000000e+03 3.683128103754522048e-06
1.081000000000000000e+03 3.671602641285668929e-06
1.082000000000000000e+03 3.731628233557178921e-06
1.083000000000000000e+03 3.661653669648027629e-06
1.084000000000000000e+03 3.686951807443013697e-06
1.085000000000000000e+03 3.718603235635479528e-06
1.086000000000000000e+03 3.710742521434440108e-06
1.087000000000000000e+03 3.696701411778728043e-06
1.088000000000000000e+03 3.878112047459580969e-06
1.089000000000000000e+03 3.677469782511858851e-06
1.090000000000000000e+03 3.809273733471248479e-06
1.091000000000000000e+03 3.680328327391180244e-06
1.092000000000000000e+03 3.695196598224962576e-06
1.093000000000000000e+03 3.735463227106568787e-06
1.094000000000000000e+03 3.698078753586741960e-06
1.095000000000000000e+03 3.674645665038648728e-06
1.096000000000000000e+03 3.683004427633325902e-06
1.097000000000000000e+03 3.899766970789641972e-06
1.098000000000000000e+03 3.826226678332508181e-06
1.099000000000000000e+03 3.728274420306358170e-06
1.100000000000000000e+03 3.730556084822941058e-06
1.101000000000000000e+03 3.680578150427512040e-06
1.102000000000000000e+03 3.661621743352346235e-06
1.103000000000000000e+03 3.824316036116215570e-06
1.104000000000000000e+03 3.791047189830957714e-06
1.105000000000000000e+03 3.717715205008668526e-06
1.106000000000000000e+03 3.785117851293762079e-06
1.107000000000000000e+03 3.621929320919055791e-06
1.108000000000000000e+03 3.674344555596083837e-06
1.109000000000000000e+03 3.872124846869458439e-06
1.110000000000000000e+03 3.621338913338452741e-06
1.111000000000000000e+03 3.678487934545652777e-06
1.112000000000000000e+03 3.721050325111718933e-06
1.113000000000000000e+03 3.644921113542901815e-06
1.114000000000000000e+03 3.687835921179309087e-06
1.115000000000000000e+03 3.717894272388851637e-06
1.116000000000000000e+03 3.664696381141159881e-06
1.117000000000000000e+03 3.666392537221933314e-06
1.118000000000000000e+03 3.735689336584376436e-06
1.119000000000000000e+03 3.685049074798977601e-06
1.120000000000000000e+03 3.633781634562183307e-06
1.121000000000000000e+03 3.673984841346585406e-06
1.122000000000000000e+03 3.611000717379890236e-06
1.123000000000000000e+03 3.816792362461758806e-06
1.124000000000000000e+03 3.622398771767620776e-06
1.125000000000000000e+03 3.649599035876841900e-06
1.126000000000000000e+03 3.609593159126234156e-06
1.127000000000000000e+03 3.681499556478229199e-06
1.128000000000000000e+03 3.720296144820167785e-06
1.129000000000000000e+03 3.662698672997066565e-06
1.130000000000000000e+03 3.624042944162889813e-06
1.131000000000000000e+03 3.989106759642406000e-06
1.132000000000000000e+03 3.831384025640242807e-06
1.133000000000000000e+03 3.638809575932100364e-06
1.134000000000000000e+03 3.599577382071098809e-06
1.135000000000000000e+03 3.655173359220498123e-06
1.136000000000000000e+03 3.657228774803419101e-06
1.137000000000000000e+03 3.650859883540154937e-06
1.138000000000000000e+03 3.698288862021096480e-06
1.139000000000000000e+03 3.729958683228081425e-06
1.140000000000000000e+03 3.629015721647495771e-06
1.141000000000000000e+03 3.625853848158537213e-06
1.142000000000000000e+03 3.626993126696712987e-06
1.143000000000000000e+03 3.724883235918241705e-06
1.144000000000000000e+03 3.766187849881438059e-06
1.145000000000000000e+03 3.624297987698809989e-06
1.146000000000000000e+03 3.634061764993627104e-06
1.147000000000000000e+03 3.741243238740329032e-06
1.148000000000000000e+03 3.594350509956712056e-06
1.149000000000000000e+03 3.644528072375881649e-06
1.150000000000000000e+03 3.656729210585278109e-06
1.151000000000000000e+03 3.664041199347896801e-06
1.152000000000000000e+03 3.627301330197951960e-06
1.153000000000000000e+03 3.611791601845955741e-06
1.154000000000000000e+03 3.593759141343374155e-06
1.155000000000000000e+03 3.624602859417791682e-06
1.156000000000000000e+03 3.696410024834525055e-06
1.157000000000000000e+03 3.597385199706574400e-06
1.158000000000000000e+03 3.621686519181821444e-06
1.159000000000000000e+03 3.678697909587450771e-06
1.160000000000000000e+03 3.643963336799060977e-06
1.161000000000000000e+03 3.601639245971455222e-06
1.162000000000000000e+03 3.626978165508868652e-06
1.163000000000000000e+03 3.613091248553246124e-06
1.164000000000000000e+03 3.820102562409980719e-06
1.165000000000000000e+03 3.634007938065527374e-06
1.166000000000000000e+03 3.589873034191744904e-06
1.167000000000000000e+03 3.675320934538225181e-06
1.168000000000000000e+03 3.705613868684546672e-06
1.169000000000000000e+03 3.679461585003688802e-06
1.170000000000000000e+03 3.654203734792342026e-06
1.171000000000000000e+03 3.586919710869551789e-06
1.172000000000000000e+03 3.589155906714343765e-06
1.173000000000000000e+03 3.843729834140200631e-06
1.174000000000000000e+03 3.625278686740784753e-06
1.175000000000000000e+03 3.593109201271242163e-06
1.176000000000000000e+03 3.622749215234459113e-06
1.177000000000000000e+03 3.630407339490678613e-06
1.178000000000000000e+03 3.565141072006857457e-06
1.179000000000000000e+03 3.614985895789383764e-06
1.180000000000000000e+03 3.624184531266412895e-06
1.181000000000000000e+03 3.649886505930529275e-06
1.182000000000000000e+03 3.607484256159902285e-06
1.183000000000000000e+03 3.646518728904387146e-06
1.184000000000000000e+03 3.611755164456553588e-06
1.185000000000000000e+03 3.618069079796744911e-06
1.186000000000000000e+03 3.561787258756036707e-06
1.187000000000000000e+03 3.593717632005185120e-06
1.188000000000000000e+03 3.599341977557438855e-06
1.189000000000000000e+03 3.566383526655651381e-06
1.190000000000000000e+03 3.605774830551430120e-06
1.191000000000000000e+03 3.637813809594566454e-06
1.192000000000000000e+03 3.666708483554733251e-06
1.193000000000000000e+03 3.568962514085190568e-06
1.194000000000000000e+03 3.621348675248251827e-06
1.195000000000000000e+03 3.611530767860434249e-06
1.196000000000000000e+03 3.610192964818755667e-06
1.197000000000000000e+03 3.574039504504374392e-06
1.198000000000000000e+03 3.586195750055291459e-06
1.199000000000000000e+03 3.546774790568937102e-06
1.200000000000000000e+03 3.652408001168320774e-06
1.201000000000000000e+03 3.569989348761737177e-06
1.202000000000000000e+03 3.551999137319702192e-06
1.203000000000000000e+03 3.582081502221020119e-06
1.204000000000000000e+03 3.589213932476316708e-06
1.205000000000000000e+03 3.586272102135505042e-06
1.206000000000000000e+03 3.547288688423577832e-06
1.207000000000000000e+03 3.579130592091435696e-06
1.208000000000000000e+03 3.545801807073682434e-06
1.209000000000000000e+03 3.683400727823027562e-06
1.210000000000000000e+03 3.597322262673211967e-06
1.211000000000000000e+03 3.624456779410441892e-06
1.212000000000000000e+03 3.760407959513638022e-06
1.213000000000000000e+03 3.550579270571082232e-06
1.214000000000000000e+03 3.609403611335437948e-06
1.215000000000000000e+03 3.598607778864485844e-06
1.216000000000000000e+03 3.562064366633421691e-06
1.217000000000000000e+03 3.606603183167559761e-06
1.218000000000000000e+03 3.557619866114691967e-06
1.219000000000000000e+03 3.593261253627133369e-06
1.220000000000000000e+03 3.561229089730962597e-06
1.221000000000000000e+03 3.685102301460574449e-06
1.222000000000000000e+03 3.595142297854181176e-06
1.223000000000000000e+03 3.640847977900799861e-06
1.224000000000000000e+03 3.617651227614260143e-06
1.225000000000000000e+03 3.552263621410626670e-06
1.226000000000000000e+03 3.620172765295137482e-06
1.227000000000000000e+03 3.599607789510628310e-06
1.228000000000000000e+03 3.586636521504260650e-06
1.229000000000000000e+03 3.554006192037680469e-06
1.230000000000000000e+03 3.641852611811676480e-06
1.231000000000000000e+03 3.552696534825372425e-06
1.232000000000000000e+03 3.579910038145802334e-06
1.233000000000000000e+03 3.565457709555630538e-06
1.234000000000000000e+03 3.560702504425231966e-06
1.235000000000000000e+03 3.694898092968893717e-06
1.236000000000000000e+03 3.673696974146878381e-06
1.237000000000000000e+03 3.669906151723504817e-06
1.238000000000000000e+03 3.563253376341890561e-06
1.239000000000000000e+03 3.560877682199740331e-06
1.240000000000000000e+03 3.619291295156775308e-06
1.241000000000000000e+03 3.705649951371015016e-06
1.242000000000000000e+03 3.606129439504002221e-06
1.243000000000000000e+03 3.558997817284156004e-06
1.244000000000000000e+03 3.570788154926655515e-06
1.245000000000000000e+03 3.653263047453947535e-06
1.246000000000000000e+03 3.567813828340149518e-06
1.247000000000000000e+03 3.521703586860288352e-06
1.248000000000000000e+03 3.569143664208240773e-06
1.249000000000000000e+03 3.534334825114153145e-06
1.250000000000000000e+03 3.577672632673056932e-06
1.251000000000000000e+03 3.574442101429061332e-06
1.252000000000000000e+03 3.597928537904711621e-06
1.253000000000000000e+03 3.638564518648005638e-06
1.254000000000000000e+03 3.601651393789021710e-06
1.255000000000000000e+03 3.615006153268040920e-06
1.256000000000000000e+03 3.672985812954720922e-06
1.257000000000000000e+03 3.583957744316042751e-06
1.258000000000000000e+03 3.548678438770972706e-06
1.259000000000000000e+03 3.561797308672491128e-06
1.260000000000000000e+03 3.522941882086646246e-06
1.261000000000000000e+03 3.587382843761588362e-06
1.262000000000000000e+03 3.577004342029492089e-06
1.263000000000000000e+03 3.641868400639699140e-06
1.264000000000000000e+03 3.634595186667866006e-06
1.265000000000000000e+03 3.519636135630813856e-06
1.266000000000000000e+03 3.646658366657599660e-06
1.267000000000000000e+03 3.527999075837821536e-06
1.268000000000000000e+03 3.578145776070111166e-06
1.269000000000000000e+03 3.513395358822890388e-06
1.270000000000000000e+03 3.569023965610540557e-06
1.271000000000000000e+03 3.547842861735261960e-06
1.272000000000000000e+03 3.553917170696271036e-06
1.273000000000000000e+03 3.556714336809818650e-06
1.274000000000000000e+03 3.587163397848295697e-06
1.275000000000000000e+03 3.577223472651288128e-06
1.276000000000000000e+03 3.639908591139828634e-06
1.277000000000000000e+03 3.522285014696535722e-06
1.278000000000000000e+03 3.533244286397045247e-06
1.279000000000000000e+03 3.617889181744733972e-06
1.280000000000000000e+03 3.633821649297412237e-06
1.281000000000000000e+03 3.583332287841282418e-06
1.282000000000000000e+03 3.525639561606415880e-06
1.283000000000000000e+03 3.508841940250325197e-06
1.284000000000000000e+03 3.619287966406166683e-06
1.285000000000000000e+03 3.528985668405463772e-06
1.286000000000000000e+03 3.528106805485246285e-06
1.287000000000000000e+03 3.562675901775946908e-06
1.288000000000000000e+03 3.538489875912394555e-06
1.289000000000000000e+03 3.510657467510706327e-06
1.290000000000000000e+03 3.550189151913703803e-06
1.291000000000000000e+03 3.589492501608522772e-06
1.292000000000000000e+03 3.559251257077752184e-06
1.293000000000000000e+03 3.612466380218393203e-06
1.294000000000000000e+03 3.548561508068814992e-06
1.295000000000000000e+03 3.548271803689809945e-06
1.296000000000000000e+03 3.515601511026034335e-06
1.297000000000000000e+03 3.525490525741285328e-06
1.298000000000000000e+03 3.578417751365729376e-06
1.299000000000000000e+03 3.552846504438396961e-06
1.300000000000000000e+03 3.537478911918394053e-06
1.301000000000000000e+03 3.662432424486420699e-06
1.302000000000000000e+03 3.598020512072253160e-06
1.303000000000000000e+03 3.527257649693637917e-06
1.304000000000000000e+03 3.509002350862526070e-06
1.305000000000000000e+03 3.505322671723357983e-06
1.306000000000000000e+03 3.521010597372272300e-06
1.307000000000000000e+03 3.526443109270379077e-06
1.308000000000000000e+03 3.507687961246119982e-06
1.309000000000000000e+03 3.536417889336007512e-06
1.310000000000000000e+03 3.569321267301954148e-06
1.311000000000000000e+03 3.578083193739682120e-06
1.312000000000000000e+03 3.542680969985667548e-06
1.313000000000000000e+03 3.584398561239746862e-06
1.314000000000000000e+03 3.537408559471562753e-06
1.315000000000000000e+03 3.522513670759508590e-06
1.316000000000000000e+03 3.579444722466481167e-06
1.317000000000000000e+03 3.510983766924861418e-06
1.318000000000000000e+03 3.497867958988838993e-06
1.319000000000000000e+03 3.536758234380007005e-06
1.320000000000000000e+03 3.524308076521265287e-06
1.321000000000000000e+03 3.501346312380822742e-06
1.322000000000000000e+03 3.584557228653769477e-06
1.323000000000000000e+03 3.547466615903734647e-06
1.324000000000000000e+03 3.641593442201459301e-06
1.325000000000000000e+03 3.589695555395640817e-06
1.326000000000000000e+03 3.498106507322517969e-06
1.327000000000000000e+03 3.502641966406372223e-06
1.328000000000000000e+03 3.503459068573041255e-06
1.329000000000000000e+03 3.572213821219823605e-06
1.330000000000000000e+03 3.498525153797042037e-06
1.331000000000000000e+03 3.499640897643985108e-06
1.332000000000000000e+03 3.540121206242474880e-06
1.333000000000000000e+03 3.497784855426289243e-06
1.334000000000000000e+03 3.551257823346531967e-06
1.335000000000000000e+03 3.503399229884962500e-06
1.336000000000000000e+03 3.493086336069003165e-06
1.337000000000000000e+03 3.507391099143812303e-06
1.338000000000000000e+03 3.535468943785720855e-06
1.339000000000000000e+03 3.505135015681541107e-06
1.340000000000000000e+03 3.505045954928694490e-06
1.341000000000000000e+03 3.493781362825150968e-06
1.342000000000000000e+03 3.515594905062850164e-06
1.343000000000000000e+03 3.492999130685348199e-06
1.344000000000000000e+03 3.507055286415076702e-06
1.345000000000000000e+03 3.522739361869753457e-06
1.346000000000000000e+03 3.534043419980056104e-06
1.347000000000000000e+03 3.503971462729775065e-06
1.348000000000000000e+03 3.495546043268404918e-06
1.349000000000000000e+03 3.551781067775058080e-06
1.350000000000000000e+03 3.550993942553759451e-06
1.351000000000000000e+03 3.568524125512340123e-06
1.352000000000000000e+03 3.597381513221383309e-06
1.353000000000000000e+03 3.510547251911096676e-06
1.354000000000000000e+03 3.497435758011609513e-06
1.355000000000000000e+03 3.579861255881648195e-06
1.356000000000000000e+03 3.628420154200284657e-06
1.357000000000000000e+03 3.543473164124103980e-06
1.358000000000000000e+03 3.613542367020272735e-06
