4, cg-md-250212, 200, 16_16_256_4, 0.005, 0.5, 0.0: 0.12487754873931407,0.10884507201611995,0.11481174426153302,205
4, cg-md-250212, 200, 16_16_256_4, 0.001, 0.5, 0.0: 0.12407251700758934,0.1090182314813137,0.11564645152539015,367
8, cg-md-250212, 200, 64_8_256_4, 0.01, 0.5, 0.0: 0.3827077655494213,0.3218980133533478,0.2965216986835003,5
16, cg-md-250212, 200, 16_16_128_4, 0.01, 0.5, 0.0: 0.3739613227546215,0.34741456925868985,0.3384415403008461,10
8, cg-md-250212, 200, 64_8_256_4, 0.001, 0.5, 0.0: 0.2826242338865995,0.24171598106622696,0.22611034493893384,9
16, cg-md-250212, 200, 16_16_256_4, 0.01, 0.5, 0.0: 0.33983020693063737,0.3060688963532448,0.2844350002706051,56
16, cg-md-250212, 200, 16_16_128_4, 0.001, 0.5, 0.0: 0.4117471192777157,0.3914827525615692,0.3849185317754745,130
16, cg-md-250212, 200, 16_16_256_4, 0.001, 0.5, 0.0: 0.40667283833026885,0.3760638552904129,0.3642891727387905,186
8, cg-md-250212, 200, 64_8_256_4, 0.001, 0.5, 0.0: 0.651155343875289,0.19475314691662787,0.1877320977859199,0
16, cg-md-250212, 200, 16_16_128_4, 0.01, 0.5, 0.0: 0.27147341378033163,0.23864335149526597,0.22666230257600545,10
8, cg-md-250212, 200, 64_8_256_4, 0.001, 0.5, 0.0: 0.2471551313623786,0.21521740391850472,0.20648527722805737,4
8, cg-md-250212, 200, 64_8_256_4, 0.01, 0.5, 0.0: 0.27486270025372506,0.22341106921434403,0.20469560697674752,5
16, cg-md-250212, 200, 16_16_128_4, 0.01, 0.5, 0.0: 0.39370107784867286,0.16746644169092179,0.15466765835881233,0
16, cg-md-250212, 200, 16_16_256_4, 0.001, 0.5, 0.0: 0.3131156452000141,0.164309259057045,0.151212159357965,1
8, cg-md-250212, 200, 64_8_256_4, 0.01, 0.5, 0.0: 0.25376617908477783,0.18136855348944664,0.1680062307510525,6
16, cg-md-250212, 200, 16_16_256_4, 0.01, 0.5, 0.0: 0.21855532199144365,0.18517899692058562,0.1738545147702098,7
16, cg-md-250212, 200, 16_16_128_4, 0.001, 0.5, 0.0: 0.253979050219059,0.20387570142745973,0.19548116624355316,5
16, cg-md-250212, 200, 16_16_128_4, 0.001, 0.5, 0.0: 0.18097038231790066,0.17007990568876266,0.15362052135169507,3
16, cg-md-250212, 200, 16_16_256_4, 0.001, 0.5, 0.0: 0.22889213249087334,0.21302581787109376,0.2011633288115263,8
16, cg-md-250212, 200, 16_16_256_4, 0.01, 0.5, 0.0: 0.2607436614483595,0.23681879103183745,0.22641699984669686,40
16, cg-md-250212, 200, 16_16_256_4, 0.01, 0.5, 0.0: 0.17134896486997606,0.1550019508600235,0.14329555723816156,41
16, cg-md-250212, 200, 16_16_128_4, 0.01, 0.5, 0.0: 0.17472599230706692,0.15000110000371933,0.13776395488530396,48
8, cg-md-250212, 200, 64_8_256_4, 0.01, 0.5, 0.0: 0.17467118203639984,0.14812858894467354,0.13511668667197227,39
16, cg-md-250212, 200, 16_16_256_4, 0.01, 0.5, 0.0: 0.1722423453629017,0.14949466794729233,0.13614139780402185,60
8, cg-md-250212, 200, 64_8_256_4, 0.01, 0.5, 0.0: 0.17477558001875879,0.1496122720837593,0.1367780052125454,58
16, cg-md-250212, 200, 16_16_128_4, 0.01, 0.5, 0.0: 0.17382190103642642,0.1485938811302185,0.13580750543624162,83
8, cg-md-250212, 200, 64_8_256_4, 0.001, 0.5, 0.0: 0.07425468431785703,0.06991312891244889,0.07364687416702509,108
8, cg-md-250212, 200, 64_8_256_4, 0.001, 0.5, 0.0: 0.07178739212453365,0.06998929515480995,0.0742649756371975,232
16, cg-md-250212, 200, 16_16_256_4, 0.001, 0.5, 0.0: 0.07534871716052294,0.07420644357800484,0.0783875672146678,206
16, cg-md-250212, 200, 16_16_128_4, 0.001, 0.5, 0.0: 0.07736750159412623,0.07386846736073494,0.07725389413535595,239
16, cg-md-250212, 200, 16_16_256_4, 0.001, 0.5, 0.0: 0.07681500336155295,0.07673273250460624,0.08070425130426884,268
16, cg-md-250212, 200, 16_16_128_4, 0.001, 0.5, 0.0: 0.07268236316740513,0.07242361508309841,0.0767134815454483,305
16, cg-md-250212, 200, 16_16_256_4, 0.001, 0.5, 0.0: 0.07988134801387786,0.08113349437713623,0.08556707054376603,674
16, cg-md-250212, 200, 16_16_256_4, 0.001, 0.5, 0.0: 0.07272487461566925,0.07496061086654664,0.07976299077272415,675
16, cg-md-250212, 200, 16_16_256_4, 0.0005, 0.5, 0.0: 0.07816664427518845,0.08168649673461914,0.08521471582353116,748
16, cg-md-250212, 200, 16_16_512_4, 0.001, 0.5, 0.0: 0.0795441535115242,0.0806904399394989,0.08580727372318506,709
16, cg-md-250212, 200, 16_16_512_4, 0.001, 0.5, 0.0: 0.07588696271181107,0.07873322129249573,0.08246303126215934,829
16, cg-md-250212, 200, 16_16_256_4, 0.0005, 0.5, 0.0: 0.11172196477651596,0.1137650442123413,0.11657041870057583,976
16, cg-md-250212, 200, 16_16_512_4, 0.0005, 0.5, 0.0: 0.09896801382303239,0.09981774210929871,0.10578282168135048,864
16, cg-md-250212, 200, 16_16_512_4, 0.0005, 0.5, 0.0: 0.0789802622795105,0.08260409474372864,0.08605453232303262,883
32, cg-md-250212, 200, 16_32_256_4, 0.001, 0.5, 0.0: 0.16240502417087554,0.15357447147369385,0.15015098378062247,535
32, cg-md-250212, 200, 16_32_256_4, 0.001, 0.5, 0.0: 0.09593175619840622,0.09670040726661683,0.10113426465541124,877
16, cg-md-250212, 200, 16_16_16_16, 0.001, 0.5, 0.0: 0.1690799343585968,0.15235118627548216,0.13876552060246466,50
16, cg-md-250212, 200, 16_16_16_16, 0.001, 0.5, 0.0: 0.17804428458213806,0.16167826175689698,0.14916137363761664,58
