0.000000000000000000e+00 2.185739563351305959e-05
1.000000000000000000e+00 7.657571835105501942e-06
2.000000000000000000e+00 3.228814249489173624e-06
3.000000000000000000e+00 1.391451285664975641e-06
4.000000000000000000e+00 1.149697687234180634e-06
5.000000000000000000e+00 9.783198713525251568e-07
6.000000000000000000e+00 7.917734472178980732e-07
7.000000000000000000e+00 7.546629631896390938e-07
8.000000000000000000e+00 7.420053610432936724e-07
9.000000000000000000e+00 7.488710457697125378e-07
1.000000000000000000e+01 7.519902548323962914e-07
1.100000000000000000e+01 7.738593971198111217e-07
1.200000000000000000e+01 6.687690388440880024e-07
1.300000000000000000e+01 6.313840487997261039e-07
1.400000000000000000e+01 7.116325285309580887e-07
1.500000000000000000e+01 8.315014575299893545e-07
1.600000000000000000e+01 9.401884493506457416e-07
1.700000000000000000e+01 1.253535516253310735e-06
1.800000000000000000e+01 1.003673197860875044e-06
1.900000000000000000e+01 6.992005932944888394e-07
2.000000000000000000e+01 7.599263253404937047e-07
2.100000000000000000e+01 7.204900140259231384e-07
2.200000000000000000e+01 6.256746889382968057e-07
2.300000000000000000e+01 6.359527323833313092e-07
2.400000000000000000e+01 6.580705585570242467e-07
2.500000000000000000e+01 7.934099601473147220e-07
2.600000000000000000e+01 7.000813962815589806e-07
2.700000000000000000e+01 6.664306223487865673e-07
2.800000000000000000e+01 6.497054934116026591e-07
2.900000000000000000e+01 6.432596494002115283e-07
3.000000000000000000e+01 8.063582823481990357e-07
3.100000000000000000e+01 6.543590046056016420e-07
3.200000000000000000e+01 7.432002631132286502e-07
3.300000000000000000e+01 1.094846541578239574e-06
3.400000000000000000e+01 8.740472350849772539e-07
3.500000000000000000e+01 7.381961008033288201e-07
3.600000000000000000e+01 7.609699162852096820e-07
3.700000000000000000e+01 9.416712898354784168e-07
3.800000000000000000e+01 8.076086242062417775e-07
3.900000000000000000e+01 7.296605065944944874e-07
4.000000000000000000e+01 6.093935999805466332e-07
4.100000000000000000e+01 6.112299541558960895e-07
4.200000000000000000e+01 8.420389236108342089e-07
4.300000000000000000e+01 7.800967159504640336e-07
4.400000000000000000e+01 6.667977503667068269e-07
4.500000000000000000e+01 6.283312349717435058e-07
4.600000000000000000e+01 6.272698605757364996e-07
4.700000000000000000e+01 6.508567422846020974e-07
4.800000000000000000e+01 6.459568512422160665e-07
4.900000000000000000e+01 6.082743642632904852e-07
5.000000000000000000e+01 6.743822508779511754e-07
5.100000000000000000e+01 6.965041879800320137e-07
5.200000000000000000e+01 6.149912243201173317e-07
5.300000000000000000e+01 6.080625822088865330e-07
5.400000000000000000e+01 6.247895114277270723e-07
5.500000000000000000e+01 6.155098114276027590e-07
5.600000000000000000e+01 6.878213889412678838e-07
5.700000000000000000e+01 6.849482752694289962e-07
5.800000000000000000e+01 6.336329408469834099e-07
5.900000000000000000e+01 7.355975418227142835e-07
6.000000000000000000e+01 7.214041559484912142e-07
6.100000000000000000e+01 6.445836991245865723e-07
6.200000000000000000e+01 6.867686519267213088e-07
6.300000000000000000e+01 7.688921296097903398e-07
6.400000000000000000e+01 8.481184460794898876e-07
6.500000000000000000e+01 7.755175466497372064e-07
6.600000000000000000e+01 8.739811707462172899e-07
6.700000000000000000e+01 9.519336734436285407e-07
6.800000000000000000e+01 6.756849169079252638e-07
6.900000000000000000e+01 6.664768345669113426e-07
7.000000000000000000e+01 6.924081950048021553e-07
7.100000000000000000e+01 6.272667069110182861e-07
7.200000000000000000e+01 6.095568644974015361e-07
7.300000000000000000e+01 6.323914340103460052e-07
7.400000000000000000e+01 5.893247182442182342e-07
7.500000000000000000e+01 6.177663457772256089e-07
7.600000000000000000e+01 5.880095042927920623e-07
7.700000000000000000e+01 5.842041188078999846e-07
7.800000000000000000e+01 6.447749221545802669e-07
7.900000000000000000e+01 5.996670545393158066e-07
8.000000000000000000e+01 6.581658749510695424e-07
8.100000000000000000e+01 6.083351921974671325e-07
8.200000000000000000e+01 6.777354796571265101e-07
8.300000000000000000e+01 7.092286062868115277e-07
8.400000000000000000e+01 6.985123094570815678e-07
8.500000000000000000e+01 6.903338718060161457e-07
8.600000000000000000e+01 5.977148753750494326e-07
8.700000000000000000e+01 5.906626832707502316e-07
8.800000000000000000e+01 6.174817140793000366e-07
8.900000000000000000e+01 5.996282945700241449e-07
9.000000000000000000e+01 5.935009250858000777e-07
9.100000000000000000e+01 6.161258053257279244e-07
9.200000000000000000e+01 6.995298015346650210e-07
9.300000000000000000e+01 6.464873645280079213e-07
9.400000000000000000e+01 5.941686709104244949e-07
9.500000000000000000e+01 7.141664080720081651e-07
9.600000000000000000e+01 7.205748083794239853e-07
9.700000000000000000e+01 7.490475776886032157e-07
9.800000000000000000e+01 5.994891416195774272e-07
9.900000000000000000e+01 5.986757577354818039e-07
1.000000000000000000e+02 6.347675428658066281e-07
1.010000000000000000e+02 6.776345428300107868e-07
1.020000000000000000e+02 6.437488867183259331e-07
1.030000000000000000e+02 6.161286715461394700e-07
1.040000000000000000e+02 6.957323419220259278e-07
1.050000000000000000e+02 6.073802908995833706e-07
1.060000000000000000e+02 5.952859388460209159e-07
1.070000000000000000e+02 6.037324951059912095e-07
1.080000000000000000e+02 6.155684355087439095e-07
1.090000000000000000e+02 6.300718251062660861e-07
1.100000000000000000e+02 6.224507585080543474e-07
1.110000000000000000e+02 6.540424940780862665e-07
1.120000000000000000e+02 6.023307220822283632e-07
1.130000000000000000e+02 6.045694736840855273e-07
1.140000000000000000e+02 6.129054845491355660e-07
1.150000000000000000e+02 5.859225924106583818e-07
1.160000000000000000e+02 6.020828154828746858e-07
1.170000000000000000e+02 5.902570464742265602e-07
1.180000000000000000e+02 6.186704340254265590e-07
1.190000000000000000e+02 6.558667183966140872e-07
1.200000000000000000e+02 6.250927599237147841e-07
1.210000000000000000e+02 5.950853716427349602e-07
1.220000000000000000e+02 5.871234592586448257e-07
1.230000000000000000e+02 6.048439610330031866e-07
1.240000000000000000e+02 6.380499384704011892e-07
1.250000000000000000e+02 5.858278395850578806e-07
1.260000000000000000e+02 5.934984478735120362e-07
1.270000000000000000e+02 6.249031862534746695e-07
1.280000000000000000e+02 6.052113832320819901e-07
1.290000000000000000e+02 6.060841671393218450e-07
1.300000000000000000e+02 5.989497800035041183e-07
1.310000000000000000e+02 5.873549672580082411e-07
1.320000000000000000e+02 5.880012951737994713e-07
1.330000000000000000e+02 6.352093365102033690e-07
1.340000000000000000e+02 6.610320075609361990e-07
1.350000000000000000e+02 6.233595391333495748e-07
1.360000000000000000e+02 6.065337193794463650e-07
1.370000000000000000e+02 6.055564495465597225e-07
1.380000000000000000e+02 5.915560999272265013e-07
1.390000000000000000e+02 5.970335275127613762e-07
1.400000000000000000e+02 5.869067404810922005e-07
1.410000000000000000e+02 5.962987286758739037e-07
1.420000000000000000e+02 5.930210889554661100e-07
1.430000000000000000e+02 6.081003058348374665e-07
1.440000000000000000e+02 6.166568123505173681e-07
1.450000000000000000e+02 5.903136109952518703e-07
1.460000000000000000e+02 6.444843467886260024e-07
1.470000000000000000e+02 6.834693282420811850e-07
1.480000000000000000e+02 6.430451115331391378e-07
1.490000000000000000e+02 6.339861723671738655e-07
1.500000000000000000e+02 5.856266140250515648e-07
1.510000000000000000e+02 6.057382662795836386e-07
1.520000000000000000e+02 6.059433986604288124e-07
1.530000000000000000e+02 5.893750499330087378e-07
1.540000000000000000e+02 5.849922569794574202e-07
1.550000000000000000e+02 5.812995003328951020e-07
1.560000000000000000e+02 6.078462056429572246e-07
1.570000000000000000e+02 6.076829771660371969e-07
1.580000000000000000e+02 6.175903119535854865e-07
1.590000000000000000e+02 5.841349657487883895e-07
1.600000000000000000e+02 5.960555311460668546e-07
1.610000000000000000e+02 5.958759070621368961e-07
1.620000000000000000e+02 5.762687052514339735e-07
1.630000000000000000e+02 5.941029979492298267e-07
1.640000000000000000e+02 5.819298045059679319e-07
1.650000000000000000e+02 6.133698261102286823e-07
1.660000000000000000e+02 5.938429255245060928e-07
1.670000000000000000e+02 6.277876346896642632e-07
1.680000000000000000e+02 5.913357557593145924e-07
1.690000000000000000e+02 5.988078072574503032e-07
1.700000000000000000e+02 5.828228507432646769e-07
1.710000000000000000e+02 5.919695120003817500e-07
1.720000000000000000e+02 6.381917093897450364e-07
1.730000000000000000e+02 6.015832823225826627e-07
1.740000000000000000e+02 6.013392571216291284e-07
1.750000000000000000e+02 5.840174313827458756e-07
1.760000000000000000e+02 5.812026453475118921e-07
1.770000000000000000e+02 5.941945505430921050e-07
1.780000000000000000e+02 5.795164147327457089e-07
1.790000000000000000e+02 5.821694599312723598e-07
1.800000000000000000e+02 5.773577036957568420e-07
1.810000000000000000e+02 6.272845375667882153e-07
1.820000000000000000e+02 6.329206947074021154e-07
1.830000000000000000e+02 5.997068528568794178e-07
1.840000000000000000e+02 5.851174067816259644e-07
1.850000000000000000e+02 5.804538794244285977e-07
1.860000000000000000e+02 5.893350237011866919e-07
1.870000000000000000e+02 5.931334196877495457e-07
1.880000000000000000e+02 5.789463825562037456e-07
1.890000000000000000e+02 6.005199442716380022e-07
1.900000000000000000e+02 6.119320313354149454e-07
1.910000000000000000e+02 5.803223108054526421e-07
1.920000000000000000e+02 5.806287824168994596e-07
1.930000000000000000e+02 5.911250023659771036e-07
1.940000000000000000e+02 5.834893282171739966e-07
1.950000000000000000e+02 5.946669791602054463e-07
1.960000000000000000e+02 6.274199216890538586e-07
1.970000000000000000e+02 6.059090479887217479e-07
1.980000000000000000e+02 5.886266158260897933e-07
1.990000000000000000e+02 5.928561467335326749e-07
2.000000000000000000e+02 5.777064202183181760e-07
2.010000000000000000e+02 5.748002535695427864e-07
2.020000000000000000e+02 5.767713652250519135e-07
2.030000000000000000e+02 5.790183255747382896e-07
2.040000000000000000e+02 5.994071922063459844e-07
2.050000000000000000e+02 5.875344758946008365e-07
2.060000000000000000e+02 5.885037100504368617e-07
2.070000000000000000e+02 5.901480340784270345e-07
2.080000000000000000e+02 5.944998819631771271e-07
2.090000000000000000e+02 6.130302657196855531e-07
2.100000000000000000e+02 5.848156943340063353e-07
2.110000000000000000e+02 5.749941422185402502e-07
2.120000000000000000e+02 5.809868199605056812e-07
2.130000000000000000e+02 5.844988375216712762e-07
2.140000000000000000e+02 5.800479337923310058e-07
2.150000000000000000e+02 5.738801022183148546e-07
2.160000000000000000e+02 5.758296091228925160e-07
2.170000000000000000e+02 5.796285291779296141e-07
2.180000000000000000e+02 5.752632470786083668e-07
2.190000000000000000e+02 5.731252894359859712e-07
2.200000000000000000e+02 5.756004133564084439e-07
2.210000000000000000e+02 5.816196964640113704e-07
2.220000000000000000e+02 5.776192569955839522e-07
2.230000000000000000e+02 5.766852979416972939e-07
2.240000000000000000e+02 5.840996232135178996e-07
2.250000000000000000e+02 5.836046453127834591e-07
2.260000000000000000e+02 5.892702869729059743e-07
2.270000000000000000e+02 5.761210605728683209e-07
2.280000000000000000e+02 6.034173745250217682e-07
2.290000000000000000e+02 5.849844411150537598e-07
2.300000000000000000e+02 5.852566355100067535e-07
2.310000000000000000e+02 5.980809218110447128e-07
2.320000000000000000e+02 5.824801897238675367e-07
2.330000000000000000e+02 5.801072067733104294e-07
2.340000000000000000e+02 5.906899263049447785e-07
2.350000000000000000e+02 6.076715382690438246e-07
2.360000000000000000e+02 5.872682552950982453e-07
2.370000000000000000e+02 5.781913609269376164e-07
2.380000000000000000e+02 5.744709294775072702e-07
2.390000000000000000e+02 5.745351655528938135e-07
