1, 5.8368e-02, 6.9065e-04, fsolve flag:1, 1.4622e-07, 785
2, 4.4461e-02, 6.9513e-01, fsolve flag:4, 1.0591e-02, 2095
3, 2.3808e-01, 7.7205e-01, fsolve flag:5, 6.9799e-02, 1579
4, 2.2004e-02, 6.0758e-01, fsolve flag:4, 3.9594e-02, 2355
5, 1.5122e-01, 2.4540e-03, fsolve flag:1, 1.8999e-07, 526
6, 3.2401e-02, 6.8340e-01, fsolve flag:5, 6.5241e-02, 527
7, 1.9006e-01, 3.5755e-01, fsolve flag:4, 1.0262e-03, 3174
8, 1.4374e-01, 1.6448e-03, fsolve flag:1, 1.4994e-07, 525
9, 3.0044e-01, 8.7762e-03, fsolve flag:5, 3.7115e-03, 1851
11, 2.2081e-01, 4.0208e-03, fsolve flag:1, 8.3819e-08, 523
12, 3.5362e-02, 6.3463e-01, fsolve flag:5, 3.0283e-02, 1841
13, 9.0256e-02, 9.0359e-04, fsolve flag:1, 1.8440e-07, 524
14, 3.2287e-02, 3.7146e-01, fsolve flag:1, 4.0140e-07, 2116
15, 9.6307e-02, 4.6632e-01, fsolve flag:4, 9.7740e-03, 2358
16, 2.3121e-01, 4.9024e-03, fsolve flag:5, 6.4027e-04, 2375
17, 2.4738e-02, 7.4800e-01, fsolve flag:4, 1.5945e-02, 2107
18, 3.9123e-01, 3.9994e-02, fsolve flag:1, 8.9407e-08, 1057
19, 2.7928e-01, 5.1110e-01, fsolve flag:5, 7.4532e-03, 1323
20, 1.7320e-02, 6.8909e-01, fsolve flag:4, 1.4246e-02, 1833
21, 5.8348e-02, 4.5978e-04, fsolve flag:1, 3.6880e-07, 526
22, 3.8101e-02, 6.3938e-01, fsolve flag:4, 1.3393e-01, 1835
23, 4.0885e-01, 1.3271e-02, fsolve flag:4, 5.2613e-03, 2094
24, 8.4850e-02, 2.0613e-03, fsolve flag:1, 1.0058e-07, 524
25, 1.6617e-01, 4.3405e-01, fsolve flag:4, 1.3409e-02, 2389
26, 3.0357e-02, 6.4119e-01, fsolve flag:4, 2.1765e-02, 1857
27, 1.4977e-01, 2.2061e-03, fsolve flag:1, 3.0734e-07, 797
28, 6.1909e-02, 4.4450e-04, fsolve flag:1, 1.8626e-07, 783
29, 4.8928e-01, 7.6645e-01, fsolve flag:4, 2.4353e-02, 1835
30, 3.7939e-02, 5.1009e-04, fsolve flag:1, 1.8626e-07, 523
31, 1.2614e-01, 2.0719e-03, fsolve flag:1, 1.2293e-07, 526
32, 3.9708e-01, 4.0325e-02, fsolve flag:1, 1.1618e-07, 544
33, 9.7415e-02, 9.9526e-04, fsolve flag:1, 1.6391e-07, 525
34, 2.6677e-02, 5.4252e-01, fsolve flag:5, 8.8112e-02, 1067
35, 3.4072e-01, 1.6599e-02, fsolve flag:1, 9.6858e-08, 798
36, 6.2325e-02, 1.0010e-03, fsolve flag:1, 1.7881e-07, 525
37, 7.6229e-02, 6.2766e-04, fsolve flag:1, 1.6950e-07, 783
38, 1.3125e-01, 6.6657e-01, fsolve flag:4, 9.5170e-03, 1831
40, 5.2318e-02, 1.0876e-03, fsolve flag:1, 1.7229e-07, 523
41, 8.6096e-02, 5.7091e-01, fsolve flag:4, 9.4290e-02, 2103
42, 3.5838e-02, 4.2912e-04, fsolve flag:1, 1.5518e-07, 524
43, 1.8987e-01, 4.9447e-03, fsolve flag:5, 1.4743e-03, 1582
44, 3.1172e-02, 5.9818e-01, fsolve flag:4, 4.6304e-02, 2381
45, 3.5781e-01, 8.1465e-01, fsolve flag:4, 3.4730e-02, 2352
46, 9.4479e-02, 1.5188e-03, fsolve flag:1, 1.3062e-07, 523
48, 5.4406e-02, 6.8540e-01, fsolve flag:4, 3.3384e-02, 2620
49, 1.1409e-01, 6.8424e-01, fsolve flag:4, 2.9349e-02, 2091
mean err: 2.9852e-01
0, 2.4739e-01, 8.0596e-01, fsolve flag:4, 4.4325e-02, 1840
1, 3.1695e-02, 3.4224e-04, fsolve flag:1, 3.3900e-07, 784
2, 3.5385e-02, 6.9085e-01, fsolve flag:4, 1.1382e-02, 1582
3, 1.0335e-01, 1.7177e-03, fsolve flag:1, 2.0023e-07, 785
4, 9.2242e-02, 7.1188e-01, fsolve flag:4, 1.3311e-02, 2090
5, 2.5498e-01, 5.1048e-01, fsolve flag:5, 5.4210e-02, 2103
6, 4.9982e-01, 8.9015e-01, fsolve flag:4, 4.6918e-02, 2353
7, 7.9225e-02, 6.7394e-01, fsolve flag:5, 8.7267e-03, 1580
8, 2.4672e-02, 6.8095e-01, fsolve flag:4, 2.7840e-02, 2122
9, 1.3950e-01, 1.7246e-03, fsolve flag:1, 1.8999e-07, 526
10, 2.5316e-02, 6.7353e-01, fsolve flag:4, 2.7621e-02, 1325
11, 4.5238e-02, 6.2720e-01, fsolve flag:4, 1.6091e-02, 1849
12, 3.8990e-02, 3.0937e-04, fsolve flag:1, 1.6764e-07, 524
13, 2.3218e-01, 4.2526e-03, fsolve flag:5, 2.2996e-02, 1837
14, 2.0398e-01, 4.3679e-01, fsolve flag:4, 2.5810e-03, 2622
15, 3.1733e-01, 1.0358e-02, fsolve flag:1, 1.5879e-07, 796
16, 4.0641e-02, 3.8216e-01, fsolve flag:5, 6.1390e-05, 2637
17, 1.8669e-01, 4.3544e-01, fsolve flag:5, 4.7633e-02, 2115
18, 4.1115e-02, 5.4423e-01, fsolve flag:4, 5.4081e-02, 1841
19, 3.5402e-01, 7.2586e-01, fsolve flag:4, 1.5859e-02, 1571
20, 1.6544e-02, 6.5721e-01, fsolve flag:4, 5.2772e-02, 2093
21, 2.1433e-01, 4.0533e-03, fsolve flag:1, 1.1176e-07, 523
22, 1.5562e-01, 6.5109e-01, fsolve flag:4, 1.0386e-02, 2094
23, 1.0612e-01, 7.2533e-01, fsolve flag:4, 1.0817e-02, 1578
24, 4.9321e-02, 3.9323e-04, fsolve flag:1, 1.5739e-07, 523
25, 9.8933e-02, 3.4237e-01, fsolve flag:4, 9.4190e-04, 2921
26, 2.9579e-01, 6.3810e-03, fsolve flag:5, 2.0172e-02, 1318
27, 1.7434e-01, 7.1771e-01, fsolve flag:5, 1.2819e-02, 1577
28, 1.3222e-01, 1.0434e-03, fsolve flag:1, 1.7590e-07, 524
29, 1.7948e-02, 6.6784e-01, fsolve flag:4, 3.9706e-02, 1321
30, 2.2065e-01, 6.5685e-03, fsolve flag:1, 1.0245e-07, 799
31, 8.2455e-02, 3.7422e-01, fsolve flag:5, 5.4948e-07, 1596
32, 2.8367e-01, 1.0875e-02, fsolve flag:4, 7.6496e-04, 1860
33, 1.5268e-01, 2.1470e-03, fsolve flag:1, 1.5134e-07, 525
34, 2.9051e-02, 2.7822e-04, fsolve flag:1, 4.2189e-07, 524
35, 2.0648e-02, 2.6411e-01, fsolve flag:4, 9.4773e-03, 2652
36, 3.0765e-01, 7.3198e-01, fsolve flag:4, 1.6365e-02, 1582
37, 1.7953e-01, 2.9220e-03, fsolve flag:5, 1.1536e-03, 1842
38, 7.0716e-01, 8.8604e-02, fsolve flag:4, 4.3438e-02, 1573
39, 1.9713e-02, 6.3599e-01, fsolve flag:4, 2.3707e-02, 2353
40, 7.1369e-02, 1.5612e-03, fsolve flag:1, 1.8068e-07, 785
41, 4.8721e-02, 4.7757e-04, fsolve flag:1, 1.7043e-07, 525
42, 2.0020e-02, 6.1592e-01, fsolve flag:4, 2.8918e-02, 2113
43, 5.5329e-02, 5.2482e-04, fsolve flag:1, 1.3970e-07, 526
44, 1.8190e-02, 6.1072e-01, fsolve flag:4, 4.3811e-02, 1835
45, 1.9518e-01, 5.0791e-01, fsolve flag:4, 3.3958e-02, 2107
46, 1.5417e-01, 6.8124e-01, fsolve flag:4, 7.5966e-02, 1566
47, 2.2831e-01, 5.7197e-03, fsolve flag:5, 6.9259e-03, 2612
48, 3.7736e-02, 4.8866e-04, fsolve flag:1, 2.2538e-07, 524
49, 1.3008e-01, 6.7186e-01, fsolve flag:4, 1.1857e-02, 2092
50, 1.2754e-01, 6.8062e-01, fsolve flag:4, 1.2397e-02, 1568
51, 5.8368e-02, 6.9065e-04, fsolve flag:1, 1.4622e-07, 785
52, 4.4461e-02, 6.9513e-01, fsolve flag:4, 1.0591e-02, 2095
53, 2.3808e-01, 7.7205e-01, fsolve flag:5, 6.9799e-02, 1579
54, 2.2004e-02, 6.0758e-01, fsolve flag:4, 3.9594e-02, 2355
55, 1.5122e-01, 2.4540e-03, fsolve flag:1, 1.8999e-07, 526
56, 3.2401e-02, 6.8340e-01, fsolve flag:5, 6.5241e-02, 527
57, 1.9006e-01, 3.5755e-01, fsolve flag:4, 1.0262e-03, 3174
58, 1.4374e-01, 1.6448e-03, fsolve flag:1, 1.4994e-07, 525
59, 3.0044e-01, 8.7762e-03, fsolve flag:5, 3.7115e-03, 1851
60, 4.8755e-02, 4.2686e-04, fsolve flag:1, 1.9744e-07, 781
61, 2.2081e-01, 4.0208e-03, fsolve flag:1, 8.3819e-08, 523
62, 3.5362e-02, 6.3463e-01, fsolve flag:5, 3.0283e-02, 1841
63, 9.0256e-02, 9.0359e-04, fsolve flag:1, 1.8440e-07, 524
64, 3.2287e-02, 3.7146e-01, fsolve flag:1, 4.0140e-07, 2116
65, 9.6307e-02, 4.6632e-01, fsolve flag:4, 9.7740e-03, 2358
66, 2.3121e-01, 4.9024e-03, fsolve flag:5, 6.4027e-04, 2375
67, 2.4738e-02, 7.4800e-01, fsolve flag:4, 1.5945e-02, 2107
68, 3.9123e-01, 3.9994e-02, fsolve flag:1, 8.9407e-08, 1057
69, 2.7928e-01, 5.1110e-01, fsolve flag:5, 7.4532e-03, 1323
70, 1.7320e-02, 6.8909e-01, fsolve flag:4, 1.4246e-02, 1833
71, 5.8348e-02, 4.5978e-04, fsolve flag:1, 3.6880e-07, 526
72, 3.8101e-02, 6.3938e-01, fsolve flag:4, 1.3393e-01, 1835
73, 4.0885e-01, 1.3271e-02, fsolve flag:4, 5.2613e-03, 2094
74, 8.4850e-02, 2.0613e-03, fsolve flag:1, 1.0058e-07, 524
75, 1.6617e-01, 4.3405e-01, fsolve flag:4, 1.3409e-02, 2389
76, 3.0357e-02, 6.4119e-01, fsolve flag:4, 2.1765e-02, 1857
77, 1.4977e-01, 2.2061e-03, fsolve flag:1, 3.0734e-07, 797
78, 6.1909e-02, 4.4450e-04, fsolve flag:1, 1.8626e-07, 783
79, 4.8928e-01, 7.6645e-01, fsolve flag:4, 2.4353e-02, 1835
80, 3.7939e-02, 5.1009e-04, fsolve flag:1, 1.8626e-07, 523
81, 1.2614e-01, 2.0719e-03, fsolve flag:1, 1.2293e-07, 526
82, 3.9708e-01, 4.0325e-02, fsolve flag:1, 1.1618e-07, 544
83, 9.7415e-02, 9.9526e-04, fsolve flag:1, 1.6391e-07, 525
84, 2.6677e-02, 5.4252e-01, fsolve flag:5, 8.8112e-02, 1067
85, 3.4072e-01, 1.6599e-02, fsolve flag:1, 9.6858e-08, 798
86, 6.2325e-02, 1.0010e-03, fsolve flag:1, 1.7881e-07, 525
87, 7.6229e-02, 6.2766e-04, fsolve flag:1, 1.6950e-07, 783
88, 1.3125e-01, 6.6657e-01, fsolve flag:4, 9.5170e-03, 1831
89, 2.6167e-01, 9.4494e-03, fsolve flag:1, 1.1362e-07, 1320
90, 5.2318e-02, 1.0876e-03, fsolve flag:1, 1.7229e-07, 523
91, 8.6096e-02, 5.7091e-01, fsolve flag:4, 9.4290e-02, 2103
92, 3.5838e-02, 4.2912e-04, fsolve flag:1, 1.5518e-07, 524
93, 1.8987e-01, 4.9447e-03, fsolve flag:5, 1.4743e-03, 1582
94, 3.1172e-02, 5.9818e-01, fsolve flag:4, 4.6304e-02, 2381
95, 3.5781e-01, 8.1465e-01, fsolve flag:4, 3.4730e-02, 2352
96, 9.4479e-02, 1.5188e-03, fsolve flag:1, 1.3062e-07, 523
97, 1.8511e-01, 4.9694e-01, fsolve flag:5, 1.2027e-02, 2116
98, 5.4406e-02, 6.8540e-01, fsolve flag:4, 3.3384e-02, 2620
99, 1.1409e-01, 6.8424e-01, fsolve flag:4, 2.9349e-02, 2091
mean err: 3.2715e-01
