0.000000000000000000e+00 4.269752272816172163e-05
1.000000000000000000e+00 3.517259618358848924e-06
2.000000000000000000e+00 8.306906430476154134e-07
3.000000000000000000e+00 1.825944894745820791e-07
4.000000000000000000e+00 9.739875846857224038e-08
5.000000000000000000e+00 1.825081960840259117e-07
6.000000000000000000e+00 1.407185260540526453e-07
7.000000000000000000e+00 1.542862571887715247e-07
8.000000000000000000e+00 1.730877633457453843e-07
9.000000000000000000e+00 4.015703380262688976e-07
1.000000000000000000e+01 6.136966851644772696e-07
1.100000000000000000e+01 2.894074003570650321e-07
1.200000000000000000e+01 1.323767850395241016e-07
1.300000000000000000e+01 7.459851956435062414e-08
1.400000000000000000e+01 1.171711659043392397e-07
1.500000000000000000e+01 8.221093493937111199e-08
1.600000000000000000e+01 2.087122082621527630e-07
1.700000000000000000e+01 1.171774782075382967e-07
1.800000000000000000e+01 7.817490966641649647e-08
1.900000000000000000e+01 9.137482428715598071e-08
2.000000000000000000e+01 1.909820340615856216e-07
2.100000000000000000e+01 1.873671838110295355e-07
2.200000000000000000e+01 2.507579213441265959e-07
2.300000000000000000e+01 8.649938326554993649e-08
2.400000000000000000e+01 9.555476600359902565e-08
2.500000000000000000e+01 1.090243487873948157e-07
2.600000000000000000e+01 8.730900117380976596e-08
2.700000000000000000e+01 8.349279499146578846e-08
2.800000000000000000e+01 6.309834003254598646e-08
2.900000000000000000e+01 5.913089830811102296e-08
3.000000000000000000e+01 6.608114856471149467e-08
3.100000000000000000e+01 7.255519906636267306e-08
3.200000000000000000e+01 1.063795383103852397e-07
3.300000000000000000e+01 1.152552087640833901e-07
3.400000000000000000e+01 5.920443727436566691e-08
3.500000000000000000e+01 7.643045168792851347e-08
3.600000000000000000e+01 8.974640861159004078e-08
3.700000000000000000e+01 8.897775940130477201e-08
3.800000000000000000e+01 8.547380601960064611e-08
3.900000000000000000e+01 6.340599035241099146e-08
4.000000000000000000e+01 5.306388827279502924e-08
4.100000000000000000e+01 5.109854271346166763e-08
4.200000000000000000e+01 5.342576990230037856e-08
4.300000000000000000e+01 6.680368066364120633e-08
4.400000000000000000e+01 6.563544865510879652e-08
4.500000000000000000e+01 8.253789897461745192e-08
4.600000000000000000e+01 8.637643697584328442e-08
4.700000000000000000e+01 7.330983657369241086e-08
4.800000000000000000e+01 5.590043889925363185e-08
4.900000000000000000e+01 6.058825506576149218e-08
5.000000000000000000e+01 5.569971679271931327e-08
5.100000000000000000e+01 6.982943928032024715e-08
5.200000000000000000e+01 6.338860236752623086e-08
5.300000000000000000e+01 8.220647614112150699e-08
5.400000000000000000e+01 1.036465163802046014e-07
5.500000000000000000e+01 7.387786992244203677e-08
5.600000000000000000e+01 8.821686278813650057e-08
5.700000000000000000e+01 6.389254624678508337e-08
5.800000000000000000e+01 4.971229745127173899e-08
5.900000000000000000e+01 7.266085450504902399e-08
6.000000000000000000e+01 6.043130053680121098e-08
6.100000000000000000e+01 4.962001274038504799e-08
6.200000000000000000e+01 1.018781506926559075e-07
6.300000000000000000e+01 9.184913492144819351e-08
6.400000000000000000e+01 9.283677945220245384e-08
6.500000000000000000e+01 9.446329356423999398e-08
6.600000000000000000e+01 1.010949376956563568e-07
6.700000000000000000e+01 8.173873099999325535e-08
6.800000000000000000e+01 7.586904280560150468e-08
6.900000000000000000e+01 1.116553788379507135e-07
7.000000000000000000e+01 7.690509554492467051e-08
7.100000000000000000e+01 7.120083918858196127e-08
7.200000000000000000e+01 6.944833731647294213e-08
7.300000000000000000e+01 4.738750194101508125e-08
7.400000000000000000e+01 4.667252042655772851e-08
7.500000000000000000e+01 4.813044108898858642e-08
7.600000000000000000e+01 5.035681050433007844e-08
7.700000000000000000e+01 5.776246014264983019e-08
7.800000000000000000e+01 5.855121276460413525e-08
7.900000000000000000e+01 6.336694338750881776e-08
8.000000000000000000e+01 8.087742532033589302e-08
8.100000000000000000e+01 6.792886232800836178e-08
8.200000000000000000e+01 6.244585792558860874e-08
8.300000000000000000e+01 6.036569360714548488e-08
8.400000000000000000e+01 7.486062954162190579e-08
8.500000000000000000e+01 7.897724873287930232e-08
8.600000000000000000e+01 5.274030699334061012e-08
8.700000000000000000e+01 5.028035104973845656e-08
8.800000000000000000e+01 6.920075569109874445e-08
8.900000000000000000e+01 8.498738993043821712e-08
9.000000000000000000e+01 6.978698673259987174e-08
9.100000000000000000e+01 5.909214642423208170e-08
9.200000000000000000e+01 6.383122000745787523e-08
9.300000000000000000e+01 9.345550677576409260e-08
9.400000000000000000e+01 6.611207996095957882e-08
9.500000000000000000e+01 4.736357476895868094e-08
9.600000000000000000e+01 4.822763493063133640e-08
9.700000000000000000e+01 4.756101024060669808e-08
9.800000000000000000e+01 5.322847364091792896e-08
9.900000000000000000e+01 6.527973455423971769e-08
1.000000000000000000e+02 4.815453437482905333e-08
1.010000000000000000e+02 5.000098398881457960e-08
1.020000000000000000e+02 5.858192309833315997e-08
1.030000000000000000e+02 6.907331205388243199e-08
1.040000000000000000e+02 7.008368730214451075e-08
1.050000000000000000e+02 6.528988487402614068e-08
1.060000000000000000e+02 6.479275328358002049e-08
1.070000000000000000e+02 4.829750347203660252e-08
1.080000000000000000e+02 5.109024429205729232e-08
1.090000000000000000e+02 5.765779310766512979e-08
1.100000000000000000e+02 7.031733610219393763e-08
1.110000000000000000e+02 5.491328682884079907e-08
1.120000000000000000e+02 5.470390228637645937e-08
1.130000000000000000e+02 6.241124681226378777e-08
1.140000000000000000e+02 7.160818633057825985e-08
