0, tensor([0.0087]), 1.0058283805847168e-07, 404
1, tensor([0.0066]), 1.341104507446289e-07, 276
2, tensor([0.0058]), 5.21540641784668e-08, 274
3, tensor([0.0049]), 6.51925802230835e-08, 679
4, tensor([0.0047]), 7.82310962677002e-08, 273
5, tensor([0.0028]), 8.594997780164704e-08, 540
6, tensor([0.0032]), 6.426125764846802e-08, 275
7, tensor([0.0041]), 1.0803341865539551e-07, 406
8, tensor([0.0053]), 8.568167686462402e-08, 405
9, tensor([0.0080]), 1.0803341865539551e-07, 274
10, tensor([0.0034]), 6.332993507385254e-08, 407
11, tensor([0.0020]), 5.587935447692871e-08, 281
12, tensor([0.0031]), 6.146728992462158e-08, 274
13, tensor([0.0008]), 6.51925802230835e-08, 408
14, tensor([0.0075]), 7.078051567077637e-08, 538
15, tensor([0.0034]), 5.4016709327697754e-08, 281
16, tensor([0.0011]), 6.146728992462158e-08, 283
17, tensor([0.0027]), 8.195638656616211e-08, 279
18, tensor([0.0066]), 1.1175870895385742e-07, 278
19, tensor([0.0080]), 1.0617077350616455e-07, 408
20, tensor([0.0038]), 7.078051567077637e-08, 277
21, tensor([0.0096]), 1.0989606380462646e-07, 277
22, tensor([0.0047]), 6.705522537231445e-08, 407
23, tensor([0.0031]), 9.685754776000977e-08, 403
24, tensor([0.0097]), 9.259383659809828e-08, 278
25, tensor([0.0039]), 1.043081283569336e-07, 406
26, tensor([0.0018]), 8.940696716308594e-08, 279
27, tensor([0.0026]), 7.683411240577698e-08, 408
28, tensor([0.0080]), 8.568167686462402e-08, 409
29, tensor([0.0022]), 1.1734664440155029e-07, 276
30, tensor([0.0043]), 7.82310962677002e-08, 278
31, tensor([0.0020]), 7.264316082000732e-08, 406
32, tensor([0.0036]), 8.568167686462402e-08, 280
33, tensor([0.0044]), 1.0989606380462646e-07, 275
34, tensor([0.0057]), 8.568167686462402e-08, 407
35, tensor([0.0086]), 7.078051567077637e-08, 537
36, tensor([0.0053]), 4.842877388000488e-08, 667
37, tensor([0.1617]), 0.002187652513384819, 269
38, tensor([0.0025]), 7.636845111846924e-08, 277
39, tensor([0.0281]), 0.010440152138471603, 269
40, tensor([0.0043]), 8.195638656616211e-08, 278
41, tensor([0.0044]), 9.685754776000977e-08, 537
42, tensor([0.0075]), 1.434236764907837e-07, 278
43, tensor([0.0040]), 7.078051567077637e-08, 410
44, tensor([0.0058]), 1.1920928955078125e-07, 278
45, tensor([0.0079]), 8.195638656616211e-08, 409
46, tensor([0.0034]), 9.313225746154785e-08, 276
47, tensor([0.0027]), 8.195638656616211e-08, 280
48, tensor([0.0029]), 5.960464477539063e-08, 280
49, tensor([0.0047]), 8.195638656616211e-08, 278
50, tensor([0.0028]), 7.450580596923828e-08, 405
51, tensor([0.0034]), 6.51925802230835e-08, 409
52, tensor([0.0030]), 5.21540641784668e-08, 406
53, tensor([0.0074]), 7.078051567077637e-08, 408
54, tensor([0.0027]), 7.264316082000732e-08, 403
55, tensor([0.0046]), 7.078051567077637e-08, 408
56, tensor([0.0049]), 6.332993507385254e-08, 405
57, tensor([0.0048]), 7.82310962677002e-08, 408
58, tensor([0.0064]), 7.636845111846924e-08, 276
59, tensor([0.0039]), 6.810296326875687e-08, 541
60, tensor([0.0039]), 5.960464477539063e-08, 275
61, tensor([0.0034]), 8.940696716308594e-08, 274
62, tensor([0.0036]), 6.332993507385254e-08, 276
63, tensor([0.0042]), 5.960464477539063e-08, 277
64, tensor([0.0075]), 6.705522537231445e-08, 277
65, tensor([0.0038]), 8.009374141693115e-08, 538
66, tensor([0.0008]), 7.916241884231567e-08, 274
67, tensor([0.0083]), 9.685754776000977e-08, 277
68, tensor([0.0062]), 6.612390279769897e-08, 278
69, tensor([0.0046]), 7.264316082000732e-08, 276
70, tensor([0.0061]), 1.0058283805847168e-07, 272
71, tensor([0.0056]), 6.891787052154541e-08, 276
72, tensor([0.0013]), 8.568167686462402e-08, 277
73, tensor([0.0020]), 7.450580596923828e-08, 276
74, tensor([0.0088]), 5.4016709327697754e-08, 276
75, tensor([0.0053]), 8.940696716308594e-08, 404
76, tensor([0.0041]), 9.685754776000977e-08, 410
77, tensor([0.0048]), 6.798654794692993e-08, 274
78, tensor([0.0044]), 9.685754776000977e-08, 406
79, tensor([0.0019]), 9.685754776000977e-08, 410
80, tensor([0.0053]), 7.264316082000732e-08, 408
81, tensor([0.0089]), 7.078051567077637e-08, 408
82, tensor([0.0028]), 7.729977369308472e-08, 409
83, tensor([0.0072]), 9.313225746154785e-08, 536
84, tensor([0.0596]), 0.01533529907464981, 269
85, tensor([0.0046]), 8.568167686462402e-08, 280
86, tensor([0.0026]), 7.35744833946228e-08, 275
87, tensor([0.0036]), 7.636845111846924e-08, 409
88, tensor([0.0023]), 5.4016709327697754e-08, 405
89, tensor([0.0053]), 5.960464477539063e-08, 405
90, tensor([0.0057]), 8.940696716308594e-08, 407
91, tensor([0.0077]), 6.025948096066713e-08, 406
92, tensor([0.0010]), 6.891787052154541e-08, 408
93, tensor([0.0056]), 6.426125764846802e-08, 274
94, tensor([0.0007]), 7.35744833946228e-08, 406
95, tensor([0.0011]), 6.239861249923706e-08, 277
96, tensor([0.0070]), 4.1443854570388794e-08, 277
97, tensor([0.0023]), 7.264316082000732e-08, 407
98, tensor([0.0074]), 5.587935447692871e-08, 277
99, tensor([0.0039]), 1.2293457984924316e-07, 273
mean err: 0.006947898771613836
0, tensor([0.0087]), 5.774199962615967e-08, 399, 6.239861249923706e-08
1, tensor([0.0066]), 9.499490261077881e-08, 400, 1.1548399925231934e-07
2, tensor([0.0058]), 5.774199962615967e-08, 271, 7.264316082000732e-08
3, tensor([0.0049]), 8.381903171539307e-08, 268, 5.029141902923584e-08
4, tensor([0.0047]), 7.264316082000732e-08, 268, 7.078051567077637e-08
5, tensor([0.0028]), 6.752088665962219e-08, 402, 3.91155481338501e-08
6, tensor([0.0032]), 6.752088665962219e-08, 266, 7.165363058447838e-08
7, tensor([0.0041]), 7.264316082000732e-08, 266, 6.146728992462158e-08
8, tensor([0.0053]), 8.9290551841259e-08, 266, 6.798654794692993e-08
9, tensor([0.0080]), 8.009374141693115e-08, 266, 8.288770914077759e-08
10, tensor([0.0034]), 3.91155481338501e-08, 397, 6.705522537231445e-08
11, tensor([0.0020]), 8.195638656616211e-08, 397, 1.043081283569336e-07
12, tensor([0.0031]), 6.705522537231445e-08, 266, 1.0244548320770264e-07
13, tensor([0.0008]), 8.381903171539307e-08, 136, 8.195638656616211e-08
14, tensor([0.0075]), 6.705522537231445e-08, 266, 9.266659617424011e-08
15, tensor([0.0034]), 5.960464477539063e-08, 268, 1.0523945093154907e-07
16, tensor([0.0011]), 7.82310962677002e-08, 137, 8.009374141693115e-08
17, tensor([0.0027]), 1.0710209608078003e-07, 267, 1.2386590242385864e-07
18, tensor([0.0066]), 8.195638656616211e-08, 267, 8.568167686462402e-08
19, tensor([0.0080]), 7.450580596923828e-08, 138, 7.078051567077637e-08
20, tensor([0.0038]), 9.685754776000977e-08, 138, 8.940696716308594e-08
21, tensor([0.0096]), 5.960464477539063e-08, 268, 7.078051567077637e-08
22, tensor([0.0047]), 6.705522537231445e-08, 268, 5.774199962615967e-08
23, tensor([0.0031]), 9.685754776000977e-08, 266, 9.313225746154785e-08
24, tensor([0.0097]), 7.997732609510422e-08, 136, 8.172355592250824e-08
25, tensor([0.0039]), 9.12696123123169e-08, 267, 7.82310962677002e-08
26, tensor([0.0018]), 7.82310962677002e-08, 266, 7.450580596923828e-08
27, tensor([0.0026]), 7.986091077327728e-08, 138, 5.960464477539063e-08
28, tensor([0.0080]), 7.078051567077637e-08, 267, 7.450580596923828e-08
29, tensor([0.0022]), 1.1362135410308838e-07, 264, 1.1175870895385742e-07
30, tensor([0.0043]), 6.891787052154541e-08, 268, 6.682239472866058e-08
31, tensor([0.0020]), 9.96515154838562e-08, 138, 9.252107702195644e-08
32, tensor([0.0036]), 1.1920928955078125e-07, 266, 7.078051567077637e-08
33, tensor([0.0044]), 5.960464477539063e-08, 270, 6.146728992462158e-08
34, tensor([0.0057]), 5.029141902923584e-08, 271, 6.51925802230835e-08
35, tensor([0.0086]), 7.450580596923828e-08, 267, 8.614733815193176e-08
36, tensor([0.0053]), 4.470348358154297e-08, 270, 5.029141902923584e-08
37, tensor([0.0023]), 7.82310962677002e-08, 397, 6.332993507385254e-08
38, tensor([0.0025]), 7.450580596923828e-08, 397, 5.587935447692871e-08
39, tensor([0.0023]), 7.008202373981476e-08, 268, 5.774199962615967e-08
40, tensor([0.0043]), 7.82310962677002e-08, 267, 7.82310962677002e-08
41, tensor([0.0044]), 5.774199962615967e-08, 271, 6.658956408500671e-08
42, tensor([0.0075]), 4.6566128730773926e-08, 139, 7.264316082000732e-08
43, tensor([0.0040]), 1.0151416063308716e-07, 269, 9.313225746154785e-08
44, tensor([0.0058]), 1.341104507446289e-07, 266, 5.960464477539063e-08
45, tensor([0.0079]), 9.685754776000977e-08, 266, 7.450580596923828e-08
46, tensor([0.0034]), 6.239861249923706e-08, 141, 6.51925802230835e-08
47, tensor([0.0027]), 1.043081283569336e-07, 136, 8.940696716308594e-08
48, tensor([0.0029]), 4.470348358154297e-08, 399, 7.450580596923828e-08
49, tensor([0.0047]), 1.043081283569336e-07, 137, 9.592622518539429e-08
50, tensor([0.0028]), 6.705522537231445e-08, 138, 7.450580596923828e-08
51, tensor([0.0034]), 6.239861249923706e-08, 270, 1.0058283805847168e-07
52, tensor([0.0030]), 6.891787052154541e-08, 269, 7.264316082000732e-08
53, tensor([0.0074]), 5.960464477539063e-08, 268, 8.195638656616211e-08
54, tensor([0.0027]), 7.636845111846924e-08, 140, 8.940696716308594e-08
55, tensor([0.0046]), 8.940696716308594e-08, 267, 9.685754776000977e-08
56, tensor([0.0049]), 5.21540641784668e-08, 141, 7.82310962677002e-08
57, tensor([0.0048]), 1.0081566870212555e-07, 138, 7.505877874791622e-08
58, tensor([0.0064]), 7.729977369308472e-08, 267, 5.774199962615967e-08
59, tensor([0.0039]), 5.227047950029373e-08, 399, 8.940696716308594e-08
60, tensor([0.0039]), 6.332993507385254e-08, 269, 5.721813067793846e-08
61, tensor([0.0034]), 8.288770914077759e-08, 137, 8.568167686462402e-08
62, tensor([0.0036]), 7.078051567077637e-08, 400, 6.705522537231445e-08
63, tensor([0.0042]), 7.82310962677002e-08, 137, 6.612390279769897e-08
64, tensor([0.0075]), 4.470348358154297e-08, 268, 6.51925802230835e-08
65, tensor([0.0038]), 5.029141902923584e-08, 267, 8.940696716308594e-08
66, tensor([0.0008]), 8.381903171539307e-08, 266, 9.313225746154785e-08
67, tensor([0.0083]), 9.080395102500916e-08, 266, 7.82310962677002e-08
68, tensor([0.0062]), 7.82310962677002e-08, 268, 5.960464477539063e-08
69, tensor([0.0046]), 9.96515154838562e-08, 267, 7.82310962677002e-08
70, tensor([0.0061]), 9.452924132347107e-08, 137, 8.754432201385498e-08
71, tensor([0.0056]), 5.960464477539063e-08, 399, 6.542541086673737e-08
72, tensor([0.0013]), 9.313225746154785e-08, 268, 6.705522537231445e-08
73, tensor([0.0020]), 7.078051567077637e-08, 267, 8.568167686462402e-08
74, tensor([0.0088]), 5.774199962615967e-08, 139, 5.681067705154419e-08
75, tensor([0.0053]), 6.705522537231445e-08, 266, 8.614733815193176e-08
76, tensor([0.0041]), 9.685754776000977e-08, 268, 9.872019290924072e-08
77, tensor([0.0048]), 5.21540641784668e-08, 267, 4.842877388000488e-08
78, tensor([0.0044]), 5.122274160385132e-08, 139, 1.0617077350616455e-07
79, tensor([0.0019]), 8.89413058757782e-08, 266, 1.019798219203949e-07
80, tensor([0.0053]), 7.264316082000732e-08, 397, 6.705522537231445e-08
81, tensor([0.0089]), 8.195638656616211e-08, 268, 5.21540641784668e-08
82, tensor([0.0028]), 6.51925802230835e-08, 266, 9.313225746154785e-08
83, tensor([0.0072]), 1.1175870895385742e-07, 399, 7.450580596923828e-08
84, tensor([0.0076]), 6.146728992462158e-08, 399, 6.612390279769897e-08
85, tensor([0.0046]), 5.960464477539063e-08, 267, 7.450580596923828e-08
86, tensor([0.0026]), 7.450580596923828e-08, 396, 6.239861249923706e-08
87, tensor([0.0036]), 4.0978193283081055e-08, 398, 6.705522537231445e-08
88, tensor([0.0023]), 7.078051567077637e-08, 399, 7.310882210731506e-08
89, tensor([0.0053]), 1.564621925354004e-07, 264, 7.636845111846924e-08
90, tensor([0.0057]), 8.195638656616211e-08, 266, 1.2479722499847412e-07
91, tensor([0.0077]), 7.753260433673859e-08, 267, 6.472691893577576e-08
92, tensor([0.0010]), 7.82310962677002e-08, 138, 1.1082738637924194e-07
93, tensor([0.0056]), 8.195638656616211e-08, 266, 7.171183824539185e-08
94, tensor([0.0007]), 8.055940270423889e-08, 268, 8.987262845039368e-08
95, tensor([0.0011]), 5.21540641784668e-08, 138, 7.450580596923828e-08
96, tensor([0.0070]), 5.960464477539063e-08, 271, 7.82310962677002e-08
97, tensor([0.0023]), 4.6566128730773926e-08, 268, 9.592622518539429e-08
98, tensor([0.0074]), 7.636845111846924e-08, 266, 6.705522537231445e-08
99, tensor([0.0039]), 8.475035429000854e-08, 136, 7.450580596923828e-08
mean err: 0.004576054401695728
