0.000000000000000000e+00 1.758199254671732603e-01
1.000000000000000000e+00 4.682401508092880194e-02
2.000000000000000000e+00 4.129714061816533444e-02
3.000000000000000000e+00 2.672444825371106392e-02
4.000000000000000000e+00 2.011437594890594371e-02
5.000000000000000000e+00 2.018710205952326323e-02
6.000000000000000000e+00 1.889293462038039995e-02
7.000000000000000000e+00 1.842164660493532738e-02
8.000000000000000000e+00 1.838675657908121763e-02
9.000000000000000000e+00 1.797829518715540406e-02
1.000000000000000000e+01 1.711595426003138104e-02
1.100000000000000000e+01 1.659565071264902658e-02
1.200000000000000000e+01 1.588748907049496867e-02
1.300000000000000000e+01 1.529262724022070578e-02
1.400000000000000000e+01 1.413840514918168409e-02
1.500000000000000000e+01 1.354310683906078359e-02
1.600000000000000000e+01 1.164731179674466377e-02
1.700000000000000000e+01 1.073298056920369420e-02
1.800000000000000000e+01 9.639025703072547080e-03
1.900000000000000000e+01 7.702150531113147874e-03
2.000000000000000000e+01 6.515697116653124642e-03
2.100000000000000000e+01 5.750118158757686927e-03
2.200000000000000000e+01 4.308624838789304121e-03
2.300000000000000000e+01 3.264829190447926435e-03
2.400000000000000000e+01 2.507201948513587252e-03
2.500000000000000000e+01 2.015122743323445164e-03
2.600000000000000000e+01 1.484502834888796075e-03
2.700000000000000000e+01 1.122234932457407243e-03
2.800000000000000000e+01 8.801525792417427179e-04
2.900000000000000000e+01 8.347586705349385608e-04
3.000000000000000000e+01 8.001451803526531039e-04
3.100000000000000000e+01 5.369204240075002013e-04
3.200000000000000000e+01 5.441356132117411036e-04
3.300000000000000000e+01 4.873441357631236315e-04
3.400000000000000000e+01 3.907832693463812062e-04
3.500000000000000000e+01 4.057242698036134178e-04
3.600000000000000000e+01 5.414538822757701368e-04
3.700000000000000000e+01 3.866247285623103250e-04
3.800000000000000000e+01 2.919269341509789250e-04
3.900000000000000000e+01 2.713399011796961322e-04
4.000000000000000000e+01 2.846682321978733074e-04
4.100000000000000000e+01 2.785323521432777087e-04
4.200000000000000000e+01 2.583285591875513496e-04
4.300000000000000000e+01 2.791429039401312619e-04
4.400000000000000000e+01 2.062680526675345972e-04
4.500000000000000000e+01 2.449351622878263510e-04
4.600000000000000000e+01 2.386628615204244982e-04
4.700000000000000000e+01 2.115832921117544055e-04
4.800000000000000000e+01 1.727244161884300411e-04
4.900000000000000000e+01 1.840569383542363954e-04
5.000000000000000000e+01 2.082697379713257255e-04
5.100000000000000000e+01 1.819540689272495550e-04
5.200000000000000000e+01 2.573037471544618480e-04
5.300000000000000000e+01 1.391893621378888614e-04
5.400000000000000000e+01 2.141890608860800779e-04
5.500000000000000000e+01 1.708608539775013989e-04
5.600000000000000000e+01 1.472498100580802783e-04
5.700000000000000000e+01 2.037618782681723569e-04
5.800000000000000000e+01 1.449801637014994972e-04
5.900000000000000000e+01 1.205910556018352541e-04
6.000000000000000000e+01 1.772769251450275363e-04
6.100000000000000000e+01 1.347489531811637100e-04
6.200000000000000000e+01 1.352435145236086209e-04
6.300000000000000000e+01 1.265225157840177428e-04
6.400000000000000000e+01 1.723363419296219977e-04
6.500000000000000000e+01 1.597559515115183984e-04
6.600000000000000000e+01 1.479050509806256871e-04
6.700000000000000000e+01 1.295336403321319444e-04
6.800000000000000000e+01 9.627298044506460211e-05
6.900000000000000000e+01 1.009152973225961142e-04
7.000000000000000000e+01 8.299066015752032724e-05
7.100000000000000000e+01 1.029902692243922523e-04
7.200000000000000000e+01 1.411998233864627183e-04
7.300000000000000000e+01 7.946245634229853641e-05
7.400000000000000000e+01 9.131131126196124039e-05
7.500000000000000000e+01 7.740817784603374555e-05
7.600000000000000000e+01 9.009682607332554721e-05
7.700000000000000000e+01 7.630948617588728612e-05
7.800000000000000000e+01 8.909105781640391797e-05
7.900000000000000000e+01 8.733440440361542724e-05
8.000000000000000000e+01 9.111213701544329361e-05
8.100000000000000000e+01 1.254013894746700995e-04
8.200000000000000000e+01 1.112958258696987028e-04
8.300000000000000000e+01 7.695738345015949819e-05
8.400000000000000000e+01 7.188257882565570085e-05
8.500000000000000000e+01 6.701899226754903902e-05
8.600000000000000000e+01 8.132221844183125175e-05
8.700000000000000000e+01 7.321104407310485352e-05
8.800000000000000000e+01 6.028516324780260803e-05
8.900000000000000000e+01 6.076931342249736081e-05
9.000000000000000000e+01 6.335691922383072819e-05
9.100000000000000000e+01 5.850591868996464723e-05
9.200000000000000000e+01 7.528898791254808758e-05
9.300000000000000000e+01 7.531601477239746600e-05
9.400000000000000000e+01 8.588342798854379297e-05
9.500000000000000000e+01 4.942256946378620070e-05
9.600000000000000000e+01 4.927014599767669056e-05
9.700000000000000000e+01 4.846660693146987131e-05
9.800000000000000000e+01 6.650184398798349714e-05
9.900000000000000000e+01 7.217829712317324578e-05
1.000000000000000000e+02 4.330408155510667983e-05
1.010000000000000000e+02 6.944376221023655584e-05
1.020000000000000000e+02 4.602466585007884139e-05
1.030000000000000000e+02 7.395127669345431928e-05
1.040000000000000000e+02 6.529094995736765817e-05
1.050000000000000000e+02 5.095057960716076087e-05
1.060000000000000000e+02 4.709946120177240132e-05
1.070000000000000000e+02 4.503372318140464012e-05
1.080000000000000000e+02 4.689110161658997518e-05
1.090000000000000000e+02 4.604874646853810869e-05
1.100000000000000000e+02 6.349462958799752537e-05
1.110000000000000000e+02 4.222891773679293529e-05
1.120000000000000000e+02 5.611665728793014112e-05
1.130000000000000000e+02 6.037771677559552346e-05
1.140000000000000000e+02 4.132531945894394600e-05
1.150000000000000000e+02 4.482961315564655693e-05
1.160000000000000000e+02 4.557882083948546300e-05
1.170000000000000000e+02 4.985758028245375513e-05
1.180000000000000000e+02 4.932744440642030460e-05
1.190000000000000000e+02 3.907580550730927214e-05
1.200000000000000000e+02 5.487230671860743422e-05
1.210000000000000000e+02 5.189597920737772297e-05
1.220000000000000000e+02 4.422324368836901714e-05
1.230000000000000000e+02 4.547241841161546195e-05
1.240000000000000000e+02 5.049766585822605425e-05
1.250000000000000000e+02 4.801231048380335425e-05
1.260000000000000000e+02 4.798839321059252672e-05
1.270000000000000000e+02 4.690723939953992918e-05
1.280000000000000000e+02 4.088650567913039961e-05
1.290000000000000000e+02 4.140783462692828481e-05
1.300000000000000000e+02 4.268195571057731421e-05
1.310000000000000000e+02 5.020120822640213368e-05
1.320000000000000000e+02 4.540095179739485868e-05
1.330000000000000000e+02 8.860004774760454785e-05
1.340000000000000000e+02 4.059082560464351839e-05
1.350000000000000000e+02 3.820313545778238778e-05
1.360000000000000000e+02 3.677492259157588705e-05
1.370000000000000000e+02 5.735454892904575275e-05
1.380000000000000000e+02 6.028174881066661138e-05
1.390000000000000000e+02 4.864923117565922385e-05
1.400000000000000000e+02 4.918175887723918814e-05
1.410000000000000000e+02 3.023259940770609862e-05
1.420000000000000000e+02 3.830277323383294685e-05
1.430000000000000000e+02 4.917129352785801937e-05
1.440000000000000000e+02 6.605816762506340326e-05
1.450000000000000000e+02 7.087863022510039967e-05
1.460000000000000000e+02 4.851079684158321741e-05
1.470000000000000000e+02 5.033294767296562583e-05
1.480000000000000000e+02 3.494110699345280368e-05
1.490000000000000000e+02 4.963588777172844667e-05
1.500000000000000000e+02 3.843483101566865754e-05
1.510000000000000000e+02 2.916221314080758142e-05
1.520000000000000000e+02 5.090095967413314028e-05
1.530000000000000000e+02 5.807793094087779809e-05
1.540000000000000000e+02 5.493544937053229606e-05
1.550000000000000000e+02 5.109095104368559064e-05
1.560000000000000000e+02 4.063950623579633986e-05
1.570000000000000000e+02 2.600647381768794676e-05
1.580000000000000000e+02 3.700943521835142692e-05
1.590000000000000000e+02 4.211776268978913553e-05
1.600000000000000000e+02 3.776271655321276319e-05
1.610000000000000000e+02 3.834509357451072915e-05
1.620000000000000000e+02 3.723792946402681775e-05
1.630000000000000000e+02 3.603787859901786067e-05
1.640000000000000000e+02 2.882928716038198503e-05
1.650000000000000000e+02 3.757292938341076464e-05
1.660000000000000000e+02 8.101706577387327317e-05
1.670000000000000000e+02 3.183825267721355302e-05
1.680000000000000000e+02 3.044604549359064468e-05
1.690000000000000000e+02 5.082074950526779095e-05
1.700000000000000000e+02 3.604994941269979098e-05
1.710000000000000000e+02 2.726249013600560490e-05
1.720000000000000000e+02 5.652855162528188206e-05
1.730000000000000000e+02 3.558559328666888313e-05
1.740000000000000000e+02 3.087620932395414633e-05
1.750000000000000000e+02 2.586956784701518008e-05
1.760000000000000000e+02 2.609952845280834644e-05
1.770000000000000000e+02 3.453204181520656471e-05
1.780000000000000000e+02 5.385343846379934707e-05
1.790000000000000000e+02 5.439182796787159967e-05
1.800000000000000000e+02 3.312100173692063558e-05
1.810000000000000000e+02 4.192670501652173671e-05
1.820000000000000000e+02 3.029278525597570940e-05
1.830000000000000000e+02 2.513794747452872513e-05
1.840000000000000000e+02 4.769955688971094570e-05
1.850000000000000000e+02 3.673454162102037673e-05
1.860000000000000000e+02 3.848360101983416554e-05
1.870000000000000000e+02 2.918749088469970346e-05
1.880000000000000000e+02 3.629717254322410160e-05
1.890000000000000000e+02 2.394229805455931048e-05
1.900000000000000000e+02 2.930441108522548741e-05
1.910000000000000000e+02 2.461050542478915209e-05
1.920000000000000000e+02 2.525666292058303830e-05
1.930000000000000000e+02 3.257274157173621393e-05
1.940000000000000000e+02 2.708236568044715813e-05
1.950000000000000000e+02 2.995601214934140417e-05
1.960000000000000000e+02 2.771688748907763348e-05
1.970000000000000000e+02 2.247040913061937412e-05
1.980000000000000000e+02 6.073057156754657762e-05
1.990000000000000000e+02 3.311317467402356303e-05
2.000000000000000000e+02 2.905247610518320742e-05
2.010000000000000000e+02 2.917292462370824055e-05
2.020000000000000000e+02 3.427037491443721891e-05
2.030000000000000000e+02 3.106430916280563255e-05
2.040000000000000000e+02 2.561674104072153622e-05
2.050000000000000000e+02 3.007547868037363474e-05
2.060000000000000000e+02 2.451037876501989843e-05
2.070000000000000000e+02 2.510276927447800246e-05
2.080000000000000000e+02 2.213348712151249232e-05
2.090000000000000000e+02 2.680274606973398558e-05
2.100000000000000000e+02 2.638723120374682828e-05
2.110000000000000000e+02 2.042239072276667359e-05
2.120000000000000000e+02 2.806573633279185864e-05
2.130000000000000000e+02 2.165835767906779940e-05
2.140000000000000000e+02 2.175297522626351497e-05
2.150000000000000000e+02 2.642060177701447825e-05
2.160000000000000000e+02 2.340215574804460576e-05
2.170000000000000000e+02 2.630189674770614920e-05
2.180000000000000000e+02 3.199483152760270669e-05
2.190000000000000000e+02 2.258166558021912256e-05
2.200000000000000000e+02 3.122013490307532619e-05
2.210000000000000000e+02 2.855650232352975913e-05
2.220000000000000000e+02 2.400054137979168472e-05
2.230000000000000000e+02 2.643493530437505444e-05
2.240000000000000000e+02 1.982298382548227416e-05
2.250000000000000000e+02 3.212966391098841099e-05
2.260000000000000000e+02 2.014660977389818710e-05
2.270000000000000000e+02 3.562158969240651472e-05
2.280000000000000000e+02 1.929531605734761539e-05
2.290000000000000000e+02 2.123045407643076127e-05
2.300000000000000000e+02 2.492756391196356610e-05
2.310000000000000000e+02 3.767545059721063400e-05
2.320000000000000000e+02 3.695697323564672572e-05
2.330000000000000000e+02 2.920466146557979952e-05
2.340000000000000000e+02 3.081204961442078280e-05
2.350000000000000000e+02 2.623134496388956972e-05
2.360000000000000000e+02 2.195182392218460553e-05
2.370000000000000000e+02 2.127929950802353993e-05
2.380000000000000000e+02 3.594552872527856109e-05
2.390000000000000000e+02 1.988275528371256321e-05
2.400000000000000000e+02 2.445243329323905921e-05
2.410000000000000000e+02 2.347576177271548577e-05
2.420000000000000000e+02 1.765924206362494097e-05
2.430000000000000000e+02 2.888846279044325103e-05
2.440000000000000000e+02 2.183999612801320063e-05
2.450000000000000000e+02 2.119157989606416573e-05
2.460000000000000000e+02 1.920519235378985150e-05
2.470000000000000000e+02 2.347661261107229335e-05
2.480000000000000000e+02 1.844932847840633936e-05
2.490000000000000000e+02 2.723819171175515999e-05
2.500000000000000000e+02 2.576536465009364048e-05
2.510000000000000000e+02 2.267325769935268949e-05
2.520000000000000000e+02 2.342189995639879963e-05
2.530000000000000000e+02 2.204751211441665290e-05
2.540000000000000000e+02 2.052011996662865182e-05
2.550000000000000000e+02 1.719345335004618297e-05
2.560000000000000000e+02 2.074757947411853725e-05
2.570000000000000000e+02 2.028629353541570261e-05
2.580000000000000000e+02 3.098054105066694075e-05
2.590000000000000000e+02 2.781236612160379570e-05
2.600000000000000000e+02 1.906883916187022507e-05
2.610000000000000000e+02 2.383551516686566011e-05
2.620000000000000000e+02 2.062922227196395546e-05
2.630000000000000000e+02 3.788219454387823406e-05
2.640000000000000000e+02 2.395452094788197455e-05
2.650000000000000000e+02 2.280965859730106935e-05
2.660000000000000000e+02 2.033001932431943769e-05
2.670000000000000000e+02 1.750990117822463196e-05
2.680000000000000000e+02 3.171435552455174200e-05
2.690000000000000000e+02 1.464722474338486784e-05
2.700000000000000000e+02 1.747176679297505518e-05
2.710000000000000000e+02 1.745581697832676433e-05
2.720000000000000000e+02 2.116037138572816431e-05
2.730000000000000000e+02 1.691311836718038513e-05
2.740000000000000000e+02 1.825840385208721259e-05
2.750000000000000000e+02 2.468279383416908609e-05
2.760000000000000000e+02 2.185097509936895154e-05
2.770000000000000000e+02 1.743217456654140991e-05
2.780000000000000000e+02 1.887202139187138609e-05
2.790000000000000000e+02 2.431534740026108853e-05
2.800000000000000000e+02 2.143663787137484313e-05
2.810000000000000000e+02 2.077983287260091598e-05
2.820000000000000000e+02 1.744229944354932252e-05
2.830000000000000000e+02 1.561637346943219634e-05
2.840000000000000000e+02 1.735288319954027579e-05
2.850000000000000000e+02 1.694321239483542659e-05
2.860000000000000000e+02 2.432086106030813887e-05
2.870000000000000000e+02 1.810631255163267948e-05
2.880000000000000000e+02 1.786596120534037797e-05
2.890000000000000000e+02 1.522786910451638186e-05
2.900000000000000000e+02 2.393726066657109308e-05
2.910000000000000000e+02 2.069932448648614890e-05
2.920000000000000000e+02 1.832221803852007833e-05
2.930000000000000000e+02 2.147424984286771952e-05
2.940000000000000000e+02 2.877383949453360537e-05
2.950000000000000000e+02 1.940077339895651798e-05
2.960000000000000000e+02 1.694008923247262462e-05
2.970000000000000000e+02 1.361301718740530074e-05
2.980000000000000000e+02 1.775976345015806309e-05
2.990000000000000000e+02 1.759307396544803348e-05
3.000000000000000000e+02 1.719308072400356827e-05
3.010000000000000000e+02 1.914761377823500174e-05
3.020000000000000000e+02 1.450061296660957525e-05
3.030000000000000000e+02 1.643771055872396980e-05
3.040000000000000000e+02 1.447666277575384153e-05
3.050000000000000000e+02 1.556790931014499484e-05
3.060000000000000000e+02 1.678406129940412817e-05
3.070000000000000000e+02 1.574791738676140193e-05
3.080000000000000000e+02 1.587868824572069516e-05
3.090000000000000000e+02 1.467626817126680716e-05
3.100000000000000000e+02 1.578222483658464517e-05
3.110000000000000000e+02 1.777864364460886830e-05
3.120000000000000000e+02 1.856537031320234298e-05
3.130000000000000000e+02 1.398627550467305524e-05
3.140000000000000000e+02 1.539192155178170543e-05
3.150000000000000000e+02 1.331861010233600046e-05
3.160000000000000000e+02 1.557396292506988908e-05
3.170000000000000000e+02 2.094775080574133060e-05
3.180000000000000000e+02 1.570268270370433930e-05
3.190000000000000000e+02 1.404035566035114847e-05
3.200000000000000000e+02 1.630896590844107085e-05
3.210000000000000000e+02 1.740870189072059692e-05
3.220000000000000000e+02 1.456447259746103799e-05
3.230000000000000000e+02 1.965535987740925914e-05
3.240000000000000000e+02 1.497039687819778872e-05
3.250000000000000000e+02 1.617630464049094996e-05
3.260000000000000000e+02 1.344329362837015665e-05
3.270000000000000000e+02 1.595439870773892333e-05
3.280000000000000000e+02 1.584073789369237398e-05
3.290000000000000000e+02 1.524653967862832374e-05
3.300000000000000000e+02 1.437759724770633830e-05
3.310000000000000000e+02 1.689111712039448294e-05
3.320000000000000000e+02 1.771424889739137197e-05
3.330000000000000000e+02 1.462830947881836179e-05
3.340000000000000000e+02 1.508116740296827622e-05
3.350000000000000000e+02 1.559408759931102449e-05
3.360000000000000000e+02 1.907539187110766571e-05
3.370000000000000000e+02 1.540128726749874984e-05
3.380000000000000000e+02 1.750483066037607536e-05
3.390000000000000000e+02 1.371878446661867120e-05
3.400000000000000000e+02 1.541250995311808426e-05
3.410000000000000000e+02 1.679665066452192584e-05
3.420000000000000000e+02 1.691483229781927820e-05
3.430000000000000000e+02 1.399490810702748909e-05
3.440000000000000000e+02 1.403894775648950667e-05
3.450000000000000000e+02 1.434403877283330069e-05
3.460000000000000000e+02 1.430356521571714751e-05
3.470000000000000000e+02 1.783098826005395115e-05
3.480000000000000000e+02 1.607403254335319385e-05
3.490000000000000000e+02 1.399987070423473318e-05
3.500000000000000000e+02 1.492469446020550061e-05
3.510000000000000000e+02 1.363075571741016235e-05
3.520000000000000000e+02 1.389148615392817443e-05
3.530000000000000000e+02 1.349868054603575790e-05
3.540000000000000000e+02 1.553479164310071325e-05
3.550000000000000000e+02 1.552418319382316766e-05
3.560000000000000000e+02 1.351362045170390074e-05
3.570000000000000000e+02 1.277811267452004066e-05
3.580000000000000000e+02 1.474930555559694848e-05
3.590000000000000000e+02 1.350640694605923849e-05
3.600000000000000000e+02 1.469017172591217508e-05
3.610000000000000000e+02 1.370126521578640670e-05
3.620000000000000000e+02 1.534345463369391036e-05
3.630000000000000000e+02 1.536543507730433255e-05
3.640000000000000000e+02 1.323400954788667224e-05
3.650000000000000000e+02 1.264997737356073495e-05
3.660000000000000000e+02 1.546716720743764335e-05
3.670000000000000000e+02 1.284860394055916329e-05
3.680000000000000000e+02 1.486358316469704692e-05
3.690000000000000000e+02 1.299212658826339419e-05
3.700000000000000000e+02 1.634240800437206879e-05
3.710000000000000000e+02 1.401976195362901043e-05
3.720000000000000000e+02 1.431321394193219035e-05
3.730000000000000000e+02 1.448724787527074486e-05
3.740000000000000000e+02 1.459853832178244633e-05
3.750000000000000000e+02 1.291567166845197762e-05
3.760000000000000000e+02 1.263483975587102265e-05
3.770000000000000000e+02 1.202700105447244450e-05
3.780000000000000000e+02 1.686066889305948280e-05
3.790000000000000000e+02 1.407006783362400480e-05
3.800000000000000000e+02 1.412882981336830748e-05
3.810000000000000000e+02 1.311624015215784359e-05
3.820000000000000000e+02 1.318014202600655520e-05
3.830000000000000000e+02 1.488852836700971286e-05
3.840000000000000000e+02 1.305287421928369481e-05
3.850000000000000000e+02 1.308805036993968899e-05
3.860000000000000000e+02 1.451655619045292605e-05
3.870000000000000000e+02 1.356184577768241701e-05
3.880000000000000000e+02 1.164425985431686730e-05
3.890000000000000000e+02 1.237726897670654594e-05
3.900000000000000000e+02 1.603315491593093760e-05
3.910000000000000000e+02 1.218443744316270249e-05
3.920000000000000000e+02 1.470515218898071935e-05
3.930000000000000000e+02 1.330141278231167194e-05
3.940000000000000000e+02 1.263190679310355369e-05
3.950000000000000000e+02 1.479236258091987124e-05
3.960000000000000000e+02 1.175421392569357223e-05
3.970000000000000000e+02 1.416177003799627182e-05
3.980000000000000000e+02 1.418443814448740687e-05
3.990000000000000000e+02 1.217723035855063523e-05
4.000000000000000000e+02 1.267946650235292828e-05
4.010000000000000000e+02 1.171372101453016593e-05
4.020000000000000000e+02 1.217416686510356823e-05
4.030000000000000000e+02 1.265728724926399618e-05
4.040000000000000000e+02 1.353110134611294373e-05
4.050000000000000000e+02 1.243326632902608287e-05
4.060000000000000000e+02 1.242802508083210884e-05
4.070000000000000000e+02 1.248338011161346546e-05
4.080000000000000000e+02 1.224406921513339756e-05
4.090000000000000000e+02 1.269185631220655862e-05
4.100000000000000000e+02 1.167416930911713314e-05
4.110000000000000000e+02 1.221933727113840544e-05
4.120000000000000000e+02 1.162131384262465804e-05
4.130000000000000000e+02 1.327053563727531602e-05
4.140000000000000000e+02 1.366978583973832469e-05
4.150000000000000000e+02 1.417237545562481263e-05
4.160000000000000000e+02 1.331353222364365715e-05
4.170000000000000000e+02 1.282335823513373393e-05
4.180000000000000000e+02 1.308758159818050125e-05
4.190000000000000000e+02 1.243469528465842155e-05
4.200000000000000000e+02 1.189019865099301915e-05
4.210000000000000000e+02 1.331936622591456317e-05
4.220000000000000000e+02 1.202486185623759737e-05
4.230000000000000000e+02 1.117659983719931956e-05
4.240000000000000000e+02 1.241282818834103257e-05
4.250000000000000000e+02 1.126839946664404144e-05
4.260000000000000000e+02 1.256695817573927397e-05
4.270000000000000000e+02 1.098424479399303260e-05
4.280000000000000000e+02 1.237872369529213811e-05
4.290000000000000000e+02 1.105142693025603333e-05
4.300000000000000000e+02 1.119418235854633717e-05
4.310000000000000000e+02 1.234909526829142110e-05
4.320000000000000000e+02 1.092733875339035835e-05
4.330000000000000000e+02 1.391400021627002144e-05
4.340000000000000000e+02 1.118096732170670300e-05
4.350000000000000000e+02 1.199736455722207570e-05
4.360000000000000000e+02 1.243813252585823634e-05
4.370000000000000000e+02 1.070051050798307785e-05
4.380000000000000000e+02 1.505367474843903057e-05
4.390000000000000000e+02 1.113685707120263555e-05
4.400000000000000000e+02 1.240054124233817410e-05
4.410000000000000000e+02 1.103963359128101729e-05
4.420000000000000000e+02 1.217953296266690203e-05
4.430000000000000000e+02 1.242124945444326569e-05
4.440000000000000000e+02 1.138159602002512297e-05
4.450000000000000000e+02 1.114418830790479382e-05
4.460000000000000000e+02 1.218250413027514445e-05
4.470000000000000000e+02 1.166698657470988144e-05
4.480000000000000000e+02 1.194462497248120314e-05
4.490000000000000000e+02 1.102954788924156151e-05
4.500000000000000000e+02 1.136694877762541501e-05
4.510000000000000000e+02 1.181845955215976506e-05
4.520000000000000000e+02 1.094094013751600903e-05
4.530000000000000000e+02 1.105263585486682186e-05
4.540000000000000000e+02 1.122013198861774615e-05
4.550000000000000000e+02 1.157977917803994706e-05
4.560000000000000000e+02 1.111569576702701499e-05
4.570000000000000000e+02 1.226736919003693985e-05
4.580000000000000000e+02 1.110739206827323184e-05
4.590000000000000000e+02 1.115601018682355054e-05
4.600000000000000000e+02 1.240922825066566827e-05
4.610000000000000000e+02 1.123333942208167404e-05
4.620000000000000000e+02 1.132311454663674102e-05
4.630000000000000000e+02 1.057521389157045687e-05
4.640000000000000000e+02 1.177267987562421152e-05
4.650000000000000000e+02 1.054852440574904924e-05
4.660000000000000000e+02 1.119734810345107642e-05
4.670000000000000000e+02 1.076844375347718522e-05
4.680000000000000000e+02 1.093656531035473251e-05
4.690000000000000000e+02 1.156070710446025870e-05
4.700000000000000000e+02 1.029163930676683410e-05
4.710000000000000000e+02 1.136420185503084219e-05
4.720000000000000000e+02 1.125246014756460994e-05
4.730000000000000000e+02 1.127589922665113821e-05
4.740000000000000000e+02 1.076996108774134631e-05
4.750000000000000000e+02 1.129661681867825506e-05
4.760000000000000000e+02 1.103721945886112084e-05
4.770000000000000000e+02 1.072194339940324378e-05
4.780000000000000000e+02 1.038636481098365113e-05
4.790000000000000000e+02 1.067737609143174818e-05
4.800000000000000000e+02 1.119618541755092589e-05
4.810000000000000000e+02 1.193731629124764951e-05
4.820000000000000000e+02 1.175029456741564527e-05
4.830000000000000000e+02 1.060781250998843394e-05
4.840000000000000000e+02 1.116193376825928389e-05
4.850000000000000000e+02 1.058465419797964129e-05
4.860000000000000000e+02 1.061024526279652410e-05
4.870000000000000000e+02 1.198315932924742770e-05
4.880000000000000000e+02 1.034896997225587283e-05
4.890000000000000000e+02 1.074172159860609167e-05
4.900000000000000000e+02 1.073411820470937467e-05
4.910000000000000000e+02 1.077086915150478768e-05
4.920000000000000000e+02 1.062152394297299913e-05
4.930000000000000000e+02 1.096192510885884911e-05
4.940000000000000000e+02 1.102479118344490382e-05
4.950000000000000000e+02 1.051041113896644654e-05
4.960000000000000000e+02 1.034882581128234282e-05
4.970000000000000000e+02 1.055954376473285652e-05
4.980000000000000000e+02 1.071465733427127470e-05
4.990000000000000000e+02 1.113233685828163316e-05
5.000000000000000000e+02 1.048885772737169937e-05
5.010000000000000000e+02 1.061793319119412072e-05
5.020000000000000000e+02 1.154495910062299429e-05
5.030000000000000000e+02 1.164966525417791333e-05
5.040000000000000000e+02 1.023648358265442454e-05
5.050000000000000000e+02 1.078264425207938299e-05
5.060000000000000000e+02 1.005858175024817113e-05
5.070000000000000000e+02 1.082706976376357454e-05
5.080000000000000000e+02 1.022918023712312177e-05
5.090000000000000000e+02 1.022690061290632056e-05
5.100000000000000000e+02 1.024807155166248227e-05
5.110000000000000000e+02 1.039077308632840875e-05
5.120000000000000000e+02 1.043089694576337974e-05
5.130000000000000000e+02 1.029357993805509428e-05
5.140000000000000000e+02 9.894071051045708414e-06
5.150000000000000000e+02 1.050022251244323899e-05
5.160000000000000000e+02 1.035165001061007639e-05
5.170000000000000000e+02 1.005693581949647802e-05
5.180000000000000000e+02 1.084706129404366907e-05
5.190000000000000000e+02 1.070584186284880460e-05
5.200000000000000000e+02 1.045295716418574306e-05
5.210000000000000000e+02 1.015685484768861524e-05
5.220000000000000000e+02 9.960245006368494846e-06
5.230000000000000000e+02 9.900942847404318935e-06
5.240000000000000000e+02 9.960388233594130454e-06
5.250000000000000000e+02 1.010332429965880407e-05
5.260000000000000000e+02 1.080726910610489255e-05
5.270000000000000000e+02 1.022378914664538285e-05
5.280000000000000000e+02 1.046828182855582211e-05
5.290000000000000000e+02 9.970305060657361307e-06
5.300000000000000000e+02 1.129938968006172204e-05
5.310000000000000000e+02 9.833635879961852064e-06
5.320000000000000000e+02 9.967331176691611574e-06
5.330000000000000000e+02 9.926499399928919644e-06
5.340000000000000000e+02 1.040552388682650953e-05
5.350000000000000000e+02 1.081445449017337605e-05
5.360000000000000000e+02 9.853744704741985351e-06
5.370000000000000000e+02 1.116926190661615679e-05
5.380000000000000000e+02 1.037429939970024889e-05
5.390000000000000000e+02 9.882470440061297403e-06
5.400000000000000000e+02 9.938548428181093660e-06
5.410000000000000000e+02 1.127592974323003288e-05
5.420000000000000000e+02 9.748875618242891167e-06
5.430000000000000000e+02 9.825004290178186142e-06
5.440000000000000000e+02 9.809899244525392613e-06
5.450000000000000000e+02 9.899089576113814229e-06
5.460000000000000000e+02 1.012993843687581796e-05
5.470000000000000000e+02 9.861467891217519794e-06
5.480000000000000000e+02 1.028312899507000145e-05
5.490000000000000000e+02 9.798772680369438604e-06
5.500000000000000000e+02 1.078074842250013364e-05
5.510000000000000000e+02 9.897823383653303947e-06
5.520000000000000000e+02 9.897230065689654208e-06
5.530000000000000000e+02 9.948030492523684420e-06
5.540000000000000000e+02 1.041237018701698046e-05
5.550000000000000000e+02 1.007228321517080408e-05
5.560000000000000000e+02 9.413824197205636707e-06
5.570000000000000000e+02 1.225360246583780519e-05
5.580000000000000000e+02 9.558169973994761051e-06
5.590000000000000000e+02 9.767458511002284480e-06
5.600000000000000000e+02 9.812304882264772949e-06
5.610000000000000000e+02 9.793222294926333315e-06
5.620000000000000000e+02 9.586922042217338254e-06
5.630000000000000000e+02 9.713377276057144424e-06
5.640000000000000000e+02 9.595103517009799103e-06
5.650000000000000000e+02 9.650080028222873129e-06
5.660000000000000000e+02 9.587540116626769169e-06
5.670000000000000000e+02 9.609677199478028613e-06
5.680000000000000000e+02 9.365628229716094753e-06
5.690000000000000000e+02 9.683529369794996997e-06
5.700000000000000000e+02 9.815679428963145297e-06
5.710000000000000000e+02 9.585527768649626727e-06
5.720000000000000000e+02 9.481426489704366582e-06
5.730000000000000000e+02 1.093258505837487302e-05
5.740000000000000000e+02 1.007323740850551999e-05
5.750000000000000000e+02 9.703668207900288792e-06
5.760000000000000000e+02 9.782453028795619964e-06
5.770000000000000000e+02 9.585951035357235869e-06
5.780000000000000000e+02 9.479912605456775596e-06
5.790000000000000000e+02 9.517440315297183575e-06
5.800000000000000000e+02 9.593325036500269400e-06
5.810000000000000000e+02 9.613738320695120181e-06
5.820000000000000000e+02 9.715883776758953410e-06
5.830000000000000000e+02 9.946752009758105581e-06
5.840000000000000000e+02 9.689268833123302211e-06
5.850000000000000000e+02 9.674362772784660960e-06
5.860000000000000000e+02 9.633914954368568630e-06
5.870000000000000000e+02 9.281622800093221811e-06
5.880000000000000000e+02 9.507612000258329533e-06
5.890000000000000000e+02 9.311281061551805456e-06
5.900000000000000000e+02 9.369667047091449752e-06
5.910000000000000000e+02 9.910877045816353313e-06
5.920000000000000000e+02 9.678154059050333494e-06
5.930000000000000000e+02 9.358611502345107552e-06
5.940000000000000000e+02 9.642472626486172369e-06
5.950000000000000000e+02 9.431088474229909005e-06
5.960000000000000000e+02 9.432847030742172231e-06
5.970000000000000000e+02 9.658100783174935062e-06
5.980000000000000000e+02 9.593835432800309066e-06
5.990000000000000000e+02 9.440640175550166980e-06
6.000000000000000000e+02 9.799883428058819235e-06
6.010000000000000000e+02 9.401006433715034942e-06
6.020000000000000000e+02 1.014110029548949875e-05
6.030000000000000000e+02 1.000885573982183590e-05
6.040000000000000000e+02 9.453827527371079655e-06
6.050000000000000000e+02 9.613531304542751181e-06
6.060000000000000000e+02 1.014627500201944143e-05
6.070000000000000000e+02 9.344279066378172814e-06
6.080000000000000000e+02 9.525882172359463685e-06
6.090000000000000000e+02 9.439397272217320753e-06
6.100000000000000000e+02 9.635303055498903741e-06
6.110000000000000000e+02 9.369792745322533099e-06
6.120000000000000000e+02 9.578416511430987225e-06
6.130000000000000000e+02 9.818820608415989866e-06
6.140000000000000000e+02 9.233421712148508131e-06
6.150000000000000000e+02 9.394362101981339186e-06
6.160000000000000000e+02 9.191794576205818463e-06
6.170000000000000000e+02 9.445627874811179665e-06
6.180000000000000000e+02 9.848201777155433923e-06
6.190000000000000000e+02 9.572795552230672504e-06
6.200000000000000000e+02 9.579636734997621213e-06
6.210000000000000000e+02 9.284968643138805732e-06
6.220000000000000000e+02 9.415428254821259314e-06
6.230000000000000000e+02 9.320206318079727380e-06
6.240000000000000000e+02 9.484301984533278791e-06
6.250000000000000000e+02 9.289166127928183346e-06
6.260000000000000000e+02 9.141802708351558012e-06
6.270000000000000000e+02 9.233274807532628671e-06
6.280000000000000000e+02 9.205303182776939790e-06
6.290000000000000000e+02 9.213740743992579113e-06
6.300000000000000000e+02 9.339038021304683291e-06
6.310000000000000000e+02 9.694225582279614173e-06
6.320000000000000000e+02 9.189983290222395539e-06
6.330000000000000000e+02 9.110944065469083833e-06
6.340000000000000000e+02 9.234005713854762009e-06
6.350000000000000000e+02 9.161078551187529771e-06
6.360000000000000000e+02 9.157929101396196719e-06
6.370000000000000000e+02 9.357526657064833820e-06
6.380000000000000000e+02 9.105398961158546817e-06
6.390000000000000000e+02 9.113947702038178875e-06
6.400000000000000000e+02 9.267778762781139136e-06
6.410000000000000000e+02 9.133224036001290472e-06
6.420000000000000000e+02 9.330742595921038125e-06
6.430000000000000000e+02 9.106036541197682274e-06
6.440000000000000000e+02 9.199772818343869823e-06
6.450000000000000000e+02 9.424030052590144860e-06
6.460000000000000000e+02 9.315035082787896241e-06
6.470000000000000000e+02 9.417613822127654432e-06
6.480000000000000000e+02 9.919153199007268385e-06
6.490000000000000000e+02 9.070001181801975377e-06
6.500000000000000000e+02 9.031959813607196312e-06
6.510000000000000000e+02 9.251159238677550322e-06
6.520000000000000000e+02 9.235340706557812249e-06
6.530000000000000000e+02 9.397190102996925897e-06
6.540000000000000000e+02 9.089509161033978358e-06
6.550000000000000000e+02 9.070436526599223454e-06
6.560000000000000000e+02 9.204272161393116708e-06
6.570000000000000000e+02 9.438436391064897654e-06
6.580000000000000000e+02 8.990075157271348804e-06
6.590000000000000000e+02 9.154932989379934436e-06
6.600000000000000000e+02 1.002023413093411316e-05
6.610000000000000000e+02 9.052762161445570906e-06
6.620000000000000000e+02 9.067258755142878346e-06
6.630000000000000000e+02 9.234673282965863338e-06
6.640000000000000000e+02 9.476844419017045617e-06
6.650000000000000000e+02 9.078090139761721772e-06
6.660000000000000000e+02 9.016499019101805658e-06
6.670000000000000000e+02 8.985027028150701297e-06
6.680000000000000000e+02 9.170023856010327460e-06
6.690000000000000000e+02 9.130440618415984263e-06
6.700000000000000000e+02 9.117382693754431865e-06
6.710000000000000000e+02 9.139272463774735780e-06
6.720000000000000000e+02 8.897664908242102058e-06
6.730000000000000000e+02 9.099366185788918139e-06
6.740000000000000000e+02 9.424236292640368189e-06
6.750000000000000000e+02 8.975839173217536068e-06
6.760000000000000000e+02 9.096890841343943882e-06
6.770000000000000000e+02 8.974058185534280872e-06
6.780000000000000000e+02 9.237993405501280036e-06
6.790000000000000000e+02 9.029088754080779998e-06
6.800000000000000000e+02 9.129379920220041586e-06
6.810000000000000000e+02 9.113782525673740933e-06
6.820000000000000000e+02 9.021695241244742918e-06
6.830000000000000000e+02 9.193040350510272925e-06
6.840000000000000000e+02 9.015393419152435502e-06
6.850000000000000000e+02 8.972021890561638987e-06
6.860000000000000000e+02 9.032901813649610808e-06
6.870000000000000000e+02 9.073516439457307637e-06
6.880000000000000000e+02 9.094538369633180502e-06
6.890000000000000000e+02 8.914028994695399278e-06
6.900000000000000000e+02 9.324356645568816714e-06
6.910000000000000000e+02 8.979898460286979964e-06
6.920000000000000000e+02 9.043110558195622520e-06
6.930000000000000000e+02 8.901713981686042943e-06
6.940000000000000000e+02 9.056974728688753487e-06
6.950000000000000000e+02 9.139693520410219885e-06
6.960000000000000000e+02 8.934695460993680849e-06
6.970000000000000000e+02 8.980431387802429948e-06
6.980000000000000000e+02 8.913888447447485414e-06
6.990000000000000000e+02 8.895424222525132030e-06
7.000000000000000000e+02 9.136579228652408008e-06
7.010000000000000000e+02 8.852692668976185189e-06
7.020000000000000000e+02 8.824102581759991711e-06
7.030000000000000000e+02 8.866234608528126833e-06
7.040000000000000000e+02 8.917768209357745810e-06
7.050000000000000000e+02 8.897637768920201289e-06
7.060000000000000000e+02 8.968674234589950526e-06
7.070000000000000000e+02 8.966892252525819336e-06
7.080000000000000000e+02 9.101940346833240365e-06
7.090000000000000000e+02 9.032350820537734653e-06
7.100000000000000000e+02 8.932528617151547291e-06
7.110000000000000000e+02 9.011732339179920112e-06
7.120000000000000000e+02 9.195675650820096746e-06
7.130000000000000000e+02 9.054165402631043067e-06
7.140000000000000000e+02 8.897374591469997811e-06
7.150000000000000000e+02 8.840451700962148132e-06
7.160000000000000000e+02 8.813121312414295429e-06
7.170000000000000000e+02 8.958401106914001122e-06
7.180000000000000000e+02 8.926784885261440040e-06
7.190000000000000000e+02 8.918523089960217340e-06
7.200000000000000000e+02 8.940714827379755687e-06
7.210000000000000000e+02 8.896339638037413297e-06
7.220000000000000000e+02 8.742969657760114155e-06
7.230000000000000000e+02 8.897347373325221827e-06
7.240000000000000000e+02 8.767259884431648480e-06
7.250000000000000000e+02 8.843451208425297938e-06
7.260000000000000000e+02 8.971077104433788782e-06
7.270000000000000000e+02 8.930730703771890948e-06
7.280000000000000000e+02 8.886585037544136935e-06
7.290000000000000000e+02 8.884245895994050484e-06
7.300000000000000000e+02 8.813217497542306922e-06
7.310000000000000000e+02 8.815428548890243617e-06
7.320000000000000000e+02 8.838478888719692369e-06
7.330000000000000000e+02 8.928227601548617293e-06
7.340000000000000000e+02 8.933203565296328960e-06
7.350000000000000000e+02 9.020276617472215832e-06
7.360000000000000000e+02 8.748776202385974128e-06
7.370000000000000000e+02 8.767775604307340989e-06
7.380000000000000000e+02 8.795248425788789999e-06
7.390000000000000000e+02 8.831837324881538693e-06
7.400000000000000000e+02 8.910306290393539766e-06
7.410000000000000000e+02 8.829363638748569741e-06
7.420000000000000000e+02 8.836052857077447155e-06
7.430000000000000000e+02 9.051350789377465370e-06
7.440000000000000000e+02 8.818529192164229895e-06
7.450000000000000000e+02 8.768122673548836205e-06
7.460000000000000000e+02 8.880569536510544632e-06
7.470000000000000000e+02 8.800850370486538321e-06
7.480000000000000000e+02 8.753910290882535494e-06
7.490000000000000000e+02 8.790979215215581611e-06
7.500000000000000000e+02 8.801815595991987476e-06
7.510000000000000000e+02 8.755250692047411102e-06
7.520000000000000000e+02 8.775241703915525346e-06
7.530000000000000000e+02 8.739759256665516498e-06
7.540000000000000000e+02 8.769181492122395444e-06
7.550000000000000000e+02 8.681474831367571308e-06
7.560000000000000000e+02 8.781379159093679940e-06
7.570000000000000000e+02 8.923715007161566999e-06
7.580000000000000000e+02 8.839052822319597350e-06
7.590000000000000000e+02 8.740319284091432184e-06
7.600000000000000000e+02 8.770895550090547306e-06
7.610000000000000000e+02 8.754027230679640022e-06
7.620000000000000000e+02 8.750432292193484284e-06
7.630000000000000000e+02 8.756342898171473238e-06
7.640000000000000000e+02 8.877197845625536392e-06
7.650000000000000000e+02 8.732708847674075446e-06
7.660000000000000000e+02 8.811441305927777471e-06
7.670000000000000000e+02 8.797497472793718349e-06
7.680000000000000000e+02 8.754632332662974355e-06
7.690000000000000000e+02 8.731329959725068346e-06
7.700000000000000000e+02 8.676215920786488919e-06
7.710000000000000000e+02 8.736233382175366807e-06
7.720000000000000000e+02 8.840091792687114131e-06
7.730000000000000000e+02 8.751655374605130189e-06
7.740000000000000000e+02 8.696965439109287163e-06
7.750000000000000000e+02 8.750206773887233549e-06
7.760000000000000000e+02 8.692060270429161366e-06
7.770000000000000000e+02 8.638776801793331275e-06
7.780000000000000000e+02 8.833602041704580323e-06
7.790000000000000000e+02 8.892541100067319213e-06
7.800000000000000000e+02 8.776113072599400021e-06
7.810000000000000000e+02 8.737130316755307776e-06
7.820000000000000000e+02 8.752024947777196974e-06
7.830000000000000000e+02 8.684513698729763733e-06
7.840000000000000000e+02 8.700567711154387474e-06
7.850000000000000000e+02 8.760682197438048532e-06
7.860000000000000000e+02 8.670165401175230550e-06
7.870000000000000000e+02 8.717432756384368715e-06
7.880000000000000000e+02 8.761995616926772108e-06
7.890000000000000000e+02 8.692275532666826214e-06
7.900000000000000000e+02 8.799851884759846753e-06
7.910000000000000000e+02 8.665971945447381518e-06
7.920000000000000000e+02 8.748456809068253591e-06
7.930000000000000000e+02 8.649972454198480578e-06
7.940000000000000000e+02 8.671098285049084185e-06
7.950000000000000000e+02 8.723881946934853291e-06
7.960000000000000000e+02 8.632814606244209341e-06
7.970000000000000000e+02 8.724182498554000292e-06
7.980000000000000000e+02 8.721196721429199110e-06
7.990000000000000000e+02 8.649695409985724566e-06
8.000000000000000000e+02 8.772605739674570519e-06
8.010000000000000000e+02 8.764565482124453546e-06
8.020000000000000000e+02 8.776851367050160513e-06
8.030000000000000000e+02 8.799926490610232577e-06
8.040000000000000000e+02 8.620953646338118517e-06
8.050000000000000000e+02 8.633199665079397206e-06
8.060000000000000000e+02 8.632124363430193083e-06
8.070000000000000000e+02 8.751190198381664977e-06
8.080000000000000000e+02 8.634158048153039932e-06
8.090000000000000000e+02 8.610440330206378036e-06
8.100000000000000000e+02 8.684022905072197454e-06
8.110000000000000000e+02 8.609977636903447376e-06
8.120000000000000000e+02 8.595394807950167059e-06
8.130000000000000000e+02 8.597298944247692152e-06
8.140000000000000000e+02 8.617558405603631332e-06
8.150000000000000000e+02 8.636955429513667518e-06
8.160000000000000000e+02 8.673882587875899532e-06
8.170000000000000000e+02 8.606212298521617507e-06
8.180000000000000000e+02 8.637899169722610345e-06
8.190000000000000000e+02 8.678377719964676463e-06
8.200000000000000000e+02 8.652062903517314713e-06
8.210000000000000000e+02 8.559421063788855776e-06
8.220000000000000000e+02 8.637578530397149124e-06
8.230000000000000000e+02 8.586035898285141813e-06
8.240000000000000000e+02 8.655651445224066400e-06
8.250000000000000000e+02 8.693780064277234081e-06
8.260000000000000000e+02 8.626197862516467928e-06
8.270000000000000000e+02 8.574675454534978747e-06
8.280000000000000000e+02 8.554745024108949055e-06
8.290000000000000000e+02 8.613830699080912069e-06
8.300000000000000000e+02 8.593741701285276415e-06
8.310000000000000000e+02 8.643327716223817510e-06
8.320000000000000000e+02 8.611435569036984003e-06
8.330000000000000000e+02 8.652180789188908272e-06
8.340000000000000000e+02 8.610392505943309245e-06
8.350000000000000000e+02 8.592237909397226962e-06
8.360000000000000000e+02 8.651967339877349658e-06
8.370000000000000000e+02 8.625539254959828226e-06
8.380000000000000000e+02 8.577724674978525903e-06
8.390000000000000000e+02 8.657902699269470284e-06
8.400000000000000000e+02 8.568127708106961096e-06
8.410000000000000000e+02 8.626753224234562774e-06
8.420000000000000000e+02 8.651807329442817515e-06
8.430000000000000000e+02 8.584701378519336089e-06
8.440000000000000000e+02 8.611433819775508858e-06
8.450000000000000000e+02 8.674739140891081444e-06
8.460000000000000000e+02 8.639724734772850426e-06
8.470000000000000000e+02 8.571948240690593280e-06
8.480000000000000000e+02 8.585096032523628336e-06
8.490000000000000000e+02 8.557525494931421316e-06
8.500000000000000000e+02 8.622390902625435630e-06
8.510000000000000000e+02 8.560349539645055654e-06
8.520000000000000000e+02 8.555928000835896617e-06
8.530000000000000000e+02 8.622490301301391580e-06
8.540000000000000000e+02 8.536713351835109034e-06
8.550000000000000000e+02 8.558551526220980964e-06
8.560000000000000000e+02 8.522097399084790215e-06
8.570000000000000000e+02 8.607228780116808539e-06
8.580000000000000000e+02 8.700262709074498758e-06
8.590000000000000000e+02 8.521661211489117569e-06
8.600000000000000000e+02 8.650624091994056755e-06
8.610000000000000000e+02 8.607655803037535055e-06
8.620000000000000000e+02 8.564371746615506980e-06
8.630000000000000000e+02 8.526151195837884024e-06
8.640000000000000000e+02 8.620710489897950361e-06
8.650000000000000000e+02 8.545242765952328418e-06
8.660000000000000000e+02 8.553530872935274831e-06
8.670000000000000000e+02 8.601313353816901204e-06
8.680000000000000000e+02 8.568623167472348215e-06
8.690000000000000000e+02 8.608885394399597981e-06
8.700000000000000000e+02 8.567451392688477265e-06
8.710000000000000000e+02 8.530323093509650518e-06
8.720000000000000000e+02 8.534849354570421735e-06
8.730000000000000000e+02 8.529553324478911710e-06
8.740000000000000000e+02 8.518439444742398946e-06
8.750000000000000000e+02 8.553038960599223270e-06
8.760000000000000000e+02 8.512939220963744582e-06
8.770000000000000000e+02 8.537901952270961090e-06
8.780000000000000000e+02 8.537643331389214985e-06
8.790000000000000000e+02 8.531872869449822085e-06
8.800000000000000000e+02 8.533937549752105422e-06
8.810000000000000000e+02 8.567650426509014811e-06
8.820000000000000000e+02 8.553936786483974078e-06
8.830000000000000000e+02 8.606544894670757877e-06
8.840000000000000000e+02 8.598503045504912802e-06
8.850000000000000000e+02 8.561104793140355046e-06
8.860000000000000000e+02 8.546687337608698169e-06
8.870000000000000000e+02 8.534974073578874908e-06
8.880000000000000000e+02 8.521048478845234819e-06
8.890000000000000000e+02 8.513004040651139532e-06
8.900000000000000000e+02 8.537292257339383820e-06
8.910000000000000000e+02 8.621764069782025897e-06
8.920000000000000000e+02 8.629494247240170385e-06
8.930000000000000000e+02 8.545817860673803249e-06
8.940000000000000000e+02 8.521336631019949795e-06
8.950000000000000000e+02 8.527568870704272576e-06
8.960000000000000000e+02 8.511876840202603963e-06
8.970000000000000000e+02 8.528742691851220822e-06
8.980000000000000000e+02 8.535359259743321563e-06
8.990000000000000000e+02 8.516513874686400604e-06
9.000000000000000000e+02 8.504849499028447140e-06
9.010000000000000000e+02 8.541955667169531875e-06
9.020000000000000000e+02 8.532149613529328139e-06
9.030000000000000000e+02 8.580968105889042721e-06
9.040000000000000000e+02 8.504738264794771825e-06
9.050000000000000000e+02 8.550078321907979634e-06
9.060000000000000000e+02 8.508564011814693384e-06
9.070000000000000000e+02 8.497860990246409229e-06
9.080000000000000000e+02 8.518257964169606295e-06
9.090000000000000000e+02 8.511576925229747526e-06
9.100000000000000000e+02 8.471609298794646476e-06
9.110000000000000000e+02 8.585465572347553977e-06
9.120000000000000000e+02 8.500304074914310991e-06
9.130000000000000000e+02 8.548058243225872122e-06
9.140000000000000000e+02 8.487094340428788226e-06
9.150000000000000000e+02 8.510929246767773225e-06
9.160000000000000000e+02 8.589919037452394408e-06
9.170000000000000000e+02 8.505587981441446315e-06
9.180000000000000000e+02 8.498936291895613351e-06
9.190000000000000000e+02 8.501117245032219013e-06
9.200000000000000000e+02 8.473794102125490547e-06
9.210000000000000000e+02 8.476884274083810119e-06
9.220000000000000000e+02 8.499372030807232422e-06
9.230000000000000000e+02 8.512856523642160450e-06
9.240000000000000000e+02 8.485715540397601462e-06
9.250000000000000000e+02 8.489203640541139324e-06
9.260000000000000000e+02 8.475960700404053339e-06
9.270000000000000000e+02 8.488537005177932402e-06
9.280000000000000000e+02 8.492035864643790612e-06
9.290000000000000000e+02 8.504259215745453378e-06
9.300000000000000000e+02 8.495027447376439354e-06
9.310000000000000000e+02 8.538232477803831531e-06
9.320000000000000000e+02 8.527777854396845350e-06
9.330000000000000000e+02 8.499168858785802826e-06
9.340000000000000000e+02 8.530277288324820273e-06
9.350000000000000000e+02 8.532456416408725077e-06
9.360000000000000000e+02 8.498299809313418349e-06
9.370000000000000000e+02 8.499860308196124700e-06
9.380000000000000000e+02 8.478370558198852137e-06
9.390000000000000000e+02 8.486952553236430991e-06
9.400000000000000000e+02 8.493835172581991254e-06
9.410000000000000000e+02 8.486468796036205440e-06
9.420000000000000000e+02 8.483033252559834414e-06
9.430000000000000000e+02 8.517780606780434298e-06
9.440000000000000000e+02 8.497536346112610366e-06
9.450000000000000000e+02 8.458659394818823242e-06
9.460000000000000000e+02 8.465402294556648391e-06
9.470000000000000000e+02 8.487349765952481809e-06
9.480000000000000000e+02 8.468828036711784418e-06
9.490000000000000000e+02 8.456940601414923833e-06
9.500000000000000000e+02 8.502526361553463746e-06
9.510000000000000000e+02 8.462371021475215431e-06
9.520000000000000000e+02 8.513781967849353853e-06
9.530000000000000000e+02 8.480974556732690504e-06
9.540000000000000000e+02 8.456983102102336394e-06
9.550000000000000000e+02 8.453563532384578477e-06
9.560000000000000000e+02 8.466813730289383323e-06
9.570000000000000000e+02 8.477359333483036743e-06
9.580000000000000000e+02 8.472960286477852957e-06
9.590000000000000000e+02 8.480031486518175996e-06
9.600000000000000000e+02 8.444247444761762272e-06
9.610000000000000000e+02 8.480648187590607436e-06
9.620000000000000000e+02 8.448052073314708053e-06
9.630000000000000000e+02 8.470674362494416541e-06
9.640000000000000000e+02 8.466698479120774048e-06
9.650000000000000000e+02 8.457043525898673905e-06
9.660000000000000000e+02 8.488816614165747685e-06
9.670000000000000000e+02 8.468252714616634143e-06
9.680000000000000000e+02 8.453194398801618453e-06
9.690000000000000000e+02 8.521864262244585687e-06
9.700000000000000000e+02 8.449165779893518950e-06
9.710000000000000000e+02 8.487339643276452025e-06
9.720000000000000000e+02 8.462832335377849305e-06
9.730000000000000000e+02 8.470954689983045411e-06
9.740000000000000000e+02 8.443366577921552059e-06
9.750000000000000000e+02 8.516452959762924949e-06
9.760000000000000000e+02 8.475129140303276553e-06
9.770000000000000000e+02 8.444906992129593693e-06
9.780000000000000000e+02 8.505114774379762685e-06
9.790000000000000000e+02 8.460667092246390664e-06
9.800000000000000000e+02 8.484373735579234740e-06
9.810000000000000000e+02 8.463946142001076855e-06
9.820000000000000000e+02 8.463236035822774013e-06
9.830000000000000000e+02 8.459112932541756281e-06
9.840000000000000000e+02 8.458387825764173191e-06
9.850000000000000000e+02 8.461831851794462324e-06
9.860000000000000000e+02 8.451092996134927976e-06
9.870000000000000000e+02 8.457611838821322200e-06
9.880000000000000000e+02 8.431694574634699681e-06
9.890000000000000000e+02 8.464110096610966748e-06
9.900000000000000000e+02 8.452002175545203432e-06
9.910000000000000000e+02 8.440576442202048709e-06
9.920000000000000000e+02 8.492758743159356730e-06
9.930000000000000000e+02 8.458933258831772552e-06
9.940000000000000000e+02 8.467194926803738156e-06
9.950000000000000000e+02 8.447731640141379144e-06
9.960000000000000000e+02 8.439482708126887865e-06
9.970000000000000000e+02 8.444384308556133277e-06
9.980000000000000000e+02 8.452394255679489594e-06
9.990000000000000000e+02 8.449456178520146221e-06
1.000000000000000000e+03 8.438435321901730182e-06
1.001000000000000000e+03 8.461434824008998992e-06
1.002000000000000000e+03 8.435390855083824203e-06
1.003000000000000000e+03 8.472062997194977754e-06
1.004000000000000000e+03 8.435946425985700863e-06
1.005000000000000000e+03 8.433742098835258621e-06
1.006000000000000000e+03 8.437650625031285642e-06
1.007000000000000000e+03 8.435326371909468164e-06
1.008000000000000000e+03 8.431705206627762933e-06
1.009000000000000000e+03 8.437508710509671311e-06
1.010000000000000000e+03 8.440603096460108645e-06
1.011000000000000000e+03 8.438131483975060820e-06
1.012000000000000000e+03 8.428214299177246230e-06
1.013000000000000000e+03 8.441698397897804958e-06
1.014000000000000000e+03 8.440507666212701386e-06
1.015000000000000000e+03 8.450568684565950507e-06
1.016000000000000000e+03 8.416976870648795264e-06
1.017000000000000000e+03 8.432207159785321253e-06
1.018000000000000000e+03 8.438347037251030507e-06
1.019000000000000000e+03 8.426264736651016066e-06
1.020000000000000000e+03 8.465158819793334953e-06
1.021000000000000000e+03 8.445060041898007431e-06
1.022000000000000000e+03 8.442960097454488955e-06
1.023000000000000000e+03 8.418643313537661844e-06
1.024000000000000000e+03 8.427157523935118171e-06
1.025000000000000000e+03 8.445374942311899990e-06
1.026000000000000000e+03 8.431475231797473172e-06
1.027000000000000000e+03 8.447368688090742351e-06
1.028000000000000000e+03 8.423924327871645801e-06
1.029000000000000000e+03 8.423091773389993021e-06
1.030000000000000000e+03 8.444166475480111846e-06
1.031000000000000000e+03 8.442702731675430348e-06
1.032000000000000000e+03 8.454520423886909754e-06
1.033000000000000000e+03 8.422827722824876721e-06
1.034000000000000000e+03 8.430396734790216527e-06
1.035000000000000000e+03 8.420347703577136503e-06
1.036000000000000000e+03 8.437149320646615896e-06
1.037000000000000000e+03 8.474961471923355549e-06
1.038000000000000000e+03 8.441660038442932255e-06
1.039000000000000000e+03 8.453484518516537203e-06
1.040000000000000000e+03 8.439892044407315078e-06
1.041000000000000000e+03 8.420076607459729272e-06
1.042000000000000000e+03 8.443979695584857294e-06
1.043000000000000000e+03 8.421118327532894503e-06
1.044000000000000000e+03 8.423022478988665416e-06
1.045000000000000000e+03 8.421350573068290887e-06
1.046000000000000000e+03 8.417249415894427681e-06
1.047000000000000000e+03 8.409587347462851701e-06
1.048000000000000000e+03 8.441706007336810243e-06
1.049000000000000000e+03 8.424622531795952074e-06
1.050000000000000000e+03 8.439914487704906754e-06
1.051000000000000000e+03 8.423510438054412412e-06
1.052000000000000000e+03 8.429839566209314453e-06
1.053000000000000000e+03 8.431847994264293474e-06
1.054000000000000000e+03 8.412308513167470039e-06
1.055000000000000000e+03 8.432248666091861209e-06
1.056000000000000000e+03 8.411209309997502240e-06
1.057000000000000000e+03 8.431978443089368494e-06
1.058000000000000000e+03 8.410590368536455816e-06
1.059000000000000000e+03 8.419630612479522621e-06
1.060000000000000000e+03 8.429357309675348861e-06
1.061000000000000000e+03 8.417989902227417887e-06
1.062000000000000000e+03 8.410635018663015217e-06
1.063000000000000000e+03 8.441061475726504889e-06
1.064000000000000000e+03 8.421571792496251332e-06
1.065000000000000000e+03 8.424638108408544687e-06
1.066000000000000000e+03 8.415231404796940596e-06
1.067000000000000000e+03 8.411581723824687314e-06
1.068000000000000000e+03 8.414589635018880010e-06
1.069000000000000000e+03 8.437152737315044857e-06
1.070000000000000000e+03 8.401082101651506504e-06
1.071000000000000000e+03 8.419738466424556234e-06
1.072000000000000000e+03 8.412203936435010278e-06
1.073000000000000000e+03 8.442462958555551703e-06
1.074000000000000000e+03 8.414916983383591558e-06
1.075000000000000000e+03 8.412613445519430354e-06
1.076000000000000000e+03 8.413474558134719143e-06
1.077000000000000000e+03 8.420336392494694731e-06
1.078000000000000000e+03 8.415729407715843855e-06
1.079000000000000000e+03 8.413778881125229337e-06
1.080000000000000000e+03 8.411064557852417428e-06
1.081000000000000000e+03 8.432633815876518912e-06
1.082000000000000000e+03 8.414092280872865326e-06
1.083000000000000000e+03 8.420221192864118533e-06
1.084000000000000000e+03 8.427217089774785292e-06
1.085000000000000000e+03 8.420614352265449828e-06
1.086000000000000000e+03 8.404071653179320383e-06
1.087000000000000000e+03 8.414262974838493798e-06
1.088000000000000000e+03 8.416254743982183877e-06
1.089000000000000000e+03 8.411422965461194860e-06
1.090000000000000000e+03 8.398118731444508046e-06
1.091000000000000000e+03 8.415138945565558225e-06
1.092000000000000000e+03 8.405698745264089463e-06
1.093000000000000000e+03 8.416129694523989105e-06
1.094000000000000000e+03 8.418931101914495772e-06
1.095000000000000000e+03 8.426804821889769952e-06
1.096000000000000000e+03 8.407524555877898616e-06
1.097000000000000000e+03 8.404769732806017369e-06
1.098000000000000000e+03 8.429807406476660304e-06
1.099000000000000000e+03 8.407384193560573933e-06
1.100000000000000000e+03 8.404277987210661359e-06
1.101000000000000000e+03 8.404603871288903594e-06
1.102000000000000000e+03 8.408961569633296160e-06
1.103000000000000000e+03 8.404995684638075858e-06
1.104000000000000000e+03 8.413266198961840615e-06
1.105000000000000000e+03 8.407962935355802671e-06
1.106000000000000000e+03 8.403372570076802283e-06
1.107000000000000000e+03 8.402315658410468619e-06
1.108000000000000000e+03 8.396396766935747055e-06
1.109000000000000000e+03 8.424756867195052761e-06
1.110000000000000000e+03 8.392505797019112737e-06
1.111000000000000000e+03 8.414411877311066978e-06
1.112000000000000000e+03 8.404142414898766803e-06
1.113000000000000000e+03 8.406276080374179278e-06
1.114000000000000000e+03 8.407227645269206516e-06
1.115000000000000000e+03 8.401549245415177185e-06
1.116000000000000000e+03 8.402838496598026574e-06
1.117000000000000000e+03 8.398757136092172750e-06
1.118000000000000000e+03 8.402782629370146437e-06
1.119000000000000000e+03 8.397918597135382236e-06
1.120000000000000000e+03 8.398698164455708234e-06
1.121000000000000000e+03 8.400105759089153266e-06
1.122000000000000000e+03 8.411707188618796212e-06
1.123000000000000000e+03 8.401298237004084174e-06
1.124000000000000000e+03 8.393702792091062564e-06
1.125000000000000000e+03 8.408356325162458911e-06
1.126000000000000000e+03 8.399322581074860619e-06
1.127000000000000000e+03 8.395122234408821583e-06
1.128000000000000000e+03 8.400304571599310986e-06
1.129000000000000000e+03 8.397168315544452648e-06
1.130000000000000000e+03 8.397144504973160504e-06
1.131000000000000000e+03 8.404682760859335581e-06
1.132000000000000000e+03 8.394322136761426796e-06
1.133000000000000000e+03 8.398954162961066373e-06
1.134000000000000000e+03 8.399912852231258064e-06
1.135000000000000000e+03 8.397401652473490482e-06
1.136000000000000000e+03 8.396620887651807375e-06
1.137000000000000000e+03 8.396769671890070273e-06
1.138000000000000000e+03 8.399063287167033305e-06
1.139000000000000000e+03 8.404130482328280288e-06
1.140000000000000000e+03 8.398203338704963869e-06
1.141000000000000000e+03 8.409314414166147296e-06
1.142000000000000000e+03 8.409449095173233708e-06
1.143000000000000000e+03 8.393294450191509650e-06
1.144000000000000000e+03 8.392070515886492361e-06
1.145000000000000000e+03 8.399199929651027873e-06
1.146000000000000000e+03 8.391133666615739538e-06
1.147000000000000000e+03 8.396263341031348141e-06
1.148000000000000000e+03 8.398101335842511888e-06
1.149000000000000000e+03 8.397510731204723341e-06
1.150000000000000000e+03 8.393959660679684021e-06
1.151000000000000000e+03 8.403228330280398747e-06
1.152000000000000000e+03 8.393544882589291990e-06
1.153000000000000000e+03 8.393660288371998805e-06
1.154000000000000000e+03 8.401174081882345355e-06
1.155000000000000000e+03 8.398922991545987519e-06
1.156000000000000000e+03 8.399661671016170496e-06
1.157000000000000000e+03 8.390625004418930891e-06
1.158000000000000000e+03 8.392426795277666086e-06
1.159000000000000000e+03 8.399564979602776733e-06
1.160000000000000000e+03 8.392548279516631670e-06
1.161000000000000000e+03 8.392296206996737652e-06
1.162000000000000000e+03 8.400098525574625346e-06
1.163000000000000000e+03 8.396680177611415478e-06
1.164000000000000000e+03 8.391770464489430319e-06
1.165000000000000000e+03 8.397164228881593675e-06
1.166000000000000000e+03 8.398873627205223703e-06
1.167000000000000000e+03 8.394535449648779805e-06
1.168000000000000000e+03 8.400808140625788350e-06
1.169000000000000000e+03 8.396649100177455965e-06
1.170000000000000000e+03 8.392115899672111169e-06
1.171000000000000000e+03 8.390954426431563565e-06
1.172000000000000000e+03 8.395100160972409961e-06
1.173000000000000000e+03 8.387996519256073056e-06
1.174000000000000000e+03 8.391829517980416164e-06
1.175000000000000000e+03 8.392745633803619083e-06
1.176000000000000000e+03 8.398140359228515597e-06
1.177000000000000000e+03 8.397104129471700453e-06
1.178000000000000000e+03 8.388751242212795850e-06
1.179000000000000000e+03 8.393516624588907634e-06
1.180000000000000000e+03 8.393287113600915575e-06
1.181000000000000000e+03 8.391693108933396045e-06
1.182000000000000000e+03 8.388527836965901309e-06
1.183000000000000000e+03 8.393670747561069194e-06
1.184000000000000000e+03 8.400400738537427156e-06
1.185000000000000000e+03 8.395020537742918566e-06
1.186000000000000000e+03 8.397797109864768843e-06
1.187000000000000000e+03 8.389624260113729017e-06
1.188000000000000000e+03 8.388528782840392033e-06
1.189000000000000000e+03 8.393565976803075133e-06
1.190000000000000000e+03 8.392768959311070395e-06
1.191000000000000000e+03 8.389756209605062301e-06
1.192000000000000000e+03 8.394826554649626040e-06
1.193000000000000000e+03 8.394543889759613342e-06
1.194000000000000000e+03 8.390520821800843818e-06
1.195000000000000000e+03 8.393270333423666848e-06
1.196000000000000000e+03 8.386670627563337857e-06
1.197000000000000000e+03 8.388010322353996195e-06
1.198000000000000000e+03 8.392075248290590406e-06
1.199000000000000000e+03 8.388654626590626105e-06
1.200000000000000000e+03 8.389082234619611801e-06
1.201000000000000000e+03 8.388900996578740413e-06
1.202000000000000000e+03 8.386050018695337619e-06
1.203000000000000000e+03 8.389211755760091419e-06
1.204000000000000000e+03 8.392516798873354348e-06
1.205000000000000000e+03 8.387320425147967357e-06
1.206000000000000000e+03 8.390038650153049059e-06
1.207000000000000000e+03 8.387395291720168073e-06
1.208000000000000000e+03 8.383830160407038529e-06
1.209000000000000000e+03 8.387518416081245334e-06
1.210000000000000000e+03 8.387005039670232271e-06
1.211000000000000000e+03 8.388004904797222318e-06
1.212000000000000000e+03 8.390416963569199339e-06
1.213000000000000000e+03 8.389530624602532669e-06
1.214000000000000000e+03 8.393019913152480825e-06
1.215000000000000000e+03 8.399261456967603150e-06
1.216000000000000000e+03 8.395908695698987089e-06
1.217000000000000000e+03 8.390766885592407468e-06
1.218000000000000000e+03 8.388344628353176644e-06
1.219000000000000000e+03 8.387566770882889030e-06
1.220000000000000000e+03 8.389315301731887928e-06
1.221000000000000000e+03 8.386062621260255840e-06
1.222000000000000000e+03 8.386474052410145617e-06
1.223000000000000000e+03 8.396445200560265966e-06
1.224000000000000000e+03 8.385792849973464509e-06
1.225000000000000000e+03 8.387401212530676411e-06
1.226000000000000000e+03 8.387322565492165687e-06
1.227000000000000000e+03 8.385825952548959879e-06
1.228000000000000000e+03 8.386772224184824222e-06
1.229000000000000000e+03 8.393543203055741858e-06
1.230000000000000000e+03 8.384152348905141589e-06
1.231000000000000000e+03 8.389696489151295946e-06
1.232000000000000000e+03 8.386405682661763911e-06
1.233000000000000000e+03 8.383271175868382412e-06
1.234000000000000000e+03 8.388403794015175460e-06
1.235000000000000000e+03 8.384740697996069333e-06
1.236000000000000000e+03 8.391841232272175745e-06
1.237000000000000000e+03 8.386851313844089514e-06
1.238000000000000000e+03 8.385408288328713794e-06
1.239000000000000000e+03 8.384503753404714353e-06
1.240000000000000000e+03 8.386242476869180940e-06
1.241000000000000000e+03 8.382125412632983522e-06
1.242000000000000000e+03 8.386479912587674064e-06
1.243000000000000000e+03 8.384855003290189577e-06
1.244000000000000000e+03 8.384694768513629800e-06
1.245000000000000000e+03 8.382348196391831626e-06
1.246000000000000000e+03 8.392331552992497509e-06
1.247000000000000000e+03 8.385925984839560278e-06
1.248000000000000000e+03 8.387008944434153261e-06
1.249000000000000000e+03 8.381615146693850455e-06
1.250000000000000000e+03 8.380442507890013498e-06
1.251000000000000000e+03 8.381212328458787078e-06
1.252000000000000000e+03 8.382996999595585132e-06
1.253000000000000000e+03 8.385479277421837351e-06
1.254000000000000000e+03 8.384677485082648305e-06
1.255000000000000000e+03 8.390703217931635554e-06
1.256000000000000000e+03 8.381878063422239041e-06
1.257000000000000000e+03 8.384530404631126480e-06
1.258000000000000000e+03 8.383805570701952906e-06
1.259000000000000000e+03 8.379933497053571316e-06
1.260000000000000000e+03 8.383700545285439570e-06
1.261000000000000000e+03 8.383702197534149259e-06
1.262000000000000000e+03 8.382641438705224995e-06
1.263000000000000000e+03 8.378142871758123780e-06
1.264000000000000000e+03 8.385245525156885391e-06
1.265000000000000000e+03 8.383967594151424589e-06
1.266000000000000000e+03 8.380289433868407125e-06
1.267000000000000000e+03 8.389627046199166419e-06
1.268000000000000000e+03 8.384975699300411479e-06
1.269000000000000000e+03 8.379532134010030437e-06
1.270000000000000000e+03 8.388865256468609562e-06
1.271000000000000000e+03 8.377596483721086879e-06
1.272000000000000000e+03 8.384499302943974333e-06
1.273000000000000000e+03 8.382702605255568727e-06
1.274000000000000000e+03 8.381798467477589784e-06
1.275000000000000000e+03 8.384130342165008865e-06
1.276000000000000000e+03 8.383252934436313876e-06
1.277000000000000000e+03 8.384912462133797817e-06
1.278000000000000000e+03 8.391552689014739278e-06
1.279000000000000000e+03 8.380801248980182031e-06
1.280000000000000000e+03 8.387352111943376990e-06
1.281000000000000000e+03 8.385194993631254413e-06
1.282000000000000000e+03 8.388006484286355798e-06
1.283000000000000000e+03 8.383880713154212639e-06
1.284000000000000000e+03 8.381066587996125277e-06
1.285000000000000000e+03 8.378510028705931522e-06
1.286000000000000000e+03 8.383255675047015512e-06
1.287000000000000000e+03 8.380630139678639433e-06
1.288000000000000000e+03 8.379939439085622787e-06
1.289000000000000000e+03 8.382103906114935757e-06
1.290000000000000000e+03 8.382137293665436960e-06
1.291000000000000000e+03 8.380530522723953160e-06
1.292000000000000000e+03 8.379796384663980042e-06
1.293000000000000000e+03 8.382355978634829774e-06
1.294000000000000000e+03 8.380299089670491399e-06
1.295000000000000000e+03 8.377760893078327659e-06
1.296000000000000000e+03 8.382308988075237044e-06
1.297000000000000000e+03 8.377490685234079070e-06
1.298000000000000000e+03 8.378746667100737537e-06
1.299000000000000000e+03 8.381361512874718281e-06
1.300000000000000000e+03 8.378005474393528367e-06
1.301000000000000000e+03 8.382007639132401240e-06
1.302000000000000000e+03 8.376141568078310907e-06
1.303000000000000000e+03 8.380071755406484928e-06
1.304000000000000000e+03 8.379330080667084428e-06
1.305000000000000000e+03 8.377764615943305584e-06
1.306000000000000000e+03 8.378105994779617407e-06
1.307000000000000000e+03 8.377737467526458001e-06
1.308000000000000000e+03 8.376192815073105969e-06
1.309000000000000000e+03 8.381298296929647751e-06
1.310000000000000000e+03 8.381244275976011603e-06
1.311000000000000000e+03 8.381568904951564646e-06
1.312000000000000000e+03 8.380421780505760906e-06
1.313000000000000000e+03 8.375430831317013118e-06
1.314000000000000000e+03 8.381453611339869107e-06
1.315000000000000000e+03 8.378076436201809787e-06
1.316000000000000000e+03 8.375538103185438749e-06
1.317000000000000000e+03 8.381049456147593514e-06
1.318000000000000000e+03 8.376805314280014270e-06
1.319000000000000000e+03 8.377982536937149044e-06
1.320000000000000000e+03 8.375318448088364269e-06
1.321000000000000000e+03 8.378854554393910600e-06
1.322000000000000000e+03 8.377745140630092681e-06
1.323000000000000000e+03 8.388075663485020930e-06
1.324000000000000000e+03 8.380261342608718320e-06
1.325000000000000000e+03 8.382457396389024270e-06
1.326000000000000000e+03 8.379180186845284757e-06
1.327000000000000000e+03 8.375629674143662479e-06
1.328000000000000000e+03 8.375172671245915211e-06
1.329000000000000000e+03 8.380636778989961359e-06
1.330000000000000000e+03 8.375929234413584683e-06
1.331000000000000000e+03 8.376020929669417700e-06
1.332000000000000000e+03 8.377393969567492672e-06
1.333000000000000000e+03 8.375826616126383575e-06
1.334000000000000000e+03 8.375110734656724814e-06
1.335000000000000000e+03 8.376539220383468485e-06
1.336000000000000000e+03 8.374727940463344567e-06
1.337000000000000000e+03 8.376669450929814876e-06
1.338000000000000000e+03 8.375364902046081395e-06
1.339000000000000000e+03 8.376174349299011493e-06
1.340000000000000000e+03 8.377219413281031168e-06
1.341000000000000000e+03 8.372376923944101990e-06
1.342000000000000000e+03 8.383707427128684453e-06
1.343000000000000000e+03 8.377632796812880593e-06
1.344000000000000000e+03 8.377170640111823843e-06
1.345000000000000000e+03 8.379031890702512195e-06
1.346000000000000000e+03 8.375785012807076470e-06
1.347000000000000000e+03 8.374946792173432932e-06
1.348000000000000000e+03 8.375499858933228519e-06
1.349000000000000000e+03 8.379982121671976719e-06
1.350000000000000000e+03 8.377275413901467407e-06
1.351000000000000000e+03 8.376134355785324424e-06
1.352000000000000000e+03 8.374278343884119776e-06
1.353000000000000000e+03 8.377567022156048103e-06
1.354000000000000000e+03 8.378293384036320386e-06
1.355000000000000000e+03 8.380765157198766450e-06
1.356000000000000000e+03 8.378133388760034063e-06
1.357000000000000000e+03 8.376419746127794632e-06
1.358000000000000000e+03 8.374745909047001893e-06
1.359000000000000000e+03 8.378281851643502176e-06
1.360000000000000000e+03 8.373342258588914612e-06
1.361000000000000000e+03 8.374279692967926615e-06
1.362000000000000000e+03 8.375547713512787257e-06
1.363000000000000000e+03 8.374103050906947667e-06
1.364000000000000000e+03 8.374170092793065665e-06
1.365000000000000000e+03 8.373773219621701567e-06
1.366000000000000000e+03 8.372461852559354292e-06
1.367000000000000000e+03 8.374530022289642799e-06
1.368000000000000000e+03 8.374402217062500571e-06
1.369000000000000000e+03 8.372675062370641145e-06
1.370000000000000000e+03 8.374734525204985606e-06
1.371000000000000000e+03 8.377435318228283891e-06
1.372000000000000000e+03 8.377553967875428498e-06
1.373000000000000000e+03 8.375591299530545650e-06
1.374000000000000000e+03 8.375780162168666449e-06
1.375000000000000000e+03 8.374437681292572403e-06
1.376000000000000000e+03 8.375459971527258804e-06
1.377000000000000000e+03 8.379220134884236059e-06
1.378000000000000000e+03 8.377263854223808754e-06
1.379000000000000000e+03 8.374707285838666490e-06
1.380000000000000000e+03 8.373527458995037379e-06
1.381000000000000000e+03 8.374916663645611952e-06
1.382000000000000000e+03 8.372997090191347660e-06
1.383000000000000000e+03 8.371837460193394542e-06
1.384000000000000000e+03 8.374292040874327256e-06
1.385000000000000000e+03 8.375712983858344540e-06
1.386000000000000000e+03 8.375521025906587872e-06
1.387000000000000000e+03 8.372440327851412897e-06
1.388000000000000000e+03 8.372196728790490172e-06
1.389000000000000000e+03 8.372515573379738787e-06
1.390000000000000000e+03 8.374520769696876333e-06
1.391000000000000000e+03 8.372072725251201083e-06
1.392000000000000000e+03 8.371644801930717915e-06
1.393000000000000000e+03 8.376729498801675021e-06
1.394000000000000000e+03 8.370193569741483106e-06
1.395000000000000000e+03 8.373852336565808997e-06
1.396000000000000000e+03 8.376707983188680441e-06
1.397000000000000000e+03 8.370397948359216625e-06
1.398000000000000000e+03 8.373074097107746706e-06
1.399000000000000000e+03 8.373560306912016863e-06
1.400000000000000000e+03 8.374067801923956654e-06
1.401000000000000000e+03 8.371681354522783389e-06
1.402000000000000000e+03 8.369570080806927817e-06
1.403000000000000000e+03 8.373070192343827411e-06
1.404000000000000000e+03 8.373242105032356123e-06
1.405000000000000000e+03 8.373020658230720235e-06
1.406000000000000000e+03 8.373148035995352020e-06
1.407000000000000000e+03 8.370765256889474098e-06
1.408000000000000000e+03 8.371832539827057815e-06
1.409000000000000000e+03 8.372703462858528418e-06
1.410000000000000000e+03 8.371164879766486647e-06
1.411000000000000000e+03 8.369432134713860482e-06
1.412000000000000000e+03 8.368800193541877034e-06
1.413000000000000000e+03 8.368818359182719858e-06
1.414000000000000000e+03 8.373912760362144813e-06
1.415000000000000000e+03 8.379592242514870474e-06
1.416000000000000000e+03 8.374684985028579425e-06
1.417000000000000000e+03 8.376738502799222912e-06
1.418000000000000000e+03 8.376444002351490848e-06
1.419000000000000000e+03 8.371512703888584403e-06
1.420000000000000000e+03 8.375505300743195031e-06
1.421000000000000000e+03 8.369857614525244165e-06
1.422000000000000000e+03 8.370239711439353956e-06
1.423000000000000000e+03 8.370410590335571608e-06
1.424000000000000000e+03 8.369381754770680929e-06
1.425000000000000000e+03 8.370047996019516857e-06
1.426000000000000000e+03 8.369179192110701453e-06
1.427000000000000000e+03 8.373593958215982461e-06
1.428000000000000000e+03 8.368594505251773436e-06
1.429000000000000000e+03 8.371776536174972073e-06
1.430000000000000000e+03 8.367989127388378390e-06
1.431000000000000000e+03 8.372863303520717201e-06
1.432000000000000000e+03 8.372419245764224378e-06
1.433000000000000000e+03 8.368523713215837069e-06
1.434000000000000000e+03 8.377709236810915782e-06
1.435000000000000000e+03 8.369472780032083934e-06
1.436000000000000000e+03 8.375645672155466529e-06
1.437000000000000000e+03 8.369851257157278569e-06
1.438000000000000000e+03 8.368015857437664039e-06
1.439000000000000000e+03 8.370289342565229976e-06
1.440000000000000000e+03 8.370181006588003339e-06
1.441000000000000000e+03 8.374271616654975820e-06
1.442000000000000000e+03 8.373786149604711885e-06
1.443000000000000000e+03 8.367076161448493921e-06
1.444000000000000000e+03 8.369706171530802655e-06
1.445000000000000000e+03 8.368292825859196033e-06
1.446000000000000000e+03 8.367961539382425741e-06
1.447000000000000000e+03 8.369318153806186219e-06
1.448000000000000000e+03 8.366589651510973806e-06
1.449000000000000000e+03 8.368489625354414213e-06
1.450000000000000000e+03 8.372987895199913278e-06
1.451000000000000000e+03 8.371158461765541159e-06
1.452000000000000000e+03 8.369997737342297088e-06
1.453000000000000000e+03 8.373650228653180407e-06
1.454000000000000000e+03 8.369394163310061463e-06
1.455000000000000000e+03 8.373375085284350965e-06
1.456000000000000000e+03 8.368624200253786660e-06
1.457000000000000000e+03 8.367779500986216048e-06
1.458000000000000000e+03 8.372512611458660713e-06
1.459000000000000000e+03 8.371144088717604660e-06
1.460000000000000000e+03 8.366936969347685903e-06
1.461000000000000000e+03 8.366914501796903286e-06
1.462000000000000000e+03 8.365906848363617780e-06
1.463000000000000000e+03 8.368519766008829816e-06
1.464000000000000000e+03 8.367319014723762616e-06
1.465000000000000000e+03 8.366245050031769016e-06
1.466000000000000000e+03 8.367249007884917041e-06
1.467000000000000000e+03 8.368967055503162420e-06
1.468000000000000000e+03 8.365920354359938769e-06
1.469000000000000000e+03 8.369079320497500987e-06
1.470000000000000000e+03 8.364630484720692445e-06
1.471000000000000000e+03 8.366815479045423007e-06
1.472000000000000000e+03 8.370844473877999875e-06
1.473000000000000000e+03 8.365717197496754992e-06
1.474000000000000000e+03 8.369116470324418569e-06
1.475000000000000000e+03 8.365343883269814960e-06
1.476000000000000000e+03 8.368065449152103298e-06
1.477000000000000000e+03 8.366556861195324711e-06
1.478000000000000000e+03 8.368529776513848324e-06
1.479000000000000000e+03 8.364721597899915786e-06
1.480000000000000000e+03 8.366216952708782899e-06
1.481000000000000000e+03 8.367133104911773076e-06
1.482000000000000000e+03 8.366664057272524629e-06
1.483000000000000000e+03 8.366956092989615769e-06
1.484000000000000000e+03 8.366384639278597531e-06
1.485000000000000000e+03 8.365408087532462479e-06
1.486000000000000000e+03 8.363694969375500641e-06
1.487000000000000000e+03 8.366405988150896561e-06
1.488000000000000000e+03 8.365338071598671783e-06
1.489000000000000000e+03 8.368208900719764846e-06
1.490000000000000000e+03 8.371911253561847437e-06
1.491000000000000000e+03 8.362866577347934240e-06
1.492000000000000000e+03 8.366080207148722175e-06
1.493000000000000000e+03 8.366241560603763846e-06
1.494000000000000000e+03 8.368805611098650911e-06
1.495000000000000000e+03 8.364573732251301476e-06
1.496000000000000000e+03 8.365133417100879246e-06
1.497000000000000000e+03 8.365104780144368022e-06
1.498000000000000000e+03 8.365517696802271937e-06
1.499000000000000000e+03 8.363508192511895592e-06
1.500000000000000000e+03 8.366209067389718596e-06
1.501000000000000000e+03 8.363778688362799517e-06
1.502000000000000000e+03 8.367015501183535847e-06
1.503000000000000000e+03 8.364816624938005237e-06
1.504000000000000000e+03 8.362734324691701494e-06
1.505000000000000000e+03 8.364063023691415533e-06
1.506000000000000000e+03 8.365935121522246262e-06
1.507000000000000000e+03 8.364157953716736140e-06
1.508000000000000000e+03 8.366866568394471028e-06
1.509000000000000000e+03 8.364287377844448608e-06
1.510000000000000000e+03 8.365445564777473851e-06
1.511000000000000000e+03 8.367465100794410141e-06
1.512000000000000000e+03 8.367690203764746750e-06
1.513000000000000000e+03 8.363068282051245022e-06
1.514000000000000000e+03 8.365197296977082476e-06
1.515000000000000000e+03 8.364659591582796988e-06
1.516000000000000000e+03 8.363004232402696737e-06
1.517000000000000000e+03 8.364131272173835760e-06
1.518000000000000000e+03 8.363656734218238921e-06
1.519000000000000000e+03 8.365369970609511040e-06
1.520000000000000000e+03 8.365815753374288068e-06
1.521000000000000000e+03 8.363367417890306285e-06
1.522000000000000000e+03 8.365925865897831987e-06
1.523000000000000000e+03 8.365279951855578652e-06
1.524000000000000000e+03 8.365342619072180648e-06
1.525000000000000000e+03 8.365127390182655248e-06
1.526000000000000000e+03 8.366072555266630627e-06
1.527000000000000000e+03 8.363398146684630571e-06
1.528000000000000000e+03 8.363869759098936595e-06
1.529000000000000000e+03 8.364237355635851097e-06
1.530000000000000000e+03 8.363335737158195658e-06
1.531000000000000000e+03 8.362221927503318605e-06
1.532000000000000000e+03 8.363367090472214189e-06
1.533000000000000000e+03 8.363154641604827186e-06
1.534000000000000000e+03 8.364860984026259799e-06
1.535000000000000000e+03 8.361697988827168998e-06
1.536000000000000000e+03 8.362155598054716883e-06
1.537000000000000000e+03 8.361377737552781460e-06
1.538000000000000000e+03 8.361815074143427639e-06
1.539000000000000000e+03 8.365064216680669288e-06
1.540000000000000000e+03 8.362146985139892177e-06
1.541000000000000000e+03 8.365897341112335427e-06
1.542000000000000000e+03 8.362240763138591442e-06
1.543000000000000000e+03 8.361248637811513279e-06
