0.000000000000000000e+00 2.361418391180680203e-05
1.000000000000000000e+00 2.833692107292573152e-06
2.000000000000000000e+00 4.253867439474819659e-07
3.000000000000000000e+00 5.623291709499558548e-07
4.000000000000000000e+00 6.613065478035230401e-07
5.000000000000000000e+00 4.972659613365463779e-07
6.000000000000000000e+00 2.254545636093995538e-07
7.000000000000000000e+00 2.159887616896607861e-07
8.000000000000000000e+00 1.767742923821942019e-07
9.000000000000000000e+00 1.593795904288138807e-07
1.000000000000000000e+01 1.409124643900471583e-07
1.100000000000000000e+01 4.193078154463423462e-07
1.200000000000000000e+01 3.560100848598406776e-07
1.300000000000000000e+01 1.149838679602148394e-07
1.400000000000000000e+01 8.875331083971942683e-08
1.500000000000000000e+01 3.300095986894792597e-07
1.600000000000000000e+01 2.144885265792328503e-07
1.700000000000000000e+01 2.616462417808071335e-07
1.800000000000000000e+01 5.896404810862865340e-07
1.900000000000000000e+01 2.314755982717128685e-07
2.000000000000000000e+01 1.786409717364198861e-07
2.100000000000000000e+01 7.872874927269216492e-08
2.200000000000000000e+01 4.818095237466649309e-08
2.300000000000000000e+01 1.230716179944525918e-07
2.400000000000000000e+01 1.495971473781174300e-07
2.500000000000000000e+01 1.326268349548564765e-07
2.600000000000000000e+01 1.585161034455812496e-07
2.700000000000000000e+01 4.602420443222704140e-07
2.800000000000000000e+01 7.142908059610974554e-07
2.900000000000000000e+01 4.582286076980603100e-07
3.000000000000000000e+01 4.428894389399577458e-07
3.100000000000000000e+01 3.292314527215692263e-07
3.200000000000000000e+01 9.277114000123077426e-08
3.300000000000000000e+01 6.602490504971668828e-08
3.400000000000000000e+01 5.096790439722900399e-08
3.500000000000000000e+01 5.138966659749896501e-08
3.600000000000000000e+01 7.657805683527573674e-08
3.700000000000000000e+01 5.008722128690685240e-08
3.800000000000000000e+01 3.741960061324103275e-08
3.900000000000000000e+01 3.079240424113243792e-08
4.000000000000000000e+01 3.136444783955769854e-08
4.100000000000000000e+01 4.323788139010272279e-08
4.200000000000000000e+01 6.188201389913484912e-08
4.300000000000000000e+01 3.905137941516962084e-08
4.400000000000000000e+01 3.560262228751172502e-08
4.500000000000000000e+01 3.292328996805541255e-08
4.600000000000000000e+01 2.542146100540996420e-08
4.700000000000000000e+01 2.466343781851900010e-08
4.800000000000000000e+01 2.754078649620218354e-08
4.900000000000000000e+01 3.406005861952254515e-08
5.000000000000000000e+01 4.658762953428670193e-08
5.100000000000000000e+01 1.121633325526881741e-07
5.200000000000000000e+01 1.017452855447995119e-07
5.300000000000000000e+01 5.887864792992698356e-08
5.400000000000000000e+01 4.624343790073408460e-08
5.500000000000000000e+01 4.535662876940278227e-08
5.600000000000000000e+01 7.930092605013684572e-08
5.700000000000000000e+01 1.065026171082360384e-07
5.800000000000000000e+01 3.325112528056179790e-08
5.900000000000000000e+01 3.127439551681597107e-08
6.000000000000000000e+01 5.260813611491837674e-08
6.100000000000000000e+01 3.706482772122202109e-08
6.200000000000000000e+01 3.285008186317979308e-08
6.300000000000000000e+01 4.277110420707223188e-08
6.400000000000000000e+01 4.711976906452529924e-08
6.500000000000000000e+01 4.588992764063715943e-08
6.600000000000000000e+01 2.911859893140232417e-08
6.700000000000000000e+01 2.874938756374874946e-08
6.800000000000000000e+01 3.047485638048464194e-07
6.900000000000000000e+01 6.432587799689702441e-07
7.000000000000000000e+01 2.069903288841277718e-06
7.100000000000000000e+01 9.929402771469468177e-07
7.200000000000000000e+01 9.126232175413558811e-08
7.300000000000000000e+01 5.568843833401824062e-08
7.400000000000000000e+01 3.117331421053905675e-08
7.500000000000000000e+01 2.772825246869963580e-08
7.600000000000000000e+01 2.669598234160825579e-08
7.700000000000000000e+01 2.712664292950372486e-08
7.800000000000000000e+01 2.678537887055731803e-08
7.900000000000000000e+01 2.576322538654708477e-08
8.000000000000000000e+01 2.917487302128538945e-08
8.100000000000000000e+01 3.280230261594857030e-08
8.200000000000000000e+01 3.087862570698792542e-08
8.300000000000000000e+01 2.631975936529423401e-08
8.400000000000000000e+01 2.421362898079659361e-08
8.500000000000000000e+01 2.789223087861481529e-08
8.600000000000000000e+01 2.503785978876157074e-08
8.700000000000000000e+01 2.564460131471688906e-08
8.800000000000000000e+01 2.642446873685375280e-08
8.900000000000000000e+01 2.626505796599935889e-08
9.000000000000000000e+01 2.541471790530778043e-08
9.100000000000000000e+01 3.013448984584078552e-08
9.200000000000000000e+01 2.764245890373417717e-08
9.300000000000000000e+01 2.571526434832723868e-08
9.400000000000000000e+01 2.525780923584743586e-08
9.500000000000000000e+01 2.411528935114747153e-08
9.600000000000000000e+01 2.516981217709524253e-08
9.700000000000000000e+01 2.496580443202524424e-08
9.800000000000000000e+01 2.389849579149708213e-08
9.900000000000000000e+01 2.542192941157600713e-08
1.000000000000000000e+02 2.466765483557769533e-08
1.010000000000000000e+02 2.456430765742521035e-08
1.020000000000000000e+02 2.556474989817878550e-08
1.030000000000000000e+02 2.707027344740151684e-08
1.040000000000000000e+02 2.534785346985779426e-08
1.050000000000000000e+02 2.386867669104111254e-08
1.060000000000000000e+02 2.649457995411649504e-08
1.070000000000000000e+02 2.511632345879234038e-08
1.080000000000000000e+02 2.419230247488151388e-08
1.090000000000000000e+02 2.327335434502658879e-08
1.100000000000000000e+02 2.425506083430629748e-08
1.110000000000000000e+02 2.462426824826950803e-08
1.120000000000000000e+02 2.477419613151350544e-08
1.130000000000000000e+02 2.580653579473225082e-08
1.140000000000000000e+02 2.442350839978283497e-08
1.150000000000000000e+02 2.402214460621689898e-08
1.160000000000000000e+02 2.363141893684160656e-08
1.170000000000000000e+02 2.757653261961019505e-08
1.180000000000000000e+02 3.678339884011525601e-08
1.190000000000000000e+02 3.382915481002303459e-08
1.200000000000000000e+02 2.609067132506716048e-08
1.210000000000000000e+02 2.429363770185820600e-08
1.220000000000000000e+02 2.700804712735327417e-08
1.230000000000000000e+02 2.767737287204149550e-08
1.240000000000000000e+02 2.458257704684065066e-08
1.250000000000000000e+02 2.982927545022898799e-08
1.260000000000000000e+02 2.613707866707506634e-08
1.270000000000000000e+02 2.511202739788227761e-08
1.280000000000000000e+02 2.486032661578960121e-08
1.290000000000000000e+02 2.362057005242081319e-08
1.300000000000000000e+02 2.355543506744623376e-08
1.310000000000000000e+02 2.431843756260390927e-08
1.320000000000000000e+02 2.415473476546210757e-08
1.330000000000000000e+02 2.355152852082776095e-08
1.340000000000000000e+02 2.440828645876063884e-08
1.350000000000000000e+02 2.491634752598656335e-08
1.360000000000000000e+02 2.848757943164779622e-08
1.370000000000000000e+02 4.802414124366798862e-08
1.380000000000000000e+02 3.842208831881190517e-08
1.390000000000000000e+02 3.040745116250609367e-08
1.400000000000000000e+02 2.777322175959228118e-08
1.410000000000000000e+02 2.434580126090113414e-08
1.420000000000000000e+02 2.746311947924422114e-08
1.430000000000000000e+02 2.869391357314834516e-08
1.440000000000000000e+02 3.181963107849439885e-08
1.450000000000000000e+02 2.830251699966748360e-08
1.460000000000000000e+02 2.600421392156103786e-08
1.470000000000000000e+02 2.433403961988983653e-08
1.480000000000000000e+02 2.604463798395606410e-08
1.490000000000000000e+02 3.729413635801021448e-08
1.500000000000000000e+02 2.635740318459592684e-08
1.510000000000000000e+02 2.527442237754253029e-08
1.520000000000000000e+02 2.735845514464191561e-08
1.530000000000000000e+02 4.060088783015050969e-08
1.540000000000000000e+02 3.178730759291550656e-08
1.550000000000000000e+02 3.423600167379491011e-08
1.560000000000000000e+02 2.586067046173508637e-08
1.570000000000000000e+02 2.669458053857529533e-08
1.580000000000000000e+02 2.659125528299410959e-08
1.590000000000000000e+02 2.619310029992188990e-08
1.600000000000000000e+02 3.033989792005728813e-08
1.610000000000000000e+02 2.842837173672120683e-08
1.620000000000000000e+02 2.837634322771126090e-08
1.630000000000000000e+02 2.606805105399772366e-08
1.640000000000000000e+02 3.144089814607280111e-08
1.650000000000000000e+02 3.069884889851623215e-08
1.660000000000000000e+02 2.627554433757874094e-08
1.670000000000000000e+02 2.472870521552054992e-08
1.680000000000000000e+02 2.383433138347075419e-08
1.690000000000000000e+02 2.910179231384021703e-08
1.700000000000000000e+02 2.822895940774832105e-08
1.710000000000000000e+02 2.677515206028245674e-08
1.720000000000000000e+02 2.544300399533049881e-08
1.730000000000000000e+02 2.614172839844132326e-08
1.740000000000000000e+02 2.764806023871089774e-08
1.750000000000000000e+02 2.558207241876111502e-08
1.760000000000000000e+02 2.906502364747265316e-08
1.770000000000000000e+02 2.477083860089011790e-08
1.780000000000000000e+02 2.543412196686716193e-08
1.790000000000000000e+02 2.683646576423125032e-08
1.800000000000000000e+02 3.312667068608140442e-08
1.810000000000000000e+02 2.646903199121280469e-08
1.820000000000000000e+02 2.352094881474241609e-08
1.830000000000000000e+02 2.396260664131510195e-08
1.840000000000000000e+02 2.290586684715092677e-08
1.850000000000000000e+02 2.392652759842565831e-08
1.860000000000000000e+02 2.795168236905005048e-08
1.870000000000000000e+02 2.548892038481602973e-08
1.880000000000000000e+02 2.518424639891755957e-08
1.890000000000000000e+02 2.359299279073261178e-08
1.900000000000000000e+02 2.460189436096195243e-08
1.910000000000000000e+02 2.478282423179377327e-08
1.920000000000000000e+02 2.609615547691897008e-08
1.930000000000000000e+02 2.853568056765449411e-08
1.940000000000000000e+02 2.506471493789978767e-08
1.950000000000000000e+02 2.584486270291784493e-08
1.960000000000000000e+02 2.851378145714093483e-08
1.970000000000000000e+02 2.348124462602500675e-08
1.980000000000000000e+02 2.458872984704266066e-08
1.990000000000000000e+02 3.015458379632334500e-08
2.000000000000000000e+02 3.306709713692177946e-08
2.010000000000000000e+02 2.607236385763497083e-08
2.020000000000000000e+02 2.510564443801278636e-08
2.030000000000000000e+02 2.562145156193710209e-08
2.040000000000000000e+02 2.475910015587463825e-08
2.050000000000000000e+02 2.416104445743499601e-08
2.060000000000000000e+02 2.389030322092375351e-08
2.070000000000000000e+02 2.615578988535639874e-08
2.080000000000000000e+02 2.786151187409545594e-08
2.090000000000000000e+02 2.649810000544391274e-08
2.100000000000000000e+02 2.676925437394351098e-08
2.110000000000000000e+02 2.550156401356548640e-08
2.120000000000000000e+02 2.373240103049378743e-08
2.130000000000000000e+02 2.761185675175285447e-08
2.140000000000000000e+02 3.386632343350611621e-08
2.150000000000000000e+02 2.860273306555316591e-08
2.160000000000000000e+02 2.577043279982782480e-08
2.170000000000000000e+02 2.449637343832561013e-08
2.180000000000000000e+02 2.465256925876920137e-08
2.190000000000000000e+02 2.426462123053105203e-08
2.200000000000000000e+02 2.709824569748656151e-08
2.210000000000000000e+02 2.620203877787380975e-08
2.220000000000000000e+02 2.607458573627769537e-08
2.230000000000000000e+02 2.889028469575894810e-08
2.240000000000000000e+02 2.364526688952090709e-08
2.250000000000000000e+02 2.400490274169622515e-08
2.260000000000000000e+02 2.867206546564171616e-08
2.270000000000000000e+02 2.501552296540536849e-08
2.280000000000000000e+02 2.403355616581097372e-08
2.290000000000000000e+02 2.372182445621062429e-08
2.300000000000000000e+02 2.330846213288531904e-08
2.310000000000000000e+02 2.299404883167635511e-08
2.320000000000000000e+02 2.314854595916067560e-08
2.330000000000000000e+02 2.297418540787099807e-08
2.340000000000000000e+02 2.807418758574440311e-08
2.350000000000000000e+02 2.665597736632740626e-08
2.360000000000000000e+02 2.829702775903270305e-08
2.370000000000000000e+02 2.660206163411891595e-08
2.380000000000000000e+02 2.945803600792973687e-08
2.390000000000000000e+02 2.623601073685094517e-08
2.400000000000000000e+02 2.426165415432459345e-08
2.410000000000000000e+02 2.421802392775286400e-08
2.420000000000000000e+02 2.400154062396070382e-08
2.430000000000000000e+02 2.365061748550706112e-08
2.440000000000000000e+02 2.457386795583418987e-08
2.450000000000000000e+02 2.317743940039331524e-08
2.460000000000000000e+02 2.299084954703235858e-08
2.470000000000000000e+02 2.700674905290439836e-08
2.480000000000000000e+02 3.616996004307153217e-08
2.490000000000000000e+02 2.787481840831029796e-08
2.500000000000000000e+02 2.374481399387190073e-08
2.510000000000000000e+02 2.533081551973417631e-08
2.520000000000000000e+02 2.302360951480108134e-08
2.530000000000000000e+02 2.282605500027327703e-08
2.540000000000000000e+02 2.352071594931866516e-08
2.550000000000000000e+02 2.302532906665461249e-08
2.560000000000000000e+02 2.307983807992272367e-08
2.570000000000000000e+02 2.305304105567149973e-08
2.580000000000000000e+02 2.306261754769354497e-08
2.590000000000000000e+02 2.304563353069500891e-08
2.600000000000000000e+02 2.290929013469129814e-08
2.610000000000000000e+02 2.360655834029755016e-08
2.620000000000000000e+02 2.360923382389699802e-08
2.630000000000000000e+02 3.004795336901730876e-08
2.640000000000000000e+02 3.463300239995364870e-08
2.650000000000000000e+02 2.573180155224839982e-08
2.660000000000000000e+02 2.396250973326663844e-08
2.670000000000000000e+02 2.308762551607965930e-08
2.680000000000000000e+02 2.320703707101616130e-08
2.690000000000000000e+02 2.292851957622872387e-08
2.700000000000000000e+02 2.347200536681738676e-08
2.710000000000000000e+02 2.285911784883953683e-08
2.720000000000000000e+02 2.267106247894635426e-08
2.730000000000000000e+02 2.485307331920929390e-08
2.740000000000000000e+02 2.400713224148753177e-08
2.750000000000000000e+02 2.291861788640091308e-08
2.760000000000000000e+02 2.466440584709762129e-08
2.770000000000000000e+02 2.632103851462941567e-08
2.780000000000000000e+02 2.584687303772802437e-08
2.790000000000000000e+02 2.349062599588740848e-08
2.800000000000000000e+02 2.303645097834784282e-08
2.810000000000000000e+02 2.270125299615881196e-08
2.820000000000000000e+02 2.239410546199779148e-08
2.830000000000000000e+02 2.279931860351603726e-08
2.840000000000000000e+02 2.276532171948550724e-08
2.850000000000000000e+02 2.327773258942934896e-08
2.860000000000000000e+02 2.388453574349872621e-08
2.870000000000000000e+02 2.469890557155304171e-08
2.880000000000000000e+02 2.286113510938862941e-08
2.890000000000000000e+02 2.319510258942846950e-08
2.900000000000000000e+02 2.371725391798199969e-08
2.910000000000000000e+02 2.338502704359702332e-08
2.920000000000000000e+02 2.331659500659789652e-08
2.930000000000000000e+02 2.348934023002575165e-08
2.940000000000000000e+02 2.342998457827588834e-08
2.950000000000000000e+02 2.292572347975255999e-08
2.960000000000000000e+02 2.282959414363389107e-08
2.970000000000000000e+02 2.388443735450371747e-08
2.980000000000000000e+02 2.352756908678224336e-08
2.990000000000000000e+02 2.469298107110677022e-08
3.000000000000000000e+02 2.312735208558321863e-08
3.010000000000000000e+02 2.256736863843253300e-08
3.020000000000000000e+02 2.317744729419578117e-08
3.030000000000000000e+02 2.359232946130837331e-08
3.040000000000000000e+02 2.312789042915299983e-08
3.050000000000000000e+02 2.525945432612886435e-08
3.060000000000000000e+02 2.408227688734906077e-08
3.070000000000000000e+02 2.375539967172821404e-08
3.080000000000000000e+02 2.356710895781139345e-08
3.090000000000000000e+02 2.290287589322233202e-08
3.100000000000000000e+02 2.267325835494196020e-08
3.110000000000000000e+02 2.268532702880529692e-08
3.120000000000000000e+02 2.416588111287408647e-08
3.130000000000000000e+02 2.303169917254308698e-08
3.140000000000000000e+02 2.256739136610013858e-08
3.150000000000000000e+02 2.244479395701161612e-08
3.160000000000000000e+02 2.280682701731469823e-08
3.170000000000000000e+02 2.305014842156315490e-08
3.180000000000000000e+02 2.324493750538144412e-08
3.190000000000000000e+02 2.233461106668772407e-08
3.200000000000000000e+02 2.273671894035994048e-08
3.210000000000000000e+02 2.277633604491884491e-08
3.220000000000000000e+02 2.278108529747745618e-08
3.230000000000000000e+02 2.251294399651500520e-08
3.240000000000000000e+02 2.254858969910447328e-08
3.250000000000000000e+02 2.275012593813922744e-08
3.260000000000000000e+02 2.254188065054712716e-08
3.270000000000000000e+02 2.261630230262123369e-08
3.280000000000000000e+02 2.305751256206245694e-08
3.290000000000000000e+02 2.308488384206506958e-08
3.300000000000000000e+02 2.260468672466276449e-08
3.310000000000000000e+02 2.221906317162000784e-08
3.320000000000000000e+02 2.269973415460215688e-08
3.330000000000000000e+02 2.216059335849759760e-08
3.340000000000000000e+02 2.321966626723245100e-08
3.350000000000000000e+02 2.418876783171887372e-08
3.360000000000000000e+02 2.311546386718831879e-08
3.370000000000000000e+02 2.266452937471890905e-08
3.380000000000000000e+02 2.352480407052814304e-08
3.390000000000000000e+02 2.265387349517656420e-08
3.400000000000000000e+02 2.358768421826430784e-08
3.410000000000000000e+02 2.285636884891244835e-08
3.420000000000000000e+02 2.231766568962417665e-08
3.430000000000000000e+02 2.275053473860335645e-08
3.440000000000000000e+02 2.226952007396631774e-08
3.450000000000000000e+02 2.239931015846162723e-08
3.460000000000000000e+02 2.234357071534707753e-08
3.470000000000000000e+02 2.293457270886060090e-08
3.480000000000000000e+02 2.349953857778722980e-08
3.490000000000000000e+02 2.218283170437797429e-08
3.500000000000000000e+02 2.260957929928514244e-08
3.510000000000000000e+02 2.233925826595996965e-08
3.520000000000000000e+02 2.395255569943498780e-08
3.530000000000000000e+02 2.446267009496207084e-08
3.540000000000000000e+02 2.238398036163621767e-08
3.550000000000000000e+02 2.224076363863195298e-08
3.560000000000000000e+02 2.279368268082693801e-08
3.570000000000000000e+02 2.228879235442219466e-08
3.580000000000000000e+02 2.378884034533158125e-08
3.590000000000000000e+02 2.419772392541820046e-08
3.600000000000000000e+02 2.307424673536443577e-08
3.610000000000000000e+02 2.246888170267694960e-08
3.620000000000000000e+02 2.243260440477686156e-08
3.630000000000000000e+02 2.201484612816393931e-08
3.640000000000000000e+02 2.209884684057164967e-08
3.650000000000000000e+02 2.355876083810720753e-08
3.660000000000000000e+02 2.294287481532270574e-08
3.670000000000000000e+02 2.313826538248757432e-08
3.680000000000000000e+02 2.270037676939012762e-08
3.690000000000000000e+02 2.222746777076325626e-08
3.700000000000000000e+02 2.224419254743607911e-08
3.710000000000000000e+02 2.240426142025085105e-08
3.720000000000000000e+02 2.321389266642382820e-08
3.730000000000000000e+02 2.368371347660123614e-08
3.740000000000000000e+02 2.234571641653405928e-08
3.750000000000000000e+02 2.216697028606810601e-08
3.760000000000000000e+02 2.228326192572107943e-08
3.770000000000000000e+02 2.219522371622061615e-08
3.780000000000000000e+02 2.228792351390611831e-08
3.790000000000000000e+02 2.235485509006391555e-08
3.800000000000000000e+02 2.227609558349022055e-08
3.810000000000000000e+02 2.248201240732153084e-08
3.820000000000000000e+02 2.217477761223758820e-08
3.830000000000000000e+02 2.269634005438964592e-08
3.840000000000000000e+02 2.258646630437077534e-08
3.850000000000000000e+02 2.243476793581074564e-08
3.860000000000000000e+02 2.212966515720442080e-08
3.870000000000000000e+02 2.210655537558909734e-08
3.880000000000000000e+02 2.201129960779511244e-08
3.890000000000000000e+02 2.207592274535493714e-08
3.900000000000000000e+02 2.214532380226080514e-08
3.910000000000000000e+02 2.241061078869592145e-08
3.920000000000000000e+02 2.287753278916480557e-08
3.930000000000000000e+02 2.276558925562112812e-08
3.940000000000000000e+02 2.232424885626755677e-08
3.950000000000000000e+02 2.250024243593178033e-08
3.960000000000000000e+02 2.218845436453944459e-08
3.970000000000000000e+02 2.302159411124776764e-08
3.980000000000000000e+02 2.276600557429081824e-08
3.990000000000000000e+02 2.229123921351945420e-08
4.000000000000000000e+02 2.237455324814857544e-08
4.010000000000000000e+02 2.232644792957485982e-08
4.020000000000000000e+02 2.225891571662910196e-08
4.030000000000000000e+02 2.232961161654900617e-08
4.040000000000000000e+02 2.209905695705326884e-08
4.050000000000000000e+02 2.249481348190091005e-08
4.060000000000000000e+02 2.218474136016814339e-08
4.070000000000000000e+02 2.213912914738691119e-08
4.080000000000000000e+02 2.248582797016348454e-08
4.090000000000000000e+02 2.225768866514633946e-08
4.100000000000000000e+02 2.214194378271018411e-08
4.110000000000000000e+02 2.233539231721385897e-08
4.120000000000000000e+02 2.248972375895110538e-08
4.130000000000000000e+02 2.215910355377179389e-08
4.140000000000000000e+02 2.267322484290285021e-08
4.150000000000000000e+02 2.224329490012619377e-08
4.160000000000000000e+02 2.205371779063723151e-08
4.170000000000000000e+02 2.236110134545456898e-08
4.180000000000000000e+02 2.258805682567689894e-08
4.190000000000000000e+02 2.197626674793567074e-08
4.200000000000000000e+02 2.263415770630338265e-08
4.210000000000000000e+02 2.309423301099532446e-08
4.220000000000000000e+02 2.247013321815090837e-08
4.230000000000000000e+02 2.264767760056500258e-08
4.240000000000000000e+02 2.216300800336585473e-08
4.250000000000000000e+02 2.229299411768996177e-08
4.260000000000000000e+02 2.234419654744138847e-08
4.270000000000000000e+02 2.218195376317705401e-08
4.280000000000000000e+02 2.233883352220226607e-08
4.290000000000000000e+02 2.220290039560644842e-08
4.300000000000000000e+02 2.202593222086729827e-08
4.310000000000000000e+02 2.227186526888973808e-08
4.320000000000000000e+02 2.200952269651547679e-08
4.330000000000000000e+02 2.190941036669139845e-08
4.340000000000000000e+02 2.222234704734076423e-08
4.350000000000000000e+02 2.201090797219519869e-08
4.360000000000000000e+02 2.219789225541396747e-08
4.370000000000000000e+02 2.207627201410058325e-08
4.380000000000000000e+02 2.197090875529671394e-08
4.390000000000000000e+02 2.212906774701605190e-08
4.400000000000000000e+02 2.199596234207882677e-08
4.410000000000000000e+02 2.204842992611565335e-08
4.420000000000000000e+02 2.189348237574250285e-08
4.430000000000000000e+02 2.212328429072703925e-08
4.440000000000000000e+02 2.199364421660561839e-08
4.450000000000000000e+02 2.204534687344823317e-08
4.460000000000000000e+02 2.207894095792188449e-08
4.470000000000000000e+02 2.205362676533361852e-08
4.480000000000000000e+02 2.355060930304901399e-08
4.490000000000000000e+02 2.207610515975312601e-08
4.500000000000000000e+02 2.201399018620530875e-08
4.510000000000000000e+02 2.195066963274782209e-08
4.520000000000000000e+02 2.209749547513746548e-08
4.530000000000000000e+02 2.202725325652262830e-08
4.540000000000000000e+02 2.198407314812703761e-08
4.550000000000000000e+02 2.190278469277627159e-08
4.560000000000000000e+02 2.211310409700496361e-08
4.570000000000000000e+02 2.198879294105104917e-08
4.580000000000000000e+02 2.200290919823050125e-08
4.590000000000000000e+02 2.188964225977462662e-08
4.600000000000000000e+02 2.192555429617433182e-08
4.610000000000000000e+02 2.191552225919544915e-08
4.620000000000000000e+02 2.199739607794190605e-08
4.630000000000000000e+02 2.230998494671932916e-08
4.640000000000000000e+02 2.192788075090394008e-08
4.650000000000000000e+02 2.197807744123972953e-08
4.660000000000000000e+02 2.221775659868083486e-08
4.670000000000000000e+02 2.201785171761874495e-08
4.680000000000000000e+02 2.188255327664168643e-08
4.690000000000000000e+02 2.194632909092170350e-08
4.700000000000000000e+02 2.207356703181762529e-08
4.710000000000000000e+02 2.217861457440227640e-08
4.720000000000000000e+02 2.208020505875928007e-08
4.730000000000000000e+02 2.223030974798980868e-08
4.740000000000000000e+02 2.202552453055971173e-08
4.750000000000000000e+02 2.191583448960916992e-08
4.760000000000000000e+02 2.209604886297906069e-08
4.770000000000000000e+02 2.192929414528976326e-08
4.780000000000000000e+02 2.191529784423687503e-08
4.790000000000000000e+02 2.207577788745732699e-08
4.800000000000000000e+02 2.193778062215389247e-08
4.810000000000000000e+02 2.193119689673925853e-08
4.820000000000000000e+02 2.202727057609717645e-08
4.830000000000000000e+02 2.207242642220058894e-08
4.840000000000000000e+02 2.193488363228593480e-08
4.850000000000000000e+02 2.208893826816420578e-08
4.860000000000000000e+02 2.188562998298821287e-08
4.870000000000000000e+02 2.195453528581211491e-08
4.880000000000000000e+02 2.187016743882717012e-08
4.890000000000000000e+02 2.209910441952024989e-08
4.900000000000000000e+02 2.212732281602981782e-08
4.910000000000000000e+02 2.195285114779308822e-08
4.920000000000000000e+02 2.201447245337078119e-08
4.930000000000000000e+02 2.199181412580770221e-08
4.940000000000000000e+02 2.201567677363970564e-08
4.950000000000000000e+02 2.202698319003006875e-08
4.960000000000000000e+02 2.206293312549188398e-08
4.970000000000000000e+02 2.194881450527715651e-08
4.980000000000000000e+02 2.210351295772500998e-08
4.990000000000000000e+02 2.202568990902704874e-08
5.000000000000000000e+02 2.188992133738039366e-08
5.010000000000000000e+02 2.200313333257626812e-08
5.020000000000000000e+02 2.200886848788105445e-08
5.030000000000000000e+02 2.193665381719715308e-08
5.040000000000000000e+02 2.196374462738129821e-08
5.050000000000000000e+02 2.186484196823037181e-08
5.060000000000000000e+02 2.182064103071057779e-08
5.070000000000000000e+02 2.181569992798807315e-08
