0, tensor([0.0147]), 8.940696716308594e-08, 207
1, tensor([0.0109]), 1.043081283569336e-07, 75
2, tensor([0.0090]), 1.1734664440155029e-07, 141
3, tensor([0.0074]), 1.0244548320770264e-07, 206
4, tensor([0.0070]), 9.872019290924072e-08, 73
5, tensor([0.0041]), 1.3085082173347473e-07, 143
6, tensor([0.0059]), 8.009374141693115e-08, 141
7, tensor([0.0062]), 7.82310962677002e-08, 206
8, tensor([0.0083]), 1.0617077350616455e-07, 140
9, tensor([0.0132]), 7.706694304943085e-08, 139
10, tensor([0.0058]), 6.332993507385254e-08, 76
11, tensor([0.0032]), 1.043081283569336e-07, 206
12, tensor([0.0055]), 8.475035429000854e-08, 140
13, tensor([0.0011]), 1.0058283805847168e-07, 74
14, tensor([0.0136]), 9.546056389808655e-08, 206
15, tensor([0.0053]), 9.033828973770142e-08, 208
16, tensor([0.0019]), 9.12696123123169e-08, 138
17, tensor([0.0049]), 9.872019290924072e-08, 140
18, tensor([0.0120]), 1.0803341865539551e-07, 139
19, tensor([0.0137]), 9.313225746154785e-08, 139
20, tensor([0.0071]), 7.543712854385376e-08, 75
21, tensor([0.0155]), 6.51925802230835e-08, 145
22, tensor([0.0072]), 9.313225746154785e-08, 139
23, tensor([0.0052]), 1.4901161193847656e-07, 204
24, tensor([0.0172]), 7.82310962677002e-08, 205
25, tensor([0.0063]), 1.0617077350616455e-07, 140
26, tensor([0.0030]), 1.0058283805847168e-07, 72
27, tensor([0.0037]), 9.499490261077881e-08, 142
28, tensor([0.0124]), 6.705522537231445e-08, 274
29, tensor([0.0041]), 1.6205012798309326e-07, 72
30, tensor([0.0072]), 1.0989606380462646e-07, 138
31, tensor([0.0030]), 8.475035429000854e-08, 204
32, tensor([0.0053]), 1.0081566870212555e-07, 139
33, tensor([0.0065]), 9.313225746154785e-08, 207
34, tensor([0.0091]), 1.1362135410308838e-07, 140
35, tensor([0.0140]), 1.0058283805847168e-07, 205
36, tensor([0.0084]), 1.1548399925231934e-07, 141
37, tensor([0.0045]), 7.82310962677002e-08, 139
38, tensor([0.0033]), 7.078051567077637e-08, 207
39, tensor([0.0036]), 8.940696716308594e-08, 142
40, tensor([0.0075]), 9.313225746154785e-08, 138
41, tensor([0.0070]), 9.685754776000977e-08, 140
42, tensor([0.0132]), 6.332993507385254e-08, 205
43, tensor([0.0072]), 8.42846930027008e-08, 139
44, tensor([0.0105]), 8.009374141693115e-08, 139
45, tensor([0.0132]), 1.2293457984924316e-07, 205
46, tensor([0.0062]), 6.332993507385254e-08, 144
47, tensor([0.0040]), 9.12696123123169e-08, 75
48, tensor([0.0038]), 7.078051567077637e-08, 143
49, tensor([0.0083]), 1.1082738637924194e-07, 72
50, tensor([0.0046]), 1.8998980522155762e-07, 208
51, tensor([0.0053]), 9.685754776000977e-08, 142
52, tensor([0.0050]), 9.499490261077881e-08, 140
53, tensor([0.0124]), 1.0058283805847168e-07, 207
54, tensor([0.0048]), 1.601874828338623e-07, 139
55, tensor([0.0084]), 8.195638656616211e-08, 208
56, tensor([0.0087]), 1.1548399925231934e-07, 206
57, tensor([0.0072]), 9.592622518539429e-08, 139
58, tensor([0.0107]), 8.032657206058502e-08, 207
59, tensor([0.0063]), 1.1082738637924194e-07, 140
60, tensor([0.0061]), 6.146728992462158e-08, 142
61, tensor([0.0057]), 9.220093488693237e-08, 138
62, tensor([0.0058]), 8.288770914077759e-08, 142
63, tensor([0.0071]), 1.0523945093154907e-07, 140
64, tensor([0.0131]), 9.872019290924072e-08, 142
65, tensor([0.0070]), 8.940696716308594e-08, 140
66, tensor([0.0012]), 9.39471647143364e-08, 72
67, tensor([0.0143]), 7.636845111846924e-08, 140
68, tensor([0.0104]), 9.080395102500916e-08, 141
69, tensor([0.0087]), 9.778887033462524e-08, 139
70, tensor([0.0101]), 1.0803341865539551e-07, 139
71, tensor([0.0101]), 6.705522537231445e-08, 142
72, tensor([0.0021]), 9.685754776000977e-08, 207
73, tensor([0.0035]), 1.1175870895385742e-07, 139
74, tensor([0.0144]), 7.35744833946228e-08, 140
75, tensor([0.0101]), 8.940696716308594e-08, 139
76, tensor([0.0078]), 8.940696716308594e-08, 140
77, tensor([0.0082]), 8.940696716308594e-08, 140
78, tensor([0.0071]), 1.30385160446167e-07, 139
79, tensor([0.0032]), 9.12696123123169e-08, 205
80, tensor([0.0098]), 8.381903171539307e-08, 139
81, tensor([0.0142]), 8.568167686462402e-08, 142
82, tensor([0.0056]), 7.078051567077637e-08, 207
83, tensor([0.0113]), 6.658956408500671e-08, 143
84, tensor([0.0123]), 1.234002411365509e-07, 140
85, tensor([0.0081]), 8.940696716308594e-08, 140
86, tensor([0.0046]), 1.816079020500183e-07, 139
87, tensor([0.0058]), 8.940696716308594e-08, 139
88, tensor([0.0048]), 7.171183824539185e-08, 140
89, tensor([0.0098]), 9.499490261077881e-08, 139
90, tensor([0.0086]), 8.940696716308594e-08, 74
91, tensor([0.0134]), 7.505877874791622e-08, 207
92, tensor([0.0015]), 8.940696716308594e-08, 140
93, tensor([0.0089]), 9.778887033462524e-08, 74
94, tensor([0.0011]), 1.1688098311424255e-07, 139
95, tensor([0.0017]), 7.82310962677002e-08, 142
96, tensor([0.0107]), 9.12696123123169e-08, 278
97, tensor([0.0036]), 8.940696716308594e-08, 139
98, tensor([0.0121]), 8.754432201385498e-08, 74
99, tensor([0.0064]), 1.2293457984924316e-07, 207
mean err: 0.007653665728867054
19, tensor([0.0137]), 9.313225746154785e-08, 140, 1.7136335372924805e-07
19, tensor([0.0137]), 9.313225746154785e-08, 140, 1.7136335372924805e-07
19, tensor([0.0137]), 9.313225746154785e-08, 140, 1.7136335372924805e-07
19, tensor([0.0137]), 9.313225746154785e-08, 140, 1.7136335372924805e-07
19, tensor([0.0137]), 9.313225746154785e-08, 140, 1.7136335372924805e-07
0, tensor([0.0147]), 8.940696716308594e-08, 140, 1.280568540096283e-07
1, tensor([0.0109]), 1.043081283569336e-07, 204, 8.568167686462402e-08
2, tensor([0.0090]), 1.2945383787155151e-07, 210, 1.1408701539039612e-07
3, tensor([0.0074]), 1.1315569281578064e-07, 141, 1.3317912817001343e-07
4, tensor([0.0070]), 9.406358003616333e-08, 73, 1.7881393432617188e-07
5, tensor([0.0041]), 1.1827796697616577e-07, 142, 1.3783574104309082e-07
6, tensor([0.0059]), 1.19674950838089e-07, 140, 9.499490261077881e-08
7, tensor([0.0062]), 7.82310962677002e-08, 206, 1.6763806343078613e-07
8, tensor([0.0083]), 8.335337042808533e-08, 140, 1.2246891856193542e-07
9, tensor([0.0132]), 8.568167686462402e-08, 74, 1.2200325727462769e-07
0, tensor([0.0147]), 8.940696716308594e-08, 140, 1.280568540096283e-07
1, tensor([0.0109]), 1.043081283569336e-07, 204, 8.568167686462402e-08
2, tensor([0.0090]), 1.2945383787155151e-07, 210, 1.1408701539039612e-07
3, tensor([0.0074]), 1.1315569281578064e-07, 141, 1.3317912817001343e-07
4, tensor([0.0070]), 9.406358003616333e-08, 73, 1.7881393432617188e-07
5, tensor([0.0041]), 1.1827796697616577e-07, 142, 1.3783574104309082e-07
6, tensor([0.0059]), 1.19674950838089e-07, 140, 9.499490261077881e-08
7, tensor([0.0062]), 7.82310962677002e-08, 206, 1.6763806343078613e-07
8, tensor([0.0083]), 8.335337042808533e-08, 140, 1.2246891856193542e-07
9, tensor([0.0132]), 8.568167686462402e-08, 74, 1.2200325727462769e-07
10, tensor([0.0058]), 8.195638656616211e-08, 140, 1.1734664440155029e-07
11, tensor([0.0032]), 8.568167686462402e-08, 140, 8.195638656616211e-08
12, tensor([0.0055]), 9.313225746154785e-08, 138, 9.12696123123169e-08
13, tensor([0.0011]), 1.498265191912651e-07, 137, 1.2759119272232056e-07
14, tensor([0.0136]), 6.891787052154541e-08, 143, 2.0675361156463623e-07
15, tensor([0.0053]), 8.568167686462402e-08, 140, 1.0104849934577942e-07
16, tensor([0.0019]), 1.1548399925231934e-07, 139, 8.754432201385498e-08
17, tensor([0.0049]), 1.3783574104309082e-07, 74, 1.5273690223693848e-07
18, tensor([0.0120]), 9.872019290924072e-08, 138, 7.450580596923828e-08
19, tensor([0.0137]), 9.313225746154785e-08, 140, 1.7136335372924805e-07
20, tensor([0.0071]), 8.568167686462402e-08, 139, 9.685754776000977e-08
21, tensor([0.0155]), 9.709037840366364e-08, 139, 9.033828973770142e-08
22, tensor([0.0072]), 8.940696716308594e-08, 76, 8.568167686462402e-08
23, tensor([0.0052]), 9.709037840366364e-08, 140, 1.1315569281578064e-07
24, tensor([0.0172]), 1.2246891856193542e-07, 141, 8.475035429000854e-08
25, tensor([0.0063]), 1.0617077350616455e-07, 74, 8.940696716308594e-08
26, tensor([0.0030]), 1.0058283805847168e-07, 139, 1.3783574104309082e-07
27, tensor([0.0037]), 8.672941476106644e-08, 205, 1.3224780559539795e-07
28, tensor([0.0124]), 6.705522537231445e-08, 139, 6.845220923423767e-08
29, tensor([0.0041]), 1.3224780559539795e-07, 138, 1.4528632164001465e-07
30, tensor([0.0072]), 5.960464477539063e-08, 140, 9.220093488693237e-08
31, tensor([0.0030]), 1.0896474123001099e-07, 74, 7.82310962677002e-08
32, tensor([0.0053]), 9.313225746154785e-08, 206, 1.0058283805847168e-07
33, tensor([0.0065]), 8.568167686462402e-08, 141, 9.487848728895187e-08
34, tensor([0.0091]), 6.426125764846802e-08, 207, 6.612390279769897e-08
35, tensor([0.0140]), 8.940696716308594e-08, 74, 1.601874828338623e-07
36, tensor([0.0084]), 1.0058283805847168e-07, 141, 7.264316082000732e-08
37, tensor([0.0045]), 7.450580596923828e-08, 140, 6.705522537231445e-08
38, tensor([0.0033]), 6.51925802230835e-08, 273, 1.043081283569336e-07
39, tensor([0.0036]), 1.1920928955078125e-07, 76, 9.685754776000977e-08
40, tensor([0.0075]), 8.568167686462402e-08, 72, 8.568167686462402e-08
41, tensor([0.0070]), 1.0710209608078003e-07, 209, 8.12578946352005e-08
42, tensor([0.0132]), 9.173527359962463e-08, 208, 7.82310962677002e-08
43, tensor([0.0072]), 8.754432201385498e-08, 140, 1.564621925354004e-07
44, tensor([0.0105]), 1.1920928955078125e-07, 138, 8.568167686462402e-08
45, tensor([0.0132]), 1.1920928955078125e-07, 138, 1.3783574104309082e-07
46, tensor([0.0062]), 7.450580596923828e-08, 140, 1.3737007975578308e-07
47, tensor([0.0040]), 8.568167686462402e-08, 137, 1.6391277313232422e-07
48, tensor([0.0038]), 9.313225746154785e-08, 78, 7.078051567077637e-08
49, tensor([0.0083]), 9.12696123123169e-08, 74, 8.754432201385498e-08
50, tensor([0.0046]), 1.210719347000122e-07, 141, 1.210719347000122e-07
51, tensor([0.0053]), 6.379559636116028e-08, 78, 1.0058283805847168e-07
52, tensor([0.0050]), 7.217749953269958e-08, 139, 8.568167686462402e-08
53, tensor([0.0124]), 1.0058283805847168e-07, 139, 8.195638656616211e-08
54, tensor([0.0048]), 8.975621312856674e-08, 75, 8.009374141693115e-08
55, tensor([0.0084]), 8.195638656616211e-08, 205, 9.685754776000977e-08
56, tensor([0.0087]), 1.1548399925231934e-07, 206, 1.1548399925231934e-07
57, tensor([0.0072]), 8.731149137020111e-08, 140, 1.0104849934577942e-07
58, tensor([0.0107]), 9.313225746154785e-08, 140, 1.6763806343078613e-07
59, tensor([0.0063]), 1.3515818864107132e-07, 139, 1.1175870895385742e-07
60, tensor([0.0061]), 6.332993507385254e-08, 140, 8.329516276717186e-08
61, tensor([0.0057]), 8.940696716308594e-08, 138, 1.1175870895385742e-07
62, tensor([0.0058]), 1.0989606380462646e-07, 142, 8.940696716308594e-08
63, tensor([0.0071]), 1.210719347000122e-07, 74, 7.82310962677002e-08
64, tensor([0.0131]), 1.1920928955078125e-07, 207, 1.30385160446167e-07
65, tensor([0.0070]), 1.471489667892456e-07, 136, 1.3248063623905182e-07
66, tensor([0.0012]), 1.4156103134155273e-07, 136, 8.009374141693115e-08
67, tensor([0.0143]), 9.499490261077881e-08, 205, 9.033828973770142e-08
68, tensor([0.0104]), 9.685754776000977e-08, 207, 1.2479722499847412e-07
69, tensor([0.0087]), 9.778887033462524e-08, 138, 1.2479722499847412e-07
70, tensor([0.0101]), 8.754432201385498e-08, 74, 1.2665987014770508e-07
71, tensor([0.0101]), 1.210719347000122e-07, 206, 9.685754776000977e-08
72, tensor([0.0021]), 1.0989606380462646e-07, 140, 7.497146725654602e-08
73, tensor([0.0035]), 1.1175870895385742e-07, 74, 1.4621764421463013e-07
74, tensor([0.0144]), 8.335337042808533e-08, 205, 9.872019290924072e-08
75, tensor([0.0101]), 9.499490261077881e-08, 139, 8.381903171539307e-08
76, tensor([0.0078]), 7.450580596923828e-08, 77, 1.210719347000122e-07
77, tensor([0.0082]), 5.587935447692871e-08, 140, 5.587935447692871e-08
78, tensor([0.0071]), 1.0989606380462646e-07, 203, 8.195638656616211e-08
79, tensor([0.0032]), 1.0803341865539551e-07, 137, 8.195638656616211e-08
80, tensor([0.0098]), 7.310882210731506e-08, 140, 1.0803341865539551e-07
81, tensor([0.0142]), 1.0803341865539551e-07, 74, 7.450580596923828e-08
82, tensor([0.0056]), 6.332993507385254e-08, 142, 1.1362135410308838e-07
83, tensor([0.0113]), 1.0523945093154907e-07, 205, 1.0896474123001099e-07
84, tensor([0.0123]), 1.234002411365509e-07, 207, 1.6763806343078613e-07
85, tensor([0.0081]), 7.82310962677002e-08, 207, 1.0058283805847168e-07
86, tensor([0.0046]), 1.816079020500183e-07, 207, 1.0337680578231812e-07
87, tensor([0.0058]), 1.1548399925231934e-07, 140, 1.4621764421463013e-07
88, tensor([0.0048]), 7.171183824539185e-08, 75, 1.0605435818433762e-07
89, tensor([0.0098]), 9.499490261077881e-08, 139, 1.4901161193847656e-07
90, tensor([0.0086]), 9.96515154838562e-08, 139, 8.940696716308594e-08
91, tensor([0.0134]), 1.4528632164001465e-07, 138, 1.1920928955078125e-07
92, tensor([0.0015]), 8.940696716308594e-08, 139, 1.5832483768463135e-07
93, tensor([0.0089]), 8.940696716308594e-08, 75, 1.3317912817001343e-07
94, tensor([0.0011]), 9.546056389808655e-08, 139, 9.592622518539429e-08
95, tensor([0.0017]), 1.4901161193847656e-07, 139, 8.568167686462402e-08
96, tensor([0.0107]), 7.194466888904572e-08, 142, 1.180451363325119e-07
97, tensor([0.0036]), 8.940696716308594e-08, 142, 9.12696123123169e-08
98, tensor([0.0121]), 1.1920928955078125e-07, 137, 1.1874362826347351e-07
99, tensor([0.0064]), 1.0989606380462646e-07, 137, 1.1920928955078125e-07
mean err: 0.0076536750420928
