0.000000000000000000e+00 5.712321021940025908e-05
1.000000000000000000e+00 3.933975229360614387e-05
2.000000000000000000e+00 3.961913587868877478e-05
3.000000000000000000e+00 3.967870449993968353e-05
4.000000000000000000e+00 3.893123118636476743e-05
5.000000000000000000e+00 3.950745660097026274e-05
6.000000000000000000e+00 3.896473048376676595e-05
7.000000000000000000e+00 3.909728271942321210e-05
8.000000000000000000e+00 3.903396484267425886e-05
9.000000000000000000e+00 3.898362619858451809e-05
1.000000000000000000e+01 3.906616784499531651e-05
1.100000000000000000e+01 3.906536265436831346e-05
1.200000000000000000e+01 4.082952857596294533e-05
1.300000000000000000e+01 3.889602319352030747e-05
1.400000000000000000e+01 3.949098988390037655e-05
1.500000000000000000e+01 3.921234335115302076e-05
1.600000000000000000e+01 3.943417082275797291e-05
1.700000000000000000e+01 3.892541606734597906e-05
1.800000000000000000e+01 3.908341878939815072e-05
1.900000000000000000e+01 3.951094967294059405e-05
2.000000000000000000e+01 3.889462316677217622e-05
2.100000000000000000e+01 3.906870171561503018e-05
2.200000000000000000e+01 3.963115511072758703e-05
2.300000000000000000e+01 3.902675303210618269e-05
2.400000000000000000e+01 3.876455006801062133e-05
2.500000000000000000e+01 3.867373030530922177e-05
2.600000000000000000e+01 3.873491268180356541e-05
2.700000000000000000e+01 3.901099997223579451e-05
2.800000000000000000e+01 3.835338080543029018e-05
2.900000000000000000e+01 3.829374891770863804e-05
3.000000000000000000e+01 3.777405908127088268e-05
3.100000000000000000e+01 3.704718854003815492e-05
3.200000000000000000e+01 3.568814274694283447e-05
3.300000000000000000e+01 3.500269224153446806e-05
3.400000000000000000e+01 3.370855610826310695e-05
3.500000000000000000e+01 3.307368724034418178e-05
3.600000000000000000e+01 3.280886614554602088e-05
3.700000000000000000e+01 3.227958338340901828e-05
3.800000000000000000e+01 3.140061683850168829e-05
3.900000000000000000e+01 3.207967042318244630e-05
4.000000000000000000e+01 3.133113106222754692e-05
4.100000000000000000e+01 3.086558935875198344e-05
4.200000000000000000e+01 3.119242429502815735e-05
4.300000000000000000e+01 3.161982575036911375e-05
4.400000000000000000e+01 3.069967853110237019e-05
4.500000000000000000e+01 3.064282973911647414e-05
4.600000000000000000e+01 3.092411563836021968e-05
4.700000000000000000e+01 3.043041432598903658e-05
4.800000000000000000e+01 3.063526399739484118e-05
4.900000000000000000e+01 3.031199411784757611e-05
5.000000000000000000e+01 3.031840136172428546e-05
5.100000000000000000e+01 2.996169800241025189e-05
5.200000000000000000e+01 3.013302366197220697e-05
5.300000000000000000e+01 3.011413248919629038e-05
5.400000000000000000e+01 2.994016762662495717e-05
5.500000000000000000e+01 2.990740987083463298e-05
5.600000000000000000e+01 2.992235917236477191e-05
5.700000000000000000e+01 2.995151655088663044e-05
5.800000000000000000e+01 2.998890834491316665e-05
5.900000000000000000e+01 2.948338574866476674e-05
6.000000000000000000e+01 2.995112209918707576e-05
6.100000000000000000e+01 2.973583608077789937e-05
6.200000000000000000e+01 3.017819262998032757e-05
6.300000000000000000e+01 2.990625577080572033e-05
6.400000000000000000e+01 2.981468539833218847e-05
6.500000000000000000e+01 2.975516986511487588e-05
6.600000000000000000e+01 2.960764332574975080e-05
6.700000000000000000e+01 2.958158618350213235e-05
6.800000000000000000e+01 2.988456029414054510e-05
6.900000000000000000e+01 2.964137566752489574e-05
7.000000000000000000e+01 2.980238069511200429e-05
7.100000000000000000e+01 2.973714034205136861e-05
7.200000000000000000e+01 2.953431649908858705e-05
7.300000000000000000e+01 2.957649045352314074e-05
7.400000000000000000e+01 2.963026070444677224e-05
7.500000000000000000e+01 2.965375057054182728e-05
7.600000000000000000e+01 2.951483608358669442e-05
7.700000000000000000e+01 2.964415316603083921e-05
7.800000000000000000e+01 2.986358014325463876e-05
7.900000000000000000e+01 2.972205890541754225e-05
8.000000000000000000e+01 2.961772562632589655e-05
8.100000000000000000e+01 2.948050743384265148e-05
8.200000000000000000e+01 2.952766056751294113e-05
8.300000000000000000e+01 2.979416200705940247e-05
8.400000000000000000e+01 2.957114344752224434e-05
8.500000000000000000e+01 2.970177124412980128e-05
8.600000000000000000e+01 2.949647965534872091e-05
8.700000000000000000e+01 2.949756522753049974e-05
8.800000000000000000e+01 2.946929936204837328e-05
8.900000000000000000e+01 2.947465763675597447e-05
9.000000000000000000e+01 2.975550115963229955e-05
9.100000000000000000e+01 2.944313244686931115e-05
9.200000000000000000e+01 2.953469740010283509e-05
9.300000000000000000e+01 2.966003937682834348e-05
9.400000000000000000e+01 2.961556852507562300e-05
9.500000000000000000e+01 2.943176578583494481e-05
9.600000000000000000e+01 2.955985476910723292e-05
9.700000000000000000e+01 2.983685345148413308e-05
9.800000000000000000e+01 2.982655631676093327e-05
9.900000000000000000e+01 2.953367904854137862e-05
1.000000000000000000e+02 2.946210314905794959e-05
1.010000000000000000e+02 2.956929627132219744e-05
1.020000000000000000e+02 2.936002162063161233e-05
1.030000000000000000e+02 2.950795664914418955e-05
1.040000000000000000e+02 2.945189794914606924e-05
1.050000000000000000e+02 2.942780528524539235e-05
1.060000000000000000e+02 2.934440005916195789e-05
1.070000000000000000e+02 2.950122869861861383e-05
1.080000000000000000e+02 2.939911831629735624e-05
1.090000000000000000e+02 2.940889084924545651e-05
1.100000000000000000e+02 2.935049644846573626e-05
1.110000000000000000e+02 2.929236265351509096e-05
1.120000000000000000e+02 2.945174295640552378e-05
1.130000000000000000e+02 2.937943715698331968e-05
1.140000000000000000e+02 2.929569854704223864e-05
1.150000000000000000e+02 2.933177174641028148e-05
1.160000000000000000e+02 2.936932761693156554e-05
1.170000000000000000e+02 2.929214119529831899e-05
1.180000000000000000e+02 2.932139870462290181e-05
1.190000000000000000e+02 2.929297635184250728e-05
1.200000000000000000e+02 2.924278427589613419e-05
1.210000000000000000e+02 2.934871773227222649e-05
1.220000000000000000e+02 2.934574678503445040e-05
1.230000000000000000e+02 2.950908591390646006e-05
1.240000000000000000e+02 2.921606258498180299e-05
1.250000000000000000e+02 2.938765468699591510e-05
1.260000000000000000e+02 2.925645497805977693e-05
1.270000000000000000e+02 2.918246807246058509e-05
1.280000000000000000e+02 2.919144363873998392e-05
1.290000000000000000e+02 2.933702137922614194e-05
1.300000000000000000e+02 2.938148685006322612e-05
1.310000000000000000e+02 2.922139258978746491e-05
1.320000000000000000e+02 2.921816316140445202e-05
1.330000000000000000e+02 2.921301315303104231e-05
1.340000000000000000e+02 2.922127052864367631e-05
1.350000000000000000e+02 2.910505326262259748e-05
1.360000000000000000e+02 2.941949754948280585e-05
1.370000000000000000e+02 2.924076895254667811e-05
1.380000000000000000e+02 2.922178582033124422e-05
1.390000000000000000e+02 2.919371410029765883e-05
1.400000000000000000e+02 2.912075702364982037e-05
1.410000000000000000e+02 2.917222433186216629e-05
1.420000000000000000e+02 2.922667096365135633e-05
1.430000000000000000e+02 2.920461275850112903e-05
1.440000000000000000e+02 2.919700977643419759e-05
1.450000000000000000e+02 2.919785645723214243e-05
1.460000000000000000e+02 2.913144977635266007e-05
1.470000000000000000e+02 2.914727114212372456e-05
1.480000000000000000e+02 2.905419612321412826e-05
1.490000000000000000e+02 2.911727747084718085e-05
1.500000000000000000e+02 2.908859353592942003e-05
1.510000000000000000e+02 2.915795970682174935e-05
1.520000000000000000e+02 2.903591950925175222e-05
1.530000000000000000e+02 2.902194914376473521e-05
1.540000000000000000e+02 2.910454581721902265e-05
1.550000000000000000e+02 2.912648815133722546e-05
1.560000000000000000e+02 2.911277390246054002e-05
1.570000000000000000e+02 2.906117712106775673e-05
1.580000000000000000e+02 2.912706365759585122e-05
1.590000000000000000e+02 2.907414963138090750e-05
1.600000000000000000e+02 2.906837943625061816e-05
1.610000000000000000e+02 2.902291598323533079e-05
1.620000000000000000e+02 2.905825183473469825e-05
1.630000000000000000e+02 2.910500748374905003e-05
1.640000000000000000e+02 2.896531141257027912e-05
1.650000000000000000e+02 2.895339154356479816e-05
1.660000000000000000e+02 2.902214356412066533e-05
1.670000000000000000e+02 2.902397317768736455e-05
1.680000000000000000e+02 2.896166989375159435e-05
1.690000000000000000e+02 2.896305157533195723e-05
1.700000000000000000e+02 2.900737495001323601e-05
1.710000000000000000e+02 2.909849292735294552e-05
1.720000000000000000e+02 2.897559499927702741e-05
1.730000000000000000e+02 2.898698374931638953e-05
1.740000000000000000e+02 2.896981968740264639e-05
1.750000000000000000e+02 2.893676579069726849e-05
1.760000000000000000e+02 2.895228164285938087e-05
1.770000000000000000e+02 2.896262869493073888e-05
1.780000000000000000e+02 2.894696329113889978e-05
1.790000000000000000e+02 2.896230300870650636e-05
1.800000000000000000e+02 2.894620469252774601e-05
1.810000000000000000e+02 2.899808498670409506e-05
1.820000000000000000e+02 2.906312265972892073e-05
1.830000000000000000e+02 2.896760863896981933e-05
1.840000000000000000e+02 2.888093077615047090e-05
1.850000000000000000e+02 2.903398466206713141e-05
1.860000000000000000e+02 2.889658259854920960e-05
1.870000000000000000e+02 2.890918999409049196e-05
1.880000000000000000e+02 2.894575334283001379e-05
1.890000000000000000e+02 2.897209979368487481e-05
1.900000000000000000e+02 2.893980232395276420e-05
1.910000000000000000e+02 2.892501996264598907e-05
1.920000000000000000e+02 2.893180852424408835e-05
1.930000000000000000e+02 2.895080518126354405e-05
1.940000000000000000e+02 2.888933080399750384e-05
1.950000000000000000e+02 2.895619884325489592e-05
1.960000000000000000e+02 2.894184260177792468e-05
1.970000000000000000e+02 2.882920274161744099e-05
1.980000000000000000e+02 2.887937545745626215e-05
1.990000000000000000e+02 2.892544945822363503e-05
