0.000000000000000000e+00 1.708168888606421878e-03
1.000000000000000000e+00 7.566986567905886968e-05
2.000000000000000000e+00 7.585438929578364761e-05
3.000000000000000000e+00 7.575268049122481384e-05
4.000000000000000000e+00 7.562730843649959338e-05
5.000000000000000000e+00 7.548018069656916012e-05
6.000000000000000000e+00 7.530422352566842957e-05
7.000000000000000000e+00 7.508142821757163982e-05
8.000000000000000000e+00 7.478001053784773364e-05
9.000000000000000000e+00 7.435453132902023713e-05
1.000000000000000000e+01 7.369304155437532498e-05
1.100000000000000000e+01 7.255139066029143275e-05
1.200000000000000000e+01 7.024496803330354143e-05
1.300000000000000000e+01 6.430404532561786524e-05
1.400000000000000000e+01 4.552851019612281862e-05
1.500000000000000000e+01 1.347537539553116036e-05
1.600000000000000000e+01 3.517902129248284219e-06
1.700000000000000000e+01 8.375445921085250398e-07
1.800000000000000000e+01 4.429431705426934063e-07
1.900000000000000000e+01 3.938374923691264163e-07
2.000000000000000000e+01 3.659682496865175453e-07
2.100000000000000000e+01 3.594901041873020713e-07
2.200000000000000000e+01 3.388091814290992096e-07
2.300000000000000000e+01 3.235510393408319950e-07
2.400000000000000000e+01 3.129447812886984485e-07
2.500000000000000000e+01 3.017699882959991486e-07
2.600000000000000000e+01 2.898612457844799803e-07
2.700000000000000000e+01 2.854100528271049514e-07
2.800000000000000000e+01 2.766273822506281970e-07
2.900000000000000000e+01 2.617289979397820653e-07
3.000000000000000000e+01 2.491319159103533383e-07
3.100000000000000000e+01 2.431754053791231514e-07
3.200000000000000000e+01 2.334197776439231221e-07
3.300000000000000000e+01 2.339664453996803759e-07
3.400000000000000000e+01 2.385086838440237271e-07
3.500000000000000000e+01 2.144904619452814783e-07
3.600000000000000000e+01 2.045927755023094790e-07
3.700000000000000000e+01 2.000055555502444856e-07
3.800000000000000000e+01 1.947793187761350079e-07
3.900000000000000000e+01 1.941558974000862505e-07
4.000000000000000000e+01 1.870338364728655327e-07
4.100000000000000000e+01 1.811208542095791627e-07
4.200000000000000000e+01 1.751972026402290279e-07
4.300000000000000000e+01 1.740796680845859222e-07
4.400000000000000000e+01 1.658997020001819012e-07
4.500000000000000000e+01 1.715242898024297381e-07
4.600000000000000000e+01 1.578240587256831654e-07
4.700000000000000000e+01 1.559817362952118356e-07
4.800000000000000000e+01 1.535387851165209196e-07
4.900000000000000000e+01 1.526435267874900529e-07
5.000000000000000000e+01 1.445586786663251260e-07
5.100000000000000000e+01 1.440046902298091295e-07
5.200000000000000000e+01 1.405639250243391276e-07
5.300000000000000000e+01 1.376262260761543933e-07
5.400000000000000000e+01 1.341118081218803600e-07
5.500000000000000000e+01 1.325418528675613887e-07
5.600000000000000000e+01 1.305418679347958830e-07
5.700000000000000000e+01 1.410018564532966578e-07
5.800000000000000000e+01 1.267159125444906519e-07
5.900000000000000000e+01 1.225952466818328418e-07
6.000000000000000000e+01 1.192957114418234717e-07
6.100000000000000000e+01 1.188978911065160064e-07
6.200000000000000000e+01 1.208139302298438692e-07
6.300000000000000000e+01 1.175793705645155789e-07
6.400000000000000000e+01 1.111041112085059669e-07
6.500000000000000000e+01 1.159175669598093690e-07
6.600000000000000000e+01 1.091126193092916323e-07
6.700000000000000000e+01 1.088889908701787909e-07
6.800000000000000000e+01 1.064433751501683332e-07
6.900000000000000000e+01 1.038031644132748187e-07
7.000000000000000000e+01 1.003396420703532419e-07
7.100000000000000000e+01 1.011447531768497599e-07
7.200000000000000000e+01 9.940233918934968027e-08
7.300000000000000000e+01 9.523220149271112770e-08
7.400000000000000000e+01 9.635309490351466536e-08
7.500000000000000000e+01 9.247430893274710003e-08
7.600000000000000000e+01 9.112479407571681536e-08
7.700000000000000000e+01 8.935394783426882273e-08
7.800000000000000000e+01 8.969742404433919885e-08
7.900000000000000000e+01 9.105699238587663576e-08
8.000000000000000000e+01 8.585062360298349957e-08
8.100000000000000000e+01 8.406807443038195282e-08
8.200000000000000000e+01 8.407108916533502528e-08
8.300000000000000000e+01 9.006331128475873284e-08
8.400000000000000000e+01 8.109480418135538177e-08
8.500000000000000000e+01 8.055929212362899892e-08
8.600000000000000000e+01 7.923318455803468713e-08
8.700000000000000000e+01 7.782504256775050506e-08
8.800000000000000000e+01 7.825288306664977189e-08
8.900000000000000000e+01 7.697128238013442265e-08
9.000000000000000000e+01 7.596514968623299685e-08
9.100000000000000000e+01 7.630004833784841207e-08
9.200000000000000000e+01 7.303105131059509715e-08
9.300000000000000000e+01 7.218357252321393460e-08
9.400000000000000000e+01 7.144352572683795146e-08
9.500000000000000000e+01 7.010032499157141345e-08
9.600000000000000000e+01 6.944023947178526669e-08
9.700000000000000000e+01 7.047344463206078394e-08
9.800000000000000000e+01 6.990735095464695223e-08
9.900000000000000000e+01 6.696063557000333022e-08
1.000000000000000000e+02 6.886594866311697394e-08
1.010000000000000000e+02 7.366300067514375974e-08
1.020000000000000000e+02 6.974424501799667846e-08
1.030000000000000000e+02 6.596276140789829752e-08
1.040000000000000000e+02 6.358689618696791724e-08
1.050000000000000000e+02 6.392750019249738376e-08
1.060000000000000000e+02 6.122791568610611725e-08
1.070000000000000000e+02 6.286380039777735464e-08
1.080000000000000000e+02 6.267943903311244287e-08
1.090000000000000000e+02 6.208188588935557651e-08
1.100000000000000000e+02 5.961313663058153532e-08
1.110000000000000000e+02 5.888581015548032985e-08
1.120000000000000000e+02 5.777506589917350663e-08
1.130000000000000000e+02 5.683550867832423571e-08
1.140000000000000000e+02 5.704567748524530960e-08
1.150000000000000000e+02 5.748766273906168042e-08
1.160000000000000000e+02 5.767476057815980312e-08
1.170000000000000000e+02 5.915483288832907446e-08
1.180000000000000000e+02 5.347501978654556696e-08
1.190000000000000000e+02 5.295831370053316014e-08
1.200000000000000000e+02 5.301928362475485310e-08
1.210000000000000000e+02 5.261270611979039208e-08
1.220000000000000000e+02 5.167169481872352737e-08
1.230000000000000000e+02 5.140800299577770995e-08
1.240000000000000000e+02 5.120063325797962880e-08
1.250000000000000000e+02 5.075200467410107754e-08
1.260000000000000000e+02 5.199191212195683444e-08
1.270000000000000000e+02 5.138359325747740729e-08
1.280000000000000000e+02 5.122182826281360938e-08
1.290000000000000000e+02 5.234120026839890271e-08
1.300000000000000000e+02 4.885238077582906973e-08
1.310000000000000000e+02 4.863278898452072272e-08
1.320000000000000000e+02 4.948188789118181955e-08
1.330000000000000000e+02 4.771411627937244021e-08
