0.000000000000000000e+00 2.466215493163788244e-04
1.000000000000000000e+00 1.633350805389676872e-04
2.000000000000000000e+00 1.879476445526371425e-04
3.000000000000000000e+00 1.467833840973691386e-04
4.000000000000000000e+00 1.385059460629520212e-04
5.000000000000000000e+00 1.549411917594294542e-04
6.000000000000000000e+00 1.413141646522991964e-04
7.000000000000000000e+00 1.288830831879341540e-04
8.000000000000000000e+00 1.306852601953538829e-04
9.000000000000000000e+00 1.002181844582699830e-04
1.000000000000000000e+01 6.295698912619116200e-05
1.100000000000000000e+01 4.371917419994270521e-05
1.200000000000000000e+01 2.367847720390814294e-05
1.300000000000000000e+01 3.178627748445423426e-05
1.400000000000000000e+01 2.318529578523570981e-05
1.500000000000000000e+01 2.711883081504612767e-05
1.600000000000000000e+01 4.498113984244737722e-05
1.700000000000000000e+01 4.133889619001908941e-05
1.800000000000000000e+01 2.525411927550641887e-05
1.900000000000000000e+01 4.881806353359419696e-05
2.000000000000000000e+01 3.139650058807105169e-05
2.100000000000000000e+01 2.675587453768400387e-05
2.200000000000000000e+01 2.053303399775732214e-05
2.300000000000000000e+01 2.596472632693081782e-05
2.400000000000000000e+01 1.509706289626634689e-05
2.500000000000000000e+01 2.233775907592843929e-05
2.600000000000000000e+01 1.908883508884042895e-05
2.700000000000000000e+01 1.266268540636957796e-05
2.800000000000000000e+01 1.691273285103726408e-05
2.900000000000000000e+01 2.349136486786780454e-05
3.000000000000000000e+01 1.811310861418056071e-05
3.100000000000000000e+01 1.752897345942703905e-05
3.200000000000000000e+01 2.119997980426472522e-05
3.300000000000000000e+01 1.519069643411779314e-05
3.400000000000000000e+01 1.675544474433319673e-05
3.500000000000000000e+01 1.722626863838978644e-05
3.600000000000000000e+01 2.000259604682944937e-05
3.700000000000000000e+01 1.230457625104132275e-05
3.800000000000000000e+01 1.759373610020415938e-05
3.900000000000000000e+01 1.911409861967248048e-05
4.000000000000000000e+01 1.366454164999668841e-05
4.100000000000000000e+01 2.002088728790610351e-05
4.200000000000000000e+01 1.477392776743206531e-05
4.300000000000000000e+01 1.211012703213489859e-05
4.400000000000000000e+01 1.695892658605975398e-05
4.500000000000000000e+01 1.488588667931737025e-05
4.600000000000000000e+01 1.350404452011629713e-05
4.700000000000000000e+01 1.135587078747179989e-05
4.800000000000000000e+01 1.310081700584496932e-05
4.900000000000000000e+01 1.005464394130432061e-05
5.000000000000000000e+01 1.234680795294455200e-05
5.100000000000000000e+01 2.013030240972617569e-05
5.200000000000000000e+01 1.128444849270275449e-05
5.300000000000000000e+01 7.447813037284159057e-06
5.400000000000000000e+01 1.289328573251164961e-05
5.500000000000000000e+01 1.537163557559102011e-05
5.600000000000000000e+01 1.084939481696765010e-05
5.700000000000000000e+01 1.392207945261169043e-05
5.800000000000000000e+01 1.208876429127762050e-05
5.900000000000000000e+01 1.547105277313356151e-05
6.000000000000000000e+01 1.296001458887639491e-05
6.100000000000000000e+01 1.015906604859191799e-05
6.200000000000000000e+01 1.908310776033135894e-05
6.300000000000000000e+01 1.133595574545500434e-05
6.400000000000000000e+01 8.478435990415000731e-06
6.500000000000000000e+01 1.554701036900812749e-05
6.600000000000000000e+01 1.265272145426966406e-05
6.700000000000000000e+01 7.778861744778693801e-06
6.800000000000000000e+01 1.074553843170212344e-05
6.900000000000000000e+01 7.933260507476422066e-06
7.000000000000000000e+01 1.126224538199702270e-05
7.100000000000000000e+01 1.555413483709365975e-05
7.200000000000000000e+01 1.309962791217695825e-05
7.300000000000000000e+01 7.504892824492116128e-06
7.400000000000000000e+01 1.611947947246964807e-05
7.500000000000000000e+01 1.216902631966157355e-05
7.600000000000000000e+01 7.870064703644808713e-06
7.700000000000000000e+01 8.515389427347542389e-06
7.800000000000000000e+01 6.890508613093998782e-06
7.900000000000000000e+01 8.221983200423545540e-06
8.000000000000000000e+01 9.490942160466027036e-06
8.100000000000000000e+01 1.197117083335145029e-05
8.200000000000000000e+01 8.420110516011056846e-06
8.300000000000000000e+01 1.015930854150577421e-05
8.400000000000000000e+01 1.158496282531086297e-05
8.500000000000000000e+01 1.415418611074547090e-05
8.600000000000000000e+01 8.034360135306785612e-06
8.700000000000000000e+01 1.071324924692438516e-05
8.800000000000000000e+01 9.660769422175936516e-06
8.900000000000000000e+01 1.426509273215106612e-05
9.000000000000000000e+01 1.368558182982971445e-05
9.100000000000000000e+01 1.525773189418463827e-05
9.200000000000000000e+01 6.605768706383559509e-06
9.300000000000000000e+01 8.544443992180030296e-06
9.400000000000000000e+01 5.107124287144492274e-06
9.500000000000000000e+01 6.729422217045623648e-06
9.600000000000000000e+01 8.757902703141173920e-06
9.700000000000000000e+01 6.841545455177266088e-06
9.800000000000000000e+01 8.068294144660283614e-06
9.900000000000000000e+01 8.414236460557049908e-06
1.000000000000000000e+02 7.294221619255301813e-06
1.010000000000000000e+02 1.321068469207134765e-05
1.020000000000000000e+02 7.624167834846795555e-06
1.030000000000000000e+02 5.627270718195122696e-06
1.040000000000000000e+02 4.719233274887785249e-06
1.050000000000000000e+02 5.931523979698605391e-06
1.060000000000000000e+02 6.749393549943498477e-06
1.070000000000000000e+02 8.872693871442815361e-06
1.080000000000000000e+02 8.949551802167276417e-06
1.090000000000000000e+02 6.828488420829046899e-06
1.100000000000000000e+02 6.320132727261663387e-06
1.110000000000000000e+02 5.804680227632717562e-06
1.120000000000000000e+02 5.901176644876406264e-06
1.130000000000000000e+02 6.772497377326300884e-06
1.140000000000000000e+02 1.319227777885852078e-05
1.150000000000000000e+02 8.612621919200025901e-06
1.160000000000000000e+02 4.567177244088996177e-06
1.170000000000000000e+02 6.086510336547206464e-06
1.180000000000000000e+02 6.048697677512969231e-06
1.190000000000000000e+02 5.673676251454754969e-06
1.200000000000000000e+02 5.831178475214185113e-06
1.210000000000000000e+02 7.467579811334344245e-06
1.220000000000000000e+02 6.172017218627620008e-06
1.230000000000000000e+02 6.251031818399519993e-06
1.240000000000000000e+02 6.639666946111639249e-06
1.250000000000000000e+02 4.730754045153886129e-06
1.260000000000000000e+02 5.635905535059630242e-06
1.270000000000000000e+02 6.278756827253368850e-06
1.280000000000000000e+02 6.201234606104339618e-06
1.290000000000000000e+02 7.657101915604532695e-06
1.300000000000000000e+02 5.166527673417745120e-06
1.310000000000000000e+02 5.712523498684684100e-06
1.320000000000000000e+02 5.841553306202484843e-06
1.330000000000000000e+02 5.240873317459131416e-06
1.340000000000000000e+02 6.493710140753557902e-06
1.350000000000000000e+02 4.758433429983527302e-06
1.360000000000000000e+02 5.854558761452327917e-06
1.370000000000000000e+02 5.790044886887691402e-06
1.380000000000000000e+02 7.922793769248819668e-06
1.390000000000000000e+02 4.212948862036739568e-06
1.400000000000000000e+02 4.430600121446684834e-06
1.410000000000000000e+02 4.766554208501450427e-06
1.420000000000000000e+02 6.278751122224345429e-06
1.430000000000000000e+02 7.380185989023960843e-06
1.440000000000000000e+02 9.425580809444837315e-06
1.450000000000000000e+02 5.670850534820059731e-06
1.460000000000000000e+02 3.896659322893064882e-06
1.470000000000000000e+02 4.135641849768437108e-06
1.480000000000000000e+02 5.589165129707026685e-06
1.490000000000000000e+02 5.456494373256635736e-06
1.500000000000000000e+02 5.344602047353373624e-06
1.510000000000000000e+02 6.593497236602691245e-06
1.520000000000000000e+02 4.310830465850821046e-06
1.530000000000000000e+02 6.624670583879210867e-06
1.540000000000000000e+02 5.718420289125713637e-06
1.550000000000000000e+02 4.784815695453403384e-06
1.560000000000000000e+02 5.203169044393719916e-06
1.570000000000000000e+02 4.517538388633599565e-06
1.580000000000000000e+02 4.409737796640454944e-06
1.590000000000000000e+02 5.961605145107254007e-06
1.600000000000000000e+02 6.104922808319512187e-06
1.610000000000000000e+02 4.940362102872239077e-06
1.620000000000000000e+02 4.673463222762278846e-06
1.630000000000000000e+02 4.646107527352184613e-06
1.640000000000000000e+02 5.095097496087111362e-06
1.650000000000000000e+02 6.287418675403436095e-06
1.660000000000000000e+02 4.805650526397780116e-06
1.670000000000000000e+02 5.597387170573444503e-06
1.680000000000000000e+02 7.584166256633648137e-06
1.690000000000000000e+02 4.647941988048397193e-06
1.700000000000000000e+02 5.227829055411713276e-06
1.710000000000000000e+02 3.994358332039528777e-06
1.720000000000000000e+02 4.094019346477477321e-06
1.730000000000000000e+02 5.507756448342030640e-06
1.740000000000000000e+02 6.160076190758550116e-06
1.750000000000000000e+02 6.371234485521616157e-06
1.760000000000000000e+02 4.832983777899035747e-06
1.770000000000000000e+02 4.284404994550394512e-06
1.780000000000000000e+02 4.124057848638113562e-06
1.790000000000000000e+02 5.892659187968050875e-06
1.800000000000000000e+02 4.437051040415216084e-06
1.810000000000000000e+02 4.683902848240954948e-06
1.820000000000000000e+02 3.929511938150322225e-06
1.830000000000000000e+02 3.311707656601086575e-06
1.840000000000000000e+02 3.408164281559558605e-06
1.850000000000000000e+02 4.233770979058886462e-06
1.860000000000000000e+02 4.724559955214053852e-06
1.870000000000000000e+02 4.082465081988288553e-06
1.880000000000000000e+02 3.634370890097117785e-06
1.890000000000000000e+02 4.217386693921202926e-06
1.900000000000000000e+02 5.349028289311550122e-06
1.910000000000000000e+02 3.644304527580657602e-06
1.920000000000000000e+02 3.909873765287472027e-06
1.930000000000000000e+02 5.277900197165530228e-06
1.940000000000000000e+02 4.294927382318773827e-06
1.950000000000000000e+02 3.950596460161210906e-06
1.960000000000000000e+02 3.566807569694854290e-06
1.970000000000000000e+02 3.963420695479264195e-06
1.980000000000000000e+02 4.425859878250122677e-06
1.990000000000000000e+02 3.658150784327812930e-06
2.000000000000000000e+02 3.692647711181843127e-06
2.010000000000000000e+02 3.162846511833956319e-06
2.020000000000000000e+02 3.874297897113863044e-06
2.030000000000000000e+02 3.415197135765281369e-06
2.040000000000000000e+02 3.944227196516144021e-06
2.050000000000000000e+02 3.467964938818934487e-06
2.060000000000000000e+02 3.285141077845430715e-06
2.070000000000000000e+02 3.100878148759008611e-06
2.080000000000000000e+02 3.767555392621655806e-06
2.090000000000000000e+02 4.173024527935680277e-06
2.100000000000000000e+02 3.594683059641127845e-06
2.110000000000000000e+02 4.236897898169357289e-06
2.120000000000000000e+02 3.788249775456647143e-06
2.130000000000000000e+02 3.140961165172631800e-06
2.140000000000000000e+02 4.147366674831214936e-06
2.150000000000000000e+02 4.911075358522712558e-06
2.160000000000000000e+02 3.926718456568409993e-06
2.170000000000000000e+02 4.989057293655772268e-06
2.180000000000000000e+02 3.217544503981176153e-06
2.190000000000000000e+02 3.585568095157257612e-06
2.200000000000000000e+02 3.484679070581224646e-06
2.210000000000000000e+02 3.268216850209607442e-06
2.220000000000000000e+02 3.211371697658550333e-06
2.230000000000000000e+02 3.173190999586409405e-06
2.240000000000000000e+02 3.720991210707327268e-06
2.250000000000000000e+02 3.472120344814920097e-06
2.260000000000000000e+02 3.956709976530239592e-06
2.270000000000000000e+02 3.165863080729795914e-06
2.280000000000000000e+02 3.052341524324463432e-06
2.290000000000000000e+02 3.307177350924723730e-06
2.300000000000000000e+02 2.937428922137667544e-06
2.310000000000000000e+02 3.143299530573121370e-06
2.320000000000000000e+02 2.965401407329429046e-06
2.330000000000000000e+02 3.194533932825695262e-06
2.340000000000000000e+02 4.239053801629617604e-06
2.350000000000000000e+02 2.690786595133171267e-06
2.360000000000000000e+02 2.955366693700748128e-06
2.370000000000000000e+02 3.231350162143133261e-06
2.380000000000000000e+02 3.197494071179436807e-06
2.390000000000000000e+02 2.689151816164278796e-06
2.400000000000000000e+02 2.865720551894258477e-06
2.410000000000000000e+02 2.747064954400910071e-06
2.420000000000000000e+02 4.196162333409165407e-06
2.430000000000000000e+02 3.489146529599385807e-06
2.440000000000000000e+02 4.180170585435198474e-06
2.450000000000000000e+02 3.415717148727180876e-06
2.460000000000000000e+02 2.681300311880026599e-06
2.470000000000000000e+02 2.683044297746592673e-06
2.480000000000000000e+02 3.264182631051890733e-06
2.490000000000000000e+02 3.961394877405358457e-06
2.500000000000000000e+02 2.562349059515758566e-06
2.510000000000000000e+02 2.739501064506579312e-06
2.520000000000000000e+02 2.414868118989782271e-06
2.530000000000000000e+02 2.763664591971097324e-06
2.540000000000000000e+02 3.176889623506849874e-06
2.550000000000000000e+02 3.092139360478698189e-06
2.560000000000000000e+02 2.501493321287339746e-06
2.570000000000000000e+02 2.679961465458658644e-06
2.580000000000000000e+02 3.086968613753569438e-06
2.590000000000000000e+02 2.926570928898441982e-06
2.600000000000000000e+02 2.789962552255990373e-06
2.610000000000000000e+02 2.718788001950425716e-06
2.620000000000000000e+02 3.350630722724262727e-06
2.630000000000000000e+02 2.402820387515452205e-06
2.640000000000000000e+02 2.696302440809449547e-06
2.650000000000000000e+02 2.634018102238087748e-06
2.660000000000000000e+02 2.463813976263753680e-06
2.670000000000000000e+02 3.136498345809425306e-06
2.680000000000000000e+02 3.465025126968325260e-06
2.690000000000000000e+02 3.680925244936479493e-06
2.700000000000000000e+02 3.190153130034461099e-06
2.710000000000000000e+02 2.963623898393511565e-06
2.720000000000000000e+02 3.124356828844273937e-06
2.730000000000000000e+02 2.567625108493980098e-06
2.740000000000000000e+02 2.471977741383786230e-06
2.750000000000000000e+02 2.810041042328650269e-06
2.760000000000000000e+02 2.623839694697036088e-06
2.770000000000000000e+02 2.400464290597310681e-06
2.780000000000000000e+02 2.713476228486042008e-06
2.790000000000000000e+02 2.518655436920814854e-06
2.800000000000000000e+02 2.424547086103404677e-06
2.810000000000000000e+02 2.467261957708215296e-06
2.820000000000000000e+02 2.817715906011594644e-06
2.830000000000000000e+02 2.545368453074174286e-06
2.840000000000000000e+02 2.825650736603272453e-06
2.850000000000000000e+02 2.477949813803994555e-06
2.860000000000000000e+02 2.787691769513169096e-06
2.870000000000000000e+02 2.500420148232724049e-06
2.880000000000000000e+02 2.956246335797749405e-06
2.890000000000000000e+02 2.761663547876917299e-06
2.900000000000000000e+02 2.620717761227323429e-06
2.910000000000000000e+02 2.432671334936012918e-06
2.920000000000000000e+02 2.393316893456678447e-06
2.930000000000000000e+02 2.515433650708459176e-06
2.940000000000000000e+02 2.604350427949973984e-06
2.950000000000000000e+02 2.671241903235464999e-06
2.960000000000000000e+02 2.798217874712073907e-06
2.970000000000000000e+02 2.444993868911527393e-06
2.980000000000000000e+02 2.709360880971342045e-06
2.990000000000000000e+02 2.574194106929933613e-06
3.000000000000000000e+02 2.457512070359575365e-06
3.010000000000000000e+02 2.342655879820425705e-06
3.020000000000000000e+02 2.328136475173573633e-06
3.030000000000000000e+02 2.540795174775321395e-06
3.040000000000000000e+02 2.504741619807368741e-06
3.050000000000000000e+02 2.818100353174274143e-06
3.060000000000000000e+02 2.322064579941075749e-06
3.070000000000000000e+02 2.352329949228603626e-06
3.080000000000000000e+02 2.229082609284608881e-06
3.090000000000000000e+02 2.619788267553912744e-06
3.100000000000000000e+02 2.566233950968351153e-06
3.110000000000000000e+02 2.387239833374168080e-06
3.120000000000000000e+02 2.264781903195452008e-06
3.130000000000000000e+02 2.628721636312955435e-06
3.140000000000000000e+02 2.159105587965533540e-06
3.150000000000000000e+02 2.055812642951507459e-06
3.160000000000000000e+02 2.456498779665658654e-06
3.170000000000000000e+02 2.101196677640748249e-06
3.180000000000000000e+02 2.150881759376001342e-06
3.190000000000000000e+02 2.144538198965803311e-06
3.200000000000000000e+02 2.234402038652131226e-06
3.210000000000000000e+02 2.231282609670846753e-06
3.220000000000000000e+02 2.587087066990261201e-06
3.230000000000000000e+02 2.384283205838699565e-06
3.240000000000000000e+02 2.279629250184478023e-06
3.250000000000000000e+02 2.245388257419291680e-06
3.260000000000000000e+02 2.307519446543870916e-06
3.270000000000000000e+02 2.081377931171127528e-06
3.280000000000000000e+02 2.284695008341256459e-06
3.290000000000000000e+02 2.124650220367576314e-06
3.300000000000000000e+02 2.237574514783720683e-06
3.310000000000000000e+02 2.137329554357095656e-06
3.320000000000000000e+02 2.238667296416462601e-06
3.330000000000000000e+02 2.063937224943297586e-06
3.340000000000000000e+02 2.319146601136369674e-06
3.350000000000000000e+02 2.345804938442061381e-06
3.360000000000000000e+02 2.827568309269268770e-06
3.370000000000000000e+02 2.102883479645579834e-06
3.380000000000000000e+02 2.242727394759538033e-06
3.390000000000000000e+02 2.133237294081025200e-06
3.400000000000000000e+02 2.766689682237877522e-06
3.410000000000000000e+02 2.342472545337763551e-06
3.420000000000000000e+02 2.267515418184143818e-06
3.430000000000000000e+02 2.512688966331399196e-06
3.440000000000000000e+02 2.769638139939282130e-06
3.450000000000000000e+02 2.958220856130553357e-06
3.460000000000000000e+02 2.094278664076050543e-06
3.470000000000000000e+02 2.220689142328431069e-06
3.480000000000000000e+02 2.089450642067344160e-06
3.490000000000000000e+02 2.190235911325649593e-06
3.500000000000000000e+02 2.061321797884040497e-06
3.510000000000000000e+02 2.004637792335645402e-06
3.520000000000000000e+02 2.069983673835962273e-06
3.530000000000000000e+02 2.041227409663213503e-06
3.540000000000000000e+02 2.271601137130671118e-06
3.550000000000000000e+02 2.154819288610167151e-06
3.560000000000000000e+02 2.090042213894820032e-06
3.570000000000000000e+02 2.106268466082662178e-06
3.580000000000000000e+02 2.163914704384063078e-06
3.590000000000000000e+02 2.101961633687448980e-06
3.600000000000000000e+02 1.971370775858014156e-06
3.610000000000000000e+02 1.997785323705066386e-06
3.620000000000000000e+02 2.148901581468651891e-06
3.630000000000000000e+02 2.016718518197830202e-06
3.640000000000000000e+02 2.116405665812908407e-06
3.650000000000000000e+02 2.003537001864758627e-06
3.660000000000000000e+02 2.003015265094604185e-06
3.670000000000000000e+02 2.109051695247511984e-06
3.680000000000000000e+02 2.004304372779423835e-06
3.690000000000000000e+02 2.108497588967782946e-06
3.700000000000000000e+02 2.367000957407649360e-06
3.710000000000000000e+02 2.782999007659305217e-06
3.720000000000000000e+02 2.228349833853576431e-06
3.730000000000000000e+02 2.235050558332817461e-06
3.740000000000000000e+02 2.029361911562771237e-06
3.750000000000000000e+02 2.187533733682894575e-06
3.760000000000000000e+02 2.008742213136305872e-06
3.770000000000000000e+02 1.938394419593167138e-06
3.780000000000000000e+02 2.053174416847972769e-06
3.790000000000000000e+02 1.979554225886706211e-06
3.800000000000000000e+02 1.964940757210083187e-06
3.810000000000000000e+02 2.265960258715205430e-06
3.820000000000000000e+02 2.192858668009389991e-06
3.830000000000000000e+02 2.004609957538515865e-06
3.840000000000000000e+02 1.928214042054531482e-06
3.850000000000000000e+02 2.063303384503025550e-06
3.860000000000000000e+02 2.029595525413290862e-06
3.870000000000000000e+02 2.062372168051821251e-06
3.880000000000000000e+02 2.237921283570884126e-06
3.890000000000000000e+02 2.187087522805414449e-06
3.900000000000000000e+02 1.911247474633735718e-06
3.910000000000000000e+02 2.002203893607762348e-06
3.920000000000000000e+02 2.053435363605447885e-06
3.930000000000000000e+02 2.020275391474669792e-06
3.940000000000000000e+02 2.003583124242521575e-06
3.950000000000000000e+02 1.967855307020387676e-06
3.960000000000000000e+02 2.106954001479362003e-06
3.970000000000000000e+02 2.055749797866355648e-06
3.980000000000000000e+02 1.882737728060258400e-06
3.990000000000000000e+02 1.985463487228024752e-06
4.000000000000000000e+02 2.048371178845734025e-06
4.010000000000000000e+02 2.034565470641068275e-06
4.020000000000000000e+02 1.912004713185221242e-06
4.030000000000000000e+02 1.980485990345617110e-06
4.040000000000000000e+02 1.924684504023256646e-06
4.050000000000000000e+02 2.114525177511562158e-06
4.060000000000000000e+02 1.977612121355482949e-06
4.070000000000000000e+02 1.940656610750194899e-06
4.080000000000000000e+02 2.261334280306932660e-06
4.090000000000000000e+02 2.010422460563605137e-06
4.100000000000000000e+02 2.034586679242945176e-06
4.110000000000000000e+02 2.022729071211190963e-06
4.120000000000000000e+02 2.015931617743281009e-06
4.130000000000000000e+02 1.898277397677695559e-06
4.140000000000000000e+02 2.094940472846648721e-06
4.150000000000000000e+02 2.018443896066716985e-06
4.160000000000000000e+02 1.929448618938399505e-06
4.170000000000000000e+02 1.917635130471377886e-06
4.180000000000000000e+02 1.930306644725989326e-06
4.190000000000000000e+02 2.064481648974050002e-06
4.200000000000000000e+02 1.942737512829676149e-06
4.210000000000000000e+02 2.023454903401703868e-06
4.220000000000000000e+02 1.862729489656959711e-06
4.230000000000000000e+02 1.925581880395083436e-06
4.240000000000000000e+02 2.048564236345479363e-06
4.250000000000000000e+02 2.045300526260355620e-06
4.260000000000000000e+02 1.991000902566230690e-06
4.270000000000000000e+02 2.063190027466396596e-06
4.280000000000000000e+02 2.119572173564780567e-06
4.290000000000000000e+02 2.197664056436155260e-06
4.300000000000000000e+02 2.038970027470767457e-06
4.310000000000000000e+02 1.978000393527313585e-06
4.320000000000000000e+02 1.901079610303372303e-06
4.330000000000000000e+02 1.872852969205155471e-06
4.340000000000000000e+02 1.915966500716518702e-06
4.350000000000000000e+02 2.114693503558959259e-06
4.360000000000000000e+02 1.914298832419816667e-06
4.370000000000000000e+02 1.903595998275148661e-06
4.380000000000000000e+02 1.856990434032655443e-06
4.390000000000000000e+02 1.934716706286251520e-06
4.400000000000000000e+02 1.963917851706149358e-06
4.410000000000000000e+02 1.919096128713219009e-06
4.420000000000000000e+02 1.925016191901783213e-06
4.430000000000000000e+02 1.936297281725738442e-06
4.440000000000000000e+02 1.927537187828748974e-06
4.450000000000000000e+02 1.924385427417165762e-06
4.460000000000000000e+02 1.855252597272780545e-06
4.470000000000000000e+02 1.938993239454932208e-06
4.480000000000000000e+02 2.038183891365601797e-06
4.490000000000000000e+02 1.915615731653996596e-06
4.500000000000000000e+02 1.915332968642231662e-06
4.510000000000000000e+02 1.885158210855083353e-06
4.520000000000000000e+02 1.900876623776220243e-06
4.530000000000000000e+02 1.928631244111320344e-06
4.540000000000000000e+02 1.942612410870384544e-06
4.550000000000000000e+02 1.905439102425438781e-06
4.560000000000000000e+02 1.812740374141424166e-06
4.570000000000000000e+02 1.864128585766382394e-06
4.580000000000000000e+02 1.859758703348958706e-06
4.590000000000000000e+02 1.907254694314853068e-06
4.600000000000000000e+02 1.893364198028440074e-06
4.610000000000000000e+02 1.865341628343603761e-06
4.620000000000000000e+02 1.935858421469425885e-06
4.630000000000000000e+02 1.892929133550568479e-06
4.640000000000000000e+02 1.836427757617823612e-06
4.650000000000000000e+02 1.835616699518744323e-06
4.660000000000000000e+02 1.956750665152097179e-06
4.670000000000000000e+02 1.917019736869162151e-06
4.680000000000000000e+02 1.845844299014676587e-06
4.690000000000000000e+02 1.868073674427850488e-06
4.700000000000000000e+02 1.887673200762715611e-06
4.710000000000000000e+02 1.815855256145308455e-06
4.720000000000000000e+02 1.796135404772220184e-06
4.730000000000000000e+02 1.928032346995856451e-06
4.740000000000000000e+02 1.775754745621799961e-06
4.750000000000000000e+02 1.818799175999938626e-06
4.760000000000000000e+02 1.852406956905420911e-06
4.770000000000000000e+02 1.875893181597280250e-06
4.780000000000000000e+02 1.829261954202686147e-06
4.790000000000000000e+02 1.859113387006748821e-06
4.800000000000000000e+02 1.965300011870989358e-06
4.810000000000000000e+02 1.878373372618189269e-06
4.820000000000000000e+02 1.842011967606885981e-06
4.830000000000000000e+02 1.843695147933108538e-06
4.840000000000000000e+02 1.820498137991218808e-06
4.850000000000000000e+02 1.885096700408793406e-06
4.860000000000000000e+02 1.770765452404376374e-06
4.870000000000000000e+02 1.787688717467174981e-06
4.880000000000000000e+02 1.822799630398608277e-06
4.890000000000000000e+02 1.851537993398440745e-06
4.900000000000000000e+02 1.829597196033920299e-06
4.910000000000000000e+02 1.912273591946581249e-06
4.920000000000000000e+02 1.809981340523568537e-06
4.930000000000000000e+02 1.814029220832643368e-06
4.940000000000000000e+02 1.856502752610978799e-06
4.950000000000000000e+02 1.862104316611829385e-06
4.960000000000000000e+02 1.781088266060983810e-06
4.970000000000000000e+02 1.908350973472696207e-06
4.980000000000000000e+02 1.948715656108975567e-06
4.990000000000000000e+02 1.866258266963984103e-06
5.000000000000000000e+02 1.806988844501890313e-06
5.010000000000000000e+02 1.835374400270851625e-06
5.020000000000000000e+02 1.812067959325376173e-06
5.030000000000000000e+02 1.779507742262708955e-06
5.040000000000000000e+02 1.785567890861720170e-06
5.050000000000000000e+02 1.804613171199667555e-06
5.060000000000000000e+02 1.761576368928540210e-06
5.070000000000000000e+02 1.752388275197037095e-06
5.080000000000000000e+02 1.812144729312306899e-06
5.090000000000000000e+02 1.868655566390928325e-06
5.100000000000000000e+02 1.857503372151824045e-06
5.110000000000000000e+02 1.841228564506412739e-06
5.120000000000000000e+02 1.940014184727831962e-06
5.130000000000000000e+02 2.030133789722120484e-06
5.140000000000000000e+02 1.812748743171037256e-06
5.150000000000000000e+02 1.765643724810278794e-06
5.160000000000000000e+02 1.745663032248585975e-06
5.170000000000000000e+02 1.746074253050254451e-06
5.180000000000000000e+02 1.904323334118683787e-06
5.190000000000000000e+02 1.839325707398287900e-06
5.200000000000000000e+02 1.778133800228866365e-06
5.210000000000000000e+02 1.783315716730341858e-06
5.220000000000000000e+02 1.777247070204968178e-06
5.230000000000000000e+02 1.757930051718888289e-06
5.240000000000000000e+02 1.782828288731039852e-06
5.250000000000000000e+02 1.824863969485408689e-06
5.260000000000000000e+02 1.790623566172708954e-06
5.270000000000000000e+02 1.763388663674879202e-06
5.280000000000000000e+02 1.827428124006597987e-06
5.290000000000000000e+02 1.906918099747312411e-06
5.300000000000000000e+02 1.813808061184755483e-06
5.310000000000000000e+02 1.778754953231886264e-06
5.320000000000000000e+02 1.721694226450899974e-06
5.330000000000000000e+02 1.802892031609712872e-06
5.340000000000000000e+02 1.805958032925298329e-06
5.350000000000000000e+02 1.780984620337772474e-06
5.360000000000000000e+02 1.783482751650537139e-06
5.370000000000000000e+02 1.809698053187029365e-06
5.380000000000000000e+02 1.804594988123813853e-06
5.390000000000000000e+02 1.793108809193172337e-06
5.400000000000000000e+02 1.882271453254124134e-06
5.410000000000000000e+02 1.831107573035245650e-06
5.420000000000000000e+02 1.768862306776313080e-06
5.430000000000000000e+02 1.767107668634241393e-06
5.440000000000000000e+02 1.838458582763420794e-06
5.450000000000000000e+02 1.722169060586948304e-06
5.460000000000000000e+02 1.786793372490707022e-06
5.470000000000000000e+02 1.786486143855688555e-06
5.480000000000000000e+02 1.796692278271370545e-06
5.490000000000000000e+02 1.792941037504991212e-06
5.500000000000000000e+02 1.791840066760754394e-06
5.510000000000000000e+02 1.792429877229954457e-06
5.520000000000000000e+02 1.766054643827264491e-06
5.530000000000000000e+02 1.773184926621547670e-06
5.540000000000000000e+02 1.859768947789706262e-06
5.550000000000000000e+02 1.753254386966234340e-06
5.560000000000000000e+02 1.824960846966841896e-06
5.570000000000000000e+02 1.844210816178882258e-06
5.580000000000000000e+02 1.746469299137762119e-06
5.590000000000000000e+02 1.798473604180016929e-06
5.600000000000000000e+02 1.793707612996113240e-06
5.610000000000000000e+02 1.775811477391797659e-06
5.620000000000000000e+02 1.806144743566292081e-06
5.630000000000000000e+02 1.749517925781422677e-06
5.640000000000000000e+02 1.780966787195374168e-06
5.650000000000000000e+02 1.834451954961872364e-06
5.660000000000000000e+02 1.742363843236746407e-06
5.670000000000000000e+02 1.790805630248500577e-06
5.680000000000000000e+02 1.758939353252639364e-06
5.690000000000000000e+02 1.768497701856149469e-06
5.700000000000000000e+02 1.766894723670810490e-06
5.710000000000000000e+02 1.762625486435292334e-06
5.720000000000000000e+02 1.817191191834626099e-06
5.730000000000000000e+02 1.778760992845320643e-06
5.740000000000000000e+02 1.709976422062923491e-06
5.750000000000000000e+02 1.716620310382726955e-06
5.760000000000000000e+02 1.778425432754819988e-06
5.770000000000000000e+02 1.776451368956019871e-06
5.780000000000000000e+02 1.802433133610766563e-06
5.790000000000000000e+02 1.755100690576449862e-06
5.800000000000000000e+02 1.707014656366253168e-06
5.810000000000000000e+02 1.878315262441257756e-06
5.820000000000000000e+02 1.804707719339454174e-06
5.830000000000000000e+02 1.782179001242948124e-06
5.840000000000000000e+02 1.795429104515827298e-06
5.850000000000000000e+02 1.795484449837644460e-06
5.860000000000000000e+02 1.760647166807397440e-06
5.870000000000000000e+02 1.716929026834427479e-06
5.880000000000000000e+02 1.841348420452912693e-06
5.890000000000000000e+02 1.744504291154689801e-06
5.900000000000000000e+02 1.749253636765402984e-06
5.910000000000000000e+02 1.798951555913937302e-06
5.920000000000000000e+02 1.751228073442471526e-06
5.930000000000000000e+02 1.811996397614221633e-06
5.940000000000000000e+02 1.802147317844756423e-06
5.950000000000000000e+02 1.750474631672966824e-06
5.960000000000000000e+02 1.789152801403956947e-06
5.970000000000000000e+02 1.769270721883715332e-06
5.980000000000000000e+02 1.804117382568299356e-06
5.990000000000000000e+02 1.802959128766826450e-06
6.000000000000000000e+02 1.760067243620647472e-06
6.010000000000000000e+02 1.787867399078812044e-06
6.020000000000000000e+02 1.741597860819270646e-06
6.030000000000000000e+02 1.789377549072288917e-06
6.040000000000000000e+02 1.746115747296788009e-06
6.050000000000000000e+02 1.760984711328222170e-06
6.060000000000000000e+02 1.750713050342957642e-06
6.070000000000000000e+02 1.735618504026415728e-06
6.080000000000000000e+02 1.721505291331431266e-06
6.090000000000000000e+02 1.752792748987405712e-06
6.100000000000000000e+02 1.752886799360400929e-06
6.110000000000000000e+02 1.742537532780512941e-06
6.120000000000000000e+02 1.734346306349942672e-06
6.130000000000000000e+02 1.728660584639770361e-06
6.140000000000000000e+02 1.720356250961198149e-06
6.150000000000000000e+02 1.783339778498522957e-06
6.160000000000000000e+02 1.746145336787516201e-06
6.170000000000000000e+02 1.797614200106826316e-06
6.180000000000000000e+02 1.675422699393036787e-06
6.190000000000000000e+02 1.752895769999743231e-06
6.200000000000000000e+02 1.782990149870965510e-06
6.210000000000000000e+02 1.755116811062774282e-06
6.220000000000000000e+02 1.741764525427832904e-06
6.230000000000000000e+02 1.795972957022262448e-06
6.240000000000000000e+02 1.700115607347110507e-06
6.250000000000000000e+02 1.766781438840341570e-06
6.260000000000000000e+02 1.797921500908517623e-06
6.270000000000000000e+02 1.728658370326641142e-06
6.280000000000000000e+02 1.753165628387431220e-06
6.290000000000000000e+02 1.787257948354078352e-06
6.300000000000000000e+02 1.764566636317489658e-06
6.310000000000000000e+02 1.752037549837176515e-06
6.320000000000000000e+02 1.735924377588558717e-06
6.330000000000000000e+02 1.825126319168741854e-06
6.340000000000000000e+02 1.755754916725584226e-06
6.350000000000000000e+02 1.807177495792613442e-06
6.360000000000000000e+02 1.809652166704149848e-06
6.370000000000000000e+02 1.751594233723749240e-06
6.380000000000000000e+02 1.791295407435993978e-06
6.390000000000000000e+02 1.766754704626240659e-06
6.400000000000000000e+02 1.744135690753709010e-06
6.410000000000000000e+02 1.681786435221153485e-06
6.420000000000000000e+02 1.734744634479505996e-06
6.430000000000000000e+02 1.715990199202116338e-06
6.440000000000000000e+02 1.756613562723209974e-06
6.450000000000000000e+02 1.741993457412912776e-06
6.460000000000000000e+02 1.809047109439453039e-06
6.470000000000000000e+02 1.786365759951389890e-06
6.480000000000000000e+02 1.758831442280844067e-06
6.490000000000000000e+02 1.699913028803081101e-06
6.500000000000000000e+02 1.766706038189371417e-06
6.510000000000000000e+02 1.701526665859318091e-06
6.520000000000000000e+02 1.728546439955477573e-06
6.530000000000000000e+02 1.738023554211312297e-06
6.540000000000000000e+02 1.757323096364001209e-06
6.550000000000000000e+02 1.661549902623703884e-06
6.560000000000000000e+02 1.787091631939477101e-06
6.570000000000000000e+02 1.757066795414295055e-06
6.580000000000000000e+02 1.721847271369553940e-06
6.590000000000000000e+02 1.809020931862027519e-06
6.600000000000000000e+02 1.711946348411945647e-06
6.610000000000000000e+02 1.707585536655284182e-06
6.620000000000000000e+02 1.747098742183039436e-06
6.630000000000000000e+02 1.760792740246114812e-06
6.640000000000000000e+02 1.811820845901477130e-06
6.650000000000000000e+02 1.759193666283985506e-06
6.660000000000000000e+02 1.734238706143463308e-06
6.670000000000000000e+02 1.770428923920972375e-06
6.680000000000000000e+02 1.738421913082373030e-06
6.690000000000000000e+02 1.737549434926717839e-06
6.700000000000000000e+02 1.800191871789512408e-06
6.710000000000000000e+02 1.745434031371256173e-06
6.720000000000000000e+02 1.740710802028395005e-06
6.730000000000000000e+02 1.689575290200393629e-06
6.740000000000000000e+02 1.700904480007831709e-06
6.750000000000000000e+02 1.732915132979943434e-06
6.760000000000000000e+02 1.710740369039418366e-06
6.770000000000000000e+02 1.811755580835512213e-06
6.780000000000000000e+02 1.719510125641636775e-06
6.790000000000000000e+02 1.728136415591995648e-06
6.800000000000000000e+02 1.758102218851218507e-06
6.810000000000000000e+02 1.791417741145179112e-06
6.820000000000000000e+02 1.782628043857521826e-06
6.830000000000000000e+02 1.744414681108727030e-06
6.840000000000000000e+02 1.792053198541878968e-06
6.850000000000000000e+02 1.729252041469528675e-06
6.860000000000000000e+02 1.826928032718566924e-06
6.870000000000000000e+02 1.752842204069284508e-06
6.880000000000000000e+02 1.785767125927799215e-06
6.890000000000000000e+02 1.743607494536855407e-06
6.900000000000000000e+02 1.735288317174569473e-06
6.910000000000000000e+02 1.736955223888367248e-06
6.920000000000000000e+02 1.772418499059557262e-06
6.930000000000000000e+02 1.829696517912348714e-06
6.940000000000000000e+02 1.678214726777877295e-06
6.950000000000000000e+02 1.698669599312678485e-06
6.960000000000000000e+02 1.774644786402765607e-06
6.970000000000000000e+02 1.723522291086971189e-06
6.980000000000000000e+02 1.689064360959567996e-06
6.990000000000000000e+02 1.686569256607440726e-06
7.000000000000000000e+02 1.738105847485805014e-06
7.010000000000000000e+02 1.788296877036085608e-06
7.020000000000000000e+02 1.746833072902730292e-06
7.030000000000000000e+02 1.772442545857121138e-06
7.040000000000000000e+02 1.811524907760189171e-06
7.050000000000000000e+02 1.714215311466386284e-06
7.060000000000000000e+02 1.714503330710452130e-06
