1.745829649735242128e-05
2.306343594682402909e-05
4.416603478603065014e-04
3.570248372852802277e-05
1.551064924569800496e-04
2.106912143062800169e-05
9.824226435739547014e-05
9.033201786223798990e-05
2.718349969654809684e-05
4.144283229834400117e-05
2.302111533936113119e-05
1.433680699847172946e-05
7.505371468141674995e-05
4.456953683984465897e-05
6.290236487984657288e-04
2.400880293862428516e-05
1.304337274632416666e-05
2.469454484526067972e-04
1.898911796160973608e-05
3.227934575988911092e-05
9.403427829965949059e-04
2.538079861551523209e-04
2.205471173510886729e-05
1.246652482222998515e-05
8.680098108015954494e-05
7.804233064234722406e-06
1.450620402465574443e-05
6.729494634782895446e-05
6.770210893591865897e-05
7.325704791583120823e-05
6.194566230988129973e-05
6.668768037343397737e-05
5.584866739809513092e-04
2.814069375745020807e-05
3.213943637092597783e-05
1.688207848928868771e-04
1.492535830038832501e-05
2.905131623265333474e-05
6.447394262067973614e-04
1.212436472997069359e-05
1.093475875677540898e-04
2.287713997066020966e-02
1.448532111680833623e-05
2.546389623603317887e-05
8.875182174961082637e-06
2.247661905130371451e-05
1.075019008567323908e-05
1.655962259974330664e-04
1.096884661819785833e-04
1.340424660156713799e-05
1.958270513569004834e-05
1.691825309535488486e-05
2.378219687670934945e-05
1.833849455579183996e-05
1.463526568841189146e-04
3.231221344321966171e-04
1.743002758303191513e-05
4.913148950436152518e-05
1.415988481312524527e-05
7.307009946089237928e-05
8.473409252474084496e-06
2.047798916464671493e-04
1.757336394803132862e-05
1.440237429051194340e-05
2.912802847276907414e-05
7.281122816493734717e-05
2.060343467746861279e-05
4.595588252414017916e-04
4.032735159853473306e-05
6.605701491935178638e-05
1.517389864602591842e-05
7.814339187461882830e-05
2.231607322755735368e-05
3.968771488871425390e-05
1.137431390816345811e-04
1.809206150937825441e-05
2.912955824285745621e-05
1.254709877684945241e-05
9.119639435084536672e-05
9.580998448655009270e-05
1.377627486363053322e-04
2.659762867551762611e-05
4.423166319611482322e-05
5.174419129616580904e-05
1.546719613543245941e-05
2.519761255825869739e-05
1.633468491490930319e-05
3.344023934914730489e-05
2.850870441761799157e-05
2.502887946320697665e-05
1.063630625139921904e-04
2.674833012861199677e-05
1.933438761625438929e-05
1.404865906806662679e-05
8.027138392208144069e-05
5.887137012905441225e-05
1.337897174380486831e-05
1.572057954035699368e-05
2.839629305526614189e-04
2.190341001551132649e-05
2.261534064018633217e-05
2.529662197048310190e-05
2.221742215624544770e-05
1.619082831894047558e-05
6.322169065242633224e-05
1.459419945604167879e-05
2.238715387647971511e-05
3.490203016554005444e-05
8.715318108443170786e-05
2.647503606567624956e-05
1.681807407294400036e-05
1.670041092438623309e-05
1.731408337946049869e-05
8.909742609830573201e-05
5.726226663682609797e-05
3.343513890285976231e-05
1.048201520461589098e-04
6.142305210232734680e-05
2.273091922688763589e-05
4.238809924572706223e-05
2.302871871506795287e-05
6.101106191636063159e-05
2.232449878647457808e-05
4.923322194372303784e-05
1.901655377878341824e-05
3.252976239309646189e-05
1.054743461281759664e-05
5.774237215518951416e-04
2.848269832611549646e-05
9.935985872289165854e-06
5.024520796723663807e-04
7.986439595697447658e-05
1.041181385517120361e-04
1.602249903953634202e-05
4.793634798261336982e-05
1.631029772397596389e-05
1.308160426560789347e-05
7.398431625915691257e-05
8.634193363832309842e-05
6.400053825927898288e-05
5.161164881428703666e-05
3.365289376233704388e-05
2.644048618094529957e-05
3.770049952436238527e-04
8.686536602908745408e-06
5.284883809508755803e-05
3.243171959184110165e-04
1.814651659515220672e-05
6.389089685399085283e-05
1.928325764311011881e-05
4.204754804959520698e-05
4.747854472952894866e-05
2.418153235339559615e-05
2.134582791768480092e-05
1.793528062989935279e-04
2.021278487518429756e-05
1.617601083125919104e-04
2.434890484437346458e-05
3.428190757404081523e-05
2.463825330778490752e-05
1.752530442900024354e-05
4.857464809902012348e-04
2.259870416310150176e-05
1.210579102917108685e-05
1.388628243148559704e-05
1.521428748674225062e-05
1.894649903988465667e-04
1.923765012179501355e-05
1.287808991037309170e-04
3.043748438358306885e-05
2.722339922911487520e-05
8.954418444773182273e-05
6.080313323764130473e-05
1.890776729851495475e-05
2.301074709976091981e-05
3.681206726469099522e-04
7.027345418464392424e-05
7.931674917927011847e-05
2.855635284504387528e-05
2.196218338212929666e-05
3.189191556884907186e-05
5.289342152536846697e-05
1.491934744990430772e-05
1.926708682731259614e-05
9.822489118960220367e-06
1.483139021729584783e-05
1.712261291686445475e-04
4.974330659024417400e-05
5.234306809143163264e-05
8.312342833960428834e-05
2.031950680247973651e-05
1.232234535564202815e-05
2.822156966431066394e-05
9.301392856286838651e-05
3.815302625298500061e-04
4.550929588731378317e-05
3.046318852284457535e-05
5.463518755277618766e-05
1.499366953794378787e-05
1.891319334390573204e-05
2.503272662579547614e-05
2.354133175686001778e-05
1.549047192384023219e-05
2.074388794426340610e-05
2.329607377760112286e-05
6.626470712944865227e-05
1.482512197981122881e-05
1.376867840008344501e-05
4.133869515499100089e-05
9.606484672985970974e-05
1.532151072751730680e-04
1.766124842106364667e-05
1.938132481882348657e-05
2.964964915008749813e-05
7.163500413298606873e-05
2.267852869408670813e-05
1.400003202434163541e-05
1.981257992156315595e-05
2.157216476916801184e-05
5.563824088312685490e-04
7.787407230352982879e-05
2.078204852296039462e-05
3.287842264398932457e-05
1.646064629312604666e-05
1.978429099835921079e-05
1.470845836593070999e-05
1.283715209865476936e-05
2.108586159010883421e-05
9.037809832079801708e-06
1.302154996665194631e-04
3.169176488881930709e-05
2.249833414680324495e-05
1.337889261776581407e-05
2.193184081988874823e-05
5.099220652482472360e-05
1.022301148623228073e-05
1.871422500698827207e-05
2.377750752202700824e-05
1.485665052314288914e-05
1.247850468644173816e-05
5.848396176588721573e-05
2.393782961007673293e-05
1.262914793187519535e-05
2.427681283734273165e-05
1.270382290385896340e-05
1.294325829803710803e-05
8.419618097832426429e-05
6.367293735820567235e-06
9.240262443199753761e-06
3.775016812141984701e-04
5.018398587708361447e-05
1.167266236734576523e-04
2.354978641960769892e-05
1.587405677128117532e-05
1.716070073598530143e-05
1.766236891853623092e-05
2.464715907990466803e-05
1.954685831151437014e-05
1.364269337500445545e-05
9.151015547104179859e-06
2.207798024755902588e-05
9.946511272573843598e-05
1.760461600497364998e-05
1.603123237146064639e-04
8.087286914815194905e-06
1.129368047259049490e-05
2.521157330193091184e-05
5.841124220751225948e-05
6.881033186800777912e-06
2.465359102643560618e-05
5.316940369084477425e-04
2.522239628888200969e-05
1.068224628397729248e-05
4.177819937467575073e-05
2.773687992885243148e-05
1.096982032322557643e-05
7.426858792314305902e-05
1.519879697298165411e-05
8.488594176014885306e-05
2.631179268064443022e-05
1.905226054077502340e-05
1.889923441922292113e-05
1.132821762439562008e-05
1.814195275073871017e-05
3.045473567908629775e-05
4.991395326214842498e-05
1.701909604889806360e-05
2.236371983599383384e-05
5.132788646733388305e-05
2.623889486130792648e-05
2.255090475955512375e-05
2.353041236347053200e-05
1.156486541731283069e-05
2.579726969997864217e-05
3.468655268079601228e-05
1.908165540953632444e-05
1.670174788159783930e-05
2.039160754065960646e-04
6.025375478202477098e-05
1.948047247424256057e-05
