0.000000000000000000e+00 3.195348847557619339e-03
1.000000000000000000e+00 3.248704277334277224e-05
2.000000000000000000e+00 3.287421527646647057e-05
3.000000000000000000e+00 2.982180533692736847e-05
4.000000000000000000e+00 2.617054459775864197e-05
5.000000000000000000e+00 2.222791184017644373e-05
6.000000000000000000e+00 1.842665595179139145e-05
7.000000000000000000e+00 1.494849393335545740e-05
8.000000000000000000e+00 1.226402000984151439e-05
9.000000000000000000e+00 1.052106288561487719e-05
1.000000000000000000e+01 9.490417303299014906e-06
1.100000000000000000e+01 9.001543158458140834e-06
1.200000000000000000e+01 8.811680202340520612e-06
1.300000000000000000e+01 8.627947380385990732e-06
1.400000000000000000e+01 8.491264325638941087e-06
1.500000000000000000e+01 8.321919352333099731e-06
1.600000000000000000e+01 8.125334971620966484e-06
1.700000000000000000e+01 7.920835478942785563e-06
1.800000000000000000e+01 7.705595046506365185e-06
1.900000000000000000e+01 7.502334493217771978e-06
2.000000000000000000e+01 7.306802796501851404e-06
2.100000000000000000e+01 7.067556432812401402e-06
2.200000000000000000e+01 6.881325514188212935e-06
2.300000000000000000e+01 6.681162150194203270e-06
2.400000000000000000e+01 6.526450712051879115e-06
2.500000000000000000e+01 6.419333732664628282e-06
2.600000000000000000e+01 6.289992498533786207e-06
2.700000000000000000e+01 6.163210751905743615e-06
2.800000000000000000e+01 6.063643281733077836e-06
2.900000000000000000e+01 5.918842450981228820e-06
3.000000000000000000e+01 5.782688270227750787e-06
3.100000000000000000e+01 5.648850914367746827e-06
3.200000000000000000e+01 5.511773953492910668e-06
3.300000000000000000e+01 5.375606281139163338e-06
3.400000000000000000e+01 5.225855876448818029e-06
3.500000000000000000e+01 5.073765246707934841e-06
3.600000000000000000e+01 4.931945667478433762e-06
3.700000000000000000e+01 4.808196000580606222e-06
3.800000000000000000e+01 4.640769577543379859e-06
3.900000000000000000e+01 4.477348107803452694e-06
4.000000000000000000e+01 4.302779855863096077e-06
4.100000000000000000e+01 4.140217179079978898e-06
4.200000000000000000e+01 3.985669361061136237e-06
4.300000000000000000e+01 3.850046117169714788e-06
4.400000000000000000e+01 3.667215649507044223e-06
4.500000000000000000e+01 3.505607475945578939e-06
4.600000000000000000e+01 3.358344525366909835e-06
4.700000000000000000e+01 3.249156394289406337e-06
4.800000000000000000e+01 3.065778602520716500e-06
4.900000000000000000e+01 2.903967858682160249e-06
5.000000000000000000e+01 2.760431552306665282e-06
5.100000000000000000e+01 2.633127241149230548e-06
5.200000000000000000e+01 2.499466152725655235e-06
5.300000000000000000e+01 2.354961513172125931e-06
5.400000000000000000e+01 2.240198439060325803e-06
5.500000000000000000e+01 2.123659417832923233e-06
5.600000000000000000e+01 2.009663531708670494e-06
5.700000000000000000e+01 1.912801611683512968e-06
