0.000000000000000000e+00 5.089688003192147647e+00
1.000000000000000000e+00 4.745241254283710575e+00
2.000000000000000000e+00 3.120199124856842143e+00
3.000000000000000000e+00 1.381110668088284976e+00
4.000000000000000000e+00 1.213265596398439783e+00
5.000000000000000000e+00 9.884570702175108359e-01
6.000000000000000000e+00 9.566462747645287923e-01
7.000000000000000000e+00 8.186341436579872566e-01
8.000000000000000000e+00 7.551706330365993702e-01
9.000000000000000000e+00 6.650729157303009176e-01
1.000000000000000000e+01 6.357689901712155756e-01
1.100000000000000000e+01 5.641729456890918204e-01
1.200000000000000000e+01 5.356096077158005730e-01
1.300000000000000000e+01 4.720729092757083301e-01
1.400000000000000000e+01 4.124595460265350622e-01
1.500000000000000000e+01 3.611604550373433420e-01
1.600000000000000000e+01 3.256091748668389907e-01
1.700000000000000000e+01 2.954740258951006338e-01
1.800000000000000000e+01 2.446145369950358528e-01
1.900000000000000000e+01 1.983549900524712861e-01
2.000000000000000000e+01 1.673277009288514083e-01
2.100000000000000000e+01 1.417068297266740884e-01
2.200000000000000000e+01 1.245268325819679361e-01
2.300000000000000000e+01 1.049727728835430501e-01
2.400000000000000000e+01 9.276082308028521517e-02
2.500000000000000000e+01 8.635674810681427671e-02
2.600000000000000000e+01 7.862285019446185741e-02
2.700000000000000000e+01 7.468174967726676217e-02
2.800000000000000000e+01 7.161235122244780094e-02
2.900000000000000000e+01 6.965277736646482976e-02
3.000000000000000000e+01 6.808522946014118615e-02
3.100000000000000000e+01 6.738485014240427895e-02
3.200000000000000000e+01 6.754310847938482798e-02
3.300000000000000000e+01 6.685854169359302379e-02
3.400000000000000000e+01 6.475922745385100099e-02
3.500000000000000000e+01 6.497901094070812622e-02
3.600000000000000000e+01 6.507129026572874841e-02
3.700000000000000000e+01 6.279758478135295807e-02
3.800000000000000000e+01 6.340793783257453464e-02
3.900000000000000000e+01 6.094815250070950707e-02
4.000000000000000000e+01 6.024763872700072964e-02
4.100000000000000000e+01 5.971014671877281771e-02
4.200000000000000000e+01 5.943054839406685524e-02
4.300000000000000000e+01 5.889761975598493959e-02
4.400000000000000000e+01 5.945158173823323483e-02
4.500000000000000000e+01 5.689271823637445658e-02
4.600000000000000000e+01 5.643574112044701108e-02
4.700000000000000000e+01 5.635521653555446153e-02
4.800000000000000000e+01 5.498981384202547562e-02
4.900000000000000000e+01 5.493979809110067364e-02
5.000000000000000000e+01 5.459869922555896093e-02
5.100000000000000000e+01 5.359243983727952909e-02
5.200000000000000000e+01 5.408199785545818317e-02
5.300000000000000000e+01 5.194440571431627879e-02
5.400000000000000000e+01 5.133350290077726141e-02
5.500000000000000000e+01 5.088173039503579576e-02
5.600000000000000000e+01 5.016240618731928474e-02
5.700000000000000000e+01 5.277066123274157944e-02
5.800000000000000000e+01 5.406693277382999818e-02
5.900000000000000000e+01 5.123061534749633744e-02
6.000000000000000000e+01 5.054090462678333118e-02
6.100000000000000000e+01 4.988719790295750162e-02
6.200000000000000000e+01 4.827587430339980862e-02
6.300000000000000000e+01 4.767645054979146452e-02
6.400000000000000000e+01 4.798989815272736159e-02
6.500000000000000000e+01 4.758105441708992273e-02
6.600000000000000000e+01 4.919573669371733737e-02
6.700000000000000000e+01 5.015619791977165426e-02
6.800000000000000000e+01 5.072599618663803378e-02
6.900000000000000000e+01 4.717553869995982224e-02
7.000000000000000000e+01 4.673690709153603684e-02
7.100000000000000000e+01 4.802277466229788044e-02
7.200000000000000000e+01 4.723555418222608743e-02
7.300000000000000000e+01 4.628012361267221098e-02
7.400000000000000000e+01 4.643850500501704726e-02
7.500000000000000000e+01 4.544249269623500814e-02
7.600000000000000000e+01 4.591417901459127204e-02
7.700000000000000000e+01 4.555040647585300445e-02
7.800000000000000000e+01 4.463035837006258666e-02
7.900000000000000000e+01 4.680618462028830751e-02
8.000000000000000000e+01 4.652093501852005292e-02
8.100000000000000000e+01 4.290778014488941250e-02
8.200000000000000000e+01 4.381147978692684353e-02
8.300000000000000000e+01 4.287805243724696069e-02
8.400000000000000000e+01 4.371485349670331533e-02
8.500000000000000000e+01 4.394958282058444854e-02
8.600000000000000000e+01 4.484390231858492032e-02
8.700000000000000000e+01 4.334246612906662161e-02
8.800000000000000000e+01 4.876686799623154711e-02
8.900000000000000000e+01 4.178776332274915933e-02
9.000000000000000000e+01 4.049146147344274971e-02
9.100000000000000000e+01 4.037692659464859474e-02
9.200000000000000000e+01 4.173947807898604340e-02
9.300000000000000000e+01 3.980901520023870377e-02
9.400000000000000000e+01 3.877860930349879415e-02
9.500000000000000000e+01 4.427683407906963381e-02
9.600000000000000000e+01 4.004090079814141834e-02
9.700000000000000000e+01 3.751866344743812198e-02
9.800000000000000000e+01 3.701426165806786378e-02
9.900000000000000000e+01 3.835748519285100272e-02
1.000000000000000000e+02 3.653506252661448822e-02
1.010000000000000000e+02 3.597702319307487240e-02
1.020000000000000000e+02 3.558181121690171672e-02
1.030000000000000000e+02 3.649874268702818503e-02
1.040000000000000000e+02 3.500635336088414595e-02
1.050000000000000000e+02 3.546693575297701906e-02
1.060000000000000000e+02 3.531869437090204289e-02
1.070000000000000000e+02 3.370027118736745181e-02
1.080000000000000000e+02 3.458231128742195876e-02
1.090000000000000000e+02 3.225583681157002947e-02
1.100000000000000000e+02 3.323572938465328697e-02
1.110000000000000000e+02 3.156353030706778029e-02
1.120000000000000000e+02 3.128601454411771704e-02
1.130000000000000000e+02 3.112378689963910330e-02
1.140000000000000000e+02 2.922182075401650800e-02
1.150000000000000000e+02 2.979083449217496612e-02
1.160000000000000000e+02 2.908062888597831575e-02
1.170000000000000000e+02 2.810508831519115125e-02
1.180000000000000000e+02 2.791946984739870560e-02
1.190000000000000000e+02 2.829561853678258868e-02
1.200000000000000000e+02 2.833837423773698239e-02
1.210000000000000000e+02 2.815223272264517212e-02
1.220000000000000000e+02 2.557697708489913360e-02
1.230000000000000000e+02 2.403798027175509111e-02
1.240000000000000000e+02 2.424594559571793123e-02
1.250000000000000000e+02 2.548209602373940896e-02
1.260000000000000000e+02 2.442257241645191812e-02
1.270000000000000000e+02 2.359497193400930323e-02
1.280000000000000000e+02 2.175964743117625791e-02
1.290000000000000000e+02 2.108287860580650500e-02
1.300000000000000000e+02 2.153712524482518167e-02
1.310000000000000000e+02 2.135640417109963343e-02
1.320000000000000000e+02 1.999222372610845455e-02
1.330000000000000000e+02 1.912253560744152717e-02
1.340000000000000000e+02 1.876221770050607446e-02
1.350000000000000000e+02 1.865661512331783303e-02
1.360000000000000000e+02 1.927624751384598989e-02
1.370000000000000000e+02 1.778700477946214970e-02
1.380000000000000000e+02 1.794105040674365964e-02
1.390000000000000000e+02 1.784459129797385385e-02
1.400000000000000000e+02 1.806602351747538596e-02
1.410000000000000000e+02 1.658116434867430711e-02
1.420000000000000000e+02 1.625312625825281465e-02
1.430000000000000000e+02 1.573936593502533662e-02
1.440000000000000000e+02 1.602977642525228036e-02
1.450000000000000000e+02 1.614720143875389424e-02
1.460000000000000000e+02 1.518449442251278494e-02
1.470000000000000000e+02 1.480522237891239955e-02
1.480000000000000000e+02 1.733830168044787901e-02
1.490000000000000000e+02 1.569680331953415484e-02
1.500000000000000000e+02 1.451978751737347667e-02
1.510000000000000000e+02 1.411743962051779933e-02
1.520000000000000000e+02 1.403219449650834096e-02
1.530000000000000000e+02 1.355595680350974754e-02
1.540000000000000000e+02 1.369075697688872627e-02
1.550000000000000000e+02 1.381081877124341536e-02
1.560000000000000000e+02 1.328424819809328333e-02
1.570000000000000000e+02 1.312395879787223857e-02
1.580000000000000000e+02 1.305710174341943863e-02
1.590000000000000000e+02 1.289150556932970766e-02
1.600000000000000000e+02 1.306919955211368993e-02
1.610000000000000000e+02 1.249971497056067901e-02
1.620000000000000000e+02 1.273306304261016993e-02
1.630000000000000000e+02 1.239930410531533619e-02
1.640000000000000000e+02 1.323764964346412117e-02
1.650000000000000000e+02 1.248761781682335148e-02
1.660000000000000000e+02 1.213666897579148383e-02
1.670000000000000000e+02 1.375426912149753551e-02
1.680000000000000000e+02 1.222614655145101183e-02
1.690000000000000000e+02 1.241547816177249706e-02
1.700000000000000000e+02 1.181132783419306179e-02
1.710000000000000000e+02 1.167029061669798071e-02
1.720000000000000000e+02 1.167552392312576695e-02
1.730000000000000000e+02 1.125597498228118366e-02
1.740000000000000000e+02 1.111626339544466435e-02
1.750000000000000000e+02 1.111295251398745389e-02
1.760000000000000000e+02 1.121558276433937650e-02
1.770000000000000000e+02 1.142040743529542171e-02
1.780000000000000000e+02 1.140816472413966852e-02
1.790000000000000000e+02 1.168632205265915727e-02
1.800000000000000000e+02 1.063462705777720209e-02
1.810000000000000000e+02 1.120086084528170225e-02
1.820000000000000000e+02 1.052463177132711113e-02
1.830000000000000000e+02 1.122701217375175406e-02
1.840000000000000000e+02 1.095945320946164342e-02
1.850000000000000000e+02 1.025450328296277809e-02
1.860000000000000000e+02 1.052257839269550577e-02
1.870000000000000000e+02 1.137998573870472978e-02
1.880000000000000000e+02 1.089608820242797711e-02
1.890000000000000000e+02 1.049403753220069097e-02
1.900000000000000000e+02 1.025065304774243000e-02
1.910000000000000000e+02 1.069972280318329597e-02
1.920000000000000000e+02 1.002990564120189582e-02
1.930000000000000000e+02 9.920906093535197118e-03
1.940000000000000000e+02 9.565249125260038079e-03
1.950000000000000000e+02 9.771511784787552737e-03
1.960000000000000000e+02 9.793740667166423233e-03
1.970000000000000000e+02 9.430461639325826012e-03
1.980000000000000000e+02 1.050949897653609237e-02
1.990000000000000000e+02 9.399782449968800691e-03
2.000000000000000000e+02 1.069293083124659392e-02
2.010000000000000000e+02 9.423596450963170681e-03
2.020000000000000000e+02 9.443811248894616595e-03
2.030000000000000000e+02 8.833200171210088894e-03
2.040000000000000000e+02 9.010113566573663135e-03
2.050000000000000000e+02 8.962949557584793878e-03
2.060000000000000000e+02 9.205116327777750421e-03
2.070000000000000000e+02 8.935572872792361954e-03
2.080000000000000000e+02 8.820414731509358675e-03
2.090000000000000000e+02 8.836300938795818918e-03
2.100000000000000000e+02 8.968081714560637366e-03
2.110000000000000000e+02 9.013351666895342076e-03
2.120000000000000000e+02 8.319640618759300416e-03
2.130000000000000000e+02 8.444834047652671760e-03
2.140000000000000000e+02 8.349856136950908198e-03
2.150000000000000000e+02 8.124710572475867323e-03
2.160000000000000000e+02 8.582210627946054368e-03
2.170000000000000000e+02 8.111092148424661752e-03
2.180000000000000000e+02 8.192419103618236650e-03
2.190000000000000000e+02 8.894020286059029640e-03
2.200000000000000000e+02 9.595592001182874989e-03
2.210000000000000000e+02 7.974286988228464906e-03
2.220000000000000000e+02 8.327976372032638158e-03
2.230000000000000000e+02 8.148845207504175348e-03
2.240000000000000000e+02 7.601757676386549853e-03
2.250000000000000000e+02 8.525774542747272325e-03
2.260000000000000000e+02 8.091094326390184041e-03
2.270000000000000000e+02 7.887231290443347947e-03
2.280000000000000000e+02 7.431022848183517146e-03
2.290000000000000000e+02 7.450702059627092345e-03
2.300000000000000000e+02 7.328564774929239786e-03
2.310000000000000000e+02 7.356597423266200177e-03
2.320000000000000000e+02 7.275461126189454279e-03
2.330000000000000000e+02 7.901305185144251453e-03
2.340000000000000000e+02 7.243044013874084738e-03
2.350000000000000000e+02 7.029303089025091753e-03
2.360000000000000000e+02 7.284220445404895362e-03
2.370000000000000000e+02 7.985060104194374037e-03
2.380000000000000000e+02 7.778533677124895018e-03
2.390000000000000000e+02 7.236759675632539225e-03
2.400000000000000000e+02 7.080556056520597233e-03
2.410000000000000000e+02 7.222844326493579534e-03
2.420000000000000000e+02 7.126385746788344543e-03
2.430000000000000000e+02 7.174579976753672240e-03
2.440000000000000000e+02 6.832012119609597554e-03
2.450000000000000000e+02 6.839559574069569922e-03
2.460000000000000000e+02 6.506571988525200988e-03
2.470000000000000000e+02 6.554402976354171961e-03
2.480000000000000000e+02 6.773203786200250077e-03
2.490000000000000000e+02 6.544215606308651650e-03
2.500000000000000000e+02 6.475435260693549952e-03
2.510000000000000000e+02 6.327993509087678770e-03
2.520000000000000000e+02 6.462262899634157835e-03
2.530000000000000000e+02 6.385107765708304163e-03
2.540000000000000000e+02 6.687458311265864069e-03
2.550000000000000000e+02 6.177505628281050251e-03
2.560000000000000000e+02 6.130455389681863966e-03
2.570000000000000000e+02 6.158704803576641081e-03
2.580000000000000000e+02 6.080441642925928439e-03
2.590000000000000000e+02 6.019093377372069023e-03
2.600000000000000000e+02 6.224913122555100070e-03
2.610000000000000000e+02 6.150284178972969043e-03
2.620000000000000000e+02 5.803710097162090992e-03
2.630000000000000000e+02 5.775447463145311558e-03
2.640000000000000000e+02 5.949643730859308088e-03
2.650000000000000000e+02 5.817068407197410231e-03
2.660000000000000000e+02 5.762815292068428595e-03
2.670000000000000000e+02 5.630133589559681295e-03
2.680000000000000000e+02 5.663261579948550284e-03
2.690000000000000000e+02 5.536095606786159938e-03
2.700000000000000000e+02 5.573125286351774711e-03
2.710000000000000000e+02 5.457187732021331200e-03
2.720000000000000000e+02 5.392076517588700185e-03
2.730000000000000000e+02 5.426623138022924897e-03
2.740000000000000000e+02 5.689041476509252779e-03
2.750000000000000000e+02 5.706604499237572826e-03
2.760000000000000000e+02 5.452671572964915177e-03
2.770000000000000000e+02 5.430338441229838088e-03
2.780000000000000000e+02 5.379908300303961471e-03
2.790000000000000000e+02 5.374440819556011023e-03
2.800000000000000000e+02 5.221686779805102992e-03
2.810000000000000000e+02 5.078022873033045774e-03
2.820000000000000000e+02 5.020650531518590191e-03
2.830000000000000000e+02 5.029150610678221126e-03
2.840000000000000000e+02 4.947722933446104150e-03
2.850000000000000000e+02 4.983442260948864333e-03
2.860000000000000000e+02 5.898005232355282151e-03
2.870000000000000000e+02 4.892425772702124233e-03
2.880000000000000000e+02 4.946144190257108220e-03
2.890000000000000000e+02 4.751194229323764222e-03
2.900000000000000000e+02 4.750534858659347451e-03
2.910000000000000000e+02 4.632837824230165782e-03
2.920000000000000000e+02 4.642456727937892789e-03
2.930000000000000000e+02 4.818049539592727734e-03
2.940000000000000000e+02 4.863240810699167964e-03
2.950000000000000000e+02 4.891820289207565731e-03
2.960000000000000000e+02 5.086601139424077808e-03
2.970000000000000000e+02 4.804763149354463782e-03
2.980000000000000000e+02 4.587297824008476632e-03
2.990000000000000000e+02 4.679188886937636974e-03
3.000000000000000000e+02 4.483507792497299846e-03
3.010000000000000000e+02 4.448584320245451036e-03
3.020000000000000000e+02 4.428040805446145818e-03
3.030000000000000000e+02 4.461782442361153858e-03
3.040000000000000000e+02 4.406626994919451805e-03
3.050000000000000000e+02 4.234220501326984611e-03
3.060000000000000000e+02 4.306552639378556993e-03
3.070000000000000000e+02 4.287733547174168124e-03
3.080000000000000000e+02 4.357432675006141752e-03
3.090000000000000000e+02 4.307272951460824201e-03
3.100000000000000000e+02 4.228182355630419678e-03
3.110000000000000000e+02 4.105908516769233435e-03
3.120000000000000000e+02 4.083430377449085748e-03
3.130000000000000000e+02 4.069815069242067873e-03
3.140000000000000000e+02 4.295944767764708037e-03
3.150000000000000000e+02 4.237917350930053145e-03
3.160000000000000000e+02 4.253004751376600161e-03
3.170000000000000000e+02 3.942448725010394908e-03
3.180000000000000000e+02 3.934648014991465326e-03
3.190000000000000000e+02 3.921501380297458435e-03
3.200000000000000000e+02 3.851210950323093098e-03
3.210000000000000000e+02 3.842781741089456270e-03
3.220000000000000000e+02 3.933926307260698571e-03
3.230000000000000000e+02 3.974402688425636952e-03
3.240000000000000000e+02 3.759886663341152450e-03
3.250000000000000000e+02 3.751496081245422713e-03
3.260000000000000000e+02 3.739224433137553795e-03
3.270000000000000000e+02 3.759205076146797473e-03
3.280000000000000000e+02 3.738418367404874182e-03
3.290000000000000000e+02 3.726214496260281828e-03
3.300000000000000000e+02 3.929720643016082482e-03
3.310000000000000000e+02 4.170833256383722938e-03
3.320000000000000000e+02 3.619484933298371381e-03
3.330000000000000000e+02 3.690935746367558258e-03
3.340000000000000000e+02 3.657887626156360126e-03
3.350000000000000000e+02 3.628378733903660312e-03
3.360000000000000000e+02 3.582567855989529301e-03
3.370000000000000000e+02 3.495741777232942629e-03
3.380000000000000000e+02 3.469278400158979855e-03
3.390000000000000000e+02 3.453217061476707150e-03
3.400000000000000000e+02 3.460371780672880353e-03
3.410000000000000000e+02 3.402465409152346035e-03
3.420000000000000000e+02 3.379281073209952461e-03
3.430000000000000000e+02 3.510426722956828168e-03
3.440000000000000000e+02 3.425735734748439239e-03
3.450000000000000000e+02 3.404351074237176207e-03
3.460000000000000000e+02 3.365650450626577264e-03
3.470000000000000000e+02 3.440880498356468399e-03
3.480000000000000000e+02 3.419330336527695840e-03
3.490000000000000000e+02 3.287543067497706618e-03
3.500000000000000000e+02 3.397396116692112580e-03
3.510000000000000000e+02 3.295530134900625900e-03
3.520000000000000000e+02 3.298142342113875858e-03
3.530000000000000000e+02 3.384841941518986451e-03
3.540000000000000000e+02 3.383941550580259021e-03
3.550000000000000000e+02 3.221395625920095429e-03
3.560000000000000000e+02 3.156422489845022057e-03
3.570000000000000000e+02 3.229577958936148338e-03
3.580000000000000000e+02 3.177567158820171055e-03
3.590000000000000000e+02 3.179649368421982262e-03
3.600000000000000000e+02 3.100110426216533092e-03
3.610000000000000000e+02 3.388209114600283789e-03
3.620000000000000000e+02 3.858648290116241473e-03
3.630000000000000000e+02 3.689113896795675855e-03
3.640000000000000000e+02 3.753137321431605430e-03
3.650000000000000000e+02 3.623129571849070807e-03
3.660000000000000000e+02 3.172329400425838528e-03
3.670000000000000000e+02 3.023686273827982246e-03
3.680000000000000000e+02 3.042572900962863675e-03
3.690000000000000000e+02 3.034405039456798073e-03
3.700000000000000000e+02 2.983072752693619479e-03
3.710000000000000000e+02 3.001292673748826717e-03
3.720000000000000000e+02 3.093350418741685776e-03
3.730000000000000000e+02 3.075487295311348304e-03
3.740000000000000000e+02 2.982714911173980910e-03
3.750000000000000000e+02 3.051705245782567952e-03
3.760000000000000000e+02 2.994940284621662365e-03
3.770000000000000000e+02 2.986293718168342610e-03
3.780000000000000000e+02 2.912562910398506632e-03
3.790000000000000000e+02 2.887133864175454780e-03
3.800000000000000000e+02 2.901144546958984646e-03
3.810000000000000000e+02 2.899240460334366956e-03
3.820000000000000000e+02 2.927472475901627975e-03
3.830000000000000000e+02 2.974267171133056133e-03
3.840000000000000000e+02 2.966640228383532994e-03
3.850000000000000000e+02 2.890742205424358044e-03
3.860000000000000000e+02 2.984258160427839899e-03
3.870000000000000000e+02 2.848694379282275865e-03
3.880000000000000000e+02 2.838671135047998034e-03
3.890000000000000000e+02 2.830518055530846164e-03
3.900000000000000000e+02 2.896345935253538499e-03
3.910000000000000000e+02 2.881143047760562070e-03
3.920000000000000000e+02 2.846782269092122241e-03
3.930000000000000000e+02 2.826956947817728643e-03
3.940000000000000000e+02 2.937031394818657038e-03
3.950000000000000000e+02 2.833518105155675981e-03
3.960000000000000000e+02 2.860091749044117032e-03
3.970000000000000000e+02 2.855254707997420451e-03
3.980000000000000000e+02 2.730501736979463762e-03
3.990000000000000000e+02 2.880440030934348136e-03
4.000000000000000000e+02 2.851784771913450697e-03
4.010000000000000000e+02 2.748167807710245620e-03
4.020000000000000000e+02 2.758987486727020738e-03
4.030000000000000000e+02 2.740621940091468589e-03
4.040000000000000000e+02 2.840959684044338206e-03
4.050000000000000000e+02 2.701998542604408613e-03
4.060000000000000000e+02 2.667374653742649992e-03
4.070000000000000000e+02 2.690177391799065607e-03
4.080000000000000000e+02 2.693285798386528887e-03
4.090000000000000000e+02 2.679503036945349737e-03
4.100000000000000000e+02 2.723536237361826300e-03
4.110000000000000000e+02 2.685736844737955566e-03
4.120000000000000000e+02 2.623047603658221379e-03
4.130000000000000000e+02 2.697803574437344833e-03
4.140000000000000000e+02 2.728314824993941130e-03
4.150000000000000000e+02 2.704877401328702538e-03
4.160000000000000000e+02 2.614932255563951879e-03
4.170000000000000000e+02 2.695908106530399417e-03
4.180000000000000000e+02 2.833612851200884193e-03
4.190000000000000000e+02 2.645788295842887560e-03
4.200000000000000000e+02 2.566858070754350282e-03
4.210000000000000000e+02 2.581617351999966094e-03
4.220000000000000000e+02 2.626467944288511484e-03
4.230000000000000000e+02 2.593191189632586009e-03
4.240000000000000000e+02 3.017140322295972649e-03
4.250000000000000000e+02 2.894489444542839261e-03
4.260000000000000000e+02 2.680452503767514084e-03
4.270000000000000000e+02 2.707967708204796382e-03
4.280000000000000000e+02 2.694499748011999936e-03
4.290000000000000000e+02 2.597894777203593481e-03
4.300000000000000000e+02 2.549239470217192893e-03
4.310000000000000000e+02 2.628236862529885563e-03
4.320000000000000000e+02 2.655062463307483658e-03
4.330000000000000000e+02 2.662299353773066313e-03
4.340000000000000000e+02 2.550601941373437966e-03
4.350000000000000000e+02 2.571116461103987484e-03
4.360000000000000000e+02 2.612873406943678773e-03
4.370000000000000000e+02 2.557154383506495508e-03
4.380000000000000000e+02 2.526556324850201974e-03
4.390000000000000000e+02 2.487363592919266449e-03
4.400000000000000000e+02 2.511870061349428824e-03
4.410000000000000000e+02 2.513050403090244522e-03
4.420000000000000000e+02 2.516212922012190864e-03
4.430000000000000000e+02 2.514982578718952776e-03
4.440000000000000000e+02 2.572117468800701884e-03
4.450000000000000000e+02 2.491240799365533869e-03
4.460000000000000000e+02 2.497210765000389566e-03
4.470000000000000000e+02 2.563181204309109874e-03
4.480000000000000000e+02 2.460043959767114607e-03
4.490000000000000000e+02 2.479983332092596318e-03
4.500000000000000000e+02 2.442210548766541971e-03
4.510000000000000000e+02 2.473565528089464571e-03
4.520000000000000000e+02 2.475371759691099606e-03
4.530000000000000000e+02 2.468592279604344374e-03
4.540000000000000000e+02 2.492578953440043998e-03
4.550000000000000000e+02 2.429139920937583436e-03
4.560000000000000000e+02 2.440437785833733317e-03
4.570000000000000000e+02 2.470421158140925690e-03
4.580000000000000000e+02 2.432685562177612591e-03
4.590000000000000000e+02 2.455052488437191403e-03
4.600000000000000000e+02 2.401435072681108035e-03
4.610000000000000000e+02 2.457106805854407210e-03
4.620000000000000000e+02 2.488268788548373810e-03
4.630000000000000000e+02 2.551559599551129782e-03
4.640000000000000000e+02 2.629559922849967948e-03
4.650000000000000000e+02 2.529125731587549344e-03
4.660000000000000000e+02 2.392296729147833610e-03
4.670000000000000000e+02 2.381691303480711064e-03
4.680000000000000000e+02 2.451231230404621059e-03
4.690000000000000000e+02 2.411117098091522266e-03
4.700000000000000000e+02 2.424731499385395731e-03
4.710000000000000000e+02 2.464970610949909074e-03
4.720000000000000000e+02 2.399916493978786463e-03
4.730000000000000000e+02 2.372658684745899017e-03
4.740000000000000000e+02 2.358710815190910842e-03
4.750000000000000000e+02 2.418657730038483063e-03
4.760000000000000000e+02 2.448139218688757859e-03
4.770000000000000000e+02 2.398700928275983128e-03
4.780000000000000000e+02 2.470050557047122081e-03
4.790000000000000000e+02 2.401203321058253959e-03
4.800000000000000000e+02 2.331776683855026674e-03
4.810000000000000000e+02 2.444135074144428068e-03
4.820000000000000000e+02 2.398778019768472297e-03
4.830000000000000000e+02 2.347858004525710512e-03
4.840000000000000000e+02 2.299222119868974627e-03
4.850000000000000000e+02 2.295988306871196531e-03
4.860000000000000000e+02 2.405857691928625468e-03
4.870000000000000000e+02 2.379074906439740227e-03
4.880000000000000000e+02 2.302438586488100673e-03
4.890000000000000000e+02 2.325940357157753324e-03
4.900000000000000000e+02 2.310055335211630249e-03
4.910000000000000000e+02 2.301039984605499078e-03
4.920000000000000000e+02 2.298211064885604359e-03
4.930000000000000000e+02 2.299009331197884951e-03
4.940000000000000000e+02 2.302698495390457113e-03
4.950000000000000000e+02 2.347078706697598282e-03
4.960000000000000000e+02 2.371881681096607228e-03
4.970000000000000000e+02 2.320242489203335531e-03
4.980000000000000000e+02 2.332403255676123756e-03
4.990000000000000000e+02 2.522894585172333250e-03
5.000000000000000000e+02 2.580254960910458549e-03
5.010000000000000000e+02 2.492754827099272989e-03
5.020000000000000000e+02 2.276859975455123360e-03
5.030000000000000000e+02 2.324539254484783973e-03
5.040000000000000000e+02 2.317176011463362596e-03
5.050000000000000000e+02 2.242546792490485771e-03
5.060000000000000000e+02 2.293422002230561911e-03
5.070000000000000000e+02 2.241326198558970129e-03
5.080000000000000000e+02 2.270231301460552860e-03
5.090000000000000000e+02 2.267887548304700802e-03
5.100000000000000000e+02 2.276844729618281681e-03
5.110000000000000000e+02 2.238804294649248631e-03
5.120000000000000000e+02 2.266841385756958403e-03
5.130000000000000000e+02 2.304586570702890722e-03
5.140000000000000000e+02 2.261248478627556416e-03
5.150000000000000000e+02 2.274320272138680328e-03
5.160000000000000000e+02 2.462489832142433516e-03
5.170000000000000000e+02 2.329345090581966867e-03
5.180000000000000000e+02 2.278220970055495204e-03
5.190000000000000000e+02 2.228907646698917531e-03
5.200000000000000000e+02 2.249692103426287684e-03
5.210000000000000000e+02 2.350575416103390172e-03
5.220000000000000000e+02 2.241657171316438664e-03
5.230000000000000000e+02 2.246749507014591911e-03
5.240000000000000000e+02 2.247203863613920962e-03
5.250000000000000000e+02 2.195894920162417500e-03
5.260000000000000000e+02 2.250702196631137846e-03
5.270000000000000000e+02 2.214659545205243264e-03
5.280000000000000000e+02 2.201742382856447088e-03
5.290000000000000000e+02 2.256641512439099169e-03
5.300000000000000000e+02 2.210981865571891389e-03
5.310000000000000000e+02 2.265118941051086875e-03
5.320000000000000000e+02 2.215948872845311356e-03
5.330000000000000000e+02 2.188799969226812043e-03
5.340000000000000000e+02 2.209176187777999074e-03
5.350000000000000000e+02 2.242419253100382502e-03
5.360000000000000000e+02 2.193913249023525785e-03
5.370000000000000000e+02 2.203904321830524489e-03
5.380000000000000000e+02 2.232460225273485109e-03
5.390000000000000000e+02 2.298900097666760085e-03
5.400000000000000000e+02 2.335860198877641285e-03
5.410000000000000000e+02 2.267512668627126061e-03
5.420000000000000000e+02 2.198978665279825891e-03
5.430000000000000000e+02 2.207706476633509388e-03
5.440000000000000000e+02 2.210755630452258987e-03
5.450000000000000000e+02 2.345708154939927376e-03
5.460000000000000000e+02 2.292351575457005596e-03
5.470000000000000000e+02 2.270785492769175282e-03
5.480000000000000000e+02 2.233592607493393653e-03
5.490000000000000000e+02 2.151155562068348109e-03
5.500000000000000000e+02 2.188714494249567079e-03
5.510000000000000000e+02 2.146718358212356195e-03
5.520000000000000000e+02 2.168494921562447858e-03
5.530000000000000000e+02 2.153050438684421791e-03
5.540000000000000000e+02 2.175166966478693596e-03
5.550000000000000000e+02 2.190681475179960796e-03
5.560000000000000000e+02 2.157931573157662042e-03
5.570000000000000000e+02 2.171703112868678467e-03
5.580000000000000000e+02 2.203979634348409745e-03
5.590000000000000000e+02 2.179606872040109559e-03
5.600000000000000000e+02 2.162677977258155044e-03
5.610000000000000000e+02 2.148164004196047305e-03
5.620000000000000000e+02 2.151704071994004451e-03
5.630000000000000000e+02 2.176785211101024773e-03
5.640000000000000000e+02 2.172068769629209844e-03
5.650000000000000000e+02 2.219448042091845368e-03
5.660000000000000000e+02 2.163477278558777195e-03
5.670000000000000000e+02 2.177003830886790631e-03
5.680000000000000000e+02 2.177261624271120688e-03
5.690000000000000000e+02 2.180155012780412606e-03
5.700000000000000000e+02 2.173752068662626082e-03
5.710000000000000000e+02 2.112793973066397820e-03
5.720000000000000000e+02 2.110443314796861362e-03
5.730000000000000000e+02 2.119003079764951100e-03
5.740000000000000000e+02 2.128349860231224661e-03
5.750000000000000000e+02 2.204826643284021545e-03
5.760000000000000000e+02 2.135625208856468948e-03
5.770000000000000000e+02 2.124260752620525140e-03
5.780000000000000000e+02 2.109099963273112881e-03
5.790000000000000000e+02 2.133255729596513113e-03
5.800000000000000000e+02 2.199518085231892423e-03
5.810000000000000000e+02 2.118771419256896323e-03
5.820000000000000000e+02 2.096452014195842803e-03
5.830000000000000000e+02 2.166471799586988742e-03
5.840000000000000000e+02 2.097176051832492366e-03
5.850000000000000000e+02 2.118162945130148012e-03
5.860000000000000000e+02 2.112688070377770171e-03
5.870000000000000000e+02 2.169384452759537656e-03
5.880000000000000000e+02 2.198735720751653078e-03
5.890000000000000000e+02 2.148316101090487918e-03
5.900000000000000000e+02 2.066423274646762755e-03
5.910000000000000000e+02 2.105837210322482680e-03
5.920000000000000000e+02 2.110826821179381547e-03
5.930000000000000000e+02 2.094626924488774636e-03
5.940000000000000000e+02 2.079795066552745254e-03
5.950000000000000000e+02 2.139097055015591869e-03
5.960000000000000000e+02 2.088123473184607705e-03
5.970000000000000000e+02 2.146497087807914834e-03
5.980000000000000000e+02 2.139125644676333118e-03
5.990000000000000000e+02 2.091055083722889816e-03
6.000000000000000000e+02 2.063999231547805624e-03
6.010000000000000000e+02 2.082144135992035957e-03
6.020000000000000000e+02 2.111467447858385478e-03
6.030000000000000000e+02 2.089578970704544444e-03
6.040000000000000000e+02 2.087516210565802405e-03
6.050000000000000000e+02 2.086483980494219324e-03
6.060000000000000000e+02 2.063529568894312445e-03
6.070000000000000000e+02 2.105943688022779686e-03
6.080000000000000000e+02 2.132971680631256216e-03
6.090000000000000000e+02 2.072267064768750292e-03
6.100000000000000000e+02 2.078020768411824488e-03
6.110000000000000000e+02 2.047025554286682151e-03
6.120000000000000000e+02 2.074474166662511245e-03
6.130000000000000000e+02 2.042742676150275695e-03
6.140000000000000000e+02 2.060836031197314181e-03
6.150000000000000000e+02 2.056142763501815976e-03
6.160000000000000000e+02 2.059501275358114822e-03
6.170000000000000000e+02 2.053126927449002749e-03
6.180000000000000000e+02 2.084446075752469183e-03
6.190000000000000000e+02 2.054450884600075682e-03
6.200000000000000000e+02 2.059718858936400183e-03
6.210000000000000000e+02 2.070107428576262870e-03
6.220000000000000000e+02 2.049208332171197511e-03
6.230000000000000000e+02 2.114869637044749107e-03
6.240000000000000000e+02 2.054883427524029603e-03
6.250000000000000000e+02 2.063833315210227004e-03
6.260000000000000000e+02 2.046939431358298696e-03
6.270000000000000000e+02 2.050709569775775124e-03
6.280000000000000000e+02 2.040256002201229924e-03
6.290000000000000000e+02 2.091490601518610631e-03
6.300000000000000000e+02 2.054697531658594613e-03
6.310000000000000000e+02 2.103974938589801575e-03
6.320000000000000000e+02 2.033596835989207041e-03
6.330000000000000000e+02 2.023673902793695408e-03
6.340000000000000000e+02 2.013701883060865436e-03
6.350000000000000000e+02 2.069003981004034331e-03
6.360000000000000000e+02 2.030613970160236124e-03
6.370000000000000000e+02 2.027646031992855116e-03
6.380000000000000000e+02 2.028258787745759045e-03
6.390000000000000000e+02 2.012670256579257230e-03
6.400000000000000000e+02 2.021720742486808435e-03
6.410000000000000000e+02 2.026042134767269427e-03
6.420000000000000000e+02 2.018567094649557480e-03
6.430000000000000000e+02 2.007831955558899654e-03
6.440000000000000000e+02 2.014905477060642287e-03
6.450000000000000000e+02 2.027726200732390006e-03
6.460000000000000000e+02 2.048036436835628041e-03
6.470000000000000000e+02 2.014502627674740354e-03
6.480000000000000000e+02 2.013726156673286728e-03
6.490000000000000000e+02 2.007780084936548054e-03
6.500000000000000000e+02 2.004966484045822474e-03
6.510000000000000000e+02 2.049795051698313254e-03
6.520000000000000000e+02 2.064030052489105194e-03
6.530000000000000000e+02 2.021947950641739006e-03
6.540000000000000000e+02 2.010628451959972033e-03
6.550000000000000000e+02 2.024062731464237787e-03
6.560000000000000000e+02 2.034644130809665566e-03
6.570000000000000000e+02 2.038933163934868436e-03
6.580000000000000000e+02 2.011165572117099877e-03
6.590000000000000000e+02 2.010632652689039578e-03
6.600000000000000000e+02 2.064131482695546593e-03
6.610000000000000000e+02 2.007772498717205235e-03
6.620000000000000000e+02 1.996948108714357087e-03
6.630000000000000000e+02 1.988428968308583039e-03
6.640000000000000000e+02 1.988920189680256235e-03
6.650000000000000000e+02 2.007954992582214500e-03
6.660000000000000000e+02 2.010873865540559625e-03
6.670000000000000000e+02 1.990905648388508527e-03
6.680000000000000000e+02 2.024709376226285773e-03
6.690000000000000000e+02 2.019319116005384007e-03
6.700000000000000000e+02 2.004143014104149169e-03
6.710000000000000000e+02 2.019560153476905769e-03
6.720000000000000000e+02 2.004927448693172558e-03
6.730000000000000000e+02 1.983427594083863980e-03
6.740000000000000000e+02 1.981207668786219567e-03
6.750000000000000000e+02 1.991343470437328435e-03
6.760000000000000000e+02 2.024688793591928899e-03
6.770000000000000000e+02 1.985689596086645439e-03
6.780000000000000000e+02 1.988444946734382098e-03
6.790000000000000000e+02 2.006852722782457091e-03
6.800000000000000000e+02 1.977517393835029509e-03
6.810000000000000000e+02 1.997717960545382799e-03
6.820000000000000000e+02 1.981734901729014127e-03
6.830000000000000000e+02 1.991786274243595879e-03
6.840000000000000000e+02 1.970703253643312381e-03
6.850000000000000000e+02 2.002570495654814025e-03
6.860000000000000000e+02 1.966371389893615401e-03
6.870000000000000000e+02 2.016807595958555743e-03
6.880000000000000000e+02 2.017990960370902916e-03
6.890000000000000000e+02 1.970361778035299282e-03
6.900000000000000000e+02 1.974582834090607246e-03
6.910000000000000000e+02 1.956897947893945604e-03
6.920000000000000000e+02 1.976909016907143438e-03
6.930000000000000000e+02 1.980121935217491608e-03
6.940000000000000000e+02 1.958242105836600997e-03
6.950000000000000000e+02 1.970732372391572219e-03
6.960000000000000000e+02 1.968396532006041946e-03
6.970000000000000000e+02 1.975398869729995226e-03
6.980000000000000000e+02 1.966516153185165691e-03
6.990000000000000000e+02 1.955672447478095256e-03
7.000000000000000000e+02 1.973158216965062699e-03
7.010000000000000000e+02 1.954629108476861436e-03
7.020000000000000000e+02 1.986257200727425953e-03
7.030000000000000000e+02 1.950023718343948725e-03
7.040000000000000000e+02 1.981143887998700493e-03
7.050000000000000000e+02 1.980279354914888865e-03
7.060000000000000000e+02 1.964462961361901263e-03
7.070000000000000000e+02 1.975211113777439447e-03
7.080000000000000000e+02 1.949868689630693480e-03
7.090000000000000000e+02 1.960994449842901402e-03
7.100000000000000000e+02 1.959349375378323897e-03
7.110000000000000000e+02 1.945803408061979678e-03
7.120000000000000000e+02 1.951195455587026841e-03
7.130000000000000000e+02 1.965604348111112554e-03
7.140000000000000000e+02 1.948619890863939217e-03
7.150000000000000000e+02 1.946467272236988713e-03
7.160000000000000000e+02 1.957087367661647804e-03
7.170000000000000000e+02 1.945530601916659530e-03
7.180000000000000000e+02 1.934239511630195816e-03
7.190000000000000000e+02 1.942421155890003978e-03
7.200000000000000000e+02 1.968246506940308626e-03
7.210000000000000000e+02 1.953986289512517696e-03
7.220000000000000000e+02 1.951998919601465434e-03
7.230000000000000000e+02 1.936901642404088245e-03
7.240000000000000000e+02 1.943971135321426657e-03
7.250000000000000000e+02 1.951561887572157792e-03
7.260000000000000000e+02 1.938051970093478951e-03
7.270000000000000000e+02 1.923747562423244002e-03
7.280000000000000000e+02 1.944466749637768039e-03
7.290000000000000000e+02 1.971091051195033358e-03
7.300000000000000000e+02 1.952644244303650568e-03
7.310000000000000000e+02 1.941202123788887506e-03
7.320000000000000000e+02 1.953845371478402787e-03
7.330000000000000000e+02 1.953526684639045677e-03
7.340000000000000000e+02 1.966259447751032580e-03
7.350000000000000000e+02 1.966627072006022978e-03
7.360000000000000000e+02 1.924635146198151953e-03
7.370000000000000000e+02 1.920058202706971095e-03
7.380000000000000000e+02 1.935263861621570967e-03
7.390000000000000000e+02 1.915098128771222912e-03
7.400000000000000000e+02 1.918120679276959272e-03
7.410000000000000000e+02 1.922266542679770211e-03
7.420000000000000000e+02 1.921972001310248224e-03
7.430000000000000000e+02 1.923479366135435195e-03
7.440000000000000000e+02 1.948019208702236969e-03
7.450000000000000000e+02 1.934434045945433722e-03
7.460000000000000000e+02 1.942928882206471737e-03
7.470000000000000000e+02 1.916641767458026127e-03
7.480000000000000000e+02 1.940236123094699712e-03
7.490000000000000000e+02 1.940047858287897650e-03
7.500000000000000000e+02 1.934263309495711913e-03
7.510000000000000000e+02 1.930302449695588552e-03
7.520000000000000000e+02 1.936575272232563590e-03
7.530000000000000000e+02 1.918127887343374933e-03
7.540000000000000000e+02 1.913269065256851783e-03
7.550000000000000000e+02 1.916064249632659037e-03
7.560000000000000000e+02 1.915395946256450007e-03
7.570000000000000000e+02 1.935152332862466419e-03
7.580000000000000000e+02 1.914489219311565774e-03
7.590000000000000000e+02 1.926146026573207068e-03
7.600000000000000000e+02 1.913178299818918578e-03
7.610000000000000000e+02 1.904708832922085869e-03
7.620000000000000000e+02 1.910240370663390070e-03
7.630000000000000000e+02 1.908639923311847937e-03
7.640000000000000000e+02 1.903418188387147499e-03
7.650000000000000000e+02 1.907918639953093973e-03
7.660000000000000000e+02 1.906018530442706894e-03
7.670000000000000000e+02 1.921447548434436275e-03
7.680000000000000000e+02 1.931082281734209294e-03
7.690000000000000000e+02 1.912263327261568956e-03
7.700000000000000000e+02 1.927037393710649736e-03
7.710000000000000000e+02 1.902950010780696255e-03
7.720000000000000000e+02 1.907754118296093628e-03
7.730000000000000000e+02 1.924502426416495457e-03
7.740000000000000000e+02 1.902901447011578389e-03
7.750000000000000000e+02 1.908649238380474540e-03
7.760000000000000000e+02 1.909827353355897069e-03
7.770000000000000000e+02 1.895013991303349165e-03
7.780000000000000000e+02 1.906812969031609862e-03
7.790000000000000000e+02 1.909189784905908653e-03
7.800000000000000000e+02 1.907723623196102419e-03
7.810000000000000000e+02 1.895217549123211567e-03
7.820000000000000000e+02 1.912235424731198539e-03
7.830000000000000000e+02 1.908424052167571189e-03
7.840000000000000000e+02 1.897122791265093379e-03
7.850000000000000000e+02 1.901358046063929491e-03
7.860000000000000000e+02 1.891439707994004970e-03
7.870000000000000000e+02 1.889742095698661913e-03
7.880000000000000000e+02 1.888321652126601297e-03
7.890000000000000000e+02 1.891170355265630243e-03
7.900000000000000000e+02 1.901510688425363509e-03
7.910000000000000000e+02 1.887584434805281933e-03
7.920000000000000000e+02 1.912076493459845435e-03
7.930000000000000000e+02 1.922986198908312357e-03
7.940000000000000000e+02 1.887587251246782092e-03
7.950000000000000000e+02 1.883208863944955654e-03
7.960000000000000000e+02 1.888424928745087222e-03
7.970000000000000000e+02 1.886802936045027003e-03
7.980000000000000000e+02 1.928353875637051854e-03
7.990000000000000000e+02 1.907199250639635829e-03
8.000000000000000000e+02 1.878250366807264612e-03
8.010000000000000000e+02 1.888445600827097373e-03
8.020000000000000000e+02 1.895328920233607141e-03
8.030000000000000000e+02 1.889046843038619510e-03
8.040000000000000000e+02 1.883770385598940687e-03
8.050000000000000000e+02 1.895331510021399778e-03
8.060000000000000000e+02 1.897119713375913308e-03
8.070000000000000000e+02 1.877856266816936830e-03
8.080000000000000000e+02 1.881604085723146509e-03
8.090000000000000000e+02 1.893585849746003092e-03
8.100000000000000000e+02 1.907818936401338775e-03
8.110000000000000000e+02 1.884577120000531774e-03
8.120000000000000000e+02 1.888596186039312192e-03
8.130000000000000000e+02 1.882879219332597069e-03
8.140000000000000000e+02 1.893691052291512564e-03
8.150000000000000000e+02 1.897926794765642054e-03
8.160000000000000000e+02 1.872854604292019170e-03
8.170000000000000000e+02 1.879608921127072464e-03
8.180000000000000000e+02 1.873576420905229134e-03
8.190000000000000000e+02 1.866597084079369123e-03
8.200000000000000000e+02 1.873630933434039742e-03
8.210000000000000000e+02 1.895046449995176161e-03
8.220000000000000000e+02 1.882012070501034445e-03
8.230000000000000000e+02 1.874427223135630973e-03
8.240000000000000000e+02 1.885289102340956518e-03
8.250000000000000000e+02 1.874226906790342788e-03
8.260000000000000000e+02 1.870300233757351020e-03
8.270000000000000000e+02 1.885068811309615353e-03
8.280000000000000000e+02 1.881466031631230445e-03
8.290000000000000000e+02 1.870710281070127063e-03
8.300000000000000000e+02 1.889903710717821903e-03
8.310000000000000000e+02 1.880556967483328719e-03
8.320000000000000000e+02 1.885168037452271319e-03
8.330000000000000000e+02 1.869221754976045560e-03
8.340000000000000000e+02 1.876588703815597380e-03
8.350000000000000000e+02 1.867616294604652850e-03
8.360000000000000000e+02 1.877330480196525309e-03
8.370000000000000000e+02 1.875459474454645387e-03
8.380000000000000000e+02 1.872669669526003415e-03
8.390000000000000000e+02 1.871903474358463815e-03
8.400000000000000000e+02 1.864811790069857700e-03
8.410000000000000000e+02 1.870430777594750491e-03
8.420000000000000000e+02 1.870386145776671474e-03
8.430000000000000000e+02 1.860202780079063013e-03
8.440000000000000000e+02 1.875932626211832682e-03
8.450000000000000000e+02 1.868856567291861392e-03
8.460000000000000000e+02 1.871259109792905787e-03
8.470000000000000000e+02 1.867328638480710489e-03
8.480000000000000000e+02 1.861251295190765242e-03
8.490000000000000000e+02 1.862304153168995021e-03
8.500000000000000000e+02 1.863470257749534056e-03
8.510000000000000000e+02 1.858608106431305050e-03
8.520000000000000000e+02 1.865682345057051309e-03
8.530000000000000000e+02 1.867151344542328532e-03
8.540000000000000000e+02 1.860080767124038838e-03
8.550000000000000000e+02 1.855926801300791058e-03
8.560000000000000000e+02 1.864621041425341139e-03
8.570000000000000000e+02 1.861751998813286233e-03
8.580000000000000000e+02 1.856945919587227583e-03
8.590000000000000000e+02 1.862004052930266293e-03
8.600000000000000000e+02 1.864496488683999075e-03
8.610000000000000000e+02 1.877363411800860721e-03
8.620000000000000000e+02 1.864595168913004601e-03
8.630000000000000000e+02 1.860190412650658282e-03
8.640000000000000000e+02 1.869628084679982125e-03
8.650000000000000000e+02 1.856103208154097697e-03
8.660000000000000000e+02 1.858622841629733883e-03
8.670000000000000000e+02 1.855667836526560558e-03
8.680000000000000000e+02 1.858339610767895545e-03
8.690000000000000000e+02 1.862075267522051531e-03
8.700000000000000000e+02 1.852070442896481357e-03
8.710000000000000000e+02 1.850482408824048481e-03
8.720000000000000000e+02 1.877766688410301968e-03
8.730000000000000000e+02 1.852324208731232413e-03
8.740000000000000000e+02 1.852425411359952603e-03
8.750000000000000000e+02 1.849647451759464526e-03
8.760000000000000000e+02 1.855568767008577025e-03
8.770000000000000000e+02 1.850440586307317871e-03
8.780000000000000000e+02 1.853495486218271733e-03
8.790000000000000000e+02 1.845973178938707486e-03
8.800000000000000000e+02 1.849780542088069399e-03
8.810000000000000000e+02 1.848186932230547674e-03
8.820000000000000000e+02 1.867497643073062980e-03
8.830000000000000000e+02 1.853416457743762473e-03
8.840000000000000000e+02 1.845299374148847435e-03
8.850000000000000000e+02 1.858076558897692188e-03
8.860000000000000000e+02 1.840646077539857600e-03
8.870000000000000000e+02 1.849058887500927128e-03
8.880000000000000000e+02 1.854632954480121181e-03
8.890000000000000000e+02 1.848820280696054225e-03
8.900000000000000000e+02 1.839970752850817078e-03
8.910000000000000000e+02 1.848967889856128208e-03
8.920000000000000000e+02 1.848912713726497039e-03
8.930000000000000000e+02 1.843353358176318514e-03
8.940000000000000000e+02 1.857215996635717698e-03
8.950000000000000000e+02 1.850149521100657784e-03
8.960000000000000000e+02 1.844739558860263376e-03
8.970000000000000000e+02 1.843545095604998130e-03
8.980000000000000000e+02 1.844392060802761517e-03
8.990000000000000000e+02 1.850587152372853809e-03
9.000000000000000000e+02 1.862208029788915220e-03
9.010000000000000000e+02 1.848734849426835174e-03
9.020000000000000000e+02 1.838803715073677970e-03
9.030000000000000000e+02 1.837704530319754156e-03
9.040000000000000000e+02 1.835574310332080969e-03
9.050000000000000000e+02 1.845660629727078911e-03
9.060000000000000000e+02 1.839611083329155102e-03
9.070000000000000000e+02 1.840354905943690283e-03
9.080000000000000000e+02 1.840625191018241619e-03
9.090000000000000000e+02 1.854645076818461349e-03
9.100000000000000000e+02 1.843641720542122091e-03
9.110000000000000000e+02 1.853561020162309636e-03
9.120000000000000000e+02 1.839834321450808724e-03
9.130000000000000000e+02 1.838549092548796620e-03
9.140000000000000000e+02 1.840146195858072351e-03
9.150000000000000000e+02 1.843435984805589112e-03
9.160000000000000000e+02 1.835127895167002138e-03
9.170000000000000000e+02 1.847029286699855728e-03
9.180000000000000000e+02 1.834223965632032945e-03
9.190000000000000000e+02 1.837179991696267622e-03
9.200000000000000000e+02 1.836464678985187194e-03
9.210000000000000000e+02 1.840629879669319468e-03
9.220000000000000000e+02 1.846981470071427673e-03
9.230000000000000000e+02 1.834876521966547066e-03
9.240000000000000000e+02 1.838068799973029003e-03
9.250000000000000000e+02 1.839469548736248974e-03
9.260000000000000000e+02 1.832291760917700808e-03
9.270000000000000000e+02 1.836517234246628355e-03
9.280000000000000000e+02 1.835291038002704461e-03
9.290000000000000000e+02 1.833347936162837716e-03
9.300000000000000000e+02 1.835732434444000164e-03
9.310000000000000000e+02 1.830830265030506093e-03
9.320000000000000000e+02 1.833284906224337020e-03
9.330000000000000000e+02 1.834041871670638027e-03
9.340000000000000000e+02 1.844984631949263786e-03
9.350000000000000000e+02 1.836342069520970283e-03
9.360000000000000000e+02 1.828772550132038875e-03
9.370000000000000000e+02 1.828852474875688854e-03
9.380000000000000000e+02 1.827839239937383703e-03
9.390000000000000000e+02 1.834944335113575372e-03
9.400000000000000000e+02 1.832623514579266805e-03
9.410000000000000000e+02 1.832774155241602030e-03
9.420000000000000000e+02 1.839479008970508998e-03
9.430000000000000000e+02 1.824700668559549798e-03
9.440000000000000000e+02 1.844914283266434196e-03
9.450000000000000000e+02 1.828580777991546625e-03
9.460000000000000000e+02 1.827697359537443309e-03
9.470000000000000000e+02 1.841967739047781433e-03
9.480000000000000000e+02 1.838710048358807103e-03
9.490000000000000000e+02 1.832892498166877352e-03
9.500000000000000000e+02 1.824345755946403351e-03
9.510000000000000000e+02 1.820099790186741930e-03
9.520000000000000000e+02 1.825600590526912231e-03
9.530000000000000000e+02 1.838612811962169477e-03
9.540000000000000000e+02 1.829285059291031225e-03
9.550000000000000000e+02 1.827941445261349520e-03
9.560000000000000000e+02 1.824975123971119559e-03
9.570000000000000000e+02 1.835515568551615529e-03
9.580000000000000000e+02 1.828112616448898881e-03
9.590000000000000000e+02 1.822960515342265161e-03
9.600000000000000000e+02 1.835255409805274613e-03
9.610000000000000000e+02 1.829398774688029096e-03
9.620000000000000000e+02 1.821287557342083285e-03
9.630000000000000000e+02 1.818675153289951761e-03
9.640000000000000000e+02 1.821326696256439287e-03
9.650000000000000000e+02 1.821689680407399727e-03
9.660000000000000000e+02 1.818351416340636181e-03
9.670000000000000000e+02 1.825220301126624948e-03
9.680000000000000000e+02 1.822752337194922991e-03
9.690000000000000000e+02 1.820427101509847516e-03
9.700000000000000000e+02 1.821632659677496985e-03
9.710000000000000000e+02 1.817475913638782288e-03
9.720000000000000000e+02 1.814892497970149298e-03
9.730000000000000000e+02 1.819416957962518904e-03
9.740000000000000000e+02 1.825380479045313111e-03
9.750000000000000000e+02 1.835174841749929488e-03
9.760000000000000000e+02 1.825236745034853085e-03
9.770000000000000000e+02 1.821311780052432740e-03
9.780000000000000000e+02 1.819809416582877275e-03
9.790000000000000000e+02 1.813095562323020207e-03
9.800000000000000000e+02 1.816208587329024753e-03
9.810000000000000000e+02 1.823455773134589637e-03
9.820000000000000000e+02 1.819826217915337116e-03
9.830000000000000000e+02 1.815973136424909153e-03
9.840000000000000000e+02 1.824034578606096614e-03
9.850000000000000000e+02 1.821219408951052282e-03
9.860000000000000000e+02 1.818680557798879605e-03
9.870000000000000000e+02 1.811661441854708855e-03
9.880000000000000000e+02 1.819247051835991193e-03
9.890000000000000000e+02 1.818847037249729298e-03
9.900000000000000000e+02 1.817160962643179752e-03
9.910000000000000000e+02 1.818072818836352893e-03
9.920000000000000000e+02 1.814081989114726479e-03
9.930000000000000000e+02 1.826266750121962809e-03
9.940000000000000000e+02 1.813278242946714594e-03
9.950000000000000000e+02 1.814321079826560976e-03
9.960000000000000000e+02 1.812454254527119018e-03
9.970000000000000000e+02 1.818269960923490480e-03
9.980000000000000000e+02 1.818752447421286304e-03
9.990000000000000000e+02 1.821620262970394515e-03
1.000000000000000000e+03 1.818485960004978617e-03
1.001000000000000000e+03 1.819347515979648569e-03
1.002000000000000000e+03 1.811670164534739166e-03
1.003000000000000000e+03 1.821518933302442543e-03
1.004000000000000000e+03 1.815728685088455977e-03
1.005000000000000000e+03 1.820449977837355383e-03
1.006000000000000000e+03 1.825891300595387399e-03
1.007000000000000000e+03 1.814856722228126371e-03
1.008000000000000000e+03 1.812712666438589170e-03
1.009000000000000000e+03 1.813781964179745146e-03
1.010000000000000000e+03 1.811950415178495638e-03
1.011000000000000000e+03 1.817871208833585174e-03
1.012000000000000000e+03 1.804830025059294372e-03
1.013000000000000000e+03 1.810431738852040897e-03
1.014000000000000000e+03 1.806392669829637266e-03
1.015000000000000000e+03 1.817793233543087486e-03
1.016000000000000000e+03 1.804672026286240983e-03
1.017000000000000000e+03 1.809535998626156730e-03
1.018000000000000000e+03 1.809195018716995389e-03
1.019000000000000000e+03 1.804288756282732649e-03
1.020000000000000000e+03 1.812576230608884623e-03
1.021000000000000000e+03 1.807276486741931721e-03
1.022000000000000000e+03 1.806695396941353790e-03
1.023000000000000000e+03 1.810637078211715673e-03
1.024000000000000000e+03 1.810093699043592791e-03
1.025000000000000000e+03 1.806853000796438628e-03
1.026000000000000000e+03 1.817104280524614980e-03
1.027000000000000000e+03 1.821003375205952320e-03
1.028000000000000000e+03 1.804988767873261712e-03
1.029000000000000000e+03 1.802387020134015461e-03
1.030000000000000000e+03 1.803463761845137264e-03
1.031000000000000000e+03 1.804591786281008973e-03
1.032000000000000000e+03 1.806609362304016685e-03
1.033000000000000000e+03 1.802468714897832985e-03
1.034000000000000000e+03 1.808368559959788041e-03
1.035000000000000000e+03 1.807375002705019539e-03
1.036000000000000000e+03 1.809282249760827636e-03
1.037000000000000000e+03 1.801204995265280823e-03
1.038000000000000000e+03 1.817139417628387769e-03
1.039000000000000000e+03 1.808663793413971960e-03
1.040000000000000000e+03 1.816640745178544963e-03
1.041000000000000000e+03 1.804134950498743287e-03
1.042000000000000000e+03 1.797985640731081898e-03
1.043000000000000000e+03 1.816286353204241534e-03
1.044000000000000000e+03 1.805573121795608525e-03
1.045000000000000000e+03 1.800066808737694774e-03
1.046000000000000000e+03 1.804903304574101029e-03
1.047000000000000000e+03 1.808797686879417502e-03
1.048000000000000000e+03 1.800198790931902253e-03
1.049000000000000000e+03 1.796242349633065533e-03
1.050000000000000000e+03 1.815684769387967534e-03
1.051000000000000000e+03 1.805111278716329615e-03
1.052000000000000000e+03 1.798710030672327114e-03
1.053000000000000000e+03 1.802252433242354382e-03
1.054000000000000000e+03 1.797820685670643631e-03
1.055000000000000000e+03 1.810061377213830662e-03
1.056000000000000000e+03 1.803419127670843631e-03
1.057000000000000000e+03 1.799739778346399772e-03
1.058000000000000000e+03 1.800329048081950999e-03
1.059000000000000000e+03 1.799134179447671109e-03
1.060000000000000000e+03 1.795106458975396840e-03
1.061000000000000000e+03 1.803349409965039228e-03
1.062000000000000000e+03 1.811472856249978641e-03
1.063000000000000000e+03 1.801648597996316405e-03
1.064000000000000000e+03 1.798964266132626472e-03
1.065000000000000000e+03 1.801588230482054900e-03
1.066000000000000000e+03 1.797520202357494193e-03
1.067000000000000000e+03 1.798509123979571186e-03
1.068000000000000000e+03 1.799954113245783504e-03
1.069000000000000000e+03 1.798776907309997727e-03
1.070000000000000000e+03 1.798377981111017173e-03
1.071000000000000000e+03 1.809633073299976060e-03
1.072000000000000000e+03 1.803640369106128708e-03
1.073000000000000000e+03 1.793620154487239301e-03
1.074000000000000000e+03 1.792153762628574329e-03
1.075000000000000000e+03 1.795910403777017635e-03
1.076000000000000000e+03 1.795757057412947699e-03
1.077000000000000000e+03 1.795223620717343715e-03
1.078000000000000000e+03 1.797917693060287333e-03
1.079000000000000000e+03 1.794060176300948982e-03
1.080000000000000000e+03 1.795314051418386804e-03
1.081000000000000000e+03 1.791973880162874315e-03
1.082000000000000000e+03 1.790397263410735277e-03
1.083000000000000000e+03 1.797479846526945160e-03
1.084000000000000000e+03 1.795153800953808556e-03
1.085000000000000000e+03 1.793945532268788421e-03
1.086000000000000000e+03 1.794478737525596543e-03
1.087000000000000000e+03 1.793128257186895865e-03
1.088000000000000000e+03 1.798486647977614239e-03
1.089000000000000000e+03 1.792854953468100672e-03
1.090000000000000000e+03 1.791138857882624159e-03
1.091000000000000000e+03 1.793057109013848757e-03
1.092000000000000000e+03 1.792134813214878164e-03
1.093000000000000000e+03 1.790663263917287610e-03
1.094000000000000000e+03 1.805070411142931965e-03
1.095000000000000000e+03 1.793784795834392617e-03
1.096000000000000000e+03 1.798049531633198099e-03
1.097000000000000000e+03 1.804999672598325616e-03
1.098000000000000000e+03 1.788704150065886051e-03
1.099000000000000000e+03 1.786150911563708869e-03
1.100000000000000000e+03 1.791112439281020499e-03
1.101000000000000000e+03 1.789055696449826744e-03
1.102000000000000000e+03 1.798886530351765083e-03
1.103000000000000000e+03 1.786134373672675036e-03
1.104000000000000000e+03 1.793733709753488666e-03
1.105000000000000000e+03 1.800886292395535325e-03
1.106000000000000000e+03 1.790285151182872611e-03
1.107000000000000000e+03 1.788177078752605301e-03
1.108000000000000000e+03 1.792901244507980009e-03
1.109000000000000000e+03 1.785684186178215479e-03
1.110000000000000000e+03 1.799510425833742225e-03
1.111000000000000000e+03 1.787516803435370812e-03
1.112000000000000000e+03 1.787574589969850207e-03
1.113000000000000000e+03 1.786058330621531328e-03
1.114000000000000000e+03 1.785626028096056741e-03
1.115000000000000000e+03 1.791161997727708059e-03
1.116000000000000000e+03 1.783593392556483831e-03
1.117000000000000000e+03 1.785498720981506214e-03
1.118000000000000000e+03 1.798513624760638037e-03
1.119000000000000000e+03 1.797571220698564436e-03
1.120000000000000000e+03 1.793591819767688389e-03
1.121000000000000000e+03 1.787091526573909026e-03
1.122000000000000000e+03 1.782306232418458822e-03
1.123000000000000000e+03 1.785939964266073298e-03
1.124000000000000000e+03 1.784623744293140080e-03
1.125000000000000000e+03 1.787292614372284821e-03
1.126000000000000000e+03 1.783100753093436056e-03
1.127000000000000000e+03 1.789033989807404211e-03
1.128000000000000000e+03 1.790747721898672869e-03
1.129000000000000000e+03 1.791901807098109957e-03
1.130000000000000000e+03 1.788257029953929439e-03
1.131000000000000000e+03 1.789707109223032284e-03
1.132000000000000000e+03 1.782780378743852338e-03
1.133000000000000000e+03 1.783758060754349556e-03
1.134000000000000000e+03 1.783716205868279532e-03
1.135000000000000000e+03 1.784141330680982535e-03
1.136000000000000000e+03 1.789206676695031606e-03
1.137000000000000000e+03 1.775749008575641793e-03
1.138000000000000000e+03 1.783189277642329394e-03
1.139000000000000000e+03 1.779079726253976913e-03
1.140000000000000000e+03 1.787954213266213519e-03
1.141000000000000000e+03 1.782656226258963255e-03
1.142000000000000000e+03 1.788084837700590433e-03
1.143000000000000000e+03 1.780604115470328045e-03
1.144000000000000000e+03 1.781402990824018824e-03
1.145000000000000000e+03 1.778994651665862219e-03
1.146000000000000000e+03 1.781116486268395464e-03
1.147000000000000000e+03 1.780316364172257557e-03
1.148000000000000000e+03 1.778070734364744880e-03
1.149000000000000000e+03 1.800714891302577451e-03
1.150000000000000000e+03 1.784842894787046783e-03
1.151000000000000000e+03 1.780298661774045972e-03
1.152000000000000000e+03 1.781898240869463123e-03
1.153000000000000000e+03 1.777979810760286876e-03
1.154000000000000000e+03 1.776925259747303689e-03
1.155000000000000000e+03 1.778678377173263875e-03
1.156000000000000000e+03 1.781828830883800405e-03
1.157000000000000000e+03 1.778465332798641199e-03
1.158000000000000000e+03 1.782884635133593493e-03
1.159000000000000000e+03 1.777328553892499469e-03
1.160000000000000000e+03 1.786530665417955912e-03
1.161000000000000000e+03 1.779190594809533597e-03
1.162000000000000000e+03 1.779400054898581766e-03
1.163000000000000000e+03 1.780908596801147664e-03
1.164000000000000000e+03 1.778454448693065400e-03
1.165000000000000000e+03 1.780062072911948188e-03
1.166000000000000000e+03 1.780524389694610474e-03
1.167000000000000000e+03 1.773527533190042684e-03
1.168000000000000000e+03 1.782146026588700286e-03
1.169000000000000000e+03 1.776339540718481968e-03
1.170000000000000000e+03 1.782727740680899653e-03
1.171000000000000000e+03 1.775602433515527552e-03
1.172000000000000000e+03 1.774305551095134480e-03
1.173000000000000000e+03 1.778281586648504994e-03
1.174000000000000000e+03 1.778840720665042030e-03
1.175000000000000000e+03 1.775975139659675484e-03
1.176000000000000000e+03 1.776509514214825568e-03
1.177000000000000000e+03 1.777646505894969493e-03
1.178000000000000000e+03 1.775307120891231544e-03
1.179000000000000000e+03 1.780655631669851753e-03
1.180000000000000000e+03 1.778286623421290302e-03
1.181000000000000000e+03 1.781961989674912426e-03
1.182000000000000000e+03 1.777750844526885523e-03
1.183000000000000000e+03 1.778389375548984717e-03
1.184000000000000000e+03 1.775329113984739585e-03
1.185000000000000000e+03 1.771492934044050600e-03
1.186000000000000000e+03 1.770275384005956130e-03
1.187000000000000000e+03 1.771324894647657074e-03
1.188000000000000000e+03 1.771601076519869903e-03
1.189000000000000000e+03 1.778452540375824410e-03
1.190000000000000000e+03 1.771881140070203807e-03
1.191000000000000000e+03 1.778383618201407517e-03
1.192000000000000000e+03 1.772950948181206861e-03
1.193000000000000000e+03 1.769137117761983595e-03
1.194000000000000000e+03 1.772516018356150823e-03
1.195000000000000000e+03 1.770268790150668174e-03
1.196000000000000000e+03 1.776975824994123663e-03
1.197000000000000000e+03 1.776140701492097320e-03
1.198000000000000000e+03 1.779734130822589787e-03
1.199000000000000000e+03 1.769307294642175369e-03
1.200000000000000000e+03 1.771429952667031345e-03
1.201000000000000000e+03 1.773792704233062871e-03
1.202000000000000000e+03 1.768750984195918913e-03
1.203000000000000000e+03 1.769265935445523893e-03
1.204000000000000000e+03 1.767918455372064108e-03
1.205000000000000000e+03 1.774798364785128927e-03
1.206000000000000000e+03 1.771095897597326201e-03
1.207000000000000000e+03 1.777836416552073303e-03
1.208000000000000000e+03 1.771220432745922646e-03
1.209000000000000000e+03 1.767617553623479715e-03
1.210000000000000000e+03 1.768797665213870220e-03
1.211000000000000000e+03 1.769823681444622748e-03
1.212000000000000000e+03 1.766337523880533340e-03
1.213000000000000000e+03 1.772286964664080908e-03
1.214000000000000000e+03 1.770671399430533274e-03
1.215000000000000000e+03 1.767265602426842854e-03
1.216000000000000000e+03 1.769137009346848652e-03
1.217000000000000000e+03 1.768040491172898163e-03
1.218000000000000000e+03 1.767325274574816371e-03
1.219000000000000000e+03 1.775041214532423499e-03
1.220000000000000000e+03 1.775876686349666137e-03
1.221000000000000000e+03 1.769321894779243235e-03
1.222000000000000000e+03 1.773552624074565534e-03
1.223000000000000000e+03 1.766926361543408102e-03
1.224000000000000000e+03 1.765272720049616308e-03
1.225000000000000000e+03 1.770524494409459219e-03
1.226000000000000000e+03 1.768149633308004022e-03
1.227000000000000000e+03 1.764593510679447145e-03
1.228000000000000000e+03 1.765526887115284561e-03
1.229000000000000000e+03 1.765047525138644866e-03
1.230000000000000000e+03 1.765539074336262403e-03
1.231000000000000000e+03 1.765530704286280951e-03
1.232000000000000000e+03 1.765435342697695619e-03
1.233000000000000000e+03 1.766840686045871144e-03
1.234000000000000000e+03 1.764875144246140590e-03
1.235000000000000000e+03 1.762332544278350389e-03
1.236000000000000000e+03 1.765324468864041315e-03
1.237000000000000000e+03 1.762734219743638175e-03
1.238000000000000000e+03 1.763126423697984526e-03
1.239000000000000000e+03 1.766950658106477938e-03
1.240000000000000000e+03 1.764641706433250174e-03
1.241000000000000000e+03 1.766422783788738904e-03
1.242000000000000000e+03 1.763699367898366802e-03
1.243000000000000000e+03 1.764595086640509099e-03
1.244000000000000000e+03 1.766408278681435478e-03
1.245000000000000000e+03 1.762575821238673585e-03
1.246000000000000000e+03 1.766692114493114470e-03
1.247000000000000000e+03 1.764279638398500187e-03
1.248000000000000000e+03 1.764594298849346933e-03
1.249000000000000000e+03 1.760643028489437909e-03
1.250000000000000000e+03 1.768981054331578498e-03
1.251000000000000000e+03 1.762939917295200127e-03
1.252000000000000000e+03 1.760479665452477317e-03
1.253000000000000000e+03 1.763052162550580396e-03
1.254000000000000000e+03 1.760570504982393071e-03
1.255000000000000000e+03 1.768459988257172280e-03
1.256000000000000000e+03 1.767316345853534726e-03
1.257000000000000000e+03 1.763393914197885614e-03
1.258000000000000000e+03 1.760299798049413554e-03
1.259000000000000000e+03 1.760956032805315692e-03
1.260000000000000000e+03 1.759128027742927090e-03
1.261000000000000000e+03 1.760049664779066072e-03
1.262000000000000000e+03 1.765113795134645421e-03
1.263000000000000000e+03 1.761341181504167200e-03
1.264000000000000000e+03 1.760155886618850179e-03
1.265000000000000000e+03 1.759643930734969318e-03
1.266000000000000000e+03 1.760526713506617609e-03
1.267000000000000000e+03 1.761766360798785493e-03
1.268000000000000000e+03 1.757358307495412476e-03
1.269000000000000000e+03 1.761145828908769733e-03
1.270000000000000000e+03 1.758300003347800086e-03
1.271000000000000000e+03 1.760979354918694884e-03
1.272000000000000000e+03 1.761194547839195013e-03
1.273000000000000000e+03 1.760297392738795989e-03
1.274000000000000000e+03 1.764988680231814122e-03
1.275000000000000000e+03 1.756607902000345599e-03
1.276000000000000000e+03 1.762116302781225859e-03
1.277000000000000000e+03 1.756425641077316926e-03
1.278000000000000000e+03 1.757744279091173452e-03
1.279000000000000000e+03 1.761829171858035744e-03
1.280000000000000000e+03 1.764440823256083245e-03
1.281000000000000000e+03 1.761047824647544438e-03
1.282000000000000000e+03 1.765606704957616664e-03
1.283000000000000000e+03 1.760426089623767223e-03
1.284000000000000000e+03 1.758136110720717304e-03
1.285000000000000000e+03 1.758525036299324806e-03
1.286000000000000000e+03 1.753238860298178244e-03
1.287000000000000000e+03 1.765868179012680412e-03
1.288000000000000000e+03 1.759640338655109196e-03
1.289000000000000000e+03 1.755486748944218604e-03
1.290000000000000000e+03 1.757749429166410816e-03
1.291000000000000000e+03 1.755477645626988365e-03
1.292000000000000000e+03 1.754439648387205253e-03
1.293000000000000000e+03 1.753467103743022509e-03
1.294000000000000000e+03 1.758677974025953366e-03
1.295000000000000000e+03 1.758080577459688763e-03
1.296000000000000000e+03 1.754971485233264294e-03
1.297000000000000000e+03 1.752684970562668008e-03
1.298000000000000000e+03 1.757980640135900583e-03
1.299000000000000000e+03 1.754832109467354892e-03
1.300000000000000000e+03 1.760761972990593704e-03
1.301000000000000000e+03 1.753936506643486489e-03
1.302000000000000000e+03 1.753602376024407947e-03
1.303000000000000000e+03 1.753917639258843145e-03
1.304000000000000000e+03 1.756330344213810190e-03
1.305000000000000000e+03 1.751560845947464952e-03
1.306000000000000000e+03 1.754378540489740217e-03
1.307000000000000000e+03 1.754869303116117539e-03
1.308000000000000000e+03 1.757227868904108264e-03
1.309000000000000000e+03 1.759333617754999359e-03
1.310000000000000000e+03 1.755708515309431115e-03
1.311000000000000000e+03 1.753436731475978023e-03
