0.000000000000000000e+00 1.184668374473475245e-09
1.000000000000000000e+00 1.901756718441795600e-10
2.000000000000000000e+00 1.483243848464054876e-10
3.000000000000000000e+00 1.423953277745711157e-10
4.000000000000000000e+00 1.393424049187361668e-10
5.000000000000000000e+00 1.380785882939017328e-10
6.000000000000000000e+00 1.366284437455520616e-10
7.000000000000000000e+00 1.353304346432640001e-10
8.000000000000000000e+00 1.330786840174891415e-10
9.000000000000000000e+00 1.316554447326327515e-10
1.000000000000000000e+01 1.293396301004097960e-10
1.100000000000000000e+01 1.282097441984801236e-10
1.200000000000000000e+01 1.249191639592761945e-10
1.300000000000000000e+01 1.246693633945874553e-10
1.400000000000000000e+01 1.229671663544790446e-10
1.500000000000000000e+01 1.198114237042439686e-10
1.600000000000000000e+01 1.177161665345079351e-10
1.700000000000000000e+01 1.166253192472509101e-10
1.800000000000000000e+01 1.147931831983104973e-10
1.900000000000000000e+01 1.122991584917652407e-10
2.000000000000000000e+01 1.095934723444205271e-10
2.100000000000000000e+01 1.085938459034092607e-10
2.200000000000000000e+01 1.071921170384923919e-10
2.300000000000000000e+01 1.039349685254175595e-10
2.400000000000000000e+01 1.063980411399789306e-10
2.500000000000000000e+01 1.005946384600281617e-10
2.600000000000000000e+01 9.882222773755528355e-11
2.700000000000000000e+01 9.758404215519215727e-11
2.800000000000000000e+01 9.554880725902863468e-11
2.900000000000000000e+01 9.334823153568944063e-11
3.000000000000000000e+01 9.436675059012825643e-11
3.100000000000000000e+01 9.304557132598620576e-11
3.200000000000000000e+01 9.017283214040536932e-11
3.300000000000000000e+01 8.766350474549558770e-11
3.400000000000000000e+01 8.729214575281545397e-11
3.500000000000000000e+01 8.775743590864971031e-11
3.600000000000000000e+01 8.523349548326966879e-11
3.700000000000000000e+01 8.450076309678182482e-11
3.800000000000000000e+01 8.050017294825670835e-11
3.900000000000000000e+01 8.016804459790438477e-11
4.000000000000000000e+01 7.897998309539060212e-11
4.100000000000000000e+01 7.783341888337816459e-11
4.200000000000000000e+01 7.931508178710834003e-11
4.300000000000000000e+01 7.938194996092231031e-11
4.400000000000000000e+01 7.559326254958320962e-11
4.500000000000000000e+01 7.429835019703801049e-11
4.600000000000000000e+01 7.272050814880690146e-11
4.700000000000000000e+01 7.276448846707835926e-11
4.800000000000000000e+01 7.161921285100433636e-11
4.900000000000000000e+01 7.069706501314222389e-11
5.000000000000000000e+01 7.127854835355742806e-11
5.100000000000000000e+01 7.082675439088373598e-11
5.200000000000000000e+01 7.035984398125927033e-11
5.300000000000000000e+01 6.797900670414105281e-11
5.400000000000000000e+01 6.793431723288870365e-11
5.500000000000000000e+01 6.650587965120888846e-11
5.600000000000000000e+01 6.793410621888807822e-11
5.700000000000000000e+01 6.657689569534211277e-11
5.800000000000000000e+01 6.528143701490950610e-11
5.900000000000000000e+01 6.467220282820197318e-11
6.000000000000000000e+01 6.461354523852615829e-11
6.100000000000000000e+01 6.696935760806028693e-11
6.200000000000000000e+01 6.400688906519607643e-11
6.300000000000000000e+01 6.300378381732790440e-11
6.400000000000000000e+01 6.270871128060258720e-11
6.500000000000000000e+01 6.225844078835058751e-11
6.600000000000000000e+01 6.184388373197503426e-11
6.700000000000000000e+01 6.161355503240205863e-11
6.800000000000000000e+01 6.321732012676923507e-11
6.900000000000000000e+01 6.111537889980385098e-11
7.000000000000000000e+01 6.070035447463384949e-11
7.100000000000000000e+01 6.040618624869478187e-11
7.200000000000000000e+01 6.033903851524780079e-11
7.300000000000000000e+01 6.075736325367892473e-11
7.400000000000000000e+01 6.157733118159907606e-11
7.500000000000000000e+01 5.958192558719697869e-11
7.600000000000000000e+01 5.983976119284844337e-11
7.700000000000000000e+01 6.190099314100192987e-11
7.800000000000000000e+01 6.119301154218764027e-11
7.900000000000000000e+01 5.830862813947623490e-11
8.000000000000000000e+01 5.823390611712778753e-11
8.100000000000000000e+01 5.803196162796202671e-11
8.200000000000000000e+01 5.779795970655587655e-11
8.300000000000000000e+01 5.766819629740723677e-11
8.400000000000000000e+01 5.863709792686011739e-11
8.500000000000000000e+01 5.756106287941343503e-11
8.600000000000000000e+01 5.712823710043838722e-11
8.700000000000000000e+01 5.795816494779618559e-11
8.800000000000000000e+01 5.776750616852353477e-11
8.900000000000000000e+01 6.050117272890446247e-11
9.000000000000000000e+01 5.856280844084494599e-11
9.100000000000000000e+01 5.882770433921575548e-11
9.200000000000000000e+01 5.900048431784577699e-11
9.300000000000000000e+01 5.668412755937956062e-11
9.400000000000000000e+01 5.805774057941931874e-11
9.500000000000000000e+01 5.922864692906195957e-11
9.600000000000000000e+01 5.575489245375350644e-11
9.700000000000000000e+01 5.646394371778553664e-11
9.800000000000000000e+01 5.574554950512082416e-11
9.900000000000000000e+01 5.624629790248930792e-11
1.000000000000000000e+02 5.719553639157762317e-11
1.010000000000000000e+02 5.606585702947325893e-11
1.020000000000000000e+02 5.592087151463893989e-11
1.030000000000000000e+02 5.664102310054695085e-11
1.040000000000000000e+02 5.637111897538050837e-11
1.050000000000000000e+02 5.660157107723920390e-11
1.060000000000000000e+02 5.534889133319482704e-11
1.070000000000000000e+02 5.534428461897492665e-11
1.080000000000000000e+02 5.741668636036074948e-11
1.090000000000000000e+02 5.640396562466259223e-11
1.100000000000000000e+02 5.566352331262797165e-11
1.110000000000000000e+02 5.579284943980927439e-11
1.120000000000000000e+02 5.725313735100292359e-11
1.130000000000000000e+02 6.120655572965339099e-11
1.140000000000000000e+02 5.685070286812549149e-11
1.150000000000000000e+02 5.573547622897680141e-11
1.160000000000000000e+02 6.011606555852455523e-11
1.170000000000000000e+02 5.759780263567199417e-11
1.180000000000000000e+02 5.489739332154770931e-11
1.190000000000000000e+02 5.525282959296665927e-11
1.200000000000000000e+02 5.456303871732216023e-11
1.210000000000000000e+02 5.463484543516522676e-11
1.220000000000000000e+02 5.426148241899352545e-11
1.230000000000000000e+02 5.443972084346228784e-11
1.240000000000000000e+02 5.490686364285358425e-11
1.250000000000000000e+02 5.572004776394832598e-11
1.260000000000000000e+02 5.761099109828505638e-11
1.270000000000000000e+02 5.605358846476459068e-11
1.280000000000000000e+02 5.681999330178036732e-11
1.290000000000000000e+02 5.448291957341016372e-11
1.300000000000000000e+02 5.866148523717542124e-11
1.310000000000000000e+02 5.514953595510817327e-11
1.320000000000000000e+02 5.406264901378581420e-11
1.330000000000000000e+02 5.433994159166266738e-11
1.340000000000000000e+02 5.388912419524156527e-11
1.350000000000000000e+02 5.401419977524975167e-11
1.360000000000000000e+02 5.430949252024934149e-11
1.370000000000000000e+02 5.489688135120923810e-11
1.380000000000000000e+02 5.402609163282382461e-11
1.390000000000000000e+02 5.558028491982718640e-11
1.400000000000000000e+02 5.728532694961130476e-11
1.410000000000000000e+02 5.399352706802211153e-11
1.420000000000000000e+02 5.421186242172746446e-11
1.430000000000000000e+02 5.531000461091841919e-11
1.440000000000000000e+02 5.396963388417051680e-11
1.450000000000000000e+02 5.670780822246166811e-11
1.460000000000000000e+02 5.458403948088142241e-11
1.470000000000000000e+02 5.388144865048006204e-11
1.480000000000000000e+02 5.450467344745415841e-11
1.490000000000000000e+02 5.413799726317478246e-11
1.500000000000000000e+02 5.834770750863724765e-11
1.510000000000000000e+02 6.136635965828508065e-11
1.520000000000000000e+02 5.575968200668396882e-11
1.530000000000000000e+02 5.427385606728926233e-11
1.540000000000000000e+02 5.415796034845627801e-11
1.550000000000000000e+02 5.492316897903829649e-11
1.560000000000000000e+02 5.524345757701249607e-11
1.570000000000000000e+02 5.673030299151739977e-11
1.580000000000000000e+02 5.395203405410084623e-11
1.590000000000000000e+02 5.408399955134368292e-11
1.600000000000000000e+02 5.439646219349762438e-11
1.610000000000000000e+02 5.341551511287940305e-11
1.620000000000000000e+02 5.346681533830015295e-11
1.630000000000000000e+02 5.338799295332138449e-11
1.640000000000000000e+02 5.512780527079378824e-11
1.650000000000000000e+02 5.470520639010844140e-11
1.660000000000000000e+02 5.427738864980513641e-11
1.670000000000000000e+02 5.321316528439926828e-11
1.680000000000000000e+02 5.353103868071075894e-11
1.690000000000000000e+02 5.455821994953922659e-11
1.700000000000000000e+02 5.365527395248508896e-11
1.710000000000000000e+02 5.422205269493715091e-11
1.720000000000000000e+02 5.396059478488140137e-11
1.730000000000000000e+02 5.379906757255125449e-11
1.740000000000000000e+02 5.380232090301479850e-11
1.750000000000000000e+02 5.471033797366545692e-11
1.760000000000000000e+02 5.304977038289291324e-11
1.770000000000000000e+02 5.318237377110967452e-11
1.780000000000000000e+02 5.319539940119672492e-11
1.790000000000000000e+02 5.301449998059783849e-11
1.800000000000000000e+02 5.305414975040851083e-11
1.810000000000000000e+02 5.295394618528399685e-11
1.820000000000000000e+02 5.377207099216513797e-11
1.830000000000000000e+02 5.371628515724825326e-11
1.840000000000000000e+02 5.323698155100780901e-11
1.850000000000000000e+02 5.399284358834996810e-11
1.860000000000000000e+02 5.419921019045600358e-11
1.870000000000000000e+02 5.434586289127238957e-11
1.880000000000000000e+02 5.401981889961067592e-11
1.890000000000000000e+02 5.345992937056541125e-11
1.900000000000000000e+02 5.309254629334157803e-11
1.910000000000000000e+02 5.303425270797938412e-11
1.920000000000000000e+02 5.433141504607079103e-11
1.930000000000000000e+02 5.417537942745401688e-11
1.940000000000000000e+02 5.578980337447867180e-11
1.950000000000000000e+02 5.310812986390605248e-11
1.960000000000000000e+02 5.336700694954139769e-11
1.970000000000000000e+02 5.465585878393441639e-11
1.980000000000000000e+02 5.303939522725896000e-11
1.990000000000000000e+02 5.337567792194995832e-11
2.000000000000000000e+02 5.291674755941060247e-11
2.010000000000000000e+02 5.324302279310572288e-11
2.020000000000000000e+02 5.351072205042824003e-11
2.030000000000000000e+02 5.557348247294420719e-11
2.040000000000000000e+02 5.381370120555543252e-11
2.050000000000000000e+02 5.398537375046895240e-11
2.060000000000000000e+02 5.489600666019512317e-11
2.070000000000000000e+02 5.314712092553205480e-11
2.080000000000000000e+02 5.292194617131101974e-11
2.090000000000000000e+02 5.308466329423835058e-11
2.100000000000000000e+02 5.296729784835190227e-11
2.110000000000000000e+02 5.290970729613425904e-11
2.120000000000000000e+02 5.302307901129388637e-11
2.130000000000000000e+02 5.434028860038197173e-11
2.140000000000000000e+02 5.417813424425582632e-11
2.150000000000000000e+02 5.349605500722144194e-11
2.160000000000000000e+02 5.333539855765590057e-11
2.170000000000000000e+02 5.400308467631754889e-11
2.180000000000000000e+02 5.292099405314359670e-11
2.190000000000000000e+02 5.462843019979623712e-11
2.200000000000000000e+02 5.433970352956485356e-11
2.210000000000000000e+02 5.371005668552709059e-11
2.220000000000000000e+02 5.380292544742307858e-11
