0.000000000000000000e+00 1.485872972615280476e-03
1.000000000000000000e+00 1.312785871007361087e-04
2.000000000000000000e+00 1.044620068415355206e-04
3.000000000000000000e+00 1.024785118620982972e-04
4.000000000000000000e+00 1.013539016151958230e-04
5.000000000000000000e+00 1.006678954514092603e-04
6.000000000000000000e+00 9.980354311005532129e-05
7.000000000000000000e+00 9.902116165067906153e-05
8.000000000000000000e+00 9.832790901326051987e-05
9.000000000000000000e+00 9.706295787759947752e-05
1.000000000000000000e+01 9.605704158161454051e-05
1.100000000000000000e+01 9.526835995284470824e-05
1.200000000000000000e+01 9.400685508988660072e-05
1.300000000000000000e+01 9.290564362818563892e-05
1.400000000000000000e+01 9.148758196508351853e-05
1.500000000000000000e+01 9.012146172266978202e-05
1.600000000000000000e+01 8.845205942373878341e-05
1.700000000000000000e+01 8.648255054792506886e-05
1.800000000000000000e+01 8.411785725140211514e-05
1.900000000000000000e+01 8.122276297314628046e-05
2.000000000000000000e+01 7.661009806327563946e-05
2.100000000000000000e+01 6.887896226574328378e-05
2.200000000000000000e+01 5.524908011216845790e-05
2.300000000000000000e+01 3.307527280217680812e-05
2.400000000000000000e+01 1.369775183398999732e-05
2.500000000000000000e+01 7.363546020102856441e-06
2.600000000000000000e+01 6.125671437180170794e-06
2.700000000000000000e+01 5.043774640539596631e-06
2.800000000000000000e+01 4.527834291404222825e-06
2.900000000000000000e+01 4.063695283840019184e-06
3.000000000000000000e+01 3.689153346766052929e-06
3.100000000000000000e+01 3.428661949413569581e-06
3.200000000000000000e+01 3.182495968376486460e-06
3.300000000000000000e+01 3.003550449867408390e-06
3.400000000000000000e+01 2.742817156999553299e-06
3.500000000000000000e+01 2.567525365951888411e-06
3.600000000000000000e+01 2.403521195637163871e-06
3.700000000000000000e+01 2.238305562148549123e-06
3.800000000000000000e+01 2.140734975218299052e-06
3.900000000000000000e+01 1.993312013996482484e-06
4.000000000000000000e+01 1.887247885234132049e-06
4.100000000000000000e+01 1.781635467633180665e-06
4.200000000000000000e+01 1.706346145313204059e-06
4.300000000000000000e+01 1.581040098096814343e-06
4.400000000000000000e+01 1.514723312268831897e-06
4.500000000000000000e+01 1.465589404224078429e-06
4.600000000000000000e+01 1.394012476062996866e-06
4.700000000000000000e+01 1.334955174249285133e-06
4.800000000000000000e+01 1.295567743590870615e-06
4.900000000000000000e+01 1.255822785427471769e-06
5.000000000000000000e+01 1.200343248542540210e-06
5.100000000000000000e+01 1.166031824192122496e-06
5.200000000000000000e+01 1.150681614650049357e-06
5.300000000000000000e+01 1.101312540644391864e-06
5.400000000000000000e+01 1.069240632953474576e-06
5.500000000000000000e+01 1.029781756206516973e-06
5.600000000000000000e+01 1.029488905478957467e-06
5.700000000000000000e+01 9.676319647498665889e-07
5.800000000000000000e+01 9.632639536138980908e-07
5.900000000000000000e+01 9.289045475179305676e-07
6.000000000000000000e+01 9.187234182644730360e-07
6.100000000000000000e+01 8.738377057304199970e-07
6.200000000000000000e+01 8.571195215395646438e-07
6.300000000000000000e+01 8.347980149829717095e-07
6.400000000000000000e+01 8.020993996452851107e-07
6.500000000000000000e+01 7.829465678283171130e-07
6.600000000000000000e+01 7.737114862536114598e-07
6.700000000000000000e+01 7.434262686855715752e-07
6.800000000000000000e+01 7.291042571629353845e-07
6.900000000000000000e+01 7.074618790486021121e-07
7.000000000000000000e+01 6.903165961335026002e-07
7.100000000000000000e+01 6.705531434796173171e-07
7.200000000000000000e+01 6.878587262934584862e-07
7.300000000000000000e+01 6.480487380716492043e-07
7.400000000000000000e+01 6.297847018294678910e-07
7.500000000000000000e+01 6.123272605144350228e-07
7.600000000000000000e+01 5.961255777543949933e-07
7.700000000000000000e+01 5.834148726516512973e-07
7.800000000000000000e+01 5.716051129091196928e-07
7.900000000000000000e+01 5.503850528026940992e-07
8.000000000000000000e+01 5.369984349373568761e-07
8.100000000000000000e+01 5.330842767668293624e-07
8.200000000000000000e+01 5.181652480883800607e-07
8.300000000000000000e+01 5.054902717475410255e-07
8.400000000000000000e+01 4.923130555986464219e-07
8.500000000000000000e+01 4.838289717758352602e-07
8.600000000000000000e+01 4.722053453572627406e-07
8.700000000000000000e+01 4.609962439982847508e-07
8.800000000000000000e+01 4.501429640528601346e-07
8.900000000000000000e+01 4.443896236299041309e-07
9.000000000000000000e+01 4.370720395182113892e-07
9.100000000000000000e+01 4.196592405380935448e-07
9.200000000000000000e+01 4.137979508751380708e-07
9.300000000000000000e+01 4.069266593482330939e-07
9.400000000000000000e+01 3.956557479292928842e-07
9.500000000000000000e+01 3.901908980292234344e-07
9.600000000000000000e+01 3.849244793488054977e-07
9.700000000000000000e+01 3.742914126160445598e-07
9.800000000000000000e+01 3.658289840390853903e-07
9.900000000000000000e+01 3.610842402096148494e-07
1.000000000000000000e+02 3.589092118320042260e-07
1.010000000000000000e+02 3.503478906142840491e-07
1.020000000000000000e+02 3.387409150510451816e-07
1.030000000000000000e+02 3.287379755952985974e-07
1.040000000000000000e+02 3.262332355904215754e-07
1.050000000000000000e+02 3.168560322999540589e-07
1.060000000000000000e+02 3.160102383185625784e-07
1.070000000000000000e+02 3.091717363809046342e-07
1.080000000000000000e+02 3.008902352582475824e-07
1.090000000000000000e+02 2.987036628338054597e-07
1.100000000000000000e+02 2.903284851746060382e-07
1.110000000000000000e+02 2.972924929341241048e-07
1.120000000000000000e+02 2.850182273755689770e-07
1.130000000000000000e+02 2.787145403008460820e-07
1.140000000000000000e+02 2.708707671517127255e-07
1.150000000000000000e+02 2.679360598290963895e-07
1.160000000000000000e+02 2.604686336392113160e-07
1.170000000000000000e+02 2.597201341372475099e-07
1.180000000000000000e+02 2.532057451393918173e-07
1.190000000000000000e+02 2.490794835309827547e-07
1.200000000000000000e+02 2.490513408131686366e-07
1.210000000000000000e+02 2.391695468435366974e-07
1.220000000000000000e+02 2.376476549478492443e-07
1.230000000000000000e+02 2.331422251639881790e-07
1.240000000000000000e+02 2.327871674589919362e-07
1.250000000000000000e+02 2.296917702521012009e-07
1.260000000000000000e+02 2.243080088365476076e-07
1.270000000000000000e+02 2.268681858121909349e-07
1.280000000000000000e+02 2.183567107707002782e-07
1.290000000000000000e+02 2.195639100509551572e-07
1.300000000000000000e+02 2.162038859383245979e-07
1.310000000000000000e+02 2.109950732014843802e-07
1.320000000000000000e+02 2.339525262958449495e-07
1.330000000000000000e+02 2.044898615061314074e-07
1.340000000000000000e+02 2.017483563576704438e-07
1.350000000000000000e+02 1.984092397717107874e-07
1.360000000000000000e+02 1.925029344678804186e-07
1.370000000000000000e+02 1.931542526580362571e-07
1.380000000000000000e+02 1.885555460813686372e-07
1.390000000000000000e+02 1.873090729857910488e-07
1.400000000000000000e+02 1.821995016232526594e-07
1.410000000000000000e+02 1.844965803191417116e-07
1.420000000000000000e+02 1.819258437157883654e-07
1.430000000000000000e+02 1.815554519412238398e-07
1.440000000000000000e+02 1.756991075699533112e-07
1.450000000000000000e+02 1.853894285699343084e-07
1.460000000000000000e+02 1.794142877794088045e-07
1.470000000000000000e+02 1.741439440599931296e-07
1.480000000000000000e+02 1.678607890953100520e-07
1.490000000000000000e+02 1.636522768155555988e-07
1.500000000000000000e+02 1.657898278880556913e-07
1.510000000000000000e+02 1.627731390208259452e-07
1.520000000000000000e+02 1.651178971814615427e-07
1.530000000000000000e+02 1.581287445194435873e-07
1.540000000000000000e+02 1.600962912192776426e-07
1.550000000000000000e+02 1.559443829519686225e-07
1.560000000000000000e+02 1.543957119641171589e-07
1.570000000000000000e+02 1.516152200986917812e-07
1.580000000000000000e+02 1.529599985797842657e-07
1.590000000000000000e+02 1.529449655507129789e-07
1.600000000000000000e+02 1.495918080139311496e-07
1.610000000000000000e+02 1.501096702209960901e-07
1.620000000000000000e+02 1.447374409237970706e-07
1.630000000000000000e+02 1.441122016880449705e-07
1.640000000000000000e+02 1.410076112467933256e-07
1.650000000000000000e+02 1.392258551271978083e-07
1.660000000000000000e+02 1.537945469107999194e-07
1.670000000000000000e+02 1.466271155618758383e-07
1.680000000000000000e+02 1.394231289676572466e-07
1.690000000000000000e+02 1.376381909633437056e-07
1.700000000000000000e+02 1.359161685812610455e-07
1.710000000000000000e+02 1.305351278222524240e-07
1.720000000000000000e+02 1.334893628899367820e-07
1.730000000000000000e+02 1.278217139117245948e-07
1.740000000000000000e+02 1.294103254803845251e-07
1.750000000000000000e+02 1.286294454873921607e-07
1.760000000000000000e+02 1.299621504118352780e-07
1.770000000000000000e+02 1.286603729257143289e-07
1.780000000000000000e+02 1.244128789519308553e-07
1.790000000000000000e+02 1.222346178304021925e-07
1.800000000000000000e+02 1.247900697309014015e-07
1.810000000000000000e+02 1.231099016448156963e-07
1.820000000000000000e+02 1.226427640570255793e-07
1.830000000000000000e+02 1.174433526494841724e-07
1.840000000000000000e+02 1.184397884430354536e-07
1.850000000000000000e+02 1.162502022611188868e-07
1.860000000000000000e+02 1.182955383914024446e-07
1.870000000000000000e+02 1.146211128407457398e-07
1.880000000000000000e+02 1.166768049304974267e-07
1.890000000000000000e+02 1.147657097108286597e-07
1.900000000000000000e+02 1.133358418489661499e-07
1.910000000000000000e+02 1.180216148358748754e-07
1.920000000000000000e+02 1.112173975800155714e-07
1.930000000000000000e+02 1.147969231853257308e-07
1.940000000000000000e+02 1.118188936161758770e-07
1.950000000000000000e+02 1.140074348490460757e-07
1.960000000000000000e+02 1.089503955469030051e-07
1.970000000000000000e+02 1.146621848895859672e-07
1.980000000000000000e+02 1.084468313223184702e-07
1.990000000000000000e+02 1.062207252004156488e-07
2.000000000000000000e+02 1.092138844398541019e-07
2.010000000000000000e+02 1.109729217562360861e-07
2.020000000000000000e+02 1.093459510099143481e-07
2.030000000000000000e+02 1.080516351252543417e-07
2.040000000000000000e+02 1.032729539982267692e-07
2.050000000000000000e+02 1.060251159965219987e-07
2.060000000000000000e+02 1.005194561018445563e-07
2.070000000000000000e+02 1.075945572123020710e-07
2.080000000000000000e+02 1.019677400866351785e-07
2.090000000000000000e+02 9.797478620483700498e-08
2.100000000000000000e+02 9.992333340318813727e-08
2.110000000000000000e+02 9.787710120220483608e-08
2.120000000000000000e+02 9.684773048049494536e-08
2.130000000000000000e+02 9.594180294876338714e-08
2.140000000000000000e+02 9.683912563284837259e-08
2.150000000000000000e+02 9.932411691141350667e-08
2.160000000000000000e+02 9.901503292773238391e-08
2.170000000000000000e+02 9.672600378417423486e-08
2.180000000000000000e+02 9.515887105419363834e-08
2.190000000000000000e+02 9.413197754737395374e-08
2.200000000000000000e+02 9.261024733097918567e-08
2.210000000000000000e+02 9.393781697803032287e-08
2.220000000000000000e+02 1.009179672280711684e-07
2.230000000000000000e+02 9.142833518524508723e-08
2.240000000000000000e+02 9.312835570662761698e-08
2.250000000000000000e+02 9.210265700900712415e-08
2.260000000000000000e+02 9.006873096300312387e-08
2.270000000000000000e+02 9.218290336793950976e-08
2.280000000000000000e+02 9.500830039665680987e-08
2.290000000000000000e+02 8.963274899328101244e-08
2.300000000000000000e+02 8.769781729124922837e-08
2.310000000000000000e+02 8.642656949865252643e-08
2.320000000000000000e+02 9.346372313609959635e-08
2.330000000000000000e+02 9.050180044603634119e-08
2.340000000000000000e+02 9.207572788081530697e-08
2.350000000000000000e+02 9.194358693142610849e-08
2.360000000000000000e+02 9.580893001063181728e-08
