0.000000000000000000e+00 6.897498286382944266e-02
1.000000000000000000e+00 3.910742771034986763e-03
2.000000000000000000e+00 2.350514504604387950e-03
3.000000000000000000e+00 2.265720540881126059e-03
4.000000000000000000e+00 2.247754158510306688e-03
5.000000000000000000e+00 2.237494501970652572e-03
6.000000000000000000e+00 2.238079222602777814e-03
7.000000000000000000e+00 2.227610982440214778e-03
8.000000000000000000e+00 2.216987967409957822e-03
9.000000000000000000e+00 2.210802720613603504e-03
1.000000000000000000e+01 2.203641988735239188e-03
1.100000000000000000e+01 2.191386694858838899e-03
1.200000000000000000e+01 2.185504205024699480e-03
1.300000000000000000e+01 2.180209768237139061e-03
1.400000000000000000e+01 2.166448909296151467e-03
1.500000000000000000e+01 2.157734208193410556e-03
1.600000000000000000e+01 2.156596547694254306e-03
1.700000000000000000e+01 2.143089826987542180e-03
1.800000000000000000e+01 2.135157174705027729e-03
1.900000000000000000e+01 2.120915680014105915e-03
2.000000000000000000e+01 2.112096226794873619e-03
2.100000000000000000e+01 2.097209387318972086e-03
2.200000000000000000e+01 2.088277029335234691e-03
2.300000000000000000e+01 2.093153170739734358e-03
2.400000000000000000e+01 2.065193800294831596e-03
2.500000000000000000e+01 2.057755089754702022e-03
2.600000000000000000e+01 2.038575666850113259e-03
2.700000000000000000e+01 2.024841285794563243e-03
2.800000000000000000e+01 2.017469118203104022e-03
2.900000000000000000e+01 2.007173716317515837e-03
3.000000000000000000e+01 1.989959340130125799e-03
3.100000000000000000e+01 1.974912180859140706e-03
3.200000000000000000e+01 1.952266903837070969e-03
3.300000000000000000e+01 1.932653757559149631e-03
3.400000000000000000e+01 1.911480083294262236e-03
3.500000000000000000e+01 1.887887176199430032e-03
3.600000000000000000e+01 1.857907728909706903e-03
3.700000000000000000e+01 1.829895253803793522e-03
3.800000000000000000e+01 1.784911126659682228e-03
3.900000000000000000e+01 1.729306683372213967e-03
4.000000000000000000e+01 1.656307709757966467e-03
4.100000000000000000e+01 1.541494298636131039e-03
4.200000000000000000e+01 1.350174220556583623e-03
4.300000000000000000e+01 1.076317826092817445e-03
4.400000000000000000e+01 7.334984257176302728e-04
4.500000000000000000e+01 4.586718072769214311e-04
4.600000000000000000e+01 3.290205699126660683e-04
4.700000000000000000e+01 2.697687598135245805e-04
4.800000000000000000e+01 2.274635026034994422e-04
4.900000000000000000e+01 1.996567673363938483e-04
5.000000000000000000e+01 1.844880032786106318e-04
5.100000000000000000e+01 1.660284182446503695e-04
5.200000000000000000e+01 1.498057533280790687e-04
5.300000000000000000e+01 1.443670430014193286e-04
5.400000000000000000e+01 1.327774998856860332e-04
5.500000000000000000e+01 1.256204097764076642e-04
5.600000000000000000e+01 1.210302592376345581e-04
5.700000000000000000e+01 1.186834719641515596e-04
5.800000000000000000e+01 1.099521119389646964e-04
5.900000000000000000e+01 1.071005215991869934e-04
6.000000000000000000e+01 1.039177941449273237e-04
6.100000000000000000e+01 1.007240902932665769e-04
6.200000000000000000e+01 9.805655739650893791e-05
6.300000000000000000e+01 9.429649315898793686e-05
6.400000000000000000e+01 9.686160773842594253e-05
6.500000000000000000e+01 9.320386272515273263e-05
6.600000000000000000e+01 8.802348943448685644e-05
6.700000000000000000e+01 8.680893293124588694e-05
6.800000000000000000e+01 8.449883762182345387e-05
6.900000000000000000e+01 8.338734639341048951e-05
7.000000000000000000e+01 8.258955702506472327e-05
7.100000000000000000e+01 8.103211076655672670e-05
7.200000000000000000e+01 7.931825810673822762e-05
7.300000000000000000e+01 7.696307028323303822e-05
7.400000000000000000e+01 7.610273089746337233e-05
7.500000000000000000e+01 7.671269199623729639e-05
7.600000000000000000e+01 7.451956814469080806e-05
7.700000000000000000e+01 7.461712252831157388e-05
7.800000000000000000e+01 7.140054841771681176e-05
7.900000000000000000e+01 7.310905285792794895e-05
8.000000000000000000e+01 7.069784448447771232e-05
8.100000000000000000e+01 6.896399979334687724e-05
8.200000000000000000e+01 6.823940318091880816e-05
8.300000000000000000e+01 6.780215309112674286e-05
8.400000000000000000e+01 6.699233015147907039e-05
8.500000000000000000e+01 6.554194698668895040e-05
8.600000000000000000e+01 6.538665919477862430e-05
8.700000000000000000e+01 6.486156395726683276e-05
8.800000000000000000e+01 6.385422946052801392e-05
8.900000000000000000e+01 6.227172560634847143e-05
9.000000000000000000e+01 6.217191407648934361e-05
9.100000000000000000e+01 6.170741503047142665e-05
9.200000000000000000e+01 6.315729523619306946e-05
9.300000000000000000e+01 6.038137373501852229e-05
9.400000000000000000e+01 5.975378862757965080e-05
9.500000000000000000e+01 5.991821146928012060e-05
9.600000000000000000e+01 5.815872877041878934e-05
9.700000000000000000e+01 5.790562616847847968e-05
9.800000000000000000e+01 5.748982620359755971e-05
9.900000000000000000e+01 5.693693717569489583e-05
1.000000000000000000e+02 5.637712531827166878e-05
1.010000000000000000e+02 5.582412626291706595e-05
1.020000000000000000e+02 5.516344663150568513e-05
1.030000000000000000e+02 5.577903720618847711e-05
1.040000000000000000e+02 5.433776863025748953e-05
1.050000000000000000e+02 5.398248980585789998e-05
1.060000000000000000e+02 5.344291692760959908e-05
1.070000000000000000e+02 5.278190124040997973e-05
1.080000000000000000e+02 5.266076363441113102e-05
1.090000000000000000e+02 5.191550432218851628e-05
1.100000000000000000e+02 5.247419403942095748e-05
1.110000000000000000e+02 5.154960405872537310e-05
1.120000000000000000e+02 5.054912494728958891e-05
1.130000000000000000e+02 5.082934012901085715e-05
1.140000000000000000e+02 4.989757245632436177e-05
1.150000000000000000e+02 5.007523071612222308e-05
1.160000000000000000e+02 4.985490218132160691e-05
1.170000000000000000e+02 4.871714443107918546e-05
1.180000000000000000e+02 4.874256281014438378e-05
1.190000000000000000e+02 4.903605620407003990e-05
1.200000000000000000e+02 4.801344564170662450e-05
1.210000000000000000e+02 4.778416399855745260e-05
1.220000000000000000e+02 4.713556982266925579e-05
1.230000000000000000e+02 4.691120382755385992e-05
1.240000000000000000e+02 4.673284851921409219e-05
1.250000000000000000e+02 4.623699082182861178e-05
1.260000000000000000e+02 4.719596758206898282e-05
1.270000000000000000e+02 4.604892970233343967e-05
1.280000000000000000e+02 4.512755598996891172e-05
1.290000000000000000e+02 4.495108898758320905e-05
1.300000000000000000e+02 4.628316030022864777e-05
1.310000000000000000e+02 4.444916737396269923e-05
1.320000000000000000e+02 4.430379024030488044e-05
1.330000000000000000e+02 4.383655198937074795e-05
1.340000000000000000e+02 4.391776444289068168e-05
1.350000000000000000e+02 4.358795422962930140e-05
1.360000000000000000e+02 4.449819825422889720e-05
1.370000000000000000e+02 4.469322037961826843e-05
1.380000000000000000e+02 4.302236926302943772e-05
1.390000000000000000e+02 4.266470377072238007e-05
1.400000000000000000e+02 4.239692369815504510e-05
1.410000000000000000e+02 4.205484050413263653e-05
1.420000000000000000e+02 4.227741784823383259e-05
1.430000000000000000e+02 4.209105435736762711e-05
1.440000000000000000e+02 4.146454523961785410e-05
1.450000000000000000e+02 4.217564870598767835e-05
1.460000000000000000e+02 4.157700631582900250e-05
1.470000000000000000e+02 4.100982770378040635e-05
1.480000000000000000e+02 4.063247227989730530e-05
1.490000000000000000e+02 4.041379363025674165e-05
1.500000000000000000e+02 4.030948409960850008e-05
1.510000000000000000e+02 4.003956384192006065e-05
1.520000000000000000e+02 3.988321362778878248e-05
1.530000000000000000e+02 4.020991126783309130e-05
1.540000000000000000e+02 4.024284878005662060e-05
1.550000000000000000e+02 3.932495154404438959e-05
1.560000000000000000e+02 4.051548499072583041e-05
1.570000000000000000e+02 4.088467958235096801e-05
1.580000000000000000e+02 4.050409376739879053e-05
1.590000000000000000e+02 4.016209701609327164e-05
1.600000000000000000e+02 3.868611846705678406e-05
1.610000000000000000e+02 3.863088153560771584e-05
1.620000000000000000e+02 3.925644782668660701e-05
1.630000000000000000e+02 3.850708291498525752e-05
1.640000000000000000e+02 3.853526082400754319e-05
1.650000000000000000e+02 3.816800239207270983e-05
1.660000000000000000e+02 3.842788300499527039e-05
1.670000000000000000e+02 3.785344786194467197e-05
1.680000000000000000e+02 3.765527362448529075e-05
1.690000000000000000e+02 3.784793341100468319e-05
1.700000000000000000e+02 3.758484817564596730e-05
1.710000000000000000e+02 3.734886273823313747e-05
1.720000000000000000e+02 3.720871965819118039e-05
1.730000000000000000e+02 3.734896424797293994e-05
1.740000000000000000e+02 3.744514311708690518e-05
1.750000000000000000e+02 3.727094304898771022e-05
1.760000000000000000e+02 3.707414167462918608e-05
1.770000000000000000e+02 3.661986728408260028e-05
1.780000000000000000e+02 3.655051100535021099e-05
1.790000000000000000e+02 3.651203505853632718e-05
1.800000000000000000e+02 3.653687291010313150e-05
1.810000000000000000e+02 3.630133753021278783e-05
1.820000000000000000e+02 3.629416070738332266e-05
1.830000000000000000e+02 3.611789462772137764e-05
1.840000000000000000e+02 3.601146798621507902e-05
1.850000000000000000e+02 3.606564197279424767e-05
1.860000000000000000e+02 3.600366011813600309e-05
1.870000000000000000e+02 3.688964474921040002e-05
1.880000000000000000e+02 3.574470619182131052e-05
1.890000000000000000e+02 3.577521229247493585e-05
1.900000000000000000e+02 3.599515190298091321e-05
1.910000000000000000e+02 3.550924521250682273e-05
1.920000000000000000e+02 3.555445769728515451e-05
1.930000000000000000e+02 3.537625663630303730e-05
1.940000000000000000e+02 3.528987706186829557e-05
1.950000000000000000e+02 3.514187100997741498e-05
1.960000000000000000e+02 3.573359151514112012e-05
1.970000000000000000e+02 3.522491703949926932e-05
1.980000000000000000e+02 3.523325388851398539e-05
1.990000000000000000e+02 3.495737878149270052e-05
2.000000000000000000e+02 3.497575971930630732e-05
2.010000000000000000e+02 3.484027669785808549e-05
2.020000000000000000e+02 3.463827563110028304e-05
2.030000000000000000e+02 3.474822550014925420e-05
2.040000000000000000e+02 3.474374411723592384e-05
2.050000000000000000e+02 3.456389522359778132e-05
2.060000000000000000e+02 3.483651598405470781e-05
2.070000000000000000e+02 3.518349632435390829e-05
2.080000000000000000e+02 3.501306252390855458e-05
2.090000000000000000e+02 3.447164532602748781e-05
2.100000000000000000e+02 3.427861311254279739e-05
2.110000000000000000e+02 3.420936503052170982e-05
2.120000000000000000e+02 3.456924626149916258e-05
2.130000000000000000e+02 3.424896201084303099e-05
2.140000000000000000e+02 3.411633301495962597e-05
2.150000000000000000e+02 3.430910320115316891e-05
2.160000000000000000e+02 3.417740911626375628e-05
2.170000000000000000e+02 3.491650701034392163e-05
2.180000000000000000e+02 3.409745453078775936e-05
2.190000000000000000e+02 3.403252048202288029e-05
2.200000000000000000e+02 3.383839491401321060e-05
2.210000000000000000e+02 3.378102284366806565e-05
2.220000000000000000e+02 3.414304061910125766e-05
2.230000000000000000e+02 3.376779236352658853e-05
2.240000000000000000e+02 3.387529699839671827e-05
2.250000000000000000e+02 3.360655377900066617e-05
2.260000000000000000e+02 3.380140861455388561e-05
2.270000000000000000e+02 3.363260564286549531e-05
2.280000000000000000e+02 3.371793297817636699e-05
2.290000000000000000e+02 3.370140408002178414e-05
2.300000000000000000e+02 3.351006257506018070e-05
2.310000000000000000e+02 3.346193141622512971e-05
2.320000000000000000e+02 3.340410298488604124e-05
2.330000000000000000e+02 3.342401407137773390e-05
2.340000000000000000e+02 3.329563337331721892e-05
2.350000000000000000e+02 3.343881421205244936e-05
2.360000000000000000e+02 3.319232621521714849e-05
2.370000000000000000e+02 3.323831034383301861e-05
2.380000000000000000e+02 3.312577362732400520e-05
2.390000000000000000e+02 3.312490455642290519e-05
2.400000000000000000e+02 3.325597325981105378e-05
2.410000000000000000e+02 3.323982199306016417e-05
2.420000000000000000e+02 3.306982486126715845e-05
2.430000000000000000e+02 3.331790115717041690e-05
2.440000000000000000e+02 3.293430052903020990e-05
2.450000000000000000e+02 3.309900573800531563e-05
2.460000000000000000e+02 3.309191321818950350e-05
2.470000000000000000e+02 3.313813200296086934e-05
2.480000000000000000e+02 3.287348563727133166e-05
2.490000000000000000e+02 3.325924282409600303e-05
2.500000000000000000e+02 3.306056514687223078e-05
2.510000000000000000e+02 3.271745498879484167e-05
2.520000000000000000e+02 3.275372529837776355e-05
2.530000000000000000e+02 3.275905717441930182e-05
2.540000000000000000e+02 3.277229802967314892e-05
2.550000000000000000e+02 3.308655467534321452e-05
2.560000000000000000e+02 3.271171101652230325e-05
2.570000000000000000e+02 3.262329659542141614e-05
2.580000000000000000e+02 3.262511216286983958e-05
2.590000000000000000e+02 3.268055579040530872e-05
2.600000000000000000e+02 3.285692684003882502e-05
2.610000000000000000e+02 3.288522703040624870e-05
2.620000000000000000e+02 3.275939694919621938e-05
2.630000000000000000e+02 3.251073098020215501e-05
2.640000000000000000e+02 3.255618395147577419e-05
2.650000000000000000e+02 3.272309741288799596e-05
2.660000000000000000e+02 3.252376585714850555e-05
2.670000000000000000e+02 3.242531634016042189e-05
2.680000000000000000e+02 3.239464359221730925e-05
2.690000000000000000e+02 3.254178247282373681e-05
2.700000000000000000e+02 3.232155268979566766e-05
2.710000000000000000e+02 3.244443242773639664e-05
2.720000000000000000e+02 3.262571592865438653e-05
2.730000000000000000e+02 3.249829725326207737e-05
2.740000000000000000e+02 3.228298640207513301e-05
2.750000000000000000e+02 3.240430821072626537e-05
2.760000000000000000e+02 3.227542309554586763e-05
2.770000000000000000e+02 3.232511043439161832e-05
2.780000000000000000e+02 3.222581721461668046e-05
2.790000000000000000e+02 3.275903113830060624e-05
2.800000000000000000e+02 3.255999372596990351e-05
2.810000000000000000e+02 3.236802588226564946e-05
2.820000000000000000e+02 3.238099455810230170e-05
2.830000000000000000e+02 3.213276366540495022e-05
2.840000000000000000e+02 3.222181516021909218e-05
2.850000000000000000e+02 3.220990955551754196e-05
2.860000000000000000e+02 3.213081688483015048e-05
2.870000000000000000e+02 3.216869084788507780e-05
2.880000000000000000e+02 3.210719376319181418e-05
2.890000000000000000e+02 3.211580238568510960e-05
2.900000000000000000e+02 3.197018687818518190e-05
2.910000000000000000e+02 3.203262797002563733e-05
2.920000000000000000e+02 3.222506485869506529e-05
2.930000000000000000e+02 3.227259767393872713e-05
2.940000000000000000e+02 3.209197739368705723e-05
2.950000000000000000e+02 3.208746792339014554e-05
2.960000000000000000e+02 3.193622411379352992e-05
2.970000000000000000e+02 3.208107602640514205e-05
2.980000000000000000e+02 3.211043989837733683e-05
2.990000000000000000e+02 3.212948723284826864e-05
3.000000000000000000e+02 3.225714646671437369e-05
3.010000000000000000e+02 3.210807791445245560e-05
3.020000000000000000e+02 3.195047991335802685e-05
3.030000000000000000e+02 3.210077759166086856e-05
3.040000000000000000e+02 3.198271757155972774e-05
3.050000000000000000e+02 3.190280523963290110e-05
3.060000000000000000e+02 3.186843236062513336e-05
3.070000000000000000e+02 3.232901358701363662e-05
3.080000000000000000e+02 3.182000042452329453e-05
3.090000000000000000e+02 3.179132140788771876e-05
3.100000000000000000e+02 3.187016738634551859e-05
3.110000000000000000e+02 3.195278766014424950e-05
3.120000000000000000e+02 3.182400732024298921e-05
3.130000000000000000e+02 3.194972185259469519e-05
3.140000000000000000e+02 3.179150444885853362e-05
3.150000000000000000e+02 3.181508272865479769e-05
3.160000000000000000e+02 3.193345007201182570e-05
3.170000000000000000e+02 3.182557531517796521e-05
3.180000000000000000e+02 3.177374441538863422e-05
3.190000000000000000e+02 3.172317433835092625e-05
3.200000000000000000e+02 3.191184458169458630e-05
3.210000000000000000e+02 3.177527729982351806e-05
3.220000000000000000e+02 3.185292090329476885e-05
3.230000000000000000e+02 3.172112885817002123e-05
3.240000000000000000e+02 3.165232919797920068e-05
3.250000000000000000e+02 3.173023079923586597e-05
3.260000000000000000e+02 3.168237561231840830e-05
3.270000000000000000e+02 3.173115112860471897e-05
3.280000000000000000e+02 3.173147100755235585e-05
3.290000000000000000e+02 3.163736320269762209e-05
3.300000000000000000e+02 3.174503497240688282e-05
3.310000000000000000e+02 3.169034047137327939e-05
3.320000000000000000e+02 3.164184133090352223e-05
3.330000000000000000e+02 3.159821108897013363e-05
3.340000000000000000e+02 3.169934885998206291e-05
3.350000000000000000e+02 3.162514765765064942e-05
3.360000000000000000e+02 3.165563841169817484e-05
3.370000000000000000e+02 3.159785594656192882e-05
3.380000000000000000e+02 3.164388749143489044e-05
3.390000000000000000e+02 3.166471221734325502e-05
3.400000000000000000e+02 3.163675933394449746e-05
3.410000000000000000e+02 3.165278339805608937e-05
3.420000000000000000e+02 3.161342134469190133e-05
3.430000000000000000e+02 3.162203504894402234e-05
3.440000000000000000e+02 3.156399283998705222e-05
3.450000000000000000e+02 3.160744689221894725e-05
3.460000000000000000e+02 3.155631889783327797e-05
3.470000000000000000e+02 3.151229797036721745e-05
3.480000000000000000e+02 3.156707922913119487e-05
3.490000000000000000e+02 3.164647299138055424e-05
3.500000000000000000e+02 3.149294351436613310e-05
3.510000000000000000e+02 3.149548022096576501e-05
3.520000000000000000e+02 3.160254740215293014e-05
3.530000000000000000e+02 3.150649747258994993e-05
3.540000000000000000e+02 3.153724672677271987e-05
3.550000000000000000e+02 3.150465110974401731e-05
3.560000000000000000e+02 3.165369421352605059e-05
3.570000000000000000e+02 3.159336218003605079e-05
3.580000000000000000e+02 3.150472679505261005e-05
3.590000000000000000e+02 3.149761379989362946e-05
3.600000000000000000e+02 3.142157065971744746e-05
3.610000000000000000e+02 3.143286686179408424e-05
3.620000000000000000e+02 3.144415648894898874e-05
3.630000000000000000e+02 3.141514898035546705e-05
3.640000000000000000e+02 3.148748152799194427e-05
3.650000000000000000e+02 3.156598375515123379e-05
3.660000000000000000e+02 3.159535883188545455e-05
3.670000000000000000e+02 3.146851203667780546e-05
3.680000000000000000e+02 3.156192204061389524e-05
3.690000000000000000e+02 3.171146290915473554e-05
