0.000000000000000000e+00 8.379918249723242174e-02
1.000000000000000000e+00 6.311129746535596753e-03
2.000000000000000000e+00 4.928982901857580090e-03
3.000000000000000000e+00 4.747016876564248006e-03
4.000000000000000000e+00 4.706956743406486531e-03
5.000000000000000000e+00 4.661726350393718965e-03
6.000000000000000000e+00 4.602056264725968779e-03
7.000000000000000000e+00 4.554214716313481626e-03
8.000000000000000000e+00 4.501387523244164066e-03
9.000000000000000000e+00 4.446755670436232724e-03
1.000000000000000000e+01 4.387436036840922440e-03
1.100000000000000000e+01 4.329082266029921772e-03
1.200000000000000000e+01 4.268175667883344036e-03
1.300000000000000000e+01 4.205011377621953490e-03
1.400000000000000000e+01 4.137519822406146748e-03
1.500000000000000000e+01 4.061891947891548872e-03
1.600000000000000000e+01 3.997915785635655812e-03
1.700000000000000000e+01 3.896761213949471742e-03
1.800000000000000000e+01 3.805157180715870203e-03
1.900000000000000000e+01 3.685082130309620414e-03
2.000000000000000000e+01 3.534679996982181480e-03
2.100000000000000000e+01 3.321680280847170205e-03
2.200000000000000000e+01 2.947000911789013616e-03
2.300000000000000000e+01 2.242855926681467001e-03
2.400000000000000000e+01 1.351539130731440556e-03
2.500000000000000000e+01 7.066392903113713053e-04
2.600000000000000000e+01 4.640237103953445859e-04
2.700000000000000000e+01 3.995988856098927440e-04
2.800000000000000000e+01 3.569213751699883987e-04
2.900000000000000000e+01 3.385515122996740145e-04
3.000000000000000000e+01 3.049458967587358334e-04
3.100000000000000000e+01 2.808588860598068386e-04
3.200000000000000000e+01 2.623003871844339615e-04
3.300000000000000000e+01 2.452096243479645263e-04
3.400000000000000000e+01 2.277747729085791845e-04
3.500000000000000000e+01 2.241993382126875511e-04
3.600000000000000000e+01 2.060142224551171760e-04
3.700000000000000000e+01 1.952918439789276225e-04
3.800000000000000000e+01 1.860805719365808122e-04
3.900000000000000000e+01 1.805030256794862504e-04
4.000000000000000000e+01 1.718370344399152631e-04
4.100000000000000000e+01 1.679915453932507555e-04
4.200000000000000000e+01 1.657302825952152684e-04
4.300000000000000000e+01 1.591339293898847362e-04
4.400000000000000000e+01 1.563895803340254874e-04
4.500000000000000000e+01 1.530127508355765518e-04
4.600000000000000000e+01 1.495438809712847474e-04
4.700000000000000000e+01 1.504865189025952855e-04
4.800000000000000000e+01 1.453408364075998787e-04
4.900000000000000000e+01 1.446368875423782307e-04
5.000000000000000000e+01 1.407906847503149746e-04
5.100000000000000000e+01 1.398891182391082848e-04
5.200000000000000000e+01 1.408203883216586796e-04
5.300000000000000000e+01 1.361330308526592734e-04
5.400000000000000000e+01 1.337115211928928068e-04
5.500000000000000000e+01 1.320001117931283129e-04
5.600000000000000000e+01 1.337146130520937097e-04
5.700000000000000000e+01 1.297075898319166359e-04
5.800000000000000000e+01 1.295445667602282045e-04
5.900000000000000000e+01 1.305311703552530713e-04
6.000000000000000000e+01 1.267941995130752563e-04
6.100000000000000000e+01 1.253223623685054047e-04
6.200000000000000000e+01 1.278617619119150708e-04
6.300000000000000000e+01 1.247201059066813046e-04
6.400000000000000000e+01 1.224906722602790211e-04
6.500000000000000000e+01 1.227963678151585336e-04
6.600000000000000000e+01 1.222331790442912408e-04
6.700000000000000000e+01 1.204435786312618543e-04
6.800000000000000000e+01 1.192897167454661222e-04
6.900000000000000000e+01 1.198493733191644515e-04
7.000000000000000000e+01 1.175138336177003928e-04
7.100000000000000000e+01 1.170136566894312532e-04
7.200000000000000000e+01 1.165812387293313479e-04
7.300000000000000000e+01 1.160041235450989518e-04
7.400000000000000000e+01 1.156538660508008292e-04
7.500000000000000000e+01 1.140650596391166565e-04
7.600000000000000000e+01 1.155480192888917040e-04
7.700000000000000000e+01 1.132388175157328733e-04
7.800000000000000000e+01 1.128763892254983705e-04
7.900000000000000000e+01 1.118648531142276157e-04
8.000000000000000000e+01 1.138633980173269460e-04
8.100000000000000000e+01 1.115259917014036411e-04
8.200000000000000000e+01 1.115281178080917393e-04
8.300000000000000000e+01 1.099323856846367111e-04
8.400000000000000000e+01 1.108228314014548334e-04
8.500000000000000000e+01 1.092717431180294506e-04
8.600000000000000000e+01 1.079236210428747769e-04
8.700000000000000000e+01 1.071330823101387453e-04
8.800000000000000000e+01 1.078870193487667622e-04
8.900000000000000000e+01 1.088481695441360941e-04
9.000000000000000000e+01 1.077865474884810655e-04
9.100000000000000000e+01 1.061174821480798846e-04
9.200000000000000000e+01 1.064179725107546601e-04
9.300000000000000000e+01 1.055273848070373846e-04
9.400000000000000000e+01 1.052066047646833954e-04
9.500000000000000000e+01 1.047819012976495222e-04
9.600000000000000000e+01 1.039586187713267623e-04
9.700000000000000000e+01 1.035232422381021270e-04
9.800000000000000000e+01 1.027543609539578165e-04
9.900000000000000000e+01 1.039436276495605437e-04
1.000000000000000000e+02 1.062786304383236036e-04
1.010000000000000000e+02 1.040724327300872798e-04
1.020000000000000000e+02 1.019389739476431281e-04
1.030000000000000000e+02 1.018882612664499056e-04
1.040000000000000000e+02 1.027014146163086574e-04
1.050000000000000000e+02 1.010146930417146934e-04
1.060000000000000000e+02 1.007955168384147576e-04
1.070000000000000000e+02 1.009087532888406236e-04
1.080000000000000000e+02 9.903639435385593135e-05
1.090000000000000000e+02 9.936394126003271596e-05
1.100000000000000000e+02 9.870623061343259275e-05
1.110000000000000000e+02 1.001953089370347257e-04
1.120000000000000000e+02 9.833043139361089913e-05
1.130000000000000000e+02 9.882339496247946890e-05
1.140000000000000000e+02 9.759619831558584175e-05
1.150000000000000000e+02 1.006453056728681304e-04
1.160000000000000000e+02 9.791158680607762478e-05
1.170000000000000000e+02 9.713409391338475457e-05
1.180000000000000000e+02 9.629708960839831425e-05
1.190000000000000000e+02 9.585344352497972851e-05
1.200000000000000000e+02 9.609673250222362741e-05
1.210000000000000000e+02 1.002420355510890435e-04
1.220000000000000000e+02 9.510239291528692059e-05
1.230000000000000000e+02 9.556627956587754097e-05
1.240000000000000000e+02 9.578122476217981176e-05
1.250000000000000000e+02 9.419582219305597682e-05
1.260000000000000000e+02 9.636034840519921432e-05
1.270000000000000000e+02 9.520114811168059303e-05
1.280000000000000000e+02 9.641564169590367990e-05
1.290000000000000000e+02 9.584612305447365104e-05
1.300000000000000000e+02 9.298234188088585019e-05
1.310000000000000000e+02 9.421578442035891403e-05
1.320000000000000000e+02 9.274376571210260001e-05
1.330000000000000000e+02 9.348897587973437247e-05
1.340000000000000000e+02 9.269080460128347604e-05
1.350000000000000000e+02 9.171473723616665585e-05
1.360000000000000000e+02 9.226551738907774638e-05
1.370000000000000000e+02 9.145554564413307778e-05
1.380000000000000000e+02 9.184849354209523233e-05
1.390000000000000000e+02 9.183672528674765895e-05
1.400000000000000000e+02 9.171868877462674853e-05
1.410000000000000000e+02 9.209260559846004987e-05
1.420000000000000000e+02 9.202600868698255978e-05
1.430000000000000000e+02 9.052611077358756187e-05
1.440000000000000000e+02 9.039828389007682210e-05
1.450000000000000000e+02 9.065155872233242101e-05
1.460000000000000000e+02 8.979842634974722411e-05
1.470000000000000000e+02 9.032222213546774192e-05
1.480000000000000000e+02 9.018453400036294677e-05
1.490000000000000000e+02 8.911778210601769288e-05
1.500000000000000000e+02 9.001143085634700852e-05
1.510000000000000000e+02 8.948565513531513930e-05
1.520000000000000000e+02 8.919891425290138063e-05
1.530000000000000000e+02 8.940861820924813838e-05
1.540000000000000000e+02 8.867145089371408111e-05
1.550000000000000000e+02 8.849364186321995835e-05
1.560000000000000000e+02 8.928078600086095389e-05
1.570000000000000000e+02 8.818862797214957147e-05
1.580000000000000000e+02 8.796633581968594726e-05
1.590000000000000000e+02 8.819381016554395981e-05
1.600000000000000000e+02 8.814839711811537975e-05
1.610000000000000000e+02 9.041233379597552096e-05
1.620000000000000000e+02 8.845215859010561977e-05
1.630000000000000000e+02 8.730402373669022870e-05
1.640000000000000000e+02 8.727325221374013003e-05
1.650000000000000000e+02 8.746272368374781231e-05
1.660000000000000000e+02 8.741957653185078144e-05
1.670000000000000000e+02 8.687822704039602272e-05
1.680000000000000000e+02 8.690638407422432638e-05
1.690000000000000000e+02 8.685883268231410590e-05
1.700000000000000000e+02 8.739517836874085145e-05
1.710000000000000000e+02 8.885017422182283210e-05
1.720000000000000000e+02 8.757411977326788122e-05
1.730000000000000000e+02 8.623994567868923224e-05
1.740000000000000000e+02 8.589920886650808567e-05
1.750000000000000000e+02 8.632687717986986433e-05
1.760000000000000000e+02 8.611586997205420574e-05
1.770000000000000000e+02 8.649978563293311200e-05
1.780000000000000000e+02 8.559494219215203726e-05
1.790000000000000000e+02 8.615909602108019251e-05
1.800000000000000000e+02 8.618701374206733242e-05
1.810000000000000000e+02 8.660874995840224565e-05
