0.000000000000000000e+00 2.241039999423721524e-03
1.000000000000000000e+00 3.905456588860331448e-04
2.000000000000000000e+00 1.136859862728820965e-04
3.000000000000000000e+00 1.029125512140092308e-04
4.000000000000000000e+00 1.010076128174039223e-04
5.000000000000000000e+00 9.973487772139691062e-05
6.000000000000000000e+00 9.845501704593473727e-05
7.000000000000000000e+00 9.701559711909863804e-05
8.000000000000000000e+00 9.579283423535076925e-05
9.000000000000000000e+00 9.437279401203859709e-05
1.000000000000000000e+01 9.299506038702986263e-05
1.100000000000000000e+01 9.157961251343996396e-05
1.200000000000000000e+01 9.025814316496885508e-05
1.300000000000000000e+01 8.863120197971652032e-05
1.400000000000000000e+01 8.687169691436066833e-05
1.500000000000000000e+01 8.522356749428997079e-05
1.600000000000000000e+01 8.301235896604739525e-05
1.700000000000000000e+01 8.054775624167789469e-05
1.800000000000000000e+01 7.777439757384175915e-05
1.900000000000000000e+01 7.424780220839493630e-05
2.000000000000000000e+01 7.037748236825243147e-05
2.100000000000000000e+01 6.321814354662994918e-05
2.200000000000000000e+01 5.399273847754680752e-05
2.300000000000000000e+01 3.872454709126218954e-05
2.400000000000000000e+01 2.096060861042395884e-05
2.500000000000000000e+01 1.079594401311638290e-05
2.600000000000000000e+01 7.676877755179703142e-06
2.700000000000000000e+01 6.646665292603168900e-06
2.800000000000000000e+01 6.215044483296710878e-06
2.900000000000000000e+01 5.606593149731996828e-06
3.000000000000000000e+01 5.206066753922072447e-06
3.100000000000000000e+01 4.907341106520052226e-06
3.200000000000000000e+01 4.590857410364739842e-06
3.300000000000000000e+01 4.454467856540519413e-06
3.400000000000000000e+01 4.315225743842141853e-06
3.500000000000000000e+01 4.008748642547065861e-06
3.600000000000000000e+01 3.841075445569157994e-06
3.700000000000000000e+01 3.634275906779945960e-06
3.800000000000000000e+01 3.594468666339405788e-06
3.900000000000000000e+01 3.414229248746317837e-06
4.000000000000000000e+01 3.306505919725091119e-06
4.100000000000000000e+01 3.233133448725130726e-06
4.200000000000000000e+01 3.144330958372933757e-06
4.300000000000000000e+01 3.032600518936312295e-06
4.400000000000000000e+01 3.051114763716322822e-06
4.500000000000000000e+01 2.942905932140425933e-06
4.600000000000000000e+01 2.834582728227277532e-06
4.700000000000000000e+01 2.818311668550459771e-06
4.800000000000000000e+01 2.725783386787980240e-06
4.900000000000000000e+01 2.673830146661725440e-06
5.000000000000000000e+01 2.625369366477220837e-06
5.100000000000000000e+01 2.616869685727435206e-06
5.200000000000000000e+01 2.514875738366332143e-06
5.300000000000000000e+01 2.521577648107640043e-06
5.400000000000000000e+01 2.488644853029570507e-06
5.500000000000000000e+01 2.468360201180918505e-06
5.600000000000000000e+01 2.378847087385594191e-06
5.700000000000000000e+01 2.304896400629999617e-06
5.800000000000000000e+01 2.315410642604138790e-06
5.900000000000000000e+01 2.309475035466623086e-06
6.000000000000000000e+01 2.316265372258351317e-06
6.100000000000000000e+01 2.289996722317150165e-06
6.200000000000000000e+01 2.142631377531235594e-06
6.300000000000000000e+01 2.123934199154227097e-06
6.400000000000000000e+01 2.097536805145441729e-06
6.500000000000000000e+01 2.086719283295623002e-06
6.600000000000000000e+01 2.067336957329503236e-06
6.700000000000000000e+01 2.041251816710278168e-06
6.800000000000000000e+01 2.000368637919606297e-06
6.900000000000000000e+01 1.979441235824959932e-06
7.000000000000000000e+01 1.946631970513571171e-06
7.100000000000000000e+01 1.927942940267154736e-06
7.200000000000000000e+01 1.914956674611622634e-06
7.300000000000000000e+01 1.870076546925278401e-06
7.400000000000000000e+01 1.858544412824530705e-06
7.500000000000000000e+01 1.828363602324553417e-06
7.600000000000000000e+01 1.827800276503673363e-06
7.700000000000000000e+01 1.825195166021398540e-06
7.800000000000000000e+01 1.791896330013193782e-06
7.900000000000000000e+01 1.739347677531428112e-06
8.000000000000000000e+01 1.742541461628339407e-06
8.100000000000000000e+01 1.756176576815184681e-06
8.200000000000000000e+01 1.702987472501058018e-06
8.300000000000000000e+01 1.768391004712596812e-06
8.400000000000000000e+01 1.698066356306866088e-06
8.500000000000000000e+01 1.652506494644455389e-06
8.600000000000000000e+01 1.649414758981129061e-06
8.700000000000000000e+01 1.712356889784346692e-06
8.800000000000000000e+01 1.632493811435419122e-06
8.900000000000000000e+01 1.608807676696038583e-06
9.000000000000000000e+01 1.572290396702338186e-06
9.100000000000000000e+01 1.577650258299174715e-06
9.200000000000000000e+01 1.568023494367329976e-06
9.300000000000000000e+01 1.551211860457793252e-06
9.400000000000000000e+01 1.562243983413820105e-06
9.500000000000000000e+01 1.618257145637766158e-06
9.600000000000000000e+01 1.573137107449259556e-06
9.700000000000000000e+01 1.510267178502913654e-06
9.800000000000000000e+01 1.513895815147256026e-06
9.900000000000000000e+01 1.488164910999068350e-06
1.000000000000000000e+02 1.508450891117667369e-06
1.010000000000000000e+02 1.530231751031606886e-06
1.020000000000000000e+02 1.514351379164175927e-06
1.030000000000000000e+02 1.467744149470205461e-06
1.040000000000000000e+02 1.454450196549536315e-06
1.050000000000000000e+02 1.444922072826433896e-06
1.060000000000000000e+02 1.448129199789440944e-06
1.070000000000000000e+02 1.437152275745279272e-06
1.080000000000000000e+02 1.432736444375335038e-06
1.090000000000000000e+02 1.429928691138022599e-06
1.100000000000000000e+02 1.449127834053813894e-06
1.110000000000000000e+02 1.425131933904254497e-06
1.120000000000000000e+02 1.404179215248918978e-06
1.130000000000000000e+02 1.425010002122800276e-06
1.140000000000000000e+02 1.419322058151910152e-06
1.150000000000000000e+02 1.400608232925531711e-06
1.160000000000000000e+02 1.391746951129858101e-06
1.170000000000000000e+02 1.378075097324939591e-06
1.180000000000000000e+02 1.376430813126537758e-06
1.190000000000000000e+02 1.381156210920666346e-06
1.200000000000000000e+02 1.381727137642723852e-06
1.210000000000000000e+02 1.373095181746167651e-06
1.220000000000000000e+02 1.372260842446351864e-06
1.230000000000000000e+02 1.358978498842346064e-06
1.240000000000000000e+02 1.379027430741882306e-06
1.250000000000000000e+02 1.389682227467102479e-06
1.260000000000000000e+02 1.397512341595961523e-06
1.270000000000000000e+02 1.404990732007551661e-06
1.280000000000000000e+02 1.383433677930636414e-06
1.290000000000000000e+02 1.353875701228000220e-06
1.300000000000000000e+02 1.336703999611778281e-06
1.310000000000000000e+02 1.356732650372467628e-06
1.320000000000000000e+02 1.344286262206000658e-06
1.330000000000000000e+02 1.348268866381088810e-06
1.340000000000000000e+02 1.337275737818623954e-06
1.350000000000000000e+02 1.363944487548572729e-06
1.360000000000000000e+02 1.336991435626111323e-06
1.370000000000000000e+02 1.325763515100020800e-06
1.380000000000000000e+02 1.322296433516169073e-06
1.390000000000000000e+02 1.378882210026120477e-06
1.400000000000000000e+02 1.336879531900188113e-06
1.410000000000000000e+02 1.332894902722080249e-06
1.420000000000000000e+02 1.318532694039551535e-06
1.430000000000000000e+02 1.352887371122608263e-06
1.440000000000000000e+02 1.341276101526136416e-06
1.450000000000000000e+02 1.326418231392643688e-06
1.460000000000000000e+02 1.322473609432346923e-06
1.470000000000000000e+02 1.354917309672964015e-06
1.480000000000000000e+02 1.321372133655621065e-06
1.490000000000000000e+02 1.329446817231268824e-06
1.500000000000000000e+02 1.342017386870643557e-06
1.510000000000000000e+02 1.325123665041457184e-06
1.520000000000000000e+02 1.335007828007573901e-06
1.530000000000000000e+02 1.337998597872133111e-06
1.540000000000000000e+02 1.331184952556313561e-06
1.550000000000000000e+02 1.347768331906500204e-06
1.560000000000000000e+02 1.323462697160905565e-06
1.570000000000000000e+02 1.308751647696588999e-06
1.580000000000000000e+02 1.333389603980517604e-06
1.590000000000000000e+02 1.348491775142471584e-06
1.600000000000000000e+02 1.339333665306054467e-06
1.610000000000000000e+02 1.309680096049137800e-06
1.620000000000000000e+02 1.309296572957088743e-06
1.630000000000000000e+02 1.316740798639403156e-06
1.640000000000000000e+02 1.311582547517884385e-06
1.650000000000000000e+02 1.305755051460690587e-06
1.660000000000000000e+02 1.301335130548255304e-06
1.670000000000000000e+02 1.320708535821702908e-06
1.680000000000000000e+02 1.331730168585645199e-06
1.690000000000000000e+02 1.322851781532459488e-06
1.700000000000000000e+02 1.324286376008293185e-06
1.710000000000000000e+02 1.313490065244553727e-06
1.720000000000000000e+02 1.364187583455596108e-06
1.730000000000000000e+02 1.315864557812623337e-06
1.740000000000000000e+02 1.326257403294197699e-06
1.750000000000000000e+02 1.306048974241146107e-06
1.760000000000000000e+02 1.293726656216371520e-06
1.770000000000000000e+02 1.310237306190968852e-06
1.780000000000000000e+02 1.353253949395859527e-06
1.790000000000000000e+02 1.301919180803552937e-06
1.800000000000000000e+02 1.317121669768349936e-06
1.810000000000000000e+02 1.317008503735320400e-06
1.820000000000000000e+02 1.327565087227035840e-06
1.830000000000000000e+02 1.308507277147553011e-06
1.840000000000000000e+02 1.298453548388078299e-06
1.850000000000000000e+02 1.298188697563067790e-06
1.860000000000000000e+02 1.319360825696421706e-06
1.870000000000000000e+02 1.304255945628410053e-06
1.880000000000000000e+02 1.292599837515079741e-06
1.890000000000000000e+02 1.292164518689675748e-06
1.900000000000000000e+02 1.321546048885896655e-06
1.910000000000000000e+02 1.325629832905169972e-06
1.920000000000000000e+02 1.301661035157028652e-06
1.930000000000000000e+02 1.287139383165624755e-06
1.940000000000000000e+02 1.290039877153119264e-06
1.950000000000000000e+02 1.290221686048945848e-06
1.960000000000000000e+02 1.295494948389339135e-06
1.970000000000000000e+02 1.294340390479842914e-06
1.980000000000000000e+02 1.300954508949273696e-06
1.990000000000000000e+02 1.326958737234297456e-06
2.000000000000000000e+02 1.290204168733540727e-06
2.010000000000000000e+02 1.306294751092727670e-06
2.020000000000000000e+02 1.328557903956430372e-06
2.030000000000000000e+02 1.328327012043621771e-06
2.040000000000000000e+02 1.286290887297573845e-06
2.050000000000000000e+02 1.303682439092427432e-06
2.060000000000000000e+02 1.293330010322919014e-06
2.070000000000000000e+02 1.293774736298145061e-06
2.080000000000000000e+02 1.292648635074034752e-06
2.090000000000000000e+02 1.278186194638695874e-06
2.100000000000000000e+02 1.297499759835074262e-06
2.110000000000000000e+02 1.306614000980960162e-06
2.120000000000000000e+02 1.331720884623775014e-06
