0.000000000000000000e+00 8.757864414646975145e-04
1.000000000000000000e+00 1.879243395699716813e-04
2.000000000000000000e+00 1.590641475670641933e-04
3.000000000000000000e+00 1.104848454074798558e-04
4.000000000000000000e+00 1.918274274827352368e-05
5.000000000000000000e+00 7.388494283553979433e-07
6.000000000000000000e+00 1.661805773580953265e-07
7.000000000000000000e+00 8.190455253939778787e-08
8.000000000000000000e+00 6.373358751846118170e-08
9.000000000000000000e+00 2.817380642603773574e-08
1.000000000000000000e+01 1.419762216641300901e-08
1.100000000000000000e+01 4.462801731790415053e-09
1.200000000000000000e+01 1.355537105397653103e-09
1.300000000000000000e+01 4.222994602123809313e-09
1.400000000000000000e+01 8.870187068474918760e-09
1.500000000000000000e+01 3.524666458927916373e-09
1.600000000000000000e+01 4.786702797233848151e-09
1.700000000000000000e+01 5.927184722700248944e-09
1.800000000000000000e+01 4.651441941754789570e-08
1.900000000000000000e+01 9.901851188908900634e-07
2.000000000000000000e+01 1.868259113773052177e-07
2.100000000000000000e+01 2.760910100471080520e-08
2.200000000000000000e+01 5.254749199672525015e-09
2.300000000000000000e+01 8.454935852684967145e-10
2.400000000000000000e+01 4.092129718853611016e-10
2.500000000000000000e+01 3.374579113347986449e-10
2.600000000000000000e+01 3.743966848153549731e-10
2.700000000000000000e+01 2.946478801864649431e-10
2.800000000000000000e+01 3.036515482168114006e-10
2.900000000000000000e+01 2.982267216900171368e-10
3.000000000000000000e+01 6.924323377327859715e-10
3.100000000000000000e+01 3.535352514535265151e-10
3.200000000000000000e+01 2.824283197415070283e-10
3.300000000000000000e+01 4.145057041009536096e-09
3.400000000000000000e+01 8.802398935458517829e-08
3.500000000000000000e+01 1.318625206219029297e-06
3.600000000000000000e+01 3.244385187273081054e-07
3.700000000000000000e+01 2.695939761054658036e-08
3.800000000000000000e+01 1.575859292244115686e-09
3.900000000000000000e+01 7.846468742982179118e-10
4.000000000000000000e+01 4.518442373394149499e-10
4.100000000000000000e+01 3.852960787836005255e-10
4.200000000000000000e+01 5.426704444617625356e-10
4.300000000000000000e+01 4.424891885267941719e-10
4.400000000000000000e+01 1.026443546896722039e-09
4.500000000000000000e+01 1.092460125046598401e-09
4.600000000000000000e+01 7.178862390795746156e-10
4.700000000000000000e+01 4.535415509408335590e-09
4.800000000000000000e+01 1.374429646198122054e-09
4.900000000000000000e+01 3.733776425846378960e-10
5.000000000000000000e+01 1.012385476570634935e-08
5.100000000000000000e+01 4.550423723638145263e-08
5.200000000000000000e+01 5.222413230378892972e-07
5.300000000000000000e+01 1.207480197698664893e-06
5.400000000000000000e+01 8.113879565006884926e-08
5.500000000000000000e+01 1.194784292930405282e-08
5.600000000000000000e+01 1.577979926318422231e-09
5.700000000000000000e+01 2.387015357719642450e-09
5.800000000000000000e+01 3.041170891108356041e-09
5.900000000000000000e+01 1.236268414004498249e-09
6.000000000000000000e+01 1.289410026580344488e-09
6.100000000000000000e+01 1.429619069422236743e-09
6.200000000000000000e+01 1.260609803726527853e-09
6.300000000000000000e+01 2.317773890187155931e-09
6.400000000000000000e+01 1.757722458664889136e-09
6.500000000000000000e+01 8.986652626875094362e-10
6.600000000000000000e+01 8.454890689027682611e-08
6.700000000000000000e+01 6.227164152129996949e-07
6.800000000000000000e+01 6.998428001996879027e-07
6.900000000000000000e+01 1.267998750491536069e-07
7.000000000000000000e+01 2.568574868404143289e-08
7.100000000000000000e+01 1.174137797172522175e-08
7.200000000000000000e+01 8.415982632826318635e-09
7.300000000000000000e+01 1.949373184001375744e-09
7.400000000000000000e+01 2.023052764857187030e-09
7.500000000000000000e+01 1.697295733586779549e-09
7.600000000000000000e+01 9.495888080852910170e-10
7.700000000000000000e+01 3.032035150308598660e-09
7.800000000000000000e+01 8.615838581649202285e-09
7.900000000000000000e+01 4.068186447279965919e-08
8.000000000000000000e+01 4.738664234876703144e-07
8.100000000000000000e+01 1.173136341837556683e-07
8.200000000000000000e+01 5.290024662705144613e-08
8.300000000000000000e+01 2.139617932140839815e-08
8.400000000000000000e+01 9.085229033960234393e-09
8.500000000000000000e+01 2.348360342437117493e-09
8.600000000000000000e+01 1.447357530148319577e-08
8.700000000000000000e+01 5.002468403236135644e-07
8.800000000000000000e+01 5.833237887637391034e-07
8.900000000000000000e+01 3.331915908553037790e-07
9.000000000000000000e+01 8.803055367589827399e-08
9.100000000000000000e+01 3.288504048676375461e-08
9.200000000000000000e+01 5.895731491035363866e-09
9.300000000000000000e+01 1.200378039765240663e-09
9.400000000000000000e+01 2.248205648890402445e-09
9.500000000000000000e+01 9.409197155036656900e-10
9.600000000000000000e+01 1.712861351912449676e-08
9.700000000000000000e+01 6.572073012242207053e-09
9.800000000000000000e+01 7.501697620220803459e-09
9.900000000000000000e+01 1.035400631010714119e-08
1.000000000000000000e+02 8.053151171731338746e-09
1.010000000000000000e+02 6.096292122737966112e-08
1.020000000000000000e+02 1.425600705446681849e-08
1.030000000000000000e+02 5.664726586412361513e-07
1.040000000000000000e+02 8.968665123044492738e-08
1.050000000000000000e+02 8.904674446626349448e-09
1.060000000000000000e+02 2.550920485454507319e-09
1.070000000000000000e+02 1.290025381147934201e-09
1.080000000000000000e+02 1.132196504057594287e-09
1.090000000000000000e+02 1.118471996785543613e-08
1.100000000000000000e+02 8.754941970375255094e-07
1.110000000000000000e+02 2.584564614059680206e-06
1.120000000000000000e+02 7.825006582528058541e-07
1.130000000000000000e+02 5.356472020275242399e-08
1.140000000000000000e+02 5.403845617001408279e-09
1.150000000000000000e+02 2.308872730409722070e-09
1.160000000000000000e+02 1.701917282409766066e-09
1.170000000000000000e+02 1.373581325512419090e-09
1.180000000000000000e+02 1.535859619983486654e-09
1.190000000000000000e+02 1.164341550443093162e-09
1.200000000000000000e+02 1.700064743064094580e-09
1.210000000000000000e+02 1.021378190753327079e-09
1.220000000000000000e+02 1.292087263167206558e-09
1.230000000000000000e+02 1.519827358676408180e-09
1.240000000000000000e+02 2.275859645619086794e-09
1.250000000000000000e+02 1.410808514496785205e-09
1.260000000000000000e+02 9.108661188245776552e-10
1.270000000000000000e+02 8.619126775207504046e-10
1.280000000000000000e+02 1.386694596510437581e-09
