0.000000000000000000e+00 2.111463159610509435e-04
1.000000000000000000e+00 1.050779811609482071e-04
2.000000000000000000e+00 7.790232736372120089e-05
3.000000000000000000e+00 6.540584565559833723e-05
4.000000000000000000e+00 4.605121493167394316e-05
5.000000000000000000e+00 2.021306063513121821e-05
6.000000000000000000e+00 3.309553207254891679e-05
7.000000000000000000e+00 3.320832792773740523e-05
8.000000000000000000e+00 3.747295040274360224e-05
9.000000000000000000e+00 4.455160017965927494e-05
1.000000000000000000e+01 2.435867845252780360e-05
1.100000000000000000e+01 1.759823184625027031e-05
1.200000000000000000e+01 1.898347923399181964e-05
1.300000000000000000e+01 1.835069550009613961e-05
1.400000000000000000e+01 2.558336305850289380e-05
1.500000000000000000e+01 2.454343972831642064e-05
1.600000000000000000e+01 4.662200260588678780e-05
1.700000000000000000e+01 2.803790573652996580e-05
1.800000000000000000e+01 2.603014349849775219e-05
1.900000000000000000e+01 1.965906827079774309e-05
2.000000000000000000e+01 2.297998820298023859e-05
2.100000000000000000e+01 2.031172293612254877e-05
2.200000000000000000e+01 1.619345117048737911e-05
2.300000000000000000e+01 1.475079342975160713e-05
2.400000000000000000e+01 2.027598221913231365e-05
2.500000000000000000e+01 1.416990739776649462e-05
2.600000000000000000e+01 1.237034804347096118e-05
2.700000000000000000e+01 1.231418413569634952e-05
2.800000000000000000e+01 1.818662126750814675e-05
2.900000000000000000e+01 2.307645941702136016e-05
3.000000000000000000e+01 3.247827139966370503e-05
3.100000000000000000e+01 1.411616097730300555e-05
3.200000000000000000e+01 1.158997030075815573e-05
3.300000000000000000e+01 1.480378787703081040e-05
3.400000000000000000e+01 1.491467013861679033e-05
3.500000000000000000e+01 2.055589134837019358e-05
3.600000000000000000e+01 1.137264012139849462e-05
3.700000000000000000e+01 1.398081879795913896e-05
3.800000000000000000e+01 1.238728756358740873e-05
3.900000000000000000e+01 9.951347875981278395e-06
4.000000000000000000e+01 1.135101093224348692e-05
4.100000000000000000e+01 1.534912414007411034e-05
4.200000000000000000e+01 1.140593135877862653e-05
4.300000000000000000e+01 1.082976614025961607e-05
4.400000000000000000e+01 1.324758142845348618e-05
4.500000000000000000e+01 1.148734369357106210e-05
4.600000000000000000e+01 8.923868368280601519e-06
4.700000000000000000e+01 1.003896186217979701e-05
4.800000000000000000e+01 9.812889483614522154e-06
4.900000000000000000e+01 1.053588908292599102e-05
5.000000000000000000e+01 7.800684936200713039e-06
5.100000000000000000e+01 1.077668682873868701e-05
5.200000000000000000e+01 1.898258161759945186e-05
5.300000000000000000e+01 1.654960184151699855e-05
5.400000000000000000e+01 1.626592024188899203e-05
5.500000000000000000e+01 2.107877304572717021e-05
5.600000000000000000e+01 1.012938731752122469e-05
5.700000000000000000e+01 1.009480156299575907e-05
5.800000000000000000e+01 1.302337838155573147e-05
5.900000000000000000e+01 1.564157715349320178e-05
6.000000000000000000e+01 9.282360591254874052e-06
6.100000000000000000e+01 9.354102066791413820e-06
6.200000000000000000e+01 1.111798701970462440e-05
6.300000000000000000e+01 9.227383008251060709e-06
6.400000000000000000e+01 1.048429315579117153e-05
6.500000000000000000e+01 1.144817915924621493e-05
6.600000000000000000e+01 1.329245058654308058e-05
6.700000000000000000e+01 1.301200128811159035e-05
6.800000000000000000e+01 9.793178453544367087e-06
6.900000000000000000e+01 9.754281881463773156e-06
7.000000000000000000e+01 8.855872752412922248e-06
7.100000000000000000e+01 7.806502913218778031e-06
7.200000000000000000e+01 1.042685424692123336e-05
7.300000000000000000e+01 1.706020798430858755e-05
7.400000000000000000e+01 9.804117193020397270e-06
7.500000000000000000e+01 1.301988451996913520e-05
7.600000000000000000e+01 1.255734824309656580e-05
7.700000000000000000e+01 7.396718937286858962e-06
7.800000000000000000e+01 8.438416619327730392e-06
7.900000000000000000e+01 7.580385270237222184e-06
8.000000000000000000e+01 1.116396579259156587e-05
8.100000000000000000e+01 1.174006786629762001e-05
8.200000000000000000e+01 1.546705166543948390e-05
8.300000000000000000e+01 6.454115418193529652e-06
8.400000000000000000e+01 1.188640897817890647e-05
8.500000000000000000e+01 1.215340731932397099e-05
8.600000000000000000e+01 7.930146155998094845e-06
8.700000000000000000e+01 1.048456993322214757e-05
8.800000000000000000e+01 8.116107269213051762e-06
8.900000000000000000e+01 8.363091087328412447e-06
9.000000000000000000e+01 8.832016713087119302e-06
9.100000000000000000e+01 1.177290751107930876e-05
9.200000000000000000e+01 8.482820179949177445e-06
9.300000000000000000e+01 7.052845880580718203e-06
9.400000000000000000e+01 7.057862709989485199e-06
9.500000000000000000e+01 1.631384891986130850e-05
9.600000000000000000e+01 8.917395870089572045e-06
9.700000000000000000e+01 7.248445334421942098e-06
9.800000000000000000e+01 6.896305313396062066e-06
9.900000000000000000e+01 6.087531336492680008e-06
1.000000000000000000e+02 6.166624538393414017e-06
1.010000000000000000e+02 7.992855343354127171e-06
1.020000000000000000e+02 5.911048910624479696e-06
1.030000000000000000e+02 9.527206684668525967e-06
1.040000000000000000e+02 8.782677308782728802e-06
1.050000000000000000e+02 8.437746646460220665e-06
1.060000000000000000e+02 7.313888136280733535e-06
1.070000000000000000e+02 6.506915828005276740e-06
1.080000000000000000e+02 6.390858618271946390e-06
1.090000000000000000e+02 9.589281732998769628e-06
1.100000000000000000e+02 5.887859585640615491e-06
1.110000000000000000e+02 7.369807943149952629e-06
1.120000000000000000e+02 7.446516236731704974e-06
1.130000000000000000e+02 8.340488512972993375e-06
1.140000000000000000e+02 4.573088318974156998e-06
1.150000000000000000e+02 6.253154668393647550e-06
1.160000000000000000e+02 8.032828135838306473e-06
1.170000000000000000e+02 7.226899273965703545e-06
1.180000000000000000e+02 7.034422574466009450e-06
1.190000000000000000e+02 8.867628456310195655e-06
1.200000000000000000e+02 8.994634720177637193e-06
1.210000000000000000e+02 1.188547717636503326e-05
1.220000000000000000e+02 1.036886419406371665e-05
1.230000000000000000e+02 6.591207582471651948e-06
1.240000000000000000e+02 7.861757459930644208e-06
1.250000000000000000e+02 6.687410498913032364e-06
1.260000000000000000e+02 8.508881254333538645e-06
1.270000000000000000e+02 8.225382504192199515e-06
1.280000000000000000e+02 5.809375179784746888e-06
1.290000000000000000e+02 6.269925389344579334e-06
1.300000000000000000e+02 6.847884515680923810e-06
1.310000000000000000e+02 5.617426180951213224e-06
1.320000000000000000e+02 5.650342430753171424e-06
1.330000000000000000e+02 6.532972959460245325e-06
1.340000000000000000e+02 8.701642027021021589e-06
1.350000000000000000e+02 5.761776148336100898e-06
1.360000000000000000e+02 5.911029000674032381e-06
1.370000000000000000e+02 8.803392101109326016e-06
1.380000000000000000e+02 7.110028629701725389e-06
1.390000000000000000e+02 6.515225255097314478e-06
1.400000000000000000e+02 6.576296789486194514e-06
1.410000000000000000e+02 4.763654372562340827e-06
1.420000000000000000e+02 5.833710512147489356e-06
1.430000000000000000e+02 5.571847193138378233e-06
1.440000000000000000e+02 4.770022102287683718e-06
1.450000000000000000e+02 4.197967148167845640e-06
1.460000000000000000e+02 5.236760863378943485e-06
1.470000000000000000e+02 5.161845465871565916e-06
1.480000000000000000e+02 6.200678109796122757e-06
1.490000000000000000e+02 5.498049310263555215e-06
1.500000000000000000e+02 4.816626205596577007e-06
1.510000000000000000e+02 5.230258100909474284e-06
1.520000000000000000e+02 4.851455074956437766e-06
1.530000000000000000e+02 6.194856438233486672e-06
1.540000000000000000e+02 5.924075401192341468e-06
1.550000000000000000e+02 5.375628102854149207e-06
1.560000000000000000e+02 5.783889503719803036e-06
1.570000000000000000e+02 4.695717147893777562e-06
1.580000000000000000e+02 6.969405244854917655e-06
1.590000000000000000e+02 4.950299174942765066e-06
1.600000000000000000e+02 5.822645236681753248e-06
1.610000000000000000e+02 6.030378182796603730e-06
1.620000000000000000e+02 5.157786776396328703e-06
1.630000000000000000e+02 5.054660857136738923e-06
1.640000000000000000e+02 5.005212027160037199e-06
1.650000000000000000e+02 4.898895022355618056e-06
