0.000000000000000000e+00 1.773875527083873804e-01
1.000000000000000000e+00 1.184055688325315742e-01
2.000000000000000000e+00 1.648177931783720990e-02
3.000000000000000000e+00 8.849032869329675685e-03
4.000000000000000000e+00 8.549272996606304548e-03
5.000000000000000000e+00 8.404111384879797003e-03
6.000000000000000000e+00 8.387349976692349066e-03
7.000000000000000000e+00 8.442871039733290672e-03
8.000000000000000000e+00 8.583967533195391991e-03
9.000000000000000000e+00 8.483574271667747996e-03
1.000000000000000000e+01 8.512203668942674994e-03
1.100000000000000000e+01 8.337612677132710468e-03
1.200000000000000000e+01 8.358204207615927209e-03
1.300000000000000000e+01 8.328628214076160691e-03
1.400000000000000000e+01 8.559845725540072420e-03
1.500000000000000000e+01 8.412786509143187902e-03
1.600000000000000000e+01 8.507029904285446156e-03
1.700000000000000000e+01 8.437917823903262962e-03
1.800000000000000000e+01 8.637155883479862711e-03
1.900000000000000000e+01 8.324331772746518601e-03
2.000000000000000000e+01 8.339937077835202217e-03
2.100000000000000000e+01 8.399024390382692912e-03
2.200000000000000000e+01 8.732764673186465404e-03
2.300000000000000000e+01 8.651713043218479254e-03
2.400000000000000000e+01 8.469465194502845060e-03
2.500000000000000000e+01 8.557664748514071454e-03
2.600000000000000000e+01 8.363045012811199524e-03
2.700000000000000000e+01 8.498336479533463717e-03
2.800000000000000000e+01 8.525413024472072721e-03
2.900000000000000000e+01 8.624708635034039270e-03
3.000000000000000000e+01 8.523078361758962967e-03
3.100000000000000000e+01 8.254200080409645687e-03
3.200000000000000000e+01 8.562744164373725306e-03
3.300000000000000000e+01 8.580033102771267989e-03
3.400000000000000000e+01 8.379852137295529246e-03
3.500000000000000000e+01 8.447591151343658913e-03
3.600000000000000000e+01 8.466808387311175466e-03
3.700000000000000000e+01 8.460860885679721138e-03
3.800000000000000000e+01 8.678291528485714695e-03
3.900000000000000000e+01 8.331856393488124360e-03
4.000000000000000000e+01 8.346317068208009352e-03
4.100000000000000000e+01 8.430626353947446097e-03
4.200000000000000000e+01 8.367330580949784019e-03
4.300000000000000000e+01 8.391724951798096646e-03
4.400000000000000000e+01 9.260277327848598014e-03
4.500000000000000000e+01 8.437119668815284274e-03
4.600000000000000000e+01 8.507577405543998231e-03
4.700000000000000000e+01 8.660136914113537171e-03
4.800000000000000000e+01 8.301649289205671051e-03
4.900000000000000000e+01 8.414482348598539829e-03
5.000000000000000000e+01 8.454539306694642403e-03
5.100000000000000000e+01 8.242173597682266734e-03
5.200000000000000000e+01 8.280632807873189796e-03
5.300000000000000000e+01 8.275686058914289225e-03
5.400000000000000000e+01 8.360680978512391448e-03
5.500000000000000000e+01 8.336562360636890628e-03
5.600000000000000000e+01 8.235331065952778209e-03
5.700000000000000000e+01 8.205098466714844802e-03
5.800000000000000000e+01 8.298870717408136227e-03
5.900000000000000000e+01 8.209625870222225785e-03
6.000000000000000000e+01 8.273969864239916552e-03
6.100000000000000000e+01 8.238025201717392304e-03
6.200000000000000000e+01 8.321124577196314237e-03
6.300000000000000000e+01 8.249219233402983048e-03
6.400000000000000000e+01 8.245686476584523916e-03
6.500000000000000000e+01 8.225301449419930924e-03
6.600000000000000000e+01 8.280581195140256784e-03
6.700000000000000000e+01 8.360819052904843937e-03
6.800000000000000000e+01 8.249832823639734886e-03
6.900000000000000000e+01 8.285175112541764628e-03
7.000000000000000000e+01 8.415930770570411584e-03
7.100000000000000000e+01 8.265070064226165414e-03
7.200000000000000000e+01 8.297453087288885962e-03
7.300000000000000000e+01 8.566693030297755848e-03
7.400000000000000000e+01 8.296540047740563056e-03
7.500000000000000000e+01 8.274606330087409117e-03
7.600000000000000000e+01 8.300937025342135928e-03
7.700000000000000000e+01 8.254606509581208229e-03
7.800000000000000000e+01 8.430939068784937956e-03
7.900000000000000000e+01 8.466479438357054493e-03
8.000000000000000000e+01 8.191862812964245677e-03
8.100000000000000000e+01 8.266434824327007283e-03
8.200000000000000000e+01 8.247038110857829799e-03
8.300000000000000000e+01 8.222053881036117326e-03
8.400000000000000000e+01 8.220630796859040162e-03
8.500000000000000000e+01 8.509435591986403563e-03
8.600000000000000000e+01 8.403690584236756314e-03
8.700000000000000000e+01 8.381918584927917221e-03
8.800000000000000000e+01 8.246515615610405803e-03
8.900000000000000000e+01 8.508264442207291375e-03
9.000000000000000000e+01 8.249076275387779572e-03
9.100000000000000000e+01 8.211888780351728201e-03
9.200000000000000000e+01 8.337263582507147691e-03
9.300000000000000000e+01 8.498629787936806679e-03
9.400000000000000000e+01 8.211953029967845180e-03
9.500000000000000000e+01 8.191970206098631024e-03
9.600000000000000000e+01 8.362677128752693187e-03
9.700000000000000000e+01 8.263144141528755773e-03
9.800000000000000000e+01 8.345394232310354016e-03
9.900000000000000000e+01 8.304493536707013498e-03
1.000000000000000000e+02 8.192979008890688072e-03
1.010000000000000000e+02 8.330065890913829901e-03
1.020000000000000000e+02 8.163539995439349911e-03
1.030000000000000000e+02 8.182800980284810413e-03
1.040000000000000000e+02 8.188426389824598334e-03
1.050000000000000000e+02 8.151135098887606761e-03
1.060000000000000000e+02 8.262333890888840307e-03
1.070000000000000000e+02 8.236007828963920127e-03
1.080000000000000000e+02 8.215672767255455602e-03
1.090000000000000000e+02 8.197388891130686500e-03
1.100000000000000000e+02 8.173291082493960510e-03
1.110000000000000000e+02 8.194263052428141930e-03
1.120000000000000000e+02 8.195925795007497072e-03
1.130000000000000000e+02 8.222043665591627012e-03
1.140000000000000000e+02 8.208485395880416730e-03
1.150000000000000000e+02 8.242532110307366003e-03
1.160000000000000000e+02 8.301115222275256764e-03
1.170000000000000000e+02 8.241211425047367117e-03
1.180000000000000000e+02 8.321117667946964502e-03
1.190000000000000000e+02 8.178312733070925225e-03
1.200000000000000000e+02 8.278224122477695346e-03
1.210000000000000000e+02 8.202457061270252564e-03
1.220000000000000000e+02 8.244716224726288817e-03
1.230000000000000000e+02 8.151714922860264778e-03
1.240000000000000000e+02 8.199528662953526476e-03
1.250000000000000000e+02 8.169404458021745433e-03
1.260000000000000000e+02 8.190601959358900092e-03
1.270000000000000000e+02 8.192498405696824540e-03
1.280000000000000000e+02 8.211755257798358451e-03
1.290000000000000000e+02 8.193670888431370258e-03
1.300000000000000000e+02 8.187176729552447102e-03
1.310000000000000000e+02 8.196678850799799312e-03
1.320000000000000000e+02 8.193282590946182262e-03
1.330000000000000000e+02 8.158621273469179175e-03
1.340000000000000000e+02 8.248155488399789431e-03
1.350000000000000000e+02 8.196627086726948272e-03
1.360000000000000000e+02 8.264784567290916345e-03
1.370000000000000000e+02 8.268658834276720535e-03
1.380000000000000000e+02 8.204142469912767757e-03
1.390000000000000000e+02 8.189407945610582135e-03
1.400000000000000000e+02 8.278264349792152296e-03
1.410000000000000000e+02 8.190990448929369797e-03
1.420000000000000000e+02 8.296642475761473526e-03
1.430000000000000000e+02 8.149763295659796097e-03
1.440000000000000000e+02 8.270773745607584715e-03
1.450000000000000000e+02 8.133071049815043113e-03
1.460000000000000000e+02 8.172556286444887866e-03
1.470000000000000000e+02 8.170080557465552590e-03
1.480000000000000000e+02 8.198406884912402132e-03
1.490000000000000000e+02 8.294101565843448390e-03
1.500000000000000000e+02 8.201272966107352874e-03
1.510000000000000000e+02 8.152872748905793526e-03
1.520000000000000000e+02 8.147618628572671912e-03
1.530000000000000000e+02 8.117740711895748973e-03
1.540000000000000000e+02 8.146492257947102883e-03
1.550000000000000000e+02 8.150504180230199944e-03
1.560000000000000000e+02 8.181164856068789959e-03
1.570000000000000000e+02 8.139924908755346786e-03
1.580000000000000000e+02 8.116731140762566826e-03
1.590000000000000000e+02 8.145274978596716772e-03
1.600000000000000000e+02 8.136064239079133370e-03
1.610000000000000000e+02 8.157331758411601186e-03
1.620000000000000000e+02 8.188007975695655097e-03
1.630000000000000000e+02 8.151128928875549934e-03
1.640000000000000000e+02 8.111074357293546547e-03
1.650000000000000000e+02 8.148971706395969142e-03
1.660000000000000000e+02 8.117843535728752613e-03
1.670000000000000000e+02 8.134719287045299313e-03
1.680000000000000000e+02 8.148748462554067026e-03
1.690000000000000000e+02 8.135648845927790154e-03
1.700000000000000000e+02 8.133082697167993286e-03
1.710000000000000000e+02 8.197235543048009970e-03
1.720000000000000000e+02 8.229653286980465401e-03
1.730000000000000000e+02 8.133552043000235807e-03
1.740000000000000000e+02 8.135122142266481421e-03
1.750000000000000000e+02 8.177762775449081561e-03
1.760000000000000000e+02 8.112909528426826347e-03
1.770000000000000000e+02 8.168144244700669895e-03
1.780000000000000000e+02 8.126309624640271762e-03
1.790000000000000000e+02 8.157163771102204919e-03
1.800000000000000000e+02 8.143920672591776350e-03
1.810000000000000000e+02 8.147389936493710377e-03
1.820000000000000000e+02 8.192963997134938142e-03
1.830000000000000000e+02 8.249132300261408784e-03
1.840000000000000000e+02 8.264949388103560307e-03
1.850000000000000000e+02 8.180216426262631665e-03
1.860000000000000000e+02 8.139849279541522958e-03
1.870000000000000000e+02 8.158949564676731131e-03
1.880000000000000000e+02 8.183485234621912935e-03
1.890000000000000000e+02 8.127211744431405913e-03
1.900000000000000000e+02 8.153378899442032327e-03
1.910000000000000000e+02 8.121041813865303993e-03
1.920000000000000000e+02 8.126358082517982223e-03
1.930000000000000000e+02 8.151526516303419373e-03
1.940000000000000000e+02 8.152555802371352217e-03
1.950000000000000000e+02 8.159550459822639823e-03
1.960000000000000000e+02 8.173116488615050565e-03
1.970000000000000000e+02 8.136915654176846147e-03
1.980000000000000000e+02 8.163905178662389517e-03
1.990000000000000000e+02 8.148868201533331773e-03
2.000000000000000000e+02 8.103630563709884882e-03
2.010000000000000000e+02 8.119583805091678749e-03
2.020000000000000000e+02 8.105715340934693119e-03
2.030000000000000000e+02 8.122198464116081248e-03
2.040000000000000000e+02 8.107172278687357209e-03
2.050000000000000000e+02 8.111441653454676270e-03
2.060000000000000000e+02 8.096054958878084670e-03
2.070000000000000000e+02 8.116424351464956652e-03
2.080000000000000000e+02 8.153509336989373663e-03
2.090000000000000000e+02 8.103396062506363490e-03
2.100000000000000000e+02 8.135396218858659961e-03
2.110000000000000000e+02 8.134982123738154075e-03
2.120000000000000000e+02 8.149691013386473060e-03
2.130000000000000000e+02 8.124409150332212795e-03
2.140000000000000000e+02 8.103759901132434607e-03
2.150000000000000000e+02 8.113487996160984386e-03
2.160000000000000000e+02 8.103012206265702150e-03
2.170000000000000000e+02 8.124573848908767451e-03
2.180000000000000000e+02 8.114599582040683129e-03
2.190000000000000000e+02 8.099470083834603429e-03
2.200000000000000000e+02 8.103625307558103702e-03
2.210000000000000000e+02 8.102329482790082346e-03
2.220000000000000000e+02 8.117621962446719755e-03
2.230000000000000000e+02 8.117632393259554754e-03
2.240000000000000000e+02 8.106357266660780062e-03
2.250000000000000000e+02 8.101569750579074025e-03
2.260000000000000000e+02 8.161954290699213743e-03
2.270000000000000000e+02 8.105897990753873836e-03
2.280000000000000000e+02 8.109003817662597396e-03
2.290000000000000000e+02 8.093441242817790010e-03
2.300000000000000000e+02 8.101376617560163140e-03
2.310000000000000000e+02 8.092975604813545248e-03
2.320000000000000000e+02 8.112093212548642657e-03
2.330000000000000000e+02 8.124474744545296528e-03
2.340000000000000000e+02 8.104974520392715931e-03
2.350000000000000000e+02 8.106123696779831550e-03
2.360000000000000000e+02 8.110859600128606309e-03
2.370000000000000000e+02 8.095807553036137721e-03
2.380000000000000000e+02 8.101791952503845443e-03
2.390000000000000000e+02 8.099792385473847042e-03
2.400000000000000000e+02 8.104312134673819640e-03
2.410000000000000000e+02 8.121949317865074375e-03
2.420000000000000000e+02 8.101493550930172552e-03
2.430000000000000000e+02 8.119611465372145870e-03
2.440000000000000000e+02 8.095947792753577232e-03
2.450000000000000000e+02 8.118840138195082545e-03
2.460000000000000000e+02 8.142633695388212106e-03
2.470000000000000000e+02 8.122835424728691578e-03
2.480000000000000000e+02 8.126035943860188127e-03
2.490000000000000000e+02 8.101652184268458984e-03
2.500000000000000000e+02 8.110953168943524708e-03
2.510000000000000000e+02 8.089711121283472278e-03
2.520000000000000000e+02 8.090790733695030559e-03
2.530000000000000000e+02 8.108594710938632835e-03
2.540000000000000000e+02 8.091003447771073082e-03
2.550000000000000000e+02 8.092654560459777019e-03
2.560000000000000000e+02 8.086192421615123749e-03
2.570000000000000000e+02 8.094848482869565487e-03
2.580000000000000000e+02 8.088000345742330302e-03
2.590000000000000000e+02 8.098868693923576972e-03
2.600000000000000000e+02 8.082881371956318270e-03
2.610000000000000000e+02 8.097904291935265411e-03
2.620000000000000000e+02 8.091197081375867475e-03
2.630000000000000000e+02 8.082136022858321320e-03
2.640000000000000000e+02 8.105486497515811822e-03
2.650000000000000000e+02 8.087671647081151952e-03
2.660000000000000000e+02 8.087317756144329559e-03
2.670000000000000000e+02 8.094848087057470581e-03
2.680000000000000000e+02 8.086879533948376775e-03
2.690000000000000000e+02 8.092813665280118238e-03
2.700000000000000000e+02 8.113346388563513409e-03
2.710000000000000000e+02 8.077742363093420516e-03
2.720000000000000000e+02 8.093541878042741916e-03
2.730000000000000000e+02 8.090377418557181260e-03
2.740000000000000000e+02 8.096525177825242628e-03
2.750000000000000000e+02 8.089112234301865101e-03
2.760000000000000000e+02 8.102819981286302903e-03
2.770000000000000000e+02 8.103192545240745295e-03
2.780000000000000000e+02 8.096225699409842838e-03
2.790000000000000000e+02 8.093969523906707417e-03
2.800000000000000000e+02 8.099146222230046641e-03
