0.000000000000000000e+00 8.993503437095984755e-04
1.000000000000000000e+00 3.152977576879046869e-04
2.000000000000000000e+00 2.871065743790067308e-04
3.000000000000000000e+00 2.570495325766749520e-04
4.000000000000000000e+00 1.902592464845498886e-04
5.000000000000000000e+00 1.256766822768832592e-04
6.000000000000000000e+00 1.129139486206358274e-04
7.000000000000000000e+00 1.130512699081172583e-04
8.000000000000000000e+00 1.096058076037946354e-04
9.000000000000000000e+00 1.103153406814735680e-04
1.000000000000000000e+01 1.138563050200023949e-04
1.100000000000000000e+01 1.119422750774279649e-04
1.200000000000000000e+01 1.104762604624031958e-04
1.300000000000000000e+01 1.102309490461486955e-04
1.400000000000000000e+01 1.099271173672489285e-04
1.500000000000000000e+01 1.083164941853355005e-04
1.600000000000000000e+01 1.088275620625184286e-04
1.700000000000000000e+01 1.061445203499141772e-04
1.800000000000000000e+01 1.087265056278789103e-04
1.900000000000000000e+01 1.069982850504699304e-04
2.000000000000000000e+01 1.117586349791974061e-04
2.100000000000000000e+01 1.077897392316520684e-04
2.200000000000000000e+01 1.060153732745241855e-04
2.300000000000000000e+01 1.026753538212993419e-04
2.400000000000000000e+01 9.941702951761295008e-05
2.500000000000000000e+01 9.730718180744291567e-05
2.600000000000000000e+01 1.045396501638253483e-04
2.700000000000000000e+01 9.947977488939326626e-05
2.800000000000000000e+01 1.026658970414661397e-04
2.900000000000000000e+01 1.015293573351204334e-04
3.000000000000000000e+01 9.136880924653429563e-05
3.100000000000000000e+01 8.564708192827372374e-05
3.200000000000000000e+01 7.836622937246401702e-05
3.300000000000000000e+01 6.890873666550084221e-05
3.400000000000000000e+01 6.204939431694769369e-05
3.500000000000000000e+01 4.320518402440757339e-05
3.600000000000000000e+01 2.749354173540356520e-05
3.700000000000000000e+01 1.528675351193863483e-05
3.800000000000000000e+01 9.156779421015169446e-06
3.900000000000000000e+01 5.957208213649074936e-06
4.000000000000000000e+01 5.792050129009279066e-06
4.100000000000000000e+01 4.442401225764585849e-06
4.200000000000000000e+01 4.949436403022976208e-06
4.300000000000000000e+01 4.470884737979281737e-06
4.400000000000000000e+01 4.084643115042578279e-06
4.500000000000000000e+01 3.799440029233808450e-06
4.600000000000000000e+01 3.556756153155654647e-06
4.700000000000000000e+01 3.770773405509516522e-06
4.800000000000000000e+01 2.942228328108703364e-06
4.900000000000000000e+01 2.818400816943748844e-06
5.000000000000000000e+01 3.312430385098816812e-06
5.100000000000000000e+01 2.693706267511912100e-06
5.200000000000000000e+01 2.455967781346430744e-06
5.300000000000000000e+01 2.639717882026649955e-06
5.400000000000000000e+01 2.848725505205977679e-06
5.500000000000000000e+01 2.353565310464488256e-06
5.600000000000000000e+01 2.159616811818986559e-06
5.700000000000000000e+01 2.233575532353437479e-06
5.800000000000000000e+01 2.967446383703769151e-06
5.900000000000000000e+01 2.053828400496436939e-06
6.000000000000000000e+01 2.035640249718001704e-06
6.100000000000000000e+01 1.775582493401122311e-06
6.200000000000000000e+01 1.859362856180735740e-06
6.300000000000000000e+01 1.931443684734475304e-06
6.400000000000000000e+01 1.636921783384026400e-06
6.500000000000000000e+01 1.525509096154270755e-06
6.600000000000000000e+01 1.751290130033379718e-06
6.700000000000000000e+01 1.522510212378364979e-06
6.800000000000000000e+01 1.706603827092622531e-06
6.900000000000000000e+01 1.410585098230386225e-06
7.000000000000000000e+01 1.233431580795545535e-06
7.100000000000000000e+01 1.393874916302440703e-06
7.200000000000000000e+01 1.295389978540224677e-06
7.300000000000000000e+01 1.329147330229099823e-06
7.400000000000000000e+01 1.428856736860864747e-06
7.500000000000000000e+01 1.341496474840837016e-06
7.600000000000000000e+01 1.655868704067128712e-06
7.700000000000000000e+01 1.020387151836142309e-06
7.800000000000000000e+01 1.116736843704555827e-06
7.900000000000000000e+01 9.394443669780068549e-07
8.000000000000000000e+01 1.052191121764311647e-06
8.100000000000000000e+01 8.709126445963110000e-07
8.200000000000000000e+01 1.025831508276905379e-06
8.300000000000000000e+01 1.687462405866114521e-06
8.400000000000000000e+01 1.863494842418610413e-06
8.500000000000000000e+01 1.109372297122024316e-06
8.600000000000000000e+01 9.840154432875895293e-07
8.700000000000000000e+01 7.631911714560520741e-07
8.800000000000000000e+01 7.361338517864614175e-07
8.900000000000000000e+01 7.972251566311378580e-07
9.000000000000000000e+01 7.273338092255167404e-07
9.100000000000000000e+01 7.662825974115181997e-07
9.200000000000000000e+01 7.802860808516357000e-07
9.300000000000000000e+01 7.422371622359026824e-07
9.400000000000000000e+01 6.525853317702111349e-07
9.500000000000000000e+01 7.182882350129709976e-07
9.600000000000000000e+01 6.994939054033368165e-07
9.700000000000000000e+01 6.133847442761789645e-07
9.800000000000000000e+01 6.615630559869997093e-07
9.900000000000000000e+01 5.443064621906651696e-07
1.000000000000000000e+02 7.264678737584375161e-07
1.010000000000000000e+02 7.819251352385136738e-07
1.020000000000000000e+02 5.298485184483599704e-07
1.030000000000000000e+02 5.732192188846808247e-07
1.040000000000000000e+02 5.730206672580037636e-07
1.050000000000000000e+02 4.799857674154129054e-07
1.060000000000000000e+02 5.826084744426277310e-07
1.070000000000000000e+02 5.068527651253514929e-07
1.080000000000000000e+02 5.225219822611249973e-07
1.090000000000000000e+02 5.758412304129214828e-07
1.100000000000000000e+02 4.239593531602709965e-07
1.110000000000000000e+02 6.003106754707892437e-07
1.120000000000000000e+02 6.684987830323072823e-07
1.130000000000000000e+02 6.346007035826215945e-07
1.140000000000000000e+02 6.133481644436668913e-07
1.150000000000000000e+02 6.537562224090886494e-07
1.160000000000000000e+02 4.892933694616421689e-07
1.170000000000000000e+02 5.699807856094621370e-07
1.180000000000000000e+02 5.189862277585327633e-07
1.190000000000000000e+02 4.140784309433668864e-07
1.200000000000000000e+02 4.420503035035239815e-07
1.210000000000000000e+02 4.308022494868132061e-07
1.220000000000000000e+02 4.652005791332447338e-07
1.230000000000000000e+02 6.322758700065280778e-07
1.240000000000000000e+02 6.221368506452300933e-07
1.250000000000000000e+02 5.906700304644866474e-07
1.260000000000000000e+02 4.431837061254047883e-07
1.270000000000000000e+02 4.672637704994921863e-07
1.280000000000000000e+02 4.090727434167027227e-07
1.290000000000000000e+02 5.216494546945786044e-07
1.300000000000000000e+02 4.921160943105556910e-07
1.310000000000000000e+02 6.456963372361818679e-07
1.320000000000000000e+02 6.218099142805306283e-07
1.330000000000000000e+02 3.815319965914265049e-07
1.340000000000000000e+02 3.998340226415752385e-07
1.350000000000000000e+02 5.097558605305300309e-07
1.360000000000000000e+02 4.554234931142707295e-07
1.370000000000000000e+02 4.489635952235035490e-07
1.380000000000000000e+02 4.631600772299615449e-07
1.390000000000000000e+02 4.313482830235777707e-07
1.400000000000000000e+02 4.285941250287953447e-07
1.410000000000000000e+02 3.852301876609265268e-07
1.420000000000000000e+02 5.510803268746675031e-07
1.430000000000000000e+02 4.772862369587429467e-07
1.440000000000000000e+02 3.885775061932710629e-07
1.450000000000000000e+02 3.579940451906418118e-07
1.460000000000000000e+02 3.905621838631010587e-07
1.470000000000000000e+02 3.708306872520703843e-07
1.480000000000000000e+02 4.426724643796590902e-07
1.490000000000000000e+02 4.443638094920102476e-07
1.500000000000000000e+02 3.813362021032695546e-07
1.510000000000000000e+02 4.155395907770483015e-07
1.520000000000000000e+02 4.621794092273937770e-07
1.530000000000000000e+02 3.907496315180615631e-07
1.540000000000000000e+02 3.846995995494942263e-07
1.550000000000000000e+02 4.973463807893726492e-07
1.560000000000000000e+02 3.490260915442103610e-07
1.570000000000000000e+02 3.516267036118114583e-07
1.580000000000000000e+02 7.173455869626398987e-07
1.590000000000000000e+02 6.874321304781658278e-07
1.600000000000000000e+02 1.972888628035263708e-06
1.610000000000000000e+02 4.990212963953131027e-07
1.620000000000000000e+02 6.922995666633851259e-07
1.630000000000000000e+02 4.802673420042297566e-07
1.640000000000000000e+02 3.485350996787825369e-07
1.650000000000000000e+02 4.125990168780634230e-07
1.660000000000000000e+02 3.434555325088507267e-07
1.670000000000000000e+02 4.819083376702551144e-07
1.680000000000000000e+02 5.231680836062093836e-07
1.690000000000000000e+02 7.104320366126320011e-07
1.700000000000000000e+02 3.774446698744019777e-07
1.710000000000000000e+02 5.141481542150973023e-07
1.720000000000000000e+02 3.894717983407491424e-07
1.730000000000000000e+02 3.843768519208229275e-07
1.740000000000000000e+02 4.736819247321108869e-07
1.750000000000000000e+02 4.215638650571950152e-07
1.760000000000000000e+02 3.753637859330026221e-07
1.770000000000000000e+02 3.407071105106751946e-07
1.780000000000000000e+02 5.949192478724067235e-07
1.790000000000000000e+02 6.074481839648934291e-07
1.800000000000000000e+02 5.800204910659075900e-07
1.810000000000000000e+02 3.943036285562855087e-07
1.820000000000000000e+02 4.511294891706877164e-07
1.830000000000000000e+02 3.489007110130128538e-07
1.840000000000000000e+02 3.611488051202837947e-07
1.850000000000000000e+02 3.491101271129805548e-07
1.860000000000000000e+02 4.393802987273877204e-07
1.870000000000000000e+02 3.572866707087760829e-07
1.880000000000000000e+02 3.744672209965389919e-07
1.890000000000000000e+02 8.775916005269527417e-07
1.900000000000000000e+02 8.209083145079657995e-07
1.910000000000000000e+02 5.797415239513847537e-07
1.920000000000000000e+02 5.463127543645689733e-07
1.930000000000000000e+02 4.262492891223790657e-07
1.940000000000000000e+02 4.836828645091322482e-07
1.950000000000000000e+02 3.417585209185655570e-07
1.960000000000000000e+02 3.112070886118127087e-07
1.970000000000000000e+02 4.790959578036055088e-07
1.980000000000000000e+02 3.291890631680910818e-07
1.990000000000000000e+02 3.110355187850773098e-07
2.000000000000000000e+02 5.156080122399994114e-07
2.010000000000000000e+02 3.462946640139809045e-07
2.020000000000000000e+02 3.773710884678952558e-07
2.030000000000000000e+02 3.583941538093202864e-07
2.040000000000000000e+02 5.933107476321948128e-07
2.050000000000000000e+02 4.772620137347940109e-07
2.060000000000000000e+02 4.016620031217106651e-07
2.070000000000000000e+02 3.091936564728347076e-07
2.080000000000000000e+02 6.244400320147080476e-07
2.090000000000000000e+02 3.629186114809850788e-07
2.100000000000000000e+02 3.909072739796124553e-07
2.110000000000000000e+02 3.783978401760949733e-07
2.120000000000000000e+02 5.082310843140152904e-07
2.130000000000000000e+02 4.777970302266779047e-07
2.140000000000000000e+02 3.242275479425012179e-07
2.150000000000000000e+02 2.913566480320086868e-07
2.160000000000000000e+02 2.924234393338735491e-07
2.170000000000000000e+02 3.486763577407720713e-07
2.180000000000000000e+02 2.641972224078803294e-07
2.190000000000000000e+02 3.172960049809612697e-07
2.200000000000000000e+02 3.146859998972993889e-07
2.210000000000000000e+02 2.833249313239838741e-07
2.220000000000000000e+02 2.744647971333527589e-07
2.230000000000000000e+02 3.384272874833675561e-07
2.240000000000000000e+02 3.602745923200258995e-07
2.250000000000000000e+02 2.968871191370907324e-07
2.260000000000000000e+02 3.255515863172417738e-07
2.270000000000000000e+02 2.967181069862020333e-07
2.280000000000000000e+02 2.665956178121360906e-07
2.290000000000000000e+02 2.625119813311146807e-07
2.300000000000000000e+02 2.785475948471088859e-07
2.310000000000000000e+02 2.828113241461614257e-07
2.320000000000000000e+02 3.214440953677184728e-07
2.330000000000000000e+02 3.208683762793920962e-07
2.340000000000000000e+02 4.173498172630531620e-07
2.350000000000000000e+02 2.860045735732273355e-07
2.360000000000000000e+02 2.419397076693536025e-07
2.370000000000000000e+02 3.204708489294910911e-07
2.380000000000000000e+02 2.890316713597236841e-07
2.390000000000000000e+02 3.130589455438633482e-07
2.400000000000000000e+02 2.725132021536259600e-07
2.410000000000000000e+02 3.006488152978199325e-07
2.420000000000000000e+02 2.812884008295547589e-07
2.430000000000000000e+02 3.174682509628710038e-07
2.440000000000000000e+02 2.632327547930206669e-07
2.450000000000000000e+02 2.986575725563086701e-07
2.460000000000000000e+02 2.779901080898513867e-07
2.470000000000000000e+02 3.058337250366247443e-07
2.480000000000000000e+02 2.950195520511003531e-07
2.490000000000000000e+02 3.040147053062179232e-07
2.500000000000000000e+02 2.878374346122981191e-07
2.510000000000000000e+02 2.952267292690776679e-07
2.520000000000000000e+02 3.497053392332305808e-07
2.530000000000000000e+02 2.818294399068735548e-07
2.540000000000000000e+02 2.950409091316862425e-07
2.550000000000000000e+02 2.358570128413557713e-07
2.560000000000000000e+02 4.758633314974010802e-07
2.570000000000000000e+02 5.114629477764402139e-07
2.580000000000000000e+02 3.554479156901974685e-07
2.590000000000000000e+02 2.744827090511148783e-07
2.600000000000000000e+02 2.659699260911475627e-07
2.610000000000000000e+02 3.509882387518022067e-07
2.620000000000000000e+02 3.922020912633767882e-07
2.630000000000000000e+02 2.605312398519822787e-07
2.640000000000000000e+02 2.731426453259985585e-07
2.650000000000000000e+02 2.413703500483851648e-07
2.660000000000000000e+02 2.540846473143819744e-07
2.670000000000000000e+02 2.465651847385449843e-07
2.680000000000000000e+02 2.407471512497864926e-07
2.690000000000000000e+02 2.498767997662868252e-07
2.700000000000000000e+02 2.623954902205056706e-07
2.710000000000000000e+02 3.769823172223447380e-07
2.720000000000000000e+02 4.140235522006861050e-07
2.730000000000000000e+02 2.722383206202995931e-07
2.740000000000000000e+02 3.030757349530974813e-07
2.750000000000000000e+02 2.813592951655619695e-07
2.760000000000000000e+02 2.603802314460084777e-07
2.770000000000000000e+02 2.823495158598090344e-07
2.780000000000000000e+02 2.274458122916156199e-07
2.790000000000000000e+02 2.527818380991472856e-07
2.800000000000000000e+02 2.893866918544689833e-07
2.810000000000000000e+02 2.485021214351326301e-07
2.820000000000000000e+02 2.535574968370312595e-07
2.830000000000000000e+02 4.613914617124507245e-07
2.840000000000000000e+02 2.785234033431689844e-07
2.850000000000000000e+02 2.991168196362876522e-07
2.860000000000000000e+02 2.632721640101805048e-07
2.870000000000000000e+02 2.873061170794772532e-07
2.880000000000000000e+02 3.300835743272585868e-07
2.890000000000000000e+02 3.683745356262769396e-07
2.900000000000000000e+02 2.621751489856004544e-07
2.910000000000000000e+02 4.596639262572054476e-07
2.920000000000000000e+02 3.014443255433414571e-07
2.930000000000000000e+02 3.154165366658130364e-07
2.940000000000000000e+02 3.068773817110691588e-07
2.950000000000000000e+02 2.657584269683751550e-07
2.960000000000000000e+02 2.503641086024203662e-07
2.970000000000000000e+02 2.444160007372445167e-07
2.980000000000000000e+02 2.930314858201733317e-07
2.990000000000000000e+02 2.427573489706740815e-07
3.000000000000000000e+02 4.093883264193179472e-07
3.010000000000000000e+02 2.515553574576583100e-07
3.020000000000000000e+02 2.977820788319691323e-07
3.030000000000000000e+02 2.544254175064301804e-07
3.040000000000000000e+02 2.461180544909056387e-07
3.050000000000000000e+02 2.435895309029070142e-07
3.060000000000000000e+02 2.847477518697540236e-07
3.070000000000000000e+02 3.089809967948676468e-07
3.080000000000000000e+02 2.508090527798837845e-07
3.090000000000000000e+02 2.509458843846661481e-07
3.100000000000000000e+02 2.547999362128200039e-07
3.110000000000000000e+02 2.554126084445736263e-07
3.120000000000000000e+02 2.253217187045136125e-07
3.130000000000000000e+02 2.561199872470565869e-07
3.140000000000000000e+02 2.581064903826588328e-07
3.150000000000000000e+02 2.325318679352633149e-07
3.160000000000000000e+02 2.563214975205727768e-07
3.170000000000000000e+02 2.362742632816249717e-07
3.180000000000000000e+02 2.449910851643156473e-07
3.190000000000000000e+02 2.357610326611525989e-07
3.200000000000000000e+02 2.211465048298335353e-07
3.210000000000000000e+02 2.222823736041500956e-07
3.220000000000000000e+02 3.028667463106275354e-07
3.230000000000000000e+02 3.807565622721666666e-07
3.240000000000000000e+02 3.622360096138442688e-07
3.250000000000000000e+02 2.889403596079302342e-07
3.260000000000000000e+02 2.503688497456942877e-07
3.270000000000000000e+02 2.293889362742020844e-07
3.280000000000000000e+02 2.559168905162428372e-07
3.290000000000000000e+02 3.281771101206059672e-07
3.300000000000000000e+02 2.292664366529702376e-07
3.310000000000000000e+02 2.381945669403169078e-07
3.320000000000000000e+02 2.352851647796815111e-07
3.330000000000000000e+02 3.331049595163789993e-07
3.340000000000000000e+02 3.072996079908547569e-07
3.350000000000000000e+02 2.324078274310315949e-07
3.360000000000000000e+02 3.330461953227743942e-07
3.370000000000000000e+02 2.730353698486015443e-07
3.380000000000000000e+02 2.231707716086851784e-07
3.390000000000000000e+02 2.291607215656442778e-07
3.400000000000000000e+02 2.900483845788091062e-07
3.410000000000000000e+02 2.539377773128254592e-07
3.420000000000000000e+02 2.659530468086654855e-07
3.430000000000000000e+02 2.295347582261482605e-07
3.440000000000000000e+02 2.453231156939831987e-07
3.450000000000000000e+02 2.259671646094997497e-07
3.460000000000000000e+02 2.249989489225503403e-07
3.470000000000000000e+02 2.373728565306637835e-07
3.480000000000000000e+02 2.281030569073414871e-07
3.490000000000000000e+02 2.684721182607555737e-07
3.500000000000000000e+02 2.296688045517506382e-07
3.510000000000000000e+02 2.780740262548258858e-07
3.520000000000000000e+02 2.227065226350381204e-07
3.530000000000000000e+02 2.658470144092029231e-07
3.540000000000000000e+02 2.704306770722999143e-07
3.550000000000000000e+02 2.368671154124491607e-07
3.560000000000000000e+02 2.737805332964929594e-07
3.570000000000000000e+02 2.631223297541957747e-07
3.580000000000000000e+02 2.442955768723911316e-07
3.590000000000000000e+02 2.255060076111564598e-07
3.600000000000000000e+02 2.316395493830131913e-07
3.610000000000000000e+02 2.355899154055431392e-07
3.620000000000000000e+02 2.405263390739545573e-07
3.630000000000000000e+02 3.255692906210455512e-07
3.640000000000000000e+02 2.560350806281157485e-07
3.650000000000000000e+02 3.060529704922833643e-07
3.660000000000000000e+02 3.404132028607853581e-07
3.670000000000000000e+02 2.392854993460498564e-07
3.680000000000000000e+02 2.376474983233262572e-07
3.690000000000000000e+02 2.512282899360835270e-07
3.700000000000000000e+02 2.343836836787096909e-07
3.710000000000000000e+02 3.210504241374451072e-07
3.720000000000000000e+02 3.312017292871854882e-07
3.730000000000000000e+02 2.212492709618933394e-07
3.740000000000000000e+02 2.372803389508294496e-07
3.750000000000000000e+02 2.866255585991407083e-07
3.760000000000000000e+02 2.882991120280247358e-07
3.770000000000000000e+02 3.056894724681454453e-07
3.780000000000000000e+02 2.458654527888907364e-07
3.790000000000000000e+02 2.121393298050847194e-07
3.800000000000000000e+02 2.336798458967441518e-07
3.810000000000000000e+02 2.389280216570129678e-07
3.820000000000000000e+02 2.578306860064148189e-07
3.830000000000000000e+02 2.438426467703556683e-07
3.840000000000000000e+02 2.124101979158979509e-07
3.850000000000000000e+02 2.480813297647254707e-07
3.860000000000000000e+02 2.448482708658586217e-07
3.870000000000000000e+02 2.274918351664146773e-07
3.880000000000000000e+02 2.369064131980781583e-07
3.890000000000000000e+02 2.237591296705377014e-07
3.900000000000000000e+02 2.173736890419385947e-07
3.910000000000000000e+02 2.150062191215308447e-07
3.920000000000000000e+02 2.313580102736601815e-07
3.930000000000000000e+02 2.273063632745867243e-07
3.940000000000000000e+02 2.613118408886684874e-07
3.950000000000000000e+02 2.177745413874186877e-07
3.960000000000000000e+02 2.319942886037765117e-07
3.970000000000000000e+02 2.683139600204003817e-07
3.980000000000000000e+02 2.421512294072948852e-07
3.990000000000000000e+02 2.261098243598125033e-07
4.000000000000000000e+02 2.784646544715957723e-07
4.010000000000000000e+02 2.367278951969370564e-07
4.020000000000000000e+02 2.991793202377228452e-07
4.030000000000000000e+02 2.388075493175867535e-07
4.040000000000000000e+02 2.194514033383637256e-07
4.050000000000000000e+02 2.182629730969586522e-07
4.060000000000000000e+02 2.218903766684390127e-07
4.070000000000000000e+02 2.144478722147495348e-07
4.080000000000000000e+02 2.154758447482019171e-07
4.090000000000000000e+02 2.545801721710812091e-07
4.100000000000000000e+02 2.272968086631040759e-07
4.110000000000000000e+02 2.644377279244273709e-07
4.120000000000000000e+02 2.572727607180148805e-07
4.130000000000000000e+02 2.154763367327064664e-07
4.140000000000000000e+02 2.406718748722028677e-07
4.150000000000000000e+02 2.173225867125994220e-07
4.160000000000000000e+02 2.230148099621592145e-07
4.170000000000000000e+02 2.413034686506365038e-07
4.180000000000000000e+02 2.310376001777272709e-07
4.190000000000000000e+02 2.116475209393659934e-07
4.200000000000000000e+02 2.608552906936505622e-07
4.210000000000000000e+02 2.359825882948199194e-07
4.220000000000000000e+02 2.353489097854577145e-07
4.230000000000000000e+02 2.482515930117685941e-07
4.240000000000000000e+02 2.274157467898710957e-07
4.250000000000000000e+02 2.242696611308208211e-07
4.260000000000000000e+02 2.363300786678188191e-07
4.270000000000000000e+02 2.214082815921003889e-07
4.280000000000000000e+02 2.535831433412287490e-07
4.290000000000000000e+02 2.140325641330575220e-07
4.300000000000000000e+02 2.180268766657833790e-07
4.310000000000000000e+02 2.222702005114395543e-07
4.320000000000000000e+02 2.412036333870254597e-07
4.330000000000000000e+02 2.238708699647100778e-07
4.340000000000000000e+02 2.178292499638944181e-07
4.350000000000000000e+02 2.147088220213435990e-07
