0.000000000000000000e+00 2.466215493163788244e-04
1.000000000000000000e+00 1.631697587881596743e-04
2.000000000000000000e+00 1.858260619030545065e-04
3.000000000000000000e+00 1.478281121440114926e-04
4.000000000000000000e+00 1.394555612279123140e-04
5.000000000000000000e+00 1.505236434205387810e-04
6.000000000000000000e+00 1.313224539455571294e-04
7.000000000000000000e+00 1.220840064594589768e-04
8.000000000000000000e+00 9.687664452400408549e-05
9.000000000000000000e+00 8.324360265634015810e-05
1.000000000000000000e+01 8.908677411700741469e-05
1.100000000000000000e+01 9.178062344464315214e-05
1.200000000000000000e+01 5.000169953907358377e-05
1.300000000000000000e+01 6.410622526345182543e-05
1.400000000000000000e+01 5.853002117007516386e-05
1.500000000000000000e+01 2.835458840406809408e-05
1.600000000000000000e+01 3.519099922833813387e-05
1.700000000000000000e+01 3.575397287222653310e-05
1.800000000000000000e+01 4.868595032924724717e-05
1.900000000000000000e+01 3.799697405874642183e-05
2.000000000000000000e+01 3.219762353707846658e-05
2.100000000000000000e+01 2.531324560997546931e-05
2.200000000000000000e+01 4.198624515450853796e-05
2.300000000000000000e+01 2.340167921856869254e-05
2.400000000000000000e+01 2.651313916652372501e-05
2.500000000000000000e+01 3.322891336127521044e-05
2.600000000000000000e+01 2.667277854828656092e-05
2.700000000000000000e+01 2.138473788151759651e-05
2.800000000000000000e+01 3.448377002417665950e-05
2.900000000000000000e+01 3.118786223750931512e-05
3.000000000000000000e+01 2.671713018664737330e-05
3.100000000000000000e+01 2.168800453621827707e-05
3.200000000000000000e+01 2.224065572510636166e-05
3.300000000000000000e+01 2.860682997536037467e-05
3.400000000000000000e+01 2.595929340313339975e-05
3.500000000000000000e+01 2.815977160287658280e-05
3.600000000000000000e+01 3.003123362627292708e-05
3.700000000000000000e+01 2.862752987536353212e-05
3.800000000000000000e+01 3.198120465257237916e-05
3.900000000000000000e+01 2.560333548491438701e-05
4.000000000000000000e+01 2.105442392398617423e-05
4.100000000000000000e+01 1.529237752051187989e-05
4.200000000000000000e+01 1.608906926184662555e-05
4.300000000000000000e+01 2.131743087027572340e-05
4.400000000000000000e+01 2.813270893236098069e-05
4.500000000000000000e+01 1.927355028266556828e-05
4.600000000000000000e+01 1.856784582627762640e-05
4.700000000000000000e+01 2.398591811237584697e-05
4.800000000000000000e+01 2.580649671658099992e-05
4.900000000000000000e+01 1.753661801395437316e-05
5.000000000000000000e+01 2.613071967985599825e-05
5.100000000000000000e+01 1.762371171673841121e-05
5.200000000000000000e+01 1.649264578372117320e-05
5.300000000000000000e+01 2.102650211404232203e-05
5.400000000000000000e+01 2.008799585238585440e-05
5.500000000000000000e+01 1.961975349268872421e-05
5.600000000000000000e+01 1.895892585276993605e-05
5.700000000000000000e+01 2.108613302439616658e-05
5.800000000000000000e+01 1.674600443749502739e-05
5.900000000000000000e+01 1.718458552449827833e-05
6.000000000000000000e+01 1.853260614053078479e-05
6.100000000000000000e+01 2.175023293221167625e-05
6.200000000000000000e+01 2.251679731439587814e-05
6.300000000000000000e+01 2.816774649373291018e-05
6.400000000000000000e+01 1.562655188491762041e-05
6.500000000000000000e+01 2.063865453001254062e-05
6.600000000000000000e+01 1.951789079463896629e-05
6.700000000000000000e+01 1.375651652603978635e-05
6.800000000000000000e+01 1.708728867910025480e-05
6.900000000000000000e+01 2.628862243352372865e-05
7.000000000000000000e+01 1.614956088082943235e-05
7.100000000000000000e+01 1.389836005193348687e-05
7.200000000000000000e+01 1.710215754175334471e-05
7.300000000000000000e+01 1.575471278933152428e-05
7.400000000000000000e+01 2.094686022728328505e-05
7.500000000000000000e+01 1.437989340012601303e-05
7.600000000000000000e+01 1.655717352276112595e-05
7.700000000000000000e+01 1.224942789297964352e-05
7.800000000000000000e+01 1.693232185165762646e-05
7.900000000000000000e+01 2.449747187865858032e-05
8.000000000000000000e+01 2.091870449850183499e-05
8.100000000000000000e+01 1.647280966145414801e-05
8.200000000000000000e+01 1.830831272630586816e-05
8.300000000000000000e+01 1.544476076823167527e-05
8.400000000000000000e+01 1.851722903197597031e-05
8.500000000000000000e+01 1.867336562592402987e-05
8.600000000000000000e+01 1.977127548628125573e-05
8.700000000000000000e+01 2.044248382115230586e-05
8.800000000000000000e+01 1.743422240887466555e-05
8.900000000000000000e+01 1.385955344446245663e-05
9.000000000000000000e+01 1.449097060517995705e-05
9.100000000000000000e+01 1.599286773699974925e-05
9.200000000000000000e+01 1.477094723724209688e-05
9.300000000000000000e+01 1.394673276924933981e-05
9.400000000000000000e+01 1.259870156463734605e-05
9.500000000000000000e+01 1.266872424203678494e-05
9.600000000000000000e+01 2.312156932544640357e-05
9.700000000000000000e+01 1.818511587633321700e-05
9.800000000000000000e+01 1.346615269302830546e-05
9.900000000000000000e+01 1.439763361229457219e-05
1.000000000000000000e+02 1.532463957938545959e-05
1.010000000000000000e+02 1.737410543144797892e-05
1.020000000000000000e+02 1.132657009585934092e-05
1.030000000000000000e+02 1.388766891049777852e-05
1.040000000000000000e+02 1.488417500444480083e-05
1.050000000000000000e+02 1.291247725276631632e-05
1.060000000000000000e+02 1.416079033147901639e-05
1.070000000000000000e+02 1.649534831234067091e-05
1.080000000000000000e+02 1.755933505932296771e-05
1.090000000000000000e+02 1.855560010023391386e-05
1.100000000000000000e+02 1.609729586171800711e-05
1.110000000000000000e+02 1.447016519876259322e-05
1.120000000000000000e+02 2.123742684617286198e-05
1.130000000000000000e+02 1.500376943954887992e-05
1.140000000000000000e+02 1.521172580952864121e-05
1.150000000000000000e+02 1.214640801646699101e-05
1.160000000000000000e+02 2.010665597878498386e-05
1.170000000000000000e+02 1.852004597750561848e-05
1.180000000000000000e+02 1.495403829459047312e-05
1.190000000000000000e+02 1.525661577553087273e-05
1.200000000000000000e+02 1.290311882614837356e-05
1.210000000000000000e+02 1.287054945988268012e-05
1.220000000000000000e+02 1.078836295257946391e-05
1.230000000000000000e+02 1.292669211343044173e-05
1.240000000000000000e+02 1.416598958360286934e-05
1.250000000000000000e+02 1.673195483024735554e-05
1.260000000000000000e+02 1.551232678254830356e-05
1.270000000000000000e+02 1.168331137740666697e-05
1.280000000000000000e+02 1.175061854888219639e-05
1.290000000000000000e+02 1.038730327428520899e-05
1.300000000000000000e+02 1.121962847386302616e-05
1.310000000000000000e+02 1.203420627815665369e-05
1.320000000000000000e+02 1.616077149844979914e-05
1.330000000000000000e+02 1.333364693552148284e-05
1.340000000000000000e+02 1.311889447162317891e-05
1.350000000000000000e+02 1.147116927799781392e-05
1.360000000000000000e+02 1.095741077409726121e-05
1.370000000000000000e+02 1.461723372065869594e-05
1.380000000000000000e+02 1.373917445821172180e-05
1.390000000000000000e+02 1.018120357091204787e-05
1.400000000000000000e+02 1.083779132119246112e-05
1.410000000000000000e+02 9.898393891336469368e-06
1.420000000000000000e+02 1.323006268785863268e-05
1.430000000000000000e+02 9.508787473067913514e-06
1.440000000000000000e+02 9.132216103974696129e-06
1.450000000000000000e+02 1.092941261386321195e-05
1.460000000000000000e+02 9.782733534276708134e-06
1.470000000000000000e+02 1.617378186348250894e-05
1.480000000000000000e+02 1.483324068800396149e-05
1.490000000000000000e+02 1.472415912186149162e-05
1.500000000000000000e+02 1.214136698559153087e-05
1.510000000000000000e+02 1.184646744577985938e-05
1.520000000000000000e+02 1.410633269739455839e-05
1.530000000000000000e+02 1.200611658851848893e-05
1.540000000000000000e+02 1.353106040575181985e-05
1.550000000000000000e+02 1.197154553779352924e-05
1.560000000000000000e+02 1.250623626007225999e-05
1.570000000000000000e+02 1.038608089783155344e-05
1.580000000000000000e+02 1.089010044475562756e-05
1.590000000000000000e+02 1.550157749519375810e-05
1.600000000000000000e+02 1.269004342141254349e-05
1.610000000000000000e+02 9.218898029061073929e-06
1.620000000000000000e+02 1.483998206566270488e-05
1.630000000000000000e+02 2.405565411673289179e-05
1.640000000000000000e+02 1.448237509958872349e-05
1.650000000000000000e+02 1.167928087445220040e-05
1.660000000000000000e+02 9.781499033058674454e-06
1.670000000000000000e+02 8.859932193958827606e-06
1.680000000000000000e+02 8.280452956136562660e-06
1.690000000000000000e+02 1.298783956313037957e-05
1.700000000000000000e+02 1.111901424345770936e-05
1.710000000000000000e+02 1.073496460825720671e-05
1.720000000000000000e+02 1.176097009992952102e-05
1.730000000000000000e+02 1.144502445358289100e-05
1.740000000000000000e+02 1.026456638657383495e-05
1.750000000000000000e+02 1.276117184123006148e-05
1.760000000000000000e+02 1.209272607112376897e-05
1.770000000000000000e+02 9.181489021212815312e-06
1.780000000000000000e+02 1.318149909222388310e-05
1.790000000000000000e+02 7.865209175561740845e-06
1.800000000000000000e+02 1.265915335645028574e-05
1.810000000000000000e+02 8.968737602646092191e-06
1.820000000000000000e+02 8.109351775105079412e-06
1.830000000000000000e+02 1.136623360203787787e-05
1.840000000000000000e+02 1.147716986682142518e-05
1.850000000000000000e+02 8.879720838953833925e-06
1.860000000000000000e+02 9.847917437248570946e-06
1.870000000000000000e+02 9.833557904694843087e-06
1.880000000000000000e+02 1.322017007595254874e-05
1.890000000000000000e+02 1.046966500926511403e-05
1.900000000000000000e+02 1.052188154830177877e-05
1.910000000000000000e+02 1.643374607795448591e-05
1.920000000000000000e+02 9.115345040793139319e-06
1.930000000000000000e+02 8.837429675302235381e-06
1.940000000000000000e+02 9.968024690313904155e-06
1.950000000000000000e+02 9.332943598299319428e-06
