0, 2.5043e-01, 2.0053e-03, fsolve flag:1, 1.8440e-07, 3686
1, 9.9335e-03, 8.2562e-05, fsolve flag:5, 2.9430e-07, 545
2, 4.2299e-02, 4.1304e-04, fsolve flag:1, 2.4587e-07, 3158
3, 5.1253e-02, 6.5678e-04, fsolve flag:5, 2.5751e-07, 546
4, 9.3791e-02, 1.4739e-03, fsolve flag:1, 4.0187e-07, 3186
5, 2.6564e-01, 4.6478e-03, fsolve flag:5, 2.7521e-07, 3198
6, 5.1690e-01, 8.0640e-03, fsolve flag:5, 2.9791e-07, 2919
7, 8.1940e-02, 7.7330e-04, fsolve flag:1, 1.7788e-07, 2642
8, 2.4383e-02, 1.8474e-04, fsolve flag:5, 3.7346e-07, 1340
9, 1.0727e-01, 2.1286e-03, fsolve flag:1, 1.3597e-07, 557
10, 2.0674e-02, 1.2840e-04, fsolve flag:1, 3.3900e-07, 1847
11, 4.6993e-02, 4.5703e-04, fsolve flag:1, 4.3958e-07, 2117
12, 9.2513e-03, 5.8519e-05, fsolve flag:1, 1.5832e-07, 808
13, 2.1493e-01, 5.8938e-03, fsolve flag:5, 1.2015e-03, 801
14, 2.0017e-01, 9.4485e-04, fsolve flag:1, 1.1828e-07, 2394
15, 3.0560e-01, 1.0463e-02, fsolve flag:1, 1.9558e-07, 1070
16, 4.0441e-02, 3.7643e-04, fsolve flag:1, 3.6415e-07, 2638
17, 1.8786e-01, 1.1699e-01, fsolve flag:5, 1.8086e-02, 531
18, 4.3266e-02, 3.6597e-02, fsolve flag:4, 8.0495e-03, 2891
19, 3.6467e-01, 6.4238e-03, fsolve flag:1, 1.7975e-07, 3718
20, 1.0114e-02, 1.0995e-04, fsolve flag:1, 4.9174e-07, 1588
21, 1.5102e-01, 5.4740e-03, fsolve flag:1, 1.0431e-07, 1070
22, 1.6289e-01, 1.8978e-03, fsolve flag:1, 3.7113e-07, 3181
23, 1.0679e-01, 9.5132e-04, fsolve flag:5, 3.1013e-07, 2150
24, 1.9001e-02, 1.4165e-04, fsolve flag:1, 1.7416e-07, 807
25, 1.0163e-01, 9.6239e-04, fsolve flag:1, 2.7567e-07, 3177
26, 2.7768e-01, 9.9599e-03, fsolve flag:1, 1.8766e-07, 1063
27, 1.7476e-01, 1.3509e-03, fsolve flag:5, 3.3667e-07, 2934
28, 1.0939e-01, 1.4822e-03, fsolve flag:1, 2.1327e-07, 806
29, 1.4298e-02, 1.2978e-04, fsolve flag:1, 4.5449e-07, 1859
30, 1.8107e-01, 6.0925e-03, fsolve flag:1, 1.3201e-07, 1065
31, 8.6090e-02, 1.2949e-03, fsolve flag:1, 3.5623e-07, 3168
32, 2.3271e-01, 1.1868e-02, fsolve flag:1, 1.1176e-07, 1321
33, 1.1451e-01, 2.7823e-03, fsolve flag:5, 2.2345e-04, 1871
34, 8.2084e-03, 5.6123e-05, fsolve flag:1, 3.5949e-07, 805
35, 1.7141e-02, 1.2466e-04, fsolve flag:1, 4.2235e-07, 2117
36, 3.2216e-01, 6.8909e-02, fsolve flag:5, 1.6223e-02, 2104
37, 1.4989e-01, 4.1370e-03, fsolve flag:1, 1.2107e-07, 810
38, 7.1735e-01, 6.8793e-02, fsolve flag:1, 2.6543e-07, 1326
39, 1.9755e-02, 1.9631e-04, fsolve flag:1, 3.2224e-07, 2382
40, 8.5367e-03, 6.9097e-05, fsolve flag:1, 2.5332e-07, 807
41, 1.7092e-02, 1.3787e-04, fsolve flag:1, 2.7288e-07, 552
42, 1.6072e-02, 9.3445e-05, fsolve flag:1, 5.6252e-07, 2113
43, 1.3196e-02, 9.1233e-05, fsolve flag:1, 1.7951e-07, 808
44, 1.3004e-02, 1.0340e-04, fsolve flag:1, 5.8580e-07, 1593
45, 2.0091e-01, 6.5115e-02, fsolve flag:4, 1.0202e-02, 2626
46, 1.5742e-01, 1.7102e-03, fsolve flag:1, 2.7381e-07, 2910
47, 1.8967e-01, 6.9476e-03, fsolve flag:5, 1.3644e-07, 551
48, 7.1726e-03, 1.0736e-04, fsolve flag:5, 2.4214e-07, 549
49, 1.3311e-01, 3.9520e-03, fsolve flag:1, 2.3935e-07, 1870
50, 1.2804e-01, 2.0345e-03, fsolve flag:5, 2.7847e-07, 2650
51, 1.6617e-02, 1.5793e-04, fsolve flag:5, 3.3714e-07, 547
52, 4.3939e-02, 4.5213e-04, fsolve flag:1, 3.5041e-07, 3168
53, 2.4252e-01, 1.9997e-03, fsolve flag:5, 2.5518e-07, 2397
54, 1.9768e-02, 1.4193e-04, fsolve flag:1, 3.6386e-07, 1851
55, 9.6207e-02, 1.7952e-03, fsolve flag:1, 1.4622e-07, 816
56, 3.4011e-02, 3.8077e-04, fsolve flag:5, 3.5111e-07, 2110
57, 1.8935e-01, 1.6572e-03, fsolve flag:1, 2.4308e-07, 3711
58, 9.7842e-02, 1.5132e-03, fsolve flag:1, 1.8207e-07, 811
59, 2.5011e-01, 1.1591e-02, fsolve flag:1, 1.1071e-07, 809
60, 7.5348e-03, 5.0756e-05, fsolve flag:5, 2.6869e-07, 545
61, 1.6360e-01, 5.8590e-03, fsolve flag:1, 1.2759e-07, 1070
62, 3.4781e-02, 5.4129e-04, fsolve flag:1, 2.6589e-07, 1337
63, 4.6337e-02, 5.5996e-04, fsolve flag:1, 2.5146e-07, 810
64, 3.2120e-02, 2.9737e-04, fsolve flag:1, 4.4331e-07, 2372
65, 1.0098e-01, 1.9222e-03, fsolve flag:1, 2.0675e-07, 3440
66, 2.1639e-01, 5.9043e-03, fsolve flag:1, 1.7136e-07, 804
67, 2.6984e-02, 3.2502e-04, fsolve flag:1, 5.1456e-07, 2655
68, 3.7069e-01, 3.7792e-02, fsolve flag:1, 1.0245e-07, 1063
69, 2.8412e-01, 3.4734e-03, fsolve flag:1, 1.6484e-07, 3455
70, 1.5106e-02, 1.7935e-04, fsolve flag:1, 3.7020e-07, 1855
71, 3.4826e-02, 2.3233e-04, fsolve flag:1, 2.6915e-07, 1059
72, 3.8177e-02, 3.1357e-04, fsolve flag:1, 4.8032e-07, 2119
73, 4.0067e-01, 1.8028e-02, fsolve flag:1, 2.2165e-07, 814
74, 2.3513e-02, 2.2717e-04, fsolve flag:5, 1.8720e-07, 545
75, 1.7247e-01, 9.6913e-02, fsolve flag:5, 5.7529e-02, 2099
76, 2.9111e-02, 2.3780e-02, fsolve flag:5, 1.8423e-02, 533
77, 1.4175e-01, 2.1369e-03, fsolve flag:1, 2.8987e-07, 552
78, 2.8474e-02, 1.9389e-04, fsolve flag:1, 1.5204e-07, 1320
79, 5.0797e-01, 5.6488e-03, fsolve flag:1, 2.2724e-07, 2413
80, 8.6643e-03, 8.1524e-05, fsolve flag:1, 2.2445e-07, 550
81, 6.7016e-02, 1.0376e-03, fsolve flag:1, 1.1758e-07, 1056
82, 3.6802e-01, 3.8294e-02, fsolve flag:1, 1.0803e-07, 1069
83, 6.4989e-02, 8.6406e-04, fsolve flag:1, 1.6391e-07, 808
84, 2.8766e-02, 2.3822e-04, fsolve flag:1, 3.0268e-07, 2639
85, 3.1150e-01, 1.5976e-02, fsolve flag:1, 1.2107e-07, 809
86, 3.4280e-02, 4.1335e-04, fsolve flag:5, 2.2026e-07, 547
87, 4.0479e-02, 3.7508e-04, fsolve flag:1, 1.6391e-07, 1074
88, 1.3894e-01, 1.8014e-03, fsolve flag:1, 2.7311e-07, 2397
89, 2.0721e-01, 9.8495e-03, fsolve flag:1, 1.2480e-07, 1066
90, 1.7700e-02, 3.0847e-04, fsolve flag:5, 2.4028e-07, 552
91, 8.8457e-02, 6.4110e-02, fsolve flag:5, 2.0321e-02, 2097
92, 9.0001e-03, 7.9720e-05, fsolve flag:1, 2.7940e-07, 550
93, 1.3927e-01, 6.5320e-03, fsolve flag:1, 1.3318e-07, 810
94, 3.1670e-02, 3.5168e-04, fsolve flag:1, 4.7055e-07, 2898
95, 3.6681e-01, 4.3101e-03, fsolve flag:1, 2.1374e-07, 3425
96, 2.6278e-02, 2.9335e-04, fsolve flag:1, 1.5274e-07, 1060
97, 1.8569e-01, 1.4281e-03, fsolve flag:1, 1.8766e-07, 2666
98, 5.4635e-02, 5.9446e-04, fsolve flag:1, 4.1397e-07, 1847
99, 1.1673e-01, 1.3636e-03, fsolve flag:1, 3.3621e-07, 2651
mean err: 8.3821e-03
