0.000000000000000000e+00 1.944588187681440508e-04
1.000000000000000000e+00 6.975250815127328975e-05
2.000000000000000000e+00 5.429428341763149849e-05
3.000000000000000000e+00 6.099615784033114762e-05
4.000000000000000000e+00 3.509941972961702671e-05
5.000000000000000000e+00 4.438575842234002914e-05
6.000000000000000000e+00 4.363159876621706485e-05
7.000000000000000000e+00 3.184971780668788792e-05
8.000000000000000000e+00 3.155845207894215763e-05
9.000000000000000000e+00 5.786329963080021760e-05
1.000000000000000000e+01 2.671471699256777721e-05
1.100000000000000000e+01 2.563101810628828781e-05
1.200000000000000000e+01 2.875377419924389551e-05
1.300000000000000000e+01 4.358008325857983954e-05
1.400000000000000000e+01 2.697158510504859926e-05
1.500000000000000000e+01 2.337825824361997528e-05
1.600000000000000000e+01 1.950902324156206547e-05
1.700000000000000000e+01 3.949412798060998109e-05
1.800000000000000000e+01 2.737213165675933169e-05
1.900000000000000000e+01 2.221986746722136137e-05
2.000000000000000000e+01 2.135436435300255446e-05
2.100000000000000000e+01 2.262304817100678177e-05
2.200000000000000000e+01 3.140242856804185582e-05
2.300000000000000000e+01 2.813583806610966774e-05
2.400000000000000000e+01 3.242565323011013567e-05
2.500000000000000000e+01 2.336708728573125350e-05
2.600000000000000000e+01 2.178978940718884552e-05
2.700000000000000000e+01 2.104027133764019392e-05
2.800000000000000000e+01 2.520959874092451792e-05
2.900000000000000000e+01 1.588235452858617388e-05
3.000000000000000000e+01 1.588209687238167943e-05
3.100000000000000000e+01 2.255349467461374323e-05
3.200000000000000000e+01 2.280838740492871622e-05
3.300000000000000000e+01 1.909784170193609920e-05
3.400000000000000000e+01 1.874841794548208045e-05
3.500000000000000000e+01 2.360357074188988022e-05
3.600000000000000000e+01 2.273636696973772975e-05
3.700000000000000000e+01 2.684583511184400787e-05
3.800000000000000000e+01 1.806406560867284417e-05
3.900000000000000000e+01 1.550262581674447681e-05
4.000000000000000000e+01 1.697126341243210230e-05
4.100000000000000000e+01 1.504547322948350543e-05
4.200000000000000000e+01 1.680115143142723650e-05
4.300000000000000000e+01 1.935996188772783641e-05
4.400000000000000000e+01 1.648271008118789245e-05
4.500000000000000000e+01 2.364743879054019722e-05
4.600000000000000000e+01 2.068367227658153267e-05
4.700000000000000000e+01 1.746113911217799888e-05
4.800000000000000000e+01 1.803719993494043341e-05
4.900000000000000000e+01 2.146380596707125448e-05
5.000000000000000000e+01 1.455514880638129019e-05
5.100000000000000000e+01 1.384185492865573179e-05
5.200000000000000000e+01 1.790323767321308864e-05
5.300000000000000000e+01 2.028199433296641561e-05
5.400000000000000000e+01 1.532616857712453475e-05
5.500000000000000000e+01 1.849816544481484886e-05
5.600000000000000000e+01 2.004587314153479763e-05
5.700000000000000000e+01 1.393862212517793658e-05
5.800000000000000000e+01 1.935377206158162393e-05
5.900000000000000000e+01 1.727436345557877532e-05
6.000000000000000000e+01 1.398274891036730371e-05
6.100000000000000000e+01 1.865697765879022700e-05
6.200000000000000000e+01 1.388276698594991555e-05
6.300000000000000000e+01 1.233658090812682832e-05
6.400000000000000000e+01 1.848726117195941969e-05
6.500000000000000000e+01 1.778741924669969144e-05
6.600000000000000000e+01 1.560421590431775818e-05
6.700000000000000000e+01 1.563442726507156908e-05
6.800000000000000000e+01 1.581532337619441365e-05
6.900000000000000000e+01 1.340366353385076397e-05
7.000000000000000000e+01 1.746750430000076654e-05
7.100000000000000000e+01 1.662975137275916662e-05
7.200000000000000000e+01 2.074575089492545425e-05
7.300000000000000000e+01 1.393665684774894205e-05
7.400000000000000000e+01 1.618692733934693807e-05
7.500000000000000000e+01 1.468005696147285816e-05
7.600000000000000000e+01 1.901727758764022914e-05
7.700000000000000000e+01 1.613385279562751058e-05
7.800000000000000000e+01 1.831043520696389393e-05
7.900000000000000000e+01 1.499238005203825781e-05
8.000000000000000000e+01 1.739365068306258382e-05
8.100000000000000000e+01 1.307457360289237112e-05
8.200000000000000000e+01 1.596134913058412164e-05
8.300000000000000000e+01 1.542792379259352788e-05
8.400000000000000000e+01 1.403824731194175908e-05
8.500000000000000000e+01 1.161724452114614151e-05
8.600000000000000000e+01 1.423739615190465867e-05
8.700000000000000000e+01 1.490399643929410111e-05
8.800000000000000000e+01 1.660246500955022867e-05
8.900000000000000000e+01 1.594572633182032216e-05
9.000000000000000000e+01 1.651507412906304311e-05
9.100000000000000000e+01 1.606147697565017687e-05
9.200000000000000000e+01 1.359948319752096244e-05
9.300000000000000000e+01 1.700314760736206624e-05
9.400000000000000000e+01 1.538021792305796463e-05
9.500000000000000000e+01 1.981690398508119944e-05
9.600000000000000000e+01 1.653659142179943171e-05
9.700000000000000000e+01 1.980072546834102696e-05
9.800000000000000000e+01 1.331439853328654831e-05
9.900000000000000000e+01 1.228117176451418532e-05
1.000000000000000000e+02 1.101074723373130454e-05
1.010000000000000000e+02 1.362961814929207432e-05
1.020000000000000000e+02 1.361905670650288097e-05
1.030000000000000000e+02 1.300045777443080160e-05
1.040000000000000000e+02 1.368181726516635417e-05
1.050000000000000000e+02 1.264273103046742603e-05
1.060000000000000000e+02 1.378508205379038208e-05
1.070000000000000000e+02 1.463126332488272813e-05
1.080000000000000000e+02 1.244551738760703650e-05
1.090000000000000000e+02 1.289433203231744814e-05
1.100000000000000000e+02 1.205449507636861168e-05
1.110000000000000000e+02 1.031095274004019100e-05
1.120000000000000000e+02 1.151331788893350573e-05
1.130000000000000000e+02 1.454345382955097533e-05
1.140000000000000000e+02 1.319636014049035861e-05
1.150000000000000000e+02 1.215463689958719858e-05
1.160000000000000000e+02 1.240886445880166791e-05
1.170000000000000000e+02 1.709495658535490953e-05
1.180000000000000000e+02 1.894307986086757450e-05
1.190000000000000000e+02 1.870521383578982558e-05
1.200000000000000000e+02 1.378501277425630551e-05
1.210000000000000000e+02 1.106991823490808746e-05
1.220000000000000000e+02 1.112712041467392767e-05
1.230000000000000000e+02 1.278191755265242851e-05
1.240000000000000000e+02 1.166727080170789290e-05
1.250000000000000000e+02 1.321122109474263476e-05
1.260000000000000000e+02 1.615515440162167306e-05
1.270000000000000000e+02 1.610045294394144951e-05
1.280000000000000000e+02 1.382797915176697041e-05
1.290000000000000000e+02 1.169516025323523120e-05
1.300000000000000000e+02 1.187576439967519199e-05
1.310000000000000000e+02 1.134158797417485869e-05
1.320000000000000000e+02 1.124823589713666138e-05
1.330000000000000000e+02 1.133718167855771644e-05
1.340000000000000000e+02 1.201092624273186502e-05
1.350000000000000000e+02 1.508397775829028488e-05
1.360000000000000000e+02 1.332475801836496686e-05
1.370000000000000000e+02 1.256183298155293786e-05
1.380000000000000000e+02 1.257802425219736459e-05
1.390000000000000000e+02 1.197682807660269701e-05
1.400000000000000000e+02 1.272825022331367337e-05
1.410000000000000000e+02 1.208766303844626638e-05
1.420000000000000000e+02 1.016440556491075767e-05
1.430000000000000000e+02 1.106889329508026902e-05
1.440000000000000000e+02 1.107480089725836835e-05
1.450000000000000000e+02 1.173144110677886867e-05
1.460000000000000000e+02 1.319399616019429819e-05
1.470000000000000000e+02 1.034538452459614291e-05
1.480000000000000000e+02 1.098951470469092770e-05
1.490000000000000000e+02 1.184747118061739101e-05
1.500000000000000000e+02 1.282638018350433309e-05
1.510000000000000000e+02 1.192247206246266916e-05
1.520000000000000000e+02 1.127320572517724358e-05
1.530000000000000000e+02 1.117423498324633840e-05
1.540000000000000000e+02 1.066825838397894341e-05
1.550000000000000000e+02 1.193552531967087080e-05
1.560000000000000000e+02 1.220109207699240710e-05
1.570000000000000000e+02 1.260435393045482571e-05
1.580000000000000000e+02 1.187301219378299572e-05
1.590000000000000000e+02 1.472338944345170431e-05
1.600000000000000000e+02 1.168789207652855448e-05
1.610000000000000000e+02 9.933961851407079681e-06
1.620000000000000000e+02 1.074868293335790014e-05
1.630000000000000000e+02 1.027446806503951169e-05
1.640000000000000000e+02 1.276159314246455589e-05
1.650000000000000000e+02 1.124798545988404025e-05
1.660000000000000000e+02 1.051538276498124859e-05
1.670000000000000000e+02 1.201399784799076936e-05
1.680000000000000000e+02 1.067036169622576680e-05
1.690000000000000000e+02 1.056392100524246450e-05
1.700000000000000000e+02 1.036435784462832840e-05
1.710000000000000000e+02 1.099899254269766071e-05
1.720000000000000000e+02 1.083823803374154691e-05
1.730000000000000000e+02 1.075160304343947694e-05
1.740000000000000000e+02 1.058060553420278046e-05
1.750000000000000000e+02 1.142218537252636361e-05
1.760000000000000000e+02 1.052178039584838982e-05
1.770000000000000000e+02 1.057274961078935654e-05
1.780000000000000000e+02 1.047984648586674677e-05
1.790000000000000000e+02 1.151712077544679114e-05
1.800000000000000000e+02 1.125951543235643190e-05
1.810000000000000000e+02 1.019716021082482696e-05
1.820000000000000000e+02 1.027887314804755451e-05
1.830000000000000000e+02 1.135827148309007449e-05
1.840000000000000000e+02 1.143629515341405573e-05
1.850000000000000000e+02 1.033519973367723454e-05
1.860000000000000000e+02 1.039099406754812761e-05
1.870000000000000000e+02 1.034602637889384284e-05
1.880000000000000000e+02 9.893714268232459206e-06
1.890000000000000000e+02 1.036014458962408794e-05
1.900000000000000000e+02 1.115465499283613789e-05
1.910000000000000000e+02 1.061134625472529464e-05
1.920000000000000000e+02 1.002869489148303537e-05
1.930000000000000000e+02 1.029727393675742107e-05
1.940000000000000000e+02 1.049476222264992611e-05
1.950000000000000000e+02 1.059247361366542115e-05
1.960000000000000000e+02 1.024274863289621889e-05
1.970000000000000000e+02 1.034144316837064944e-05
1.980000000000000000e+02 9.961817781820495491e-06
1.990000000000000000e+02 9.663244412469030765e-06
2.000000000000000000e+02 1.027735160452722322e-05
2.010000000000000000e+02 1.013506386366173819e-05
2.020000000000000000e+02 1.021848863910867396e-05
2.030000000000000000e+02 1.168664260055573705e-05
2.040000000000000000e+02 1.148202755266229625e-05
2.050000000000000000e+02 1.048992858088295313e-05
2.060000000000000000e+02 1.123516243856245013e-05
2.070000000000000000e+02 1.018348778412845142e-05
2.080000000000000000e+02 1.085454905991108239e-05
2.090000000000000000e+02 1.078516909409387963e-05
2.100000000000000000e+02 1.021284774844191219e-05
2.110000000000000000e+02 1.051058471805369389e-05
2.120000000000000000e+02 1.054893074387539177e-05
2.130000000000000000e+02 1.018269780082292088e-05
2.140000000000000000e+02 1.116798026894089145e-05
2.150000000000000000e+02 1.029846715771664486e-05
2.160000000000000000e+02 1.014165106979433658e-05
2.170000000000000000e+02 1.089030366311271890e-05
2.180000000000000000e+02 9.974721511615686412e-06
2.190000000000000000e+02 9.700583193100977599e-06
2.200000000000000000e+02 1.029633975487450053e-05
2.210000000000000000e+02 9.912713738089483573e-06
2.220000000000000000e+02 1.022389831994268584e-05
2.230000000000000000e+02 9.975886146678695311e-06
2.240000000000000000e+02 1.081152936297803692e-05
2.250000000000000000e+02 1.034503943746039106e-05
2.260000000000000000e+02 1.051731511594646018e-05
2.270000000000000000e+02 1.022343580440520457e-05
2.280000000000000000e+02 1.026270482618922838e-05
2.290000000000000000e+02 9.961975286327436684e-06
2.300000000000000000e+02 1.041041429976883379e-05
2.310000000000000000e+02 1.003050448605614760e-05
2.320000000000000000e+02 1.053624789415154299e-05
2.330000000000000000e+02 1.028597693868484504e-05
2.340000000000000000e+02 1.058172967205416851e-05
2.350000000000000000e+02 9.886637336572352277e-06
2.360000000000000000e+02 1.038399709183998707e-05
2.370000000000000000e+02 9.585031039798424444e-06
2.380000000000000000e+02 9.958576530682503600e-06
2.390000000000000000e+02 9.792993236730423309e-06
2.400000000000000000e+02 1.001853437958037530e-05
2.410000000000000000e+02 9.815266924835924688e-06
2.420000000000000000e+02 9.583419807191415017e-06
2.430000000000000000e+02 1.076204093463971579e-05
2.440000000000000000e+02 9.823161933866657967e-06
2.450000000000000000e+02 9.657952053623387593e-06
2.460000000000000000e+02 9.925668094345969960e-06
2.470000000000000000e+02 1.006825349840515142e-05
2.480000000000000000e+02 9.832113511039142079e-06
2.490000000000000000e+02 9.576681378037120516e-06
2.500000000000000000e+02 9.735102169268273871e-06
2.510000000000000000e+02 1.000699629426679629e-05
2.520000000000000000e+02 9.369898239544293132e-06
2.530000000000000000e+02 1.009522236146054583e-05
2.540000000000000000e+02 1.007031844461073823e-05
2.550000000000000000e+02 9.659068866992769959e-06
2.560000000000000000e+02 1.026875619551626178e-05
2.570000000000000000e+02 9.554627008525622589e-06
2.580000000000000000e+02 9.500189588868252855e-06
2.590000000000000000e+02 9.454883940453147879e-06
2.600000000000000000e+02 1.023664780514581084e-05
2.610000000000000000e+02 1.175994348303852912e-05
2.620000000000000000e+02 9.839169087206281272e-06
2.630000000000000000e+02 1.030578840222730779e-05
2.640000000000000000e+02 9.378782307492500718e-06
2.650000000000000000e+02 1.013352078462048684e-05
2.660000000000000000e+02 9.881520261052716662e-06
2.670000000000000000e+02 9.609913665335719825e-06
2.680000000000000000e+02 9.588361831074110827e-06
2.690000000000000000e+02 1.013982465273955543e-05
2.700000000000000000e+02 9.813121622583487105e-06
2.710000000000000000e+02 9.792983757774356181e-06
2.720000000000000000e+02 9.214121147618346925e-06
2.730000000000000000e+02 9.750196976245010513e-06
2.740000000000000000e+02 9.404067743504660403e-06
2.750000000000000000e+02 9.823003461069583302e-06
2.760000000000000000e+02 9.897669797299501253e-06
2.770000000000000000e+02 9.890421275978465764e-06
2.780000000000000000e+02 9.541109426855154410e-06
2.790000000000000000e+02 1.066397129616831132e-05
2.800000000000000000e+02 9.660120907598051618e-06
2.810000000000000000e+02 9.739915515196860804e-06
2.820000000000000000e+02 1.021868605021303567e-05
2.830000000000000000e+02 9.254056671687179298e-06
2.840000000000000000e+02 9.188520047283403432e-06
2.850000000000000000e+02 1.044948068888770906e-05
2.860000000000000000e+02 9.807566919211077098e-06
2.870000000000000000e+02 1.019501131765557309e-05
2.880000000000000000e+02 9.317216627976305197e-06
2.890000000000000000e+02 9.264866584742441241e-06
2.900000000000000000e+02 9.236229715641232826e-06
2.910000000000000000e+02 1.001771734764771271e-05
2.920000000000000000e+02 9.419741317243668987e-06
2.930000000000000000e+02 9.693214012229230207e-06
2.940000000000000000e+02 9.430772650032468552e-06
2.950000000000000000e+02 9.798318082758224095e-06
2.960000000000000000e+02 9.479344708003518573e-06
2.970000000000000000e+02 9.631871365851606340e-06
2.980000000000000000e+02 9.149551364393845545e-06
2.990000000000000000e+02 9.725927547963130249e-06
3.000000000000000000e+02 9.455107797456562322e-06
3.010000000000000000e+02 9.450075959124836655e-06
3.020000000000000000e+02 9.375483491787673512e-06
3.030000000000000000e+02 9.646078704771087655e-06
3.040000000000000000e+02 9.086350797633646790e-06
3.050000000000000000e+02 9.505775019751096957e-06
3.060000000000000000e+02 9.601349446921965598e-06
3.070000000000000000e+02 1.003599943231672317e-05
3.080000000000000000e+02 1.030348353538477128e-05
3.090000000000000000e+02 9.401088528272937280e-06
3.100000000000000000e+02 9.879387453203411498e-06
3.110000000000000000e+02 9.590081482513422502e-06
3.120000000000000000e+02 9.357299594329490075e-06
3.130000000000000000e+02 9.686459208080886322e-06
3.140000000000000000e+02 1.002163990494959659e-05
3.150000000000000000e+02 9.381526610530290539e-06
3.160000000000000000e+02 9.721748356621211524e-06
3.170000000000000000e+02 9.896679088766713892e-06
3.180000000000000000e+02 9.825515116296051969e-06
3.190000000000000000e+02 9.203265821241080020e-06
3.200000000000000000e+02 9.251725577100690834e-06
3.210000000000000000e+02 9.525933735585151335e-06
3.220000000000000000e+02 9.366017367164714648e-06
3.230000000000000000e+02 9.452061100424179299e-06
3.240000000000000000e+02 8.984859747206243983e-06
3.250000000000000000e+02 9.066870123505593650e-06
3.260000000000000000e+02 9.334370596853561457e-06
3.270000000000000000e+02 9.367579802411140581e-06
3.280000000000000000e+02 9.241769548004702983e-06
3.290000000000000000e+02 9.095499339122523980e-06
3.300000000000000000e+02 9.523524640637054305e-06
3.310000000000000000e+02 9.588627820784377596e-06
3.320000000000000000e+02 9.131857690524755776e-06
3.330000000000000000e+02 9.468002710839607547e-06
3.340000000000000000e+02 9.341228661171114336e-06
3.350000000000000000e+02 9.285935214577332943e-06
3.360000000000000000e+02 9.325433743501032493e-06
3.370000000000000000e+02 9.732045545597320537e-06
3.380000000000000000e+02 9.142662898978078714e-06
3.390000000000000000e+02 9.174893135565592069e-06
3.400000000000000000e+02 9.163676809585489584e-06
3.410000000000000000e+02 9.214057978415308975e-06
3.420000000000000000e+02 9.029145210127250578e-06
3.430000000000000000e+02 9.336462913282342265e-06
3.440000000000000000e+02 9.074888448142554535e-06
3.450000000000000000e+02 9.337642784558304352e-06
3.460000000000000000e+02 9.407938068385388749e-06
3.470000000000000000e+02 9.246059733444262661e-06
3.480000000000000000e+02 9.347528723931031489e-06
3.490000000000000000e+02 9.168115535574564119e-06
3.500000000000000000e+02 9.078402736790802614e-06
3.510000000000000000e+02 9.284521706704019448e-06
3.520000000000000000e+02 9.079829192352000520e-06
3.530000000000000000e+02 9.366527422169303009e-06
3.540000000000000000e+02 9.090117555858154334e-06
3.550000000000000000e+02 9.089204050016687629e-06
3.560000000000000000e+02 9.151167711113772639e-06
3.570000000000000000e+02 9.042580766065549700e-06
3.580000000000000000e+02 9.086145058812588243e-06
3.590000000000000000e+02 9.154897857000244331e-06
3.600000000000000000e+02 9.087322554158705685e-06
3.610000000000000000e+02 9.204884954901829209e-06
3.620000000000000000e+02 9.517079501623980348e-06
3.630000000000000000e+02 9.364267484466547932e-06
3.640000000000000000e+02 9.173778408147968791e-06
3.650000000000000000e+02 9.048430916592612594e-06
3.660000000000000000e+02 9.177318820995684979e-06
3.670000000000000000e+02 9.322098624878163268e-06
3.680000000000000000e+02 9.252949412680809560e-06
3.690000000000000000e+02 8.853750036452736846e-06
3.700000000000000000e+02 9.479805116436696929e-06
3.710000000000000000e+02 9.064538606638740620e-06
3.720000000000000000e+02 9.133837974951334478e-06
3.730000000000000000e+02 9.156073043013750770e-06
3.740000000000000000e+02 9.403529418559533485e-06
3.750000000000000000e+02 8.888205810583316426e-06
3.760000000000000000e+02 9.015392763073891145e-06
3.770000000000000000e+02 9.503938294523811071e-06
3.780000000000000000e+02 9.178509316739410422e-06
3.790000000000000000e+02 9.163447247266199777e-06
3.800000000000000000e+02 9.148333296119254417e-06
3.810000000000000000e+02 8.981971927326707445e-06
3.820000000000000000e+02 9.004111663949625964e-06
3.830000000000000000e+02 9.071098772976495637e-06
3.840000000000000000e+02 9.555916422319903934e-06
3.850000000000000000e+02 9.075795586243252903e-06
3.860000000000000000e+02 9.102963468109351067e-06
3.870000000000000000e+02 9.158374473549514634e-06
3.880000000000000000e+02 9.214950599334415299e-06
3.890000000000000000e+02 8.948996082412288388e-06
3.900000000000000000e+02 9.281080165903264823e-06
3.910000000000000000e+02 8.919899693451575689e-06
3.920000000000000000e+02 9.142427729746053090e-06
3.930000000000000000e+02 9.173356970998127209e-06
3.940000000000000000e+02 9.129398556287807872e-06
3.950000000000000000e+02 9.004037912073120954e-06
3.960000000000000000e+02 9.140861087194494005e-06
3.970000000000000000e+02 8.920596646579847088e-06
3.980000000000000000e+02 8.959850912342653829e-06
3.990000000000000000e+02 9.349822246399866734e-06
4.000000000000000000e+02 9.199484202113023679e-06
4.010000000000000000e+02 9.273082606771091362e-06
4.020000000000000000e+02 9.148319155668340616e-06
4.030000000000000000e+02 9.078107090961094031e-06
4.040000000000000000e+02 8.930550889216660581e-06
4.050000000000000000e+02 8.917070664282728614e-06
4.060000000000000000e+02 8.891313849527834987e-06
4.070000000000000000e+02 9.089262683874803559e-06
4.080000000000000000e+02 8.999502964109764601e-06
4.090000000000000000e+02 8.981646735268347160e-06
4.100000000000000000e+02 8.989544708494145515e-06
4.110000000000000000e+02 8.971575965825779784e-06
4.120000000000000000e+02 9.096488195331952760e-06
4.130000000000000000e+02 8.976500098190159409e-06
4.140000000000000000e+02 9.054231309029932057e-06
4.150000000000000000e+02 9.208646657247801572e-06
4.160000000000000000e+02 8.998278421695516820e-06
4.170000000000000000e+02 9.433007806300074851e-06
4.180000000000000000e+02 9.098798355948905695e-06
4.190000000000000000e+02 9.283934068485719693e-06
4.200000000000000000e+02 8.927920527310746876e-06
4.210000000000000000e+02 9.041318890745102553e-06
4.220000000000000000e+02 8.942644403058468112e-06
4.230000000000000000e+02 9.008062008458955937e-06
4.240000000000000000e+02 8.955342317758421998e-06
4.250000000000000000e+02 9.048675892768354254e-06
4.260000000000000000e+02 9.041920957137679582e-06
4.270000000000000000e+02 8.885357760451426809e-06
4.280000000000000000e+02 8.884592608764460683e-06
4.290000000000000000e+02 8.900864774414049289e-06
4.300000000000000000e+02 8.727862517152766827e-06
4.310000000000000000e+02 8.986971197570280297e-06
4.320000000000000000e+02 8.769841405376637051e-06
4.330000000000000000e+02 8.842803258742006815e-06
4.340000000000000000e+02 8.801664593256571084e-06
4.350000000000000000e+02 8.728675673188238799e-06
4.360000000000000000e+02 8.746683733713163424e-06
4.370000000000000000e+02 9.003925637657882048e-06
4.380000000000000000e+02 8.817700591316445161e-06
4.390000000000000000e+02 8.696730928173968344e-06
4.400000000000000000e+02 8.691712800645936307e-06
4.410000000000000000e+02 8.784323642302308504e-06
4.420000000000000000e+02 8.782844196689280496e-06
4.430000000000000000e+02 8.672458245771558523e-06
4.440000000000000000e+02 8.658649857675609047e-06
4.450000000000000000e+02 8.780767760289054022e-06
4.460000000000000000e+02 8.576083452337429595e-06
4.470000000000000000e+02 8.502025720395244417e-06
4.480000000000000000e+02 8.485629225126935661e-06
4.490000000000000000e+02 8.577894287707584845e-06
4.500000000000000000e+02 8.701314117156478629e-06
4.510000000000000000e+02 8.657312762645516632e-06
4.520000000000000000e+02 8.608619657628378686e-06
4.530000000000000000e+02 8.628175654439179619e-06
4.540000000000000000e+02 8.521532323040716136e-06
4.550000000000000000e+02 8.498089890082935076e-06
4.560000000000000000e+02 8.223850051499981861e-06
4.570000000000000000e+02 8.268134492068306276e-06
4.580000000000000000e+02 8.145314366457737015e-06
4.590000000000000000e+02 8.347532883585007620e-06
4.600000000000000000e+02 8.187556424483174354e-06
4.610000000000000000e+02 8.204539569125803700e-06
4.620000000000000000e+02 8.036542614936224507e-06
4.630000000000000000e+02 8.067286092378109349e-06
4.640000000000000000e+02 8.105769580578213218e-06
4.650000000000000000e+02 7.971520837026704328e-06
4.660000000000000000e+02 7.856902258622882237e-06
4.670000000000000000e+02 7.913955419990376458e-06
4.680000000000000000e+02 7.769130903263109450e-06
4.690000000000000000e+02 7.664857703716774175e-06
4.700000000000000000e+02 7.737232180463800155e-06
4.710000000000000000e+02 7.732202555130113906e-06
4.720000000000000000e+02 7.607904784262472668e-06
4.730000000000000000e+02 7.683288863735473340e-06
4.740000000000000000e+02 7.976343341889308961e-06
4.750000000000000000e+02 7.503010830641750803e-06
4.760000000000000000e+02 7.404854437658971971e-06
4.770000000000000000e+02 7.394383438166177852e-06
4.780000000000000000e+02 7.307304355868828086e-06
4.790000000000000000e+02 7.147716190318319904e-06
4.800000000000000000e+02 7.133343653295305986e-06
4.810000000000000000e+02 7.224905263977235666e-06
4.820000000000000000e+02 6.931008331093022055e-06
4.830000000000000000e+02 6.981712850125057032e-06
4.840000000000000000e+02 6.923360875198144851e-06
4.850000000000000000e+02 6.950613575671712167e-06
4.860000000000000000e+02 6.725390221449442471e-06
4.870000000000000000e+02 6.663768013801188512e-06
4.880000000000000000e+02 6.700013139876295954e-06
4.890000000000000000e+02 6.574067300750611637e-06
4.900000000000000000e+02 6.511967345005622706e-06
4.910000000000000000e+02 6.402562022831276436e-06
4.920000000000000000e+02 6.464159983696817669e-06
4.930000000000000000e+02 6.310469625399175509e-06
4.940000000000000000e+02 6.265211110615747663e-06
4.950000000000000000e+02 6.156821118942598403e-06
4.960000000000000000e+02 6.117062877888097281e-06
4.970000000000000000e+02 6.494590650496964612e-06
4.980000000000000000e+02 6.236974443445895402e-06
4.990000000000000000e+02 6.182670009308851142e-06
5.000000000000000000e+02 5.982553325842843625e-06
5.010000000000000000e+02 5.905467954667746614e-06
5.020000000000000000e+02 6.148367975317818465e-06
5.030000000000000000e+02 5.861001106472187696e-06
5.040000000000000000e+02 5.783163642032868261e-06
5.050000000000000000e+02 5.811869732852486247e-06
5.060000000000000000e+02 5.722532125179648293e-06
5.070000000000000000e+02 5.915285444095671592e-06
5.080000000000000000e+02 5.674722478908003726e-06
5.090000000000000000e+02 5.561039858355864111e-06
5.100000000000000000e+02 5.614486756921158510e-06
5.110000000000000000e+02 5.663941111330451105e-06
5.120000000000000000e+02 5.445667437634921232e-06
5.130000000000000000e+02 5.411042240337344706e-06
5.140000000000000000e+02 5.500074509788651030e-06
5.150000000000000000e+02 5.421993083997528184e-06
5.160000000000000000e+02 5.318849543089002458e-06
5.170000000000000000e+02 5.344371875029560355e-06
5.180000000000000000e+02 5.257619034151278895e-06
5.190000000000000000e+02 5.279597861586727862e-06
5.200000000000000000e+02 5.188989765575940721e-06
5.210000000000000000e+02 5.124229254322098281e-06
5.220000000000000000e+02 5.077077239956246174e-06
5.230000000000000000e+02 5.129819897413965399e-06
5.240000000000000000e+02 5.038603925868187672e-06
5.250000000000000000e+02 4.997486579236642082e-06
5.260000000000000000e+02 4.947728919226282791e-06
5.270000000000000000e+02 4.975069114229594635e-06
5.280000000000000000e+02 4.911456672658947441e-06
5.290000000000000000e+02 4.836324802129889690e-06
5.300000000000000000e+02 4.859032788653280424e-06
5.310000000000000000e+02 4.932852963099760547e-06
5.320000000000000000e+02 4.709284490021291254e-06
5.330000000000000000e+02 4.775320866174769082e-06
5.340000000000000000e+02 4.807840355913467337e-06
5.350000000000000000e+02 4.672399737470706098e-06
5.360000000000000000e+02 4.698502786421842459e-06
5.370000000000000000e+02 4.634220243018384304e-06
5.380000000000000000e+02 4.649307938848695988e-06
5.390000000000000000e+02 4.633291333894898750e-06
5.400000000000000000e+02 4.596896930622234284e-06
5.410000000000000000e+02 4.532499826161533649e-06
5.420000000000000000e+02 4.495532815637789249e-06
5.430000000000000000e+02 4.470071702313294443e-06
5.440000000000000000e+02 4.541660678403000432e-06
5.450000000000000000e+02 4.494091592291167451e-06
5.460000000000000000e+02 4.463834363534837534e-06
5.470000000000000000e+02 4.463213512131582110e-06
5.480000000000000000e+02 4.426063195389298320e-06
5.490000000000000000e+02 4.384831303668772830e-06
5.500000000000000000e+02 4.421001324463058341e-06
5.510000000000000000e+02 4.389307747044238725e-06
5.520000000000000000e+02 4.342356166794681807e-06
5.530000000000000000e+02 4.338887291665357757e-06
5.540000000000000000e+02 4.330458379245631279e-06
5.550000000000000000e+02 4.282014911591270740e-06
5.560000000000000000e+02 4.356362632845631418e-06
5.570000000000000000e+02 4.257057640214517811e-06
5.580000000000000000e+02 4.311752038910779622e-06
5.590000000000000000e+02 4.297486120181051159e-06
5.600000000000000000e+02 4.213775342001697369e-06
5.610000000000000000e+02 4.280779659665804916e-06
5.620000000000000000e+02 4.278493585825456172e-06
5.630000000000000000e+02 4.315855282823710570e-06
5.640000000000000000e+02 4.162641560775753170e-06
5.650000000000000000e+02 4.143656999468710129e-06
5.660000000000000000e+02 4.210781898167680091e-06
5.670000000000000000e+02 4.119599361129097166e-06
5.680000000000000000e+02 4.130584045742049495e-06
5.690000000000000000e+02 4.112248139242267112e-06
5.700000000000000000e+02 4.130205970426666718e-06
5.710000000000000000e+02 4.123424960185926379e-06
5.720000000000000000e+02 4.116739879385966908e-06
5.730000000000000000e+02 4.099420717742917097e-06
5.740000000000000000e+02 4.074379886141889450e-06
5.750000000000000000e+02 4.077867600769640978e-06
5.760000000000000000e+02 4.011021865470309348e-06
5.770000000000000000e+02 4.045380971538539266e-06
5.780000000000000000e+02 4.005807851053626967e-06
5.790000000000000000e+02 4.024941880696339518e-06
5.800000000000000000e+02 3.965153385076338372e-06
5.810000000000000000e+02 3.953664592155385900e-06
5.820000000000000000e+02 3.958796977513824213e-06
5.830000000000000000e+02 4.010153157568021528e-06
5.840000000000000000e+02 3.958936812157316500e-06
5.850000000000000000e+02 4.053349327135775685e-06
5.860000000000000000e+02 3.958319276435142754e-06
5.870000000000000000e+02 3.948965247084436102e-06
5.880000000000000000e+02 3.925442102248155433e-06
5.890000000000000000e+02 3.963107009931143874e-06
5.900000000000000000e+02 3.918167146015599874e-06
5.910000000000000000e+02 3.927709235342381981e-06
5.920000000000000000e+02 3.939602671306999886e-06
5.930000000000000000e+02 3.898153025170114249e-06
5.940000000000000000e+02 3.875832800180968368e-06
5.950000000000000000e+02 3.898562785732550762e-06
5.960000000000000000e+02 3.981529196621016122e-06
5.970000000000000000e+02 3.892490103783346015e-06
5.980000000000000000e+02 3.857615059185018908e-06
5.990000000000000000e+02 3.844515456513592020e-06
6.000000000000000000e+02 3.870500499440649250e-06
6.010000000000000000e+02 3.869031441505948611e-06
6.020000000000000000e+02 3.830862891795355671e-06
6.030000000000000000e+02 3.797632899841900649e-06
6.040000000000000000e+02 3.820881283421290571e-06
6.050000000000000000e+02 3.806705845589512314e-06
6.060000000000000000e+02 3.809034774999071565e-06
6.070000000000000000e+02 3.858316186125101715e-06
6.080000000000000000e+02 3.768314840898577053e-06
6.090000000000000000e+02 3.802866538234849202e-06
6.100000000000000000e+02 3.842910739823706691e-06
6.110000000000000000e+02 3.800088360835830900e-06
6.120000000000000000e+02 3.831454098177195702e-06
6.130000000000000000e+02 3.798708118901328350e-06
6.140000000000000000e+02 3.783168355706492952e-06
6.150000000000000000e+02 3.803647023438863331e-06
6.160000000000000000e+02 3.778105043645388349e-06
6.170000000000000000e+02 3.773957970358684566e-06
6.180000000000000000e+02 3.871563774753675099e-06
6.190000000000000000e+02 3.766926723888379107e-06
6.200000000000000000e+02 3.816094142499967878e-06
6.210000000000000000e+02 3.748140081582050310e-06
6.220000000000000000e+02 3.755400727752359507e-06
6.230000000000000000e+02 3.749090819984156222e-06
6.240000000000000000e+02 3.725765711494020739e-06
6.250000000000000000e+02 3.771504054805667145e-06
6.260000000000000000e+02 3.786178224109935615e-06
6.270000000000000000e+02 3.774626859712061589e-06
6.280000000000000000e+02 3.759089514962168875e-06
6.290000000000000000e+02 3.770829537654958762e-06
6.300000000000000000e+02 3.687323374150053710e-06
6.310000000000000000e+02 3.668495394921444078e-06
6.320000000000000000e+02 3.675937117928254193e-06
6.330000000000000000e+02 3.730848242840977305e-06
6.340000000000000000e+02 3.713815304436074535e-06
6.350000000000000000e+02 3.675744430874329259e-06
6.360000000000000000e+02 3.732601353268100106e-06
6.370000000000000000e+02 3.718943516385716328e-06
6.380000000000000000e+02 3.695819632593902132e-06
6.390000000000000000e+02 3.709028977134986514e-06
6.400000000000000000e+02 3.706671421413370717e-06
6.410000000000000000e+02 3.689993587872629394e-06
6.420000000000000000e+02 3.689007307798581917e-06
6.430000000000000000e+02 3.724564864029706196e-06
6.440000000000000000e+02 3.649114227386383791e-06
6.450000000000000000e+02 3.667884048678719254e-06
6.460000000000000000e+02 3.644424917302253399e-06
6.470000000000000000e+02 3.644692597978188540e-06
6.480000000000000000e+02 3.649602808193689950e-06
6.490000000000000000e+02 3.694134010816635311e-06
6.500000000000000000e+02 3.716558095597978844e-06
6.510000000000000000e+02 3.640915965978370007e-06
6.520000000000000000e+02 3.654122911843104493e-06
6.530000000000000000e+02 3.662036243579148313e-06
6.540000000000000000e+02 3.666751222474801004e-06
6.550000000000000000e+02 3.674704844323652499e-06
6.560000000000000000e+02 3.624315170778147510e-06
6.570000000000000000e+02 3.656717174853509265e-06
6.580000000000000000e+02 3.630347813539041928e-06
6.590000000000000000e+02 3.620028339229384629e-06
6.600000000000000000e+02 3.615133207603304073e-06
6.610000000000000000e+02 3.633105233007598122e-06
6.620000000000000000e+02 3.614509112156136435e-06
6.630000000000000000e+02 3.626338396180010870e-06
6.640000000000000000e+02 3.690437547671421206e-06
6.650000000000000000e+02 3.613637830575709045e-06
6.660000000000000000e+02 3.621490478654440894e-06
6.670000000000000000e+02 3.612640054861817662e-06
6.680000000000000000e+02 3.674443934861727959e-06
6.690000000000000000e+02 3.584148772223188538e-06
6.700000000000000000e+02 3.595762579643760542e-06
6.710000000000000000e+02 3.609063437169231385e-06
6.720000000000000000e+02 3.556433456771076724e-06
6.730000000000000000e+02 3.602366887447688114e-06
6.740000000000000000e+02 3.565353817117987735e-06
6.750000000000000000e+02 3.578478451523954668e-06
6.760000000000000000e+02 3.585790962122619956e-06
6.770000000000000000e+02 3.573129461142115794e-06
6.780000000000000000e+02 3.607789318087121153e-06
6.790000000000000000e+02 3.552762115047913266e-06
6.800000000000000000e+02 3.557173231639155388e-06
6.810000000000000000e+02 3.618506624920644402e-06
6.820000000000000000e+02 3.581534387290178078e-06
6.830000000000000000e+02 3.583169904769630593e-06
6.840000000000000000e+02 3.549673583553710171e-06
6.850000000000000000e+02 3.541486230649990339e-06
6.860000000000000000e+02 3.549827866845623437e-06
6.870000000000000000e+02 3.592605924348922112e-06
6.880000000000000000e+02 3.571355242739501133e-06
6.890000000000000000e+02 3.600905839327930727e-06
6.900000000000000000e+02 3.538420226965996365e-06
6.910000000000000000e+02 3.605893775715107605e-06
6.920000000000000000e+02 3.541915428645521248e-06
6.930000000000000000e+02 3.599909534058384820e-06
6.940000000000000000e+02 3.594901674436484145e-06
6.950000000000000000e+02 3.558911269247309521e-06
6.960000000000000000e+02 3.514508488044379296e-06
6.970000000000000000e+02 3.522083482111707263e-06
6.980000000000000000e+02 3.560038665559445544e-06
6.990000000000000000e+02 3.605215356372447614e-06
7.000000000000000000e+02 3.581732228554311451e-06
7.010000000000000000e+02 3.536816265276041882e-06
7.020000000000000000e+02 3.545868802283287121e-06
7.030000000000000000e+02 3.549093068596787106e-06
7.040000000000000000e+02 3.538067195391236643e-06
7.050000000000000000e+02 3.528838644192305692e-06
7.060000000000000000e+02 3.558356957393629049e-06
7.070000000000000000e+02 3.518909604641341579e-06
7.080000000000000000e+02 3.546480696357187984e-06
7.090000000000000000e+02 3.497397426828476094e-06
7.100000000000000000e+02 3.545976752452689522e-06
7.110000000000000000e+02 3.509950414640369799e-06
7.120000000000000000e+02 3.536293062623944751e-06
7.130000000000000000e+02 3.544467526209710799e-06
7.140000000000000000e+02 3.522602873669320032e-06
7.150000000000000000e+02 3.503824941812161839e-06
7.160000000000000000e+02 3.561056401046350715e-06
7.170000000000000000e+02 3.538634639533745810e-06
7.180000000000000000e+02 3.520558270773884709e-06
7.190000000000000000e+02 3.521334336566645242e-06
7.200000000000000000e+02 3.552396835384224442e-06
7.210000000000000000e+02 3.516102483924555414e-06
7.220000000000000000e+02 3.533046315531538025e-06
7.230000000000000000e+02 3.502052974380432339e-06
7.240000000000000000e+02 3.489573246537764861e-06
7.250000000000000000e+02 3.530362360212145278e-06
7.260000000000000000e+02 3.517173889875369601e-06
7.270000000000000000e+02 3.534744950836477662e-06
7.280000000000000000e+02 3.500240851715523483e-06
7.290000000000000000e+02 3.529843520021402794e-06
7.300000000000000000e+02 3.476616060618202457e-06
7.310000000000000000e+02 3.502217539238723421e-06
7.320000000000000000e+02 3.534961613869646204e-06
7.330000000000000000e+02 3.503316085961633321e-06
7.340000000000000000e+02 3.461392349548523818e-06
7.350000000000000000e+02 3.632198761275014854e-06
7.360000000000000000e+02 3.488540669135221366e-06
7.370000000000000000e+02 3.501866669204435627e-06
7.380000000000000000e+02 3.460664652262317059e-06
7.390000000000000000e+02 3.521497594400564033e-06
7.400000000000000000e+02 3.490346303332201027e-06
7.410000000000000000e+02 3.513767769854563074e-06
7.420000000000000000e+02 3.523358619445899676e-06
7.430000000000000000e+02 3.515457770065032190e-06
7.440000000000000000e+02 3.479926054452788436e-06
7.450000000000000000e+02 3.503724458706122248e-06
7.460000000000000000e+02 3.471515849317083743e-06
7.470000000000000000e+02 3.501388604622589340e-06
7.480000000000000000e+02 3.509974404408633010e-06
7.490000000000000000e+02 3.546147382601276032e-06
7.500000000000000000e+02 3.491334420607684156e-06
7.510000000000000000e+02 3.464918452284707338e-06
7.520000000000000000e+02 3.567460130097137466e-06
7.530000000000000000e+02 3.473965395902614028e-06
7.540000000000000000e+02 3.501634681137434890e-06
7.550000000000000000e+02 3.471896888719012276e-06
7.560000000000000000e+02 3.490484280637662516e-06
7.570000000000000000e+02 3.490747300384337329e-06
7.580000000000000000e+02 3.464890590833468160e-06
7.590000000000000000e+02 3.496681573006997640e-06
7.600000000000000000e+02 3.492027597289143413e-06
7.610000000000000000e+02 3.500598254179395025e-06
7.620000000000000000e+02 3.476891561579909989e-06
7.630000000000000000e+02 3.450704108027734746e-06
7.640000000000000000e+02 3.497365668966167435e-06
7.650000000000000000e+02 3.470239620313584278e-06
7.660000000000000000e+02 3.490705490855691000e-06
7.670000000000000000e+02 3.459573389620092717e-06
7.680000000000000000e+02 3.558749490526463240e-06
7.690000000000000000e+02 3.509009118297472071e-06
7.700000000000000000e+02 3.485818552522032020e-06
7.710000000000000000e+02 3.532941487529653008e-06
7.720000000000000000e+02 3.495849821458682997e-06
7.730000000000000000e+02 3.474316103882048015e-06
7.740000000000000000e+02 3.499389119274085810e-06
7.750000000000000000e+02 3.449952763914726831e-06
7.760000000000000000e+02 3.533880410989520448e-06
7.770000000000000000e+02 3.463347559700500257e-06
7.780000000000000000e+02 3.467765094106094133e-06
7.790000000000000000e+02 3.502475912673017440e-06
7.800000000000000000e+02 3.461902871593523380e-06
7.810000000000000000e+02 3.450885810064947787e-06
7.820000000000000000e+02 3.519996722597541869e-06
7.830000000000000000e+02 3.455351489415441374e-06
7.840000000000000000e+02 3.443275424147128276e-06
7.850000000000000000e+02 3.453659685119243862e-06
7.860000000000000000e+02 3.471908614694187407e-06
7.870000000000000000e+02 3.465194925098194405e-06
7.880000000000000000e+02 3.496219992780674030e-06
7.890000000000000000e+02 3.466871553044862507e-06
7.900000000000000000e+02 3.469588588927083379e-06
7.910000000000000000e+02 3.476157342852230249e-06
7.920000000000000000e+02 3.447899885084703252e-06
7.930000000000000000e+02 3.427012294121713437e-06
7.940000000000000000e+02 3.491859268476419637e-06
7.950000000000000000e+02 3.509410103661284690e-06
7.960000000000000000e+02 3.485186298271312865e-06
7.970000000000000000e+02 3.469324807510602750e-06
7.980000000000000000e+02 3.457030708860196376e-06
7.990000000000000000e+02 3.420915244147085963e-06
8.000000000000000000e+02 3.460258880342643942e-06
8.010000000000000000e+02 3.466794856929591100e-06
8.020000000000000000e+02 3.439803997005327067e-06
8.030000000000000000e+02 3.480318821562561945e-06
8.040000000000000000e+02 3.447074161446252713e-06
8.050000000000000000e+02 3.476536260983103192e-06
8.060000000000000000e+02 3.511786313377283081e-06
8.070000000000000000e+02 3.481294436926894348e-06
8.080000000000000000e+02 3.448729887587473047e-06
8.090000000000000000e+02 3.477551224353973852e-06
8.100000000000000000e+02 3.471832112604137745e-06
8.110000000000000000e+02 3.436363511624700059e-06
8.120000000000000000e+02 3.471526861349067419e-06
8.130000000000000000e+02 3.498702208289133874e-06
8.140000000000000000e+02 3.469022353275843303e-06
8.150000000000000000e+02 3.480686784601711773e-06
8.160000000000000000e+02 3.465925858428820300e-06
8.170000000000000000e+02 3.430843741298248347e-06
8.180000000000000000e+02 3.453939203020217926e-06
8.190000000000000000e+02 3.438197566191831603e-06
8.200000000000000000e+02 3.430981776089064474e-06
8.210000000000000000e+02 3.441235132958676700e-06
8.220000000000000000e+02 3.484882448532847404e-06
8.230000000000000000e+02 3.432474147008442469e-06
8.240000000000000000e+02 3.425563436994807374e-06
8.250000000000000000e+02 3.411832643857022461e-06
8.260000000000000000e+02 3.429462181342042362e-06
8.270000000000000000e+02 3.484128358402311405e-06
8.280000000000000000e+02 3.464185791229180888e-06
8.290000000000000000e+02 3.435280019345864308e-06
8.300000000000000000e+02 3.481464410266865675e-06
8.310000000000000000e+02 3.443566892480758662e-06
8.320000000000000000e+02 3.467835065052194700e-06
8.330000000000000000e+02 3.430741578694065449e-06
8.340000000000000000e+02 3.465518320179858625e-06
8.350000000000000000e+02 3.438783438165156882e-06
8.360000000000000000e+02 3.426700123452929132e-06
8.370000000000000000e+02 3.412128876890745824e-06
8.380000000000000000e+02 3.468078507910704361e-06
8.390000000000000000e+02 3.433405288424433537e-06
8.400000000000000000e+02 3.443212837577002444e-06
8.410000000000000000e+02 3.444438431380303576e-06
8.420000000000000000e+02 3.468966915117416659e-06
8.430000000000000000e+02 3.460963878122370878e-06
8.440000000000000000e+02 3.435416549917237118e-06
8.450000000000000000e+02 3.492570995328147925e-06
8.460000000000000000e+02 3.472519490362929873e-06
8.470000000000000000e+02 3.431869277876435112e-06
8.480000000000000000e+02 3.455466710076963043e-06
8.490000000000000000e+02 3.425589041811529799e-06
8.500000000000000000e+02 3.415969204337401684e-06
8.510000000000000000e+02 3.441418968714205029e-06
8.520000000000000000e+02 3.406363050997854909e-06
8.530000000000000000e+02 3.412217933508041320e-06
8.540000000000000000e+02 3.488709825203108453e-06
8.550000000000000000e+02 3.421055856026282280e-06
8.560000000000000000e+02 3.409742261602548780e-06
8.570000000000000000e+02 3.509785980020574232e-06
8.580000000000000000e+02 3.461166202799361513e-06
8.590000000000000000e+02 3.439851483154164404e-06
8.600000000000000000e+02 3.445374696215529845e-06
8.610000000000000000e+02 3.415585685715535759e-06
8.620000000000000000e+02 3.429634802863667816e-06
8.630000000000000000e+02 3.458587349497218049e-06
8.640000000000000000e+02 3.431164344657562380e-06
8.650000000000000000e+02 3.443362722960038596e-06
8.660000000000000000e+02 3.408432240378968372e-06
8.670000000000000000e+02 3.429664194255775033e-06
8.680000000000000000e+02 3.431431481096004449e-06
8.690000000000000000e+02 3.456415475969777736e-06
8.700000000000000000e+02 3.460064723503562948e-06
8.710000000000000000e+02 3.427987370989618842e-06
8.720000000000000000e+02 3.413762894094961823e-06
8.730000000000000000e+02 3.442949860751616933e-06
8.740000000000000000e+02 3.431917491636593269e-06
8.750000000000000000e+02 3.419361508899391394e-06
8.760000000000000000e+02 3.454574960919244348e-06
8.770000000000000000e+02 3.464556416403984441e-06
8.780000000000000000e+02 3.419587873670298885e-06
8.790000000000000000e+02 3.423434069259015410e-06
8.800000000000000000e+02 3.422815626382101018e-06
8.810000000000000000e+02 3.457487564780450364e-06
8.820000000000000000e+02 3.431728738348136007e-06
8.830000000000000000e+02 3.466032103766013849e-06
8.840000000000000000e+02 3.454800433345149543e-06
8.850000000000000000e+02 3.471117835107115896e-06
8.860000000000000000e+02 3.476098933127089140e-06
8.870000000000000000e+02 3.410610012392990580e-06
8.880000000000000000e+02 3.474118126083395278e-06
8.890000000000000000e+02 3.453861659957545357e-06
8.900000000000000000e+02 3.402869120087846489e-06
8.910000000000000000e+02 3.446797838545644827e-06
8.920000000000000000e+02 3.441966416344094402e-06
8.930000000000000000e+02 3.433309954802962798e-06
8.940000000000000000e+02 3.421693308953062909e-06
8.950000000000000000e+02 3.487692745837855686e-06
8.960000000000000000e+02 3.469240335936285291e-06
8.970000000000000000e+02 3.425627329191374603e-06
8.980000000000000000e+02 3.432971394110173353e-06
8.990000000000000000e+02 3.431316722190477345e-06
9.000000000000000000e+02 3.450320276593816356e-06
9.010000000000000000e+02 3.427425444963658766e-06
9.020000000000000000e+02 3.411857184525297232e-06
9.030000000000000000e+02 3.438087123538880816e-06
9.040000000000000000e+02 3.465013429633598195e-06
9.050000000000000000e+02 3.442625899159776576e-06
9.060000000000000000e+02 3.436428751164359163e-06
9.070000000000000000e+02 3.398864644477594280e-06
9.080000000000000000e+02 3.419734009746340285e-06
9.090000000000000000e+02 3.422970819010976499e-06
9.100000000000000000e+02 3.433070355599009776e-06
9.110000000000000000e+02 3.424373659239718413e-06
9.120000000000000000e+02 3.494702353333401629e-06
9.130000000000000000e+02 3.470330896248510462e-06
9.140000000000000000e+02 3.440404709102151914e-06
9.150000000000000000e+02 3.449842774853265347e-06
9.160000000000000000e+02 3.492913271002887974e-06
9.170000000000000000e+02 3.455324453521236395e-06
9.180000000000000000e+02 3.415231040135041911e-06
9.190000000000000000e+02 3.481014243176041716e-06
9.200000000000000000e+02 3.470035697143495028e-06
9.210000000000000000e+02 3.445433007790509232e-06
9.220000000000000000e+02 3.399423735910712281e-06
9.230000000000000000e+02 3.415029212245598475e-06
9.240000000000000000e+02 3.434895465306029080e-06
9.250000000000000000e+02 3.496587409137179179e-06
9.260000000000000000e+02 3.372760520069334373e-06
9.270000000000000000e+02 3.441652864975827825e-06
9.280000000000000000e+02 3.450612838104665563e-06
9.290000000000000000e+02 3.402804943540798443e-06
9.300000000000000000e+02 3.397683714431379581e-06
9.310000000000000000e+02 3.412390293618089235e-06
9.320000000000000000e+02 3.423434049589193862e-06
9.330000000000000000e+02 3.411555976259237026e-06
9.340000000000000000e+02 3.463844882906959841e-06
9.350000000000000000e+02 3.463197203546137470e-06
9.360000000000000000e+02 3.434582355620920633e-06
9.370000000000000000e+02 3.399978555433945442e-06
9.380000000000000000e+02 3.395388066920934710e-06
9.390000000000000000e+02 3.417955658021895392e-06
9.400000000000000000e+02 3.434454419124395088e-06
9.410000000000000000e+02 3.439173409140974270e-06
9.420000000000000000e+02 3.427436346652368601e-06
9.430000000000000000e+02 3.428203585461658619e-06
9.440000000000000000e+02 3.401092437299758524e-06
9.450000000000000000e+02 3.441020413112039589e-06
9.460000000000000000e+02 3.390757271996845027e-06
9.470000000000000000e+02 3.404344788871437244e-06
9.480000000000000000e+02 3.428351740186344207e-06
9.490000000000000000e+02 3.410238367322052013e-06
9.500000000000000000e+02 3.497042314839250523e-06
9.510000000000000000e+02 3.449093120587075748e-06
9.520000000000000000e+02 3.418785225598793286e-06
9.530000000000000000e+02 3.431323906300464799e-06
9.540000000000000000e+02 3.413869374843470448e-06
9.550000000000000000e+02 3.408503936454622004e-06
9.560000000000000000e+02 3.415482071394442521e-06
9.570000000000000000e+02 3.453952956523298554e-06
9.580000000000000000e+02 3.408816398418602687e-06
9.590000000000000000e+02 3.470311824765713287e-06
9.600000000000000000e+02 3.459293628076742701e-06
9.610000000000000000e+02 3.452952423307800882e-06
9.620000000000000000e+02 3.424538975844388113e-06
9.630000000000000000e+02 3.465745183389144953e-06
9.640000000000000000e+02 3.408107337148521157e-06
9.650000000000000000e+02 3.399931764492094244e-06
9.660000000000000000e+02 3.444633951170544195e-06
9.670000000000000000e+02 3.424868454208044148e-06
9.680000000000000000e+02 3.462540997112799217e-06
9.690000000000000000e+02 3.417474235719515233e-06
9.700000000000000000e+02 3.442786632953516945e-06
9.710000000000000000e+02 3.488829195716105455e-06
9.720000000000000000e+02 3.450580847063047760e-06
9.730000000000000000e+02 3.403580605406024991e-06
9.740000000000000000e+02 3.418535232133275843e-06
9.750000000000000000e+02 3.424637681360559477e-06
9.760000000000000000e+02 3.393084435128741108e-06
9.770000000000000000e+02 3.414021416103519307e-06
9.780000000000000000e+02 3.445869349166999744e-06
9.790000000000000000e+02 3.396911699480262828e-06
9.800000000000000000e+02 3.439805362692855427e-06
9.810000000000000000e+02 3.491843559801047004e-06
9.820000000000000000e+02 3.428231051059138293e-06
9.830000000000000000e+02 3.446602777623209547e-06
9.840000000000000000e+02 3.415685404969507306e-06
9.850000000000000000e+02 3.379360850338891807e-06
9.860000000000000000e+02 3.392994787279220385e-06
9.870000000000000000e+02 3.416584765295385944e-06
9.880000000000000000e+02 3.410962112928615167e-06
9.890000000000000000e+02 3.491902302027603176e-06
9.900000000000000000e+02 3.401817344284280779e-06
9.910000000000000000e+02 3.417628350175918402e-06
9.920000000000000000e+02 3.490039300746580224e-06
9.930000000000000000e+02 3.426682236759728932e-06
9.940000000000000000e+02 3.428484797408812924e-06
9.950000000000000000e+02 3.411415646377076058e-06
9.960000000000000000e+02 3.453468311248302184e-06
9.970000000000000000e+02 3.431174903608133641e-06
9.980000000000000000e+02 3.407602194962572805e-06
9.990000000000000000e+02 3.420098502151145775e-06
1.000000000000000000e+03 3.398277669624505032e-06
1.001000000000000000e+03 3.437313557349728520e-06
1.002000000000000000e+03 3.482580664734014685e-06
1.003000000000000000e+03 3.431519686109677781e-06
1.004000000000000000e+03 3.427256465907417648e-06
1.005000000000000000e+03 3.424182908945064743e-06
1.006000000000000000e+03 3.400406616136700477e-06
1.007000000000000000e+03 3.382161785165183457e-06
1.008000000000000000e+03 3.405737207476995416e-06
1.009000000000000000e+03 3.434839314180499139e-06
1.010000000000000000e+03 3.470611675972475100e-06
1.011000000000000000e+03 3.416073327826925352e-06
1.012000000000000000e+03 3.465996355330137391e-06
1.013000000000000000e+03 3.406273031210344967e-06
1.014000000000000000e+03 3.521789846000036961e-06
1.015000000000000000e+03 3.430752454819404368e-06
1.016000000000000000e+03 3.419224647118399069e-06
1.017000000000000000e+03 3.388964887660319224e-06
1.018000000000000000e+03 3.420356395534758802e-06
1.019000000000000000e+03 3.390569045912157958e-06
1.020000000000000000e+03 3.414610799980315475e-06
1.021000000000000000e+03 3.423512014533156506e-06
1.022000000000000000e+03 3.515108659235629519e-06
1.023000000000000000e+03 3.437396663915873618e-06
1.024000000000000000e+03 3.428118165462487595e-06
1.025000000000000000e+03 3.446774641254058209e-06
1.026000000000000000e+03 3.396048421016399791e-06
1.027000000000000000e+03 3.434563271324893859e-06
