0.000000000000000000e+00 6.598051150436531898e-02
1.000000000000000000e+00 3.538574072006023599e-03
2.000000000000000000e+00 2.271814689353689187e-03
3.000000000000000000e+00 2.151051235630722144e-03
4.000000000000000000e+00 2.148768532293439480e-03
5.000000000000000000e+00 2.140570053068811558e-03
6.000000000000000000e+00 2.132509355460441777e-03
7.000000000000000000e+00 2.129681657442210937e-03
8.000000000000000000e+00 2.116599049312872620e-03
9.000000000000000000e+00 2.107390420736815831e-03
1.000000000000000000e+01 2.098831466318043428e-03
1.100000000000000000e+01 2.089465117431973419e-03
1.200000000000000000e+01 2.077813460938077606e-03
1.300000000000000000e+01 2.070444822968561197e-03
1.400000000000000000e+01 2.059415302817081510e-03
1.500000000000000000e+01 2.051177264384323410e-03
1.600000000000000000e+01 2.045049777197678782e-03
1.700000000000000000e+01 2.028270732706178268e-03
1.800000000000000000e+01 2.016329830232945625e-03
1.900000000000000000e+01 2.004407851418425496e-03
2.000000000000000000e+01 2.001110066815942924e-03
2.100000000000000000e+01 1.994754518199944385e-03
2.200000000000000000e+01 1.974049739333090699e-03
2.300000000000000000e+01 1.954938200693145077e-03
2.400000000000000000e+01 1.946069420793885337e-03
2.500000000000000000e+01 1.932237880895608904e-03
2.600000000000000000e+01 1.913323540171211990e-03
2.700000000000000000e+01 1.905504752594965653e-03
2.800000000000000000e+01 1.885975038645829396e-03
2.900000000000000000e+01 1.867339436854623634e-03
3.000000000000000000e+01 1.851555163847370305e-03
3.100000000000000000e+01 1.833119604105324166e-03
3.200000000000000000e+01 1.819182081592308781e-03
3.300000000000000000e+01 1.789655968100728510e-03
3.400000000000000000e+01 1.767552848341104755e-03
3.500000000000000000e+01 1.733162402106538501e-03
3.600000000000000000e+01 1.701027118602618966e-03
3.700000000000000000e+01 1.654612070014536669e-03
3.800000000000000000e+01 1.632388826060266005e-03
3.900000000000000000e+01 1.550321272210176396e-03
4.000000000000000000e+01 1.472311573300189892e-03
4.100000000000000000e+01 1.339774395720730879e-03
4.200000000000000000e+01 1.116220510753335041e-03
4.300000000000000000e+01 7.347371482663817661e-04
4.400000000000000000e+01 3.548660544922024851e-04
4.500000000000000000e+01 1.939288260993484640e-04
4.600000000000000000e+01 1.579535187829094638e-04
4.700000000000000000e+01 1.438376543797745277e-04
4.800000000000000000e+01 1.263836102079202032e-04
4.900000000000000000e+01 1.171151800050269221e-04
5.000000000000000000e+01 1.089566101729123372e-04
5.100000000000000000e+01 1.012129766036152980e-04
5.200000000000000000e+01 9.048196932547213273e-05
5.300000000000000000e+01 8.410178872787843279e-05
5.400000000000000000e+01 8.266062383655446081e-05
5.500000000000000000e+01 7.502803607450908964e-05
5.600000000000000000e+01 7.257076450586801323e-05
5.700000000000000000e+01 6.745265459055468406e-05
5.800000000000000000e+01 6.487720744851079838e-05
5.900000000000000000e+01 6.493607177999445406e-05
6.000000000000000000e+01 5.986814426008260214e-05
6.100000000000000000e+01 5.662879936569001501e-05
6.200000000000000000e+01 5.375159861785764291e-05
6.300000000000000000e+01 5.194150132066429866e-05
6.400000000000000000e+01 5.008329871926996347e-05
6.500000000000000000e+01 4.780109924762190594e-05
6.600000000000000000e+01 4.545549828608801384e-05
6.700000000000000000e+01 4.415827146269218895e-05
6.800000000000000000e+01 4.177493702571597449e-05
6.900000000000000000e+01 4.030183674999582901e-05
7.000000000000000000e+01 3.921013209015021132e-05
7.100000000000000000e+01 3.743227324251590407e-05
7.200000000000000000e+01 3.591740795828375399e-05
7.300000000000000000e+01 3.471868265383995918e-05
7.400000000000000000e+01 3.378237536112304614e-05
7.500000000000000000e+01 3.286606531529221023e-05
7.600000000000000000e+01 3.278527735425845513e-05
7.700000000000000000e+01 3.071908587995440842e-05
7.800000000000000000e+01 2.965233426312389734e-05
7.900000000000000000e+01 2.878567036339439942e-05
8.000000000000000000e+01 2.755795962449106344e-05
8.100000000000000000e+01 2.686174935430274305e-05
8.200000000000000000e+01 2.660670848348222782e-05
8.300000000000000000e+01 2.572457706273093285e-05
8.400000000000000000e+01 2.530078758880082937e-05
8.500000000000000000e+01 2.403598713239046635e-05
8.600000000000000000e+01 2.360848646356517163e-05
8.700000000000000000e+01 2.404982163766142446e-05
8.800000000000000000e+01 2.259727818771027801e-05
8.900000000000000000e+01 2.186374957988033399e-05
9.000000000000000000e+01 2.204061214614498086e-05
9.100000000000000000e+01 2.089172885867025345e-05
9.200000000000000000e+01 2.064068874840470965e-05
9.300000000000000000e+01 2.104191101176768237e-05
9.400000000000000000e+01 1.976128284764488868e-05
9.500000000000000000e+01 1.981201399209582160e-05
9.600000000000000000e+01 1.903037636314862957e-05
9.700000000000000000e+01 1.869162403702961540e-05
9.800000000000000000e+01 1.875801136698529388e-05
9.900000000000000000e+01 1.821691687686782828e-05
1.000000000000000000e+02 1.832715417235449836e-05
1.010000000000000000e+02 1.744704370591949283e-05
1.020000000000000000e+02 1.763481654978794384e-05
1.030000000000000000e+02 1.700127593199636677e-05
1.040000000000000000e+02 1.651343824295757135e-05
1.050000000000000000e+02 1.683413886327587053e-05
1.060000000000000000e+02 1.655498995020796021e-05
1.070000000000000000e+02 1.583832071240751793e-05
1.080000000000000000e+02 1.580567495717340949e-05
1.090000000000000000e+02 1.542942893314810186e-05
1.100000000000000000e+02 1.524896880788666399e-05
1.110000000000000000e+02 1.489099166061964616e-05
1.120000000000000000e+02 1.473467659119466599e-05
1.130000000000000000e+02 1.474869923200721216e-05
1.140000000000000000e+02 1.442698010208730890e-05
1.150000000000000000e+02 1.430780538706658166e-05
1.160000000000000000e+02 1.386524600131131017e-05
1.170000000000000000e+02 1.378124437288737956e-05
1.180000000000000000e+02 1.399389928847424859e-05
1.190000000000000000e+02 1.337557994587644774e-05
1.200000000000000000e+02 1.315541286637046103e-05
1.210000000000000000e+02 1.336130083527947433e-05
1.220000000000000000e+02 1.295761809085980664e-05
1.230000000000000000e+02 1.268632758483176189e-05
1.240000000000000000e+02 1.297233082862008053e-05
1.250000000000000000e+02 1.237957803600747122e-05
1.260000000000000000e+02 1.223762391734326750e-05
1.270000000000000000e+02 1.206247635072692039e-05
1.280000000000000000e+02 1.207123881617775571e-05
1.290000000000000000e+02 1.200235655754801625e-05
1.300000000000000000e+02 1.155407388915227163e-05
1.310000000000000000e+02 1.141628225993926847e-05
1.320000000000000000e+02 1.137748088665351750e-05
1.330000000000000000e+02 1.110775852722620755e-05
1.340000000000000000e+02 1.117172634419530713e-05
1.350000000000000000e+02 1.097779419091434374e-05
1.360000000000000000e+02 1.100827466836306302e-05
1.370000000000000000e+02 1.062908097889181795e-05
1.380000000000000000e+02 1.075668817721982841e-05
1.390000000000000000e+02 1.074253062525971606e-05
1.400000000000000000e+02 1.014263899546130620e-05
1.410000000000000000e+02 1.008477018765660718e-05
1.420000000000000000e+02 9.948193019817130227e-06
1.430000000000000000e+02 9.868970352023651596e-06
1.440000000000000000e+02 9.878336588409456669e-06
1.450000000000000000e+02 9.999840955361672876e-06
1.460000000000000000e+02 1.019787698473322535e-05
1.470000000000000000e+02 9.685339380354708981e-06
1.480000000000000000e+02 9.382160230111997746e-06
1.490000000000000000e+02 9.236871734567809154e-06
1.500000000000000000e+02 9.237088543065662510e-06
1.510000000000000000e+02 9.017770780479123942e-06
1.520000000000000000e+02 8.873690432305411570e-06
1.530000000000000000e+02 8.816783550741010529e-06
1.540000000000000000e+02 8.647264161325257371e-06
1.550000000000000000e+02 8.567767187839789151e-06
1.560000000000000000e+02 8.667908509675401946e-06
1.570000000000000000e+02 8.386439910606964339e-06
1.580000000000000000e+02 8.335514705272512040e-06
1.590000000000000000e+02 8.393872841490952429e-06
1.600000000000000000e+02 8.179174374138303515e-06
1.610000000000000000e+02 8.015458111735825932e-06
1.620000000000000000e+02 8.111527465422275747e-06
1.630000000000000000e+02 7.855105444095451537e-06
1.640000000000000000e+02 7.797715112787606469e-06
1.650000000000000000e+02 7.680853402989491784e-06
1.660000000000000000e+02 7.765874005963935444e-06
1.670000000000000000e+02 7.708966334796078269e-06
1.680000000000000000e+02 7.619997608690435719e-06
1.690000000000000000e+02 7.455953147160221190e-06
1.700000000000000000e+02 7.336025075126137765e-06
1.710000000000000000e+02 7.261430108559712597e-06
1.720000000000000000e+02 7.321890993159798677e-06
1.730000000000000000e+02 7.129326162620235967e-06
1.740000000000000000e+02 7.172180176531965280e-06
1.750000000000000000e+02 6.973097509384572819e-06
1.760000000000000000e+02 6.926308549075474512e-06
1.770000000000000000e+02 6.885226346727349117e-06
1.780000000000000000e+02 6.765044962102473060e-06
1.790000000000000000e+02 6.720494673960480218e-06
1.800000000000000000e+02 6.760415121124245127e-06
1.810000000000000000e+02 6.726431345940233017e-06
1.820000000000000000e+02 6.607422555406500660e-06
1.830000000000000000e+02 6.534966039667219132e-06
1.840000000000000000e+02 6.553244791431856947e-06
1.850000000000000000e+02 6.420956643493555481e-06
1.860000000000000000e+02 6.371153176187456502e-06
1.870000000000000000e+02 6.265082871850749483e-06
1.880000000000000000e+02 6.139001666569849795e-06
1.890000000000000000e+02 6.162052427870566230e-06
1.900000000000000000e+02 6.173156816477266307e-06
1.910000000000000000e+02 6.117901641995592184e-06
1.920000000000000000e+02 5.997518466718951859e-06
1.930000000000000000e+02 6.021887458961066375e-06
1.940000000000000000e+02 5.908769444588069337e-06
1.950000000000000000e+02 5.850655384119347463e-06
1.960000000000000000e+02 5.798202309544219129e-06
1.970000000000000000e+02 5.755294980735247237e-06
1.980000000000000000e+02 5.670544519674263201e-06
1.990000000000000000e+02 5.602385979028622084e-06
2.000000000000000000e+02 5.597523778024883973e-06
2.010000000000000000e+02 5.546025395943681772e-06
2.020000000000000000e+02 5.546396114027106795e-06
2.030000000000000000e+02 5.462970408417175008e-06
2.040000000000000000e+02 5.382326383142374172e-06
2.050000000000000000e+02 5.356469042421658526e-06
2.060000000000000000e+02 5.478463433560535867e-06
2.070000000000000000e+02 5.307134285531456572e-06
2.080000000000000000e+02 5.330234991840184472e-06
2.090000000000000000e+02 5.203215149529100196e-06
2.100000000000000000e+02 5.211852070576167916e-06
2.110000000000000000e+02 5.146788650106365863e-06
2.120000000000000000e+02 5.277669538169688361e-06
2.130000000000000000e+02 5.148800235133634535e-06
2.140000000000000000e+02 5.062562823583778450e-06
2.150000000000000000e+02 4.974623570625330900e-06
2.160000000000000000e+02 4.985540398941683123e-06
2.170000000000000000e+02 4.975886070077493087e-06
2.180000000000000000e+02 4.980267878866911261e-06
2.190000000000000000e+02 4.835183531330128940e-06
2.200000000000000000e+02 4.805082883038328043e-06
2.210000000000000000e+02 4.860597807120195544e-06
2.220000000000000000e+02 4.915304140253609669e-06
2.230000000000000000e+02 4.736796480161380159e-06
2.240000000000000000e+02 4.715916673466642998e-06
2.250000000000000000e+02 4.787653920564396316e-06
2.260000000000000000e+02 4.799534693389296258e-06
2.270000000000000000e+02 4.679620410354279342e-06
2.280000000000000000e+02 4.698794936881170137e-06
2.290000000000000000e+02 4.598999884490327399e-06
2.300000000000000000e+02 4.628625965195582545e-06
2.310000000000000000e+02 4.543971325963177350e-06
2.320000000000000000e+02 4.561089198790971473e-06
2.330000000000000000e+02 4.575684933163242263e-06
2.340000000000000000e+02 4.604057305885914426e-06
2.350000000000000000e+02 4.438543194074878273e-06
2.360000000000000000e+02 4.410978938286016167e-06
2.370000000000000000e+02 4.361234982247925601e-06
2.380000000000000000e+02 4.387476330477835246e-06
2.390000000000000000e+02 4.392556654267103137e-06
2.400000000000000000e+02 4.320427792470723506e-06
2.410000000000000000e+02 4.411813342443463422e-06
2.420000000000000000e+02 4.234002335326013805e-06
2.430000000000000000e+02 4.188490628653932406e-06
2.440000000000000000e+02 4.286898168305858208e-06
2.450000000000000000e+02 4.203733309129326369e-06
2.460000000000000000e+02 4.161922852550991766e-06
2.470000000000000000e+02 4.136063677845866944e-06
2.480000000000000000e+02 4.087484587791304460e-06
2.490000000000000000e+02 4.107202850903006790e-06
2.500000000000000000e+02 4.086735499414715275e-06
2.510000000000000000e+02 4.073160313470226691e-06
2.520000000000000000e+02 4.161690532790680973e-06
2.530000000000000000e+02 4.101571240645472674e-06
2.540000000000000000e+02 3.992075755343574884e-06
2.550000000000000000e+02 3.979080522291187918e-06
2.560000000000000000e+02 3.965662455000093876e-06
2.570000000000000000e+02 4.013565641593233265e-06
2.580000000000000000e+02 4.013570123741306436e-06
2.590000000000000000e+02 4.061049082780964924e-06
2.600000000000000000e+02 3.982519789410778036e-06
2.610000000000000000e+02 3.911880715005107827e-06
2.620000000000000000e+02 3.876423581090057124e-06
2.630000000000000000e+02 3.819058802243798789e-06
2.640000000000000000e+02 3.792998544342721550e-06
2.650000000000000000e+02 3.811032485912436188e-06
2.660000000000000000e+02 3.773880870835555910e-06
2.670000000000000000e+02 3.761033828340265382e-06
2.680000000000000000e+02 3.727915895775344821e-06
2.690000000000000000e+02 3.761655101317813530e-06
2.700000000000000000e+02 3.736997350841407260e-06
2.710000000000000000e+02 3.689713671844777880e-06
2.720000000000000000e+02 3.662331768649476601e-06
2.730000000000000000e+02 3.686193919957399253e-06
2.740000000000000000e+02 3.731570213593694532e-06
2.750000000000000000e+02 3.781364321556055085e-06
2.760000000000000000e+02 3.822378520753407045e-06
2.770000000000000000e+02 3.659455435253523828e-06
2.780000000000000000e+02 3.630814585739394013e-06
2.790000000000000000e+02 3.570654526910986868e-06
2.800000000000000000e+02 3.586675800526529012e-06
2.810000000000000000e+02 3.582667458640602894e-06
2.820000000000000000e+02 3.558372037218672346e-06
2.830000000000000000e+02 3.543924034707268496e-06
2.840000000000000000e+02 3.505719052784474300e-06
2.850000000000000000e+02 3.518908168073300829e-06
2.860000000000000000e+02 3.601223492814916017e-06
2.870000000000000000e+02 3.602082199955597698e-06
2.880000000000000000e+02 3.523565585023525511e-06
2.890000000000000000e+02 3.478765733444795789e-06
2.900000000000000000e+02 3.484186285519020434e-06
2.910000000000000000e+02 3.675146596884483467e-06
2.920000000000000000e+02 3.469796574164190423e-06
2.930000000000000000e+02 3.434870156464251223e-06
2.940000000000000000e+02 3.439113884091616562e-06
2.950000000000000000e+02 3.452242126315966038e-06
2.960000000000000000e+02 3.407614721019640713e-06
2.970000000000000000e+02 3.484232394641679564e-06
2.980000000000000000e+02 3.373584891109596446e-06
2.990000000000000000e+02 3.401849179446280879e-06
3.000000000000000000e+02 3.445516504432722480e-06
3.010000000000000000e+02 3.365268466266238501e-06
3.020000000000000000e+02 3.368538282462256983e-06
3.030000000000000000e+02 3.319912253788777463e-06
3.040000000000000000e+02 3.322631181023885155e-06
3.050000000000000000e+02 3.311540497095576890e-06
3.060000000000000000e+02 3.381893646890197959e-06
3.070000000000000000e+02 3.392917119087751874e-06
3.080000000000000000e+02 3.322966260313277883e-06
3.090000000000000000e+02 3.283532964342718980e-06
3.100000000000000000e+02 3.350810008663364919e-06
3.110000000000000000e+02 3.362170628382542464e-06
3.120000000000000000e+02 3.300312136134276702e-06
3.130000000000000000e+02 3.304352140232012170e-06
3.140000000000000000e+02 3.281036248309493344e-06
3.150000000000000000e+02 3.247015937741832831e-06
3.160000000000000000e+02 3.280423414697056856e-06
3.170000000000000000e+02 3.304214697755171705e-06
3.180000000000000000e+02 3.264401572252394874e-06
3.190000000000000000e+02 3.439755872127716150e-06
