0.000000000000000000e+00 1.025983421253412855e-03
1.000000000000000000e+00 3.080106444482852640e-04
2.000000000000000000e+00 2.886210168761324632e-04
3.000000000000000000e+00 2.711318479245478801e-04
4.000000000000000000e+00 2.243092698319741304e-04
5.000000000000000000e+00 1.494792102294595696e-04
6.000000000000000000e+00 1.150013295952843120e-04
7.000000000000000000e+00 1.105598159955586355e-04
8.000000000000000000e+00 1.132367817990800754e-04
9.000000000000000000e+00 1.144731490166396717e-04
1.000000000000000000e+01 1.059472845674369368e-04
1.100000000000000000e+01 1.115326616588860760e-04
1.200000000000000000e+01 1.170940238563646519e-04
1.300000000000000000e+01 1.100763694377836227e-04
1.400000000000000000e+01 1.073976961342128439e-04
1.500000000000000000e+01 1.052316453629717041e-04
1.600000000000000000e+01 1.032334803651401407e-04
1.700000000000000000e+01 1.023526632386911390e-04
1.800000000000000000e+01 1.034069784625946174e-04
1.900000000000000000e+01 1.037544880026353004e-04
2.000000000000000000e+01 1.021989653777783676e-04
2.100000000000000000e+01 1.070504664431578613e-04
2.200000000000000000e+01 9.955132446739144104e-05
2.300000000000000000e+01 1.008955184305426923e-04
2.400000000000000000e+01 9.992835557266397349e-05
2.500000000000000000e+01 9.598894263645526431e-05
2.600000000000000000e+01 9.136490995594168021e-05
2.700000000000000000e+01 9.987181387647686660e-05
2.800000000000000000e+01 8.127085589198281565e-05
2.900000000000000000e+01 7.563085075330903398e-05
3.000000000000000000e+01 5.797069569009774916e-05
3.100000000000000000e+01 4.028879727470866635e-05
3.200000000000000000e+01 2.508757459113135363e-05
3.300000000000000000e+01 1.220161361945302684e-05
3.400000000000000000e+01 7.623848485020406905e-06
3.500000000000000000e+01 6.439245078362059520e-06
3.600000000000000000e+01 4.081847628109685695e-06
3.700000000000000000e+01 3.718528112701572793e-06
3.800000000000000000e+01 3.349434106345586810e-06
3.900000000000000000e+01 2.953792218626562904e-06
4.000000000000000000e+01 2.691936438378640085e-06
4.100000000000000000e+01 3.043439756065209422e-06
4.200000000000000000e+01 2.597931533515601315e-06
4.300000000000000000e+01 2.823111426443963707e-06
4.400000000000000000e+01 2.808984384200332840e-06
4.500000000000000000e+01 2.109738014015429486e-06
4.600000000000000000e+01 2.801745879302916225e-06
4.700000000000000000e+01 2.351288430118809502e-06
4.800000000000000000e+01 1.972649023923172343e-06
4.900000000000000000e+01 1.854221883744298695e-06
5.000000000000000000e+01 1.850853020939220178e-06
5.100000000000000000e+01 1.746685528065864180e-06
5.200000000000000000e+01 1.989271806512394540e-06
5.300000000000000000e+01 1.987355834824634754e-06
5.400000000000000000e+01 1.656617893680475089e-06
5.500000000000000000e+01 1.618422433381677487e-06
5.600000000000000000e+01 1.517235631890184014e-06
5.700000000000000000e+01 1.587255257319858104e-06
5.800000000000000000e+01 1.526229747424473102e-06
5.900000000000000000e+01 1.468105734158732510e-06
6.000000000000000000e+01 1.270902389864037837e-06
6.100000000000000000e+01 1.461418995973407801e-06
6.200000000000000000e+01 1.575658181314634023e-06
6.300000000000000000e+01 1.195276069095276093e-06
6.400000000000000000e+01 1.248732393202391201e-06
6.500000000000000000e+01 1.286710325462808611e-06
6.600000000000000000e+01 1.845886117784864028e-06
6.700000000000000000e+01 1.330294137174469101e-06
6.800000000000000000e+01 1.300920415563235989e-06
6.900000000000000000e+01 1.227842561037066838e-06
7.000000000000000000e+01 1.002090140882376165e-06
7.100000000000000000e+01 9.304448789193122527e-07
7.200000000000000000e+01 9.021598818955428069e-07
7.300000000000000000e+01 1.279255038850347739e-06
7.400000000000000000e+01 9.702319289410970469e-07
7.500000000000000000e+01 8.371469927599694971e-07
7.600000000000000000e+01 7.139227352623707298e-07
7.700000000000000000e+01 8.256675762313832517e-07
7.800000000000000000e+01 7.400191340851906169e-07
7.900000000000000000e+01 6.476682587007460254e-07
8.000000000000000000e+01 7.308329846749093525e-07
8.100000000000000000e+01 6.416832045680684578e-07
8.200000000000000000e+01 6.743050962358346250e-07
8.300000000000000000e+01 7.099492143122974300e-07
8.400000000000000000e+01 6.660009928844636045e-07
8.500000000000000000e+01 5.814353340710001136e-07
8.600000000000000000e+01 5.201452047328374232e-07
8.700000000000000000e+01 5.849846396768029170e-07
8.800000000000000000e+01 5.273971959680751336e-07
8.900000000000000000e+01 5.309675894105535194e-07
9.000000000000000000e+01 4.066809638509073143e-07
9.100000000000000000e+01 4.903745088590007393e-07
9.200000000000000000e+01 4.350384174362045357e-07
9.300000000000000000e+01 4.311851244913778740e-07
9.400000000000000000e+01 4.087811226579196916e-07
9.500000000000000000e+01 3.497303015339912510e-07
9.600000000000000000e+01 2.875960615821226116e-07
9.700000000000000000e+01 4.491720437094072895e-07
9.800000000000000000e+01 3.088138114289348153e-07
9.900000000000000000e+01 2.916915091669984297e-07
1.000000000000000000e+02 3.573935886723242938e-07
1.010000000000000000e+02 3.311752643613012724e-07
1.020000000000000000e+02 2.765099735888896382e-07
1.030000000000000000e+02 2.327587620902141541e-07
1.040000000000000000e+02 3.957118202034146700e-07
1.050000000000000000e+02 4.119606356932824035e-07
1.060000000000000000e+02 1.876671917837338709e-07
1.070000000000000000e+02 4.235862351221644360e-07
1.080000000000000000e+02 2.201275322216080328e-07
1.090000000000000000e+02 1.872210555848585356e-07
1.100000000000000000e+02 1.771027550510327084e-07
1.110000000000000000e+02 1.798260458787455592e-07
1.120000000000000000e+02 1.867229274384800224e-07
1.130000000000000000e+02 2.332323383242512685e-07
1.140000000000000000e+02 3.138750671210945314e-07
1.150000000000000000e+02 1.599995146870035823e-07
1.160000000000000000e+02 1.680306455152314412e-07
1.170000000000000000e+02 1.986383775812536749e-07
1.180000000000000000e+02 1.635991305966176121e-07
1.190000000000000000e+02 1.172265030574713230e-07
1.200000000000000000e+02 1.704163177023962951e-07
1.210000000000000000e+02 2.188044853991625997e-07
1.220000000000000000e+02 1.472315946900081935e-07
1.230000000000000000e+02 1.446544575189058661e-07
1.240000000000000000e+02 1.763395008256237550e-07
1.250000000000000000e+02 1.377226955947209175e-07
1.260000000000000000e+02 1.977145038646115984e-07
1.270000000000000000e+02 1.458459465855576985e-07
1.280000000000000000e+02 1.151095150865617022e-07
1.290000000000000000e+02 2.152296003443967742e-07
1.300000000000000000e+02 1.121785361976461906e-07
1.310000000000000000e+02 8.537847567711287168e-08
1.320000000000000000e+02 1.268623072773799868e-07
1.330000000000000000e+02 9.234128273414933956e-08
1.340000000000000000e+02 9.626778023602442863e-08
1.350000000000000000e+02 8.648008940158178392e-08
1.360000000000000000e+02 6.789030120137825942e-08
1.370000000000000000e+02 9.606879078727535920e-08
1.380000000000000000e+02 7.844150764481290385e-08
1.390000000000000000e+02 7.399603004382065325e-08
1.400000000000000000e+02 7.845457398869487619e-08
1.410000000000000000e+02 9.570781370930727839e-08
1.420000000000000000e+02 1.872800857734527411e-07
1.430000000000000000e+02 7.072379719967972898e-08
1.440000000000000000e+02 8.786603444364179616e-08
1.450000000000000000e+02 2.394976613867692522e-07
1.460000000000000000e+02 2.342672248628316018e-07
1.470000000000000000e+02 9.468102848953184745e-08
1.480000000000000000e+02 6.464009389330243466e-08
1.490000000000000000e+02 5.948395660111919642e-08
1.500000000000000000e+02 5.838820647257588668e-08
1.510000000000000000e+02 6.121845412994986755e-08
1.520000000000000000e+02 5.285035022581707047e-08
1.530000000000000000e+02 6.294785943958457645e-08
1.540000000000000000e+02 5.892298615957926005e-08
1.550000000000000000e+02 1.361453413204523091e-07
1.560000000000000000e+02 1.256286683303578640e-07
1.570000000000000000e+02 9.206941034065430470e-08
1.580000000000000000e+02 6.478414070716784738e-08
1.590000000000000000e+02 4.222684087211418854e-08
1.600000000000000000e+02 5.600953571740143411e-08
1.610000000000000000e+02 8.989092700631864801e-08
1.620000000000000000e+02 6.453745772031494649e-08
1.630000000000000000e+02 8.958924500512113248e-08
1.640000000000000000e+02 4.189005388849732785e-08
1.650000000000000000e+02 6.781141008132678568e-08
1.660000000000000000e+02 5.593088993981040558e-08
1.670000000000000000e+02 3.127125523209586957e-08
1.680000000000000000e+02 6.508090713149841641e-08
1.690000000000000000e+02 4.798369666490387374e-08
1.700000000000000000e+02 8.895583251162999446e-08
1.710000000000000000e+02 6.566435372344026053e-08
1.720000000000000000e+02 1.716557221233872723e-07
1.730000000000000000e+02 1.549308488217354652e-07
1.740000000000000000e+02 6.035160510396651125e-08
1.750000000000000000e+02 3.363232202067483321e-08
1.760000000000000000e+02 9.022885316567672251e-08
1.770000000000000000e+02 7.152913319911321035e-08
1.780000000000000000e+02 7.936761473422068129e-08
1.790000000000000000e+02 1.546377669886954850e-07
1.800000000000000000e+02 4.087290315846717578e-08
1.810000000000000000e+02 4.310742007969701073e-08
1.820000000000000000e+02 7.685253081517890587e-08
1.830000000000000000e+02 4.114683776289897988e-08
1.840000000000000000e+02 3.808569490659268712e-08
1.850000000000000000e+02 2.012165156297814193e-07
1.860000000000000000e+02 6.199400883115321860e-08
1.870000000000000000e+02 6.320524612274573626e-08
1.880000000000000000e+02 5.016873879993685657e-08
1.890000000000000000e+02 4.694147608366914306e-08
1.900000000000000000e+02 6.489717715162217539e-08
1.910000000000000000e+02 3.644114071582465206e-08
1.920000000000000000e+02 1.106182496430933489e-07
1.930000000000000000e+02 1.636189352670830210e-07
1.940000000000000000e+02 2.018394651592828427e-08
1.950000000000000000e+02 3.422271642998815963e-08
1.960000000000000000e+02 6.017563955462832937e-08
1.970000000000000000e+02 5.701809378108114347e-08
1.980000000000000000e+02 8.902506846455293023e-08
1.990000000000000000e+02 2.708815196428210581e-08
2.000000000000000000e+02 3.252940241723775133e-08
2.010000000000000000e+02 3.308861884964422743e-08
2.020000000000000000e+02 3.635053882046222253e-08
2.030000000000000000e+02 2.367311938349998808e-08
2.040000000000000000e+02 1.784550958159541630e-07
2.050000000000000000e+02 4.120384855887462237e-07
2.060000000000000000e+02 2.781410229102438358e-08
2.070000000000000000e+02 3.999523009671616314e-08
2.080000000000000000e+02 6.520183169727279685e-08
2.090000000000000000e+02 3.131016117460129907e-08
2.100000000000000000e+02 2.517354455697275590e-08
2.110000000000000000e+02 2.935655776919746564e-08
2.120000000000000000e+02 9.444055874001216391e-08
2.130000000000000000e+02 8.249928273565778310e-08
2.140000000000000000e+02 3.595166361929592196e-08
2.150000000000000000e+02 4.252693078248586536e-08
2.160000000000000000e+02 2.433775310074013639e-08
2.170000000000000000e+02 5.559391465153643982e-08
2.180000000000000000e+02 9.723560382608296421e-08
2.190000000000000000e+02 1.891490456720599812e-08
2.200000000000000000e+02 1.192038015401773083e-07
2.210000000000000000e+02 1.652367908466578888e-07
2.220000000000000000e+02 2.460642799391336241e-07
2.230000000000000000e+02 2.284071392422915475e-08
2.240000000000000000e+02 2.240574486372645130e-08
2.250000000000000000e+02 2.054252733072386419e-08
2.260000000000000000e+02 2.166538681617222469e-08
2.270000000000000000e+02 5.589804466903132535e-08
2.280000000000000000e+02 5.503786692999663801e-08
2.290000000000000000e+02 2.803910452486631550e-08
2.300000000000000000e+02 3.170424033844037285e-08
2.310000000000000000e+02 1.632303443769377517e-07
2.320000000000000000e+02 3.591961374578864665e-08
2.330000000000000000e+02 4.337123178641325684e-08
2.340000000000000000e+02 1.620724065614723466e-08
2.350000000000000000e+02 2.820323514301961389e-08
2.360000000000000000e+02 8.202826395597353341e-08
2.370000000000000000e+02 4.778093009161135169e-08
2.380000000000000000e+02 7.891666216835179120e-08
2.390000000000000000e+02 1.272396504635356776e-08
2.400000000000000000e+02 3.830731554562004293e-08
2.410000000000000000e+02 9.184665842372564311e-08
2.420000000000000000e+02 2.449399741009342790e-07
2.430000000000000000e+02 2.406723251261181902e-07
2.440000000000000000e+02 1.888143728021567367e-08
2.450000000000000000e+02 1.807503181556527093e-08
2.460000000000000000e+02 2.738819276771794853e-08
2.470000000000000000e+02 1.823567929234309081e-08
2.480000000000000000e+02 1.231116276745210964e-08
2.490000000000000000e+02 1.302852197142230138e-08
2.500000000000000000e+02 4.689170882793007807e-08
2.510000000000000000e+02 3.808348781345775635e-08
2.520000000000000000e+02 2.082599310716325188e-08
2.530000000000000000e+02 2.928625415403171382e-08
2.540000000000000000e+02 3.553452468490403911e-08
2.550000000000000000e+02 1.388859673933556319e-08
2.560000000000000000e+02 9.089165354429526167e-08
2.570000000000000000e+02 1.670019307053808081e-08
2.580000000000000000e+02 2.476591209668841053e-08
2.590000000000000000e+02 1.720066758264189896e-08
2.600000000000000000e+02 1.761212954706523259e-08
2.610000000000000000e+02 1.412088817095813400e-08
2.620000000000000000e+02 1.989620283951451720e-08
2.630000000000000000e+02 2.600577411073360864e-08
2.640000000000000000e+02 3.736217502174905341e-08
2.650000000000000000e+02 1.333212201584542786e-08
2.660000000000000000e+02 2.386802325021872113e-07
2.670000000000000000e+02 5.188952871711926353e-07
2.680000000000000000e+02 1.879998834094298013e-07
2.690000000000000000e+02 2.999695800883481210e-08
2.700000000000000000e+02 1.620368352890842127e-08
2.710000000000000000e+02 1.361712319973307709e-08
2.720000000000000000e+02 9.999261616699148424e-09
2.730000000000000000e+02 1.679788813468361856e-08
2.740000000000000000e+02 2.615962574351135669e-08
2.750000000000000000e+02 9.749412334388234902e-09
2.760000000000000000e+02 1.191459285243506544e-08
2.770000000000000000e+02 1.106004424334484177e-08
2.780000000000000000e+02 1.101047705904908097e-08
2.790000000000000000e+02 1.120734808340989274e-08
2.800000000000000000e+02 1.787586668539128190e-08
2.810000000000000000e+02 1.276099162049642374e-08
2.820000000000000000e+02 9.722555542922247499e-09
2.830000000000000000e+02 1.124823549469737671e-08
2.840000000000000000e+02 2.296206517683083153e-08
2.850000000000000000e+02 3.059777514151811387e-08
2.860000000000000000e+02 2.288190888124858158e-08
2.870000000000000000e+02 1.938379056511800151e-08
2.880000000000000000e+02 1.712391528206093023e-08
2.890000000000000000e+02 1.314804817686331836e-08
2.900000000000000000e+02 7.001704354799756850e-08
2.910000000000000000e+02 1.205196874344038672e-08
2.920000000000000000e+02 1.378735589319741117e-08
2.930000000000000000e+02 1.435304047314205189e-08
2.940000000000000000e+02 1.260943719249404667e-08
2.950000000000000000e+02 1.193794599635466972e-08
2.960000000000000000e+02 5.372640425554131415e-08
2.970000000000000000e+02 1.867765344121744469e-07
2.980000000000000000e+02 9.838368764389798780e-08
2.990000000000000000e+02 2.020821629235279381e-08
3.000000000000000000e+02 8.606254369145704365e-09
3.010000000000000000e+02 8.192331163983209013e-09
3.020000000000000000e+02 9.363295059428384733e-09
3.030000000000000000e+02 1.163043771503771950e-08
3.040000000000000000e+02 7.742543028157294379e-09
3.050000000000000000e+02 1.026106287498048000e-08
3.060000000000000000e+02 8.338714867600923132e-09
3.070000000000000000e+02 1.211618870868352174e-08
3.080000000000000000e+02 2.069059261192869778e-08
3.090000000000000000e+02 4.611305753438476071e-08
3.100000000000000000e+02 5.910665256596806203e-08
3.110000000000000000e+02 7.191370731390307863e-08
3.120000000000000000e+02 6.407744479279051363e-08
3.130000000000000000e+02 3.044381182473508994e-08
3.140000000000000000e+02 4.826553937885721619e-08
3.150000000000000000e+02 3.741556699836107722e-08
3.160000000000000000e+02 1.015082778566509638e-08
3.170000000000000000e+02 8.466807762856083837e-09
3.180000000000000000e+02 7.741914107285948967e-09
3.190000000000000000e+02 7.937233550022688939e-09
3.200000000000000000e+02 7.698705148975155777e-09
3.210000000000000000e+02 1.043623754221607367e-08
3.220000000000000000e+02 7.703429621779029445e-09
3.230000000000000000e+02 5.324539526899216853e-08
3.240000000000000000e+02 4.355421476746921833e-07
3.250000000000000000e+02 1.325873081053876079e-08
3.260000000000000000e+02 9.933586023905208877e-09
3.270000000000000000e+02 9.649568397544459872e-09
3.280000000000000000e+02 6.822946777345397115e-09
3.290000000000000000e+02 1.690777524452673473e-08
3.300000000000000000e+02 8.355813063626913499e-09
3.310000000000000000e+02 7.175195178251630764e-09
3.320000000000000000e+02 6.234993711075127564e-09
3.330000000000000000e+02 1.419364366124624931e-08
3.340000000000000000e+02 1.423127025351494797e-08
3.350000000000000000e+02 1.119733735361080727e-08
3.360000000000000000e+02 7.165701219680186989e-09
3.370000000000000000e+02 9.308474289010609782e-09
3.380000000000000000e+02 7.701712049911648945e-09
3.390000000000000000e+02 7.863728850681149053e-09
3.400000000000000000e+02 9.863968917469083291e-09
3.410000000000000000e+02 7.150418417377872405e-09
3.420000000000000000e+02 8.293974733206477373e-09
3.430000000000000000e+02 5.684557058268741787e-09
3.440000000000000000e+02 9.764376508958920105e-09
3.450000000000000000e+02 2.220043616820519592e-08
3.460000000000000000e+02 1.466039919492648452e-08
3.470000000000000000e+02 8.356122953529563955e-09
3.480000000000000000e+02 4.172761294906900131e-08
3.490000000000000000e+02 4.817651481359929865e-08
3.500000000000000000e+02 2.730601220635080857e-08
3.510000000000000000e+02 1.178980440501370932e-08
3.520000000000000000e+02 1.574083798914725779e-08
3.530000000000000000e+02 1.978010462760817801e-08
3.540000000000000000e+02 3.794990062767320540e-08
3.550000000000000000e+02 3.462431050271102913e-08
3.560000000000000000e+02 2.042839644107458636e-08
3.570000000000000000e+02 8.134697139775746497e-09
3.580000000000000000e+02 1.828150082220587948e-08
3.590000000000000000e+02 2.556524293854663371e-08
3.600000000000000000e+02 2.340754979751855973e-08
3.610000000000000000e+02 5.713061344475181087e-08
3.620000000000000000e+02 2.076291128343664647e-08
3.630000000000000000e+02 5.579413406558496823e-09
3.640000000000000000e+02 1.310223841258630941e-08
3.650000000000000000e+02 1.575114556636740538e-08
3.660000000000000000e+02 1.058209225443256198e-08
3.670000000000000000e+02 1.624522872262722720e-08
3.680000000000000000e+02 4.426842729630147230e-08
3.690000000000000000e+02 4.021554228637188072e-08
3.700000000000000000e+02 1.060749825580449953e-08
3.710000000000000000e+02 6.042217196018378719e-09
3.720000000000000000e+02 5.173329831185327307e-09
3.730000000000000000e+02 6.894027072626405566e-09
3.740000000000000000e+02 1.149065758168592362e-08
3.750000000000000000e+02 6.079926233333664914e-09
3.760000000000000000e+02 8.835563045129867623e-09
3.770000000000000000e+02 6.062250891248443704e-09
3.780000000000000000e+02 6.336650072868404836e-09
3.790000000000000000e+02 7.644525732664953083e-09
3.800000000000000000e+02 1.191619376855750622e-08
3.810000000000000000e+02 3.416205184068843042e-08
3.820000000000000000e+02 3.231825223601203218e-08
3.830000000000000000e+02 3.866699619666248524e-08
3.840000000000000000e+02 3.192103067169900130e-08
3.850000000000000000e+02 7.819616631386496580e-09
3.860000000000000000e+02 1.209326905334373541e-08
3.870000000000000000e+02 5.077410569390040740e-09
3.880000000000000000e+02 8.662444832553644618e-09
3.890000000000000000e+02 7.368571121508621873e-09
3.900000000000000000e+02 7.225172356358644597e-09
3.910000000000000000e+02 2.494894339915196361e-08
3.920000000000000000e+02 1.117498115682204034e-08
3.930000000000000000e+02 9.523148158636593158e-09
3.940000000000000000e+02 2.291231741299279940e-08
3.950000000000000000e+02 4.899081885542667316e-08
3.960000000000000000e+02 1.431085195227473000e-08
3.970000000000000000e+02 5.790208902969406827e-09
3.980000000000000000e+02 4.724908212727274513e-09
3.990000000000000000e+02 4.783795168401952977e-09
4.000000000000000000e+02 4.361493824540496186e-09
4.010000000000000000e+02 6.499308250763341116e-09
4.020000000000000000e+02 1.924992892328206622e-08
4.030000000000000000e+02 9.350851819122880081e-09
4.040000000000000000e+02 1.460286175768353172e-08
4.050000000000000000e+02 7.251144585166139948e-09
4.060000000000000000e+02 7.956746333242984173e-09
4.070000000000000000e+02 1.808801966019078579e-08
4.080000000000000000e+02 4.206393851477530251e-09
4.090000000000000000e+02 5.525011220370301243e-09
4.100000000000000000e+02 5.464868907004692017e-09
4.110000000000000000e+02 9.612943359272986589e-09
4.120000000000000000e+02 4.242953356604965586e-09
4.130000000000000000e+02 9.017287078531383641e-09
4.140000000000000000e+02 9.589815561854267566e-09
4.150000000000000000e+02 4.779113695631863491e-09
4.160000000000000000e+02 6.929545438610903062e-09
4.170000000000000000e+02 7.311270122208419869e-09
4.180000000000000000e+02 8.341349019061696735e-08
4.190000000000000000e+02 6.815172666575230989e-09
4.200000000000000000e+02 1.393153363466549553e-08
4.210000000000000000e+02 4.444529539801790334e-09
4.220000000000000000e+02 3.885512394123589914e-09
4.230000000000000000e+02 4.239412067953786219e-09
4.240000000000000000e+02 5.791301058640191396e-09
4.250000000000000000e+02 6.303856108106136927e-09
4.260000000000000000e+02 3.020462401204687057e-08
4.270000000000000000e+02 8.436818303441339050e-09
4.280000000000000000e+02 8.464354699518122093e-09
4.290000000000000000e+02 1.118511285118787369e-08
4.300000000000000000e+02 6.617671958445706540e-09
4.310000000000000000e+02 4.458752770261433605e-09
4.320000000000000000e+02 1.016897488934971068e-08
4.330000000000000000e+02 1.133115560722961049e-08
4.340000000000000000e+02 6.169881194958934046e-09
4.350000000000000000e+02 7.005424945708742818e-09
4.360000000000000000e+02 1.667176740918427300e-08
4.370000000000000000e+02 9.269016550138702933e-09
4.380000000000000000e+02 2.040479003934246584e-08
4.390000000000000000e+02 9.699355579706940716e-09
4.400000000000000000e+02 4.372641020197975653e-09
4.410000000000000000e+02 5.324419079776033549e-09
4.420000000000000000e+02 3.802737563350722473e-09
4.430000000000000000e+02 3.991693358139297715e-09
4.440000000000000000e+02 4.647884630041456254e-09
4.450000000000000000e+02 7.103630626140718044e-09
4.460000000000000000e+02 2.189241293108221747e-08
4.470000000000000000e+02 6.959292954029082172e-09
4.480000000000000000e+02 3.113255705109447592e-08
4.490000000000000000e+02 1.959208998121388778e-08
4.500000000000000000e+02 1.057658425479682865e-08
4.510000000000000000e+02 5.054797394597784704e-09
4.520000000000000000e+02 5.873063061697123947e-09
4.530000000000000000e+02 4.326764971650098422e-09
4.540000000000000000e+02 3.757845815395527033e-09
4.550000000000000000e+02 3.980163257434230166e-09
4.560000000000000000e+02 3.976447906427238862e-09
4.570000000000000000e+02 4.682937251911785947e-09
4.580000000000000000e+02 6.884418495647183743e-09
4.590000000000000000e+02 2.155135251253817584e-08
4.600000000000000000e+02 1.199514723587020235e-08
4.610000000000000000e+02 3.238314342955016769e-09
4.620000000000000000e+02 5.307722065315236821e-09
4.630000000000000000e+02 5.730749696328641355e-09
4.640000000000000000e+02 3.466623017778060918e-09
4.650000000000000000e+02 5.052308894422587027e-09
4.660000000000000000e+02 3.868946882583257468e-09
4.670000000000000000e+02 4.375324753098652911e-09
4.680000000000000000e+02 7.665377321768343722e-09
4.690000000000000000e+02 6.063318761499882727e-09
4.700000000000000000e+02 7.633091987026427278e-09
4.710000000000000000e+02 1.425491339136860336e-08
4.720000000000000000e+02 6.059375864964358754e-09
4.730000000000000000e+02 8.546370701502174824e-09
4.740000000000000000e+02 5.453619104365369329e-09
4.750000000000000000e+02 5.455884400162392655e-09
4.760000000000000000e+02 3.388262620283039006e-09
4.770000000000000000e+02 4.821402109758332161e-09
4.780000000000000000e+02 3.193900725849120882e-09
4.790000000000000000e+02 5.736320715735166984e-09
4.800000000000000000e+02 8.925929437101671626e-09
4.810000000000000000e+02 3.643463151788797432e-08
4.820000000000000000e+02 2.120367182809993794e-08
4.830000000000000000e+02 6.097220235178201251e-09
4.840000000000000000e+02 2.955117994932849363e-09
4.850000000000000000e+02 3.701109140922868191e-09
4.860000000000000000e+02 3.992580826078869064e-09
4.870000000000000000e+02 5.699848727400177794e-09
4.880000000000000000e+02 5.464589316995894169e-09
4.890000000000000000e+02 3.170909129066834612e-09
4.900000000000000000e+02 2.898619680228381555e-09
4.910000000000000000e+02 5.134420766002521121e-09
4.920000000000000000e+02 4.430071419619543140e-09
4.930000000000000000e+02 2.386046508274591002e-09
4.940000000000000000e+02 5.347312178197774870e-09
4.950000000000000000e+02 4.507395928419035577e-09
4.960000000000000000e+02 2.720037080050296580e-09
4.970000000000000000e+02 1.556683427040718162e-08
4.980000000000000000e+02 3.330792971727535306e-09
4.990000000000000000e+02 7.069253763751974589e-09
5.000000000000000000e+02 5.379053583868253653e-09
5.010000000000000000e+02 1.213105848059542149e-08
5.020000000000000000e+02 7.565581385476599666e-09
5.030000000000000000e+02 8.043513177650317132e-09
5.040000000000000000e+02 2.649378848035433897e-09
5.050000000000000000e+02 2.640355333547706768e-09
5.060000000000000000e+02 3.861764304369315478e-09
5.070000000000000000e+02 2.312248077022468550e-09
5.080000000000000000e+02 3.091251849027078664e-09
5.090000000000000000e+02 2.455465570519953237e-09
5.100000000000000000e+02 3.734474142850545935e-09
5.110000000000000000e+02 6.881462304511640596e-09
5.120000000000000000e+02 4.621476366443529315e-09
5.130000000000000000e+02 1.305187787656104404e-08
5.140000000000000000e+02 8.021458472577166126e-09
5.150000000000000000e+02 2.750738234707716611e-09
5.160000000000000000e+02 2.713709183287971174e-09
5.170000000000000000e+02 4.534365562660962274e-09
5.180000000000000000e+02 5.810572792669952431e-09
5.190000000000000000e+02 2.967940255081227470e-09
5.200000000000000000e+02 3.025435299923499027e-09
5.210000000000000000e+02 4.253094480829141800e-09
5.220000000000000000e+02 2.890701471615068170e-09
5.230000000000000000e+02 3.172101275661423781e-09
5.240000000000000000e+02 7.823079028931431394e-09
5.250000000000000000e+02 4.775844839884281128e-09
5.260000000000000000e+02 2.860442228052434170e-09
5.270000000000000000e+02 3.338551018198737505e-09
5.280000000000000000e+02 2.552730035833993669e-09
5.290000000000000000e+02 5.460691974295887214e-09
5.300000000000000000e+02 2.768320541070072828e-09
5.310000000000000000e+02 2.769006904986986279e-09
5.320000000000000000e+02 1.001057338352501804e-08
5.330000000000000000e+02 2.300721593005215141e-09
5.340000000000000000e+02 3.089177893354601802e-09
5.350000000000000000e+02 2.517196526308735885e-09
5.360000000000000000e+02 3.302193174034817048e-09
5.370000000000000000e+02 4.307729371024007265e-09
5.380000000000000000e+02 3.016144517023542521e-09
5.390000000000000000e+02 2.088567598849369037e-09
5.400000000000000000e+02 2.213914680874851467e-09
5.410000000000000000e+02 2.541869113940908052e-09
5.420000000000000000e+02 2.509914451190473212e-09
5.430000000000000000e+02 1.083107440224579047e-08
5.440000000000000000e+02 3.269421627306231668e-08
5.450000000000000000e+02 2.405166686290378570e-08
5.460000000000000000e+02 4.690403857040793293e-09
5.470000000000000000e+02 3.302305637635056673e-09
5.480000000000000000e+02 2.612945710824867274e-09
5.490000000000000000e+02 2.412220976723107865e-09
5.500000000000000000e+02 2.165208325789327686e-09
5.510000000000000000e+02 1.701388394301383975e-09
5.520000000000000000e+02 2.246057309778146652e-09
5.530000000000000000e+02 2.143575970923111429e-09
5.540000000000000000e+02 4.284146502129949605e-09
5.550000000000000000e+02 2.290097552451993939e-09
5.560000000000000000e+02 1.936423719481605751e-09
5.570000000000000000e+02 1.733110964318898742e-09
5.580000000000000000e+02 4.401723335254784081e-09
5.590000000000000000e+02 2.972351308322106543e-09
5.600000000000000000e+02 2.340364674522765810e-09
5.610000000000000000e+02 1.717230984351453402e-09
5.620000000000000000e+02 1.655514519729196037e-09
5.630000000000000000e+02 2.536957000044287012e-09
5.640000000000000000e+02 4.606982168662793984e-09
5.650000000000000000e+02 2.431904625619935963e-09
5.660000000000000000e+02 3.904322181029887228e-09
5.670000000000000000e+02 2.149260734199932865e-09
5.680000000000000000e+02 2.260513792364531982e-09
5.690000000000000000e+02 1.987107540912273487e-09
5.700000000000000000e+02 2.127175321153881724e-09
5.710000000000000000e+02 2.039894800810789981e-09
5.720000000000000000e+02 2.282357261490235109e-09
5.730000000000000000e+02 2.265052311136562604e-09
5.740000000000000000e+02 2.384124358881482465e-09
5.750000000000000000e+02 4.414533917877118035e-09
5.760000000000000000e+02 1.514123504814190770e-09
5.770000000000000000e+02 2.649129410986363239e-09
5.780000000000000000e+02 1.684619739344522643e-09
5.790000000000000000e+02 3.135229991760014001e-09
5.800000000000000000e+02 3.023008488986029578e-09
5.810000000000000000e+02 2.747818581546261965e-09
5.820000000000000000e+02 3.811738587997337873e-09
5.830000000000000000e+02 1.686775606636467246e-09
5.840000000000000000e+02 1.999285523305831794e-09
5.850000000000000000e+02 1.966541612260643721e-09
5.860000000000000000e+02 1.856276220191741954e-09
5.870000000000000000e+02 2.195246544551995318e-09
5.880000000000000000e+02 3.267230003974196385e-09
5.890000000000000000e+02 1.800721532231337646e-09
5.900000000000000000e+02 1.694643256373474032e-09
5.910000000000000000e+02 2.704174644330060313e-09
5.920000000000000000e+02 3.387046279774100052e-09
5.930000000000000000e+02 4.228050271137024952e-09
5.940000000000000000e+02 2.191084459716749640e-09
5.950000000000000000e+02 1.165376526128477522e-08
5.960000000000000000e+02 1.423828029519266437e-08
5.970000000000000000e+02 2.875091647810925191e-09
5.980000000000000000e+02 2.331819253981406494e-09
5.990000000000000000e+02 1.484648547123891965e-09
6.000000000000000000e+02 1.351790787194078402e-09
6.010000000000000000e+02 3.541209417539851863e-09
6.020000000000000000e+02 4.243986747859633501e-09
6.030000000000000000e+02 2.512787021863836367e-09
6.040000000000000000e+02 3.361342144011854008e-09
6.050000000000000000e+02 1.262930945819385337e-09
6.060000000000000000e+02 1.469110598048287292e-09
6.070000000000000000e+02 2.434130317527037192e-09
6.080000000000000000e+02 1.453190969959055596e-09
6.090000000000000000e+02 2.080130831328954274e-09
6.100000000000000000e+02 1.659152521763289601e-09
6.110000000000000000e+02 1.437811521153753348e-09
6.120000000000000000e+02 1.684624445724593022e-09
6.130000000000000000e+02 1.437636383741162150e-09
6.140000000000000000e+02 1.310160658406952086e-09
6.150000000000000000e+02 1.303325587999832080e-09
6.160000000000000000e+02 1.248938153859567932e-09
6.170000000000000000e+02 1.439510403746130439e-09
6.180000000000000000e+02 3.791198900404996271e-09
6.190000000000000000e+02 4.520143675223165883e-09
6.200000000000000000e+02 2.658106295709945724e-09
6.210000000000000000e+02 1.779766679375655079e-09
6.220000000000000000e+02 1.650637286598270524e-09
6.230000000000000000e+02 2.500811838980531429e-09
6.240000000000000000e+02 1.763996117995386508e-09
6.250000000000000000e+02 1.451720795615430805e-09
6.260000000000000000e+02 1.310869492311993434e-09
6.270000000000000000e+02 1.581146531257636216e-09
6.280000000000000000e+02 1.508929671568522064e-09
6.290000000000000000e+02 2.115675677788806084e-09
6.300000000000000000e+02 1.361607785373584308e-09
6.310000000000000000e+02 1.181035353101199227e-09
6.320000000000000000e+02 1.525896186220322536e-09
6.330000000000000000e+02 2.213066946730095016e-09
6.340000000000000000e+02 3.223382230744720111e-09
6.350000000000000000e+02 1.313096232779277953e-09
6.360000000000000000e+02 3.081189227095961467e-09
6.370000000000000000e+02 3.603087961894238458e-09
6.380000000000000000e+02 1.273621142443293114e-09
6.390000000000000000e+02 1.696021792928301480e-09
6.400000000000000000e+02 1.269742696798492062e-08
6.410000000000000000e+02 3.780352627425679114e-09
6.420000000000000000e+02 1.304844450097983665e-09
6.430000000000000000e+02 1.040045853795088998e-09
6.440000000000000000e+02 1.599558520720727255e-09
6.450000000000000000e+02 2.109209440405486817e-09
6.460000000000000000e+02 1.065179134642425548e-09
6.470000000000000000e+02 1.297963951773787650e-09
6.480000000000000000e+02 1.073754502196383239e-09
6.490000000000000000e+02 2.193305325550186267e-09
6.500000000000000000e+02 1.474509695514523603e-09
6.510000000000000000e+02 1.362716579996736039e-09
6.520000000000000000e+02 1.188025123722603156e-09
6.530000000000000000e+02 1.365178261208889039e-09
6.540000000000000000e+02 1.412856947143719370e-09
6.550000000000000000e+02 1.013144552792113707e-09
6.560000000000000000e+02 1.068572814675409768e-09
6.570000000000000000e+02 9.856949684075354048e-10
6.580000000000000000e+02 9.654520748941478170e-10
6.590000000000000000e+02 1.232965494467330866e-09
6.600000000000000000e+02 1.198109446272848177e-09
6.610000000000000000e+02 9.576648054867285624e-10
6.620000000000000000e+02 1.884767368209761916e-09
6.630000000000000000e+02 1.359076059992397021e-09
6.640000000000000000e+02 1.927761673477603123e-09
6.650000000000000000e+02 1.202687336306292855e-09
6.660000000000000000e+02 1.292446542378919238e-09
6.670000000000000000e+02 8.457177813269783247e-10
6.680000000000000000e+02 1.436785906132487410e-09
6.690000000000000000e+02 1.625362449546627905e-09
6.700000000000000000e+02 1.411047657466168479e-09
6.710000000000000000e+02 1.034814181979599828e-09
6.720000000000000000e+02 1.424893401145611313e-09
6.730000000000000000e+02 2.204066199408773328e-09
6.740000000000000000e+02 3.040955388969999407e-09
6.750000000000000000e+02 2.278608959619232399e-09
6.760000000000000000e+02 1.459899759834277942e-09
6.770000000000000000e+02 1.016541409334977560e-09
6.780000000000000000e+02 1.009540218486190987e-09
6.790000000000000000e+02 1.023372032148394742e-09
6.800000000000000000e+02 1.196423024398156231e-09
6.810000000000000000e+02 1.470783601359035900e-09
6.820000000000000000e+02 1.644017966100354123e-09
6.830000000000000000e+02 1.186883137422520378e-09
6.840000000000000000e+02 1.646540339425881490e-09
6.850000000000000000e+02 1.656638482659215715e-09
6.860000000000000000e+02 1.089343424214707131e-09
6.870000000000000000e+02 1.455666956132461731e-09
6.880000000000000000e+02 9.402593107745670091e-10
6.890000000000000000e+02 9.570915140590068600e-10
6.900000000000000000e+02 8.458616580808255508e-10
6.910000000000000000e+02 1.072940995866042184e-09
6.920000000000000000e+02 3.254591484902607677e-09
6.930000000000000000e+02 8.606379811205959842e-10
6.940000000000000000e+02 8.114130345665185526e-10
6.950000000000000000e+02 8.802291305715091365e-10
6.960000000000000000e+02 1.042433865568258232e-09
6.970000000000000000e+02 1.004404809078153414e-09
6.980000000000000000e+02 7.681619299499969087e-10
6.990000000000000000e+02 1.072593715511754746e-09
7.000000000000000000e+02 1.494804798155997618e-09
7.010000000000000000e+02 1.900786571818310316e-09
7.020000000000000000e+02 2.069384998148608162e-09
7.030000000000000000e+02 2.320132907206305705e-09
7.040000000000000000e+02 1.332110440185114708e-09
7.050000000000000000e+02 3.073448377583243145e-09
7.060000000000000000e+02 7.430357761461698372e-10
7.070000000000000000e+02 7.331452358224979094e-10
7.080000000000000000e+02 9.247394072595666693e-10
7.090000000000000000e+02 9.923521068068380741e-10
7.100000000000000000e+02 1.072791266169005891e-09
7.110000000000000000e+02 1.271047003532370524e-09
7.120000000000000000e+02 1.936519894650439983e-09
7.130000000000000000e+02 5.552843060070087437e-09
7.140000000000000000e+02 1.233348975026874240e-09
7.150000000000000000e+02 9.014012756696865640e-10
7.160000000000000000e+02 7.256350092632517249e-10
7.170000000000000000e+02 8.834148516076829556e-10
7.180000000000000000e+02 8.652245651990941055e-10
7.190000000000000000e+02 7.027119462903455339e-10
7.200000000000000000e+02 7.517931236499280299e-10
7.210000000000000000e+02 8.231592803824167402e-10
7.220000000000000000e+02 9.003883513002399535e-10
7.230000000000000000e+02 8.624490277931018494e-10
7.240000000000000000e+02 8.618247070338696204e-10
7.250000000000000000e+02 8.400373365936989473e-10
7.260000000000000000e+02 7.684582467464490615e-10
7.270000000000000000e+02 9.666651403929901943e-10
7.280000000000000000e+02 9.190555452862201413e-10
7.290000000000000000e+02 7.084946169770982352e-10
7.300000000000000000e+02 6.847594165066297670e-10
7.310000000000000000e+02 8.334200901574854592e-10
7.320000000000000000e+02 8.047180110108573238e-10
7.330000000000000000e+02 7.094345454218870114e-10
7.340000000000000000e+02 8.744661426657104479e-10
7.350000000000000000e+02 7.611148465646929284e-10
7.360000000000000000e+02 1.600047250604531947e-09
7.370000000000000000e+02 8.084736062836329700e-10
7.380000000000000000e+02 8.238203298733516962e-10
7.390000000000000000e+02 1.291464065540113183e-09
7.400000000000000000e+02 1.044693061198088215e-09
7.410000000000000000e+02 6.738175183894408535e-10
7.420000000000000000e+02 7.671283764874325751e-10
7.430000000000000000e+02 7.503432208178584822e-10
7.440000000000000000e+02 7.471158512780503168e-10
7.450000000000000000e+02 7.396976990421548675e-10
7.460000000000000000e+02 5.991013754565851414e-10
7.470000000000000000e+02 6.471190761515505455e-10
7.480000000000000000e+02 1.569517929334410626e-09
7.490000000000000000e+02 9.184908127090650918e-10
7.500000000000000000e+02 6.524895802085869074e-10
7.510000000000000000e+02 6.694267639191033404e-10
7.520000000000000000e+02 1.201045802036519505e-09
7.530000000000000000e+02 1.166181392376890449e-09
7.540000000000000000e+02 6.925971240488098974e-10
7.550000000000000000e+02 6.571544857933947027e-10
7.560000000000000000e+02 8.863621498267155781e-10
7.570000000000000000e+02 1.119935257492434999e-09
7.580000000000000000e+02 6.595602135839971462e-10
7.590000000000000000e+02 7.131707319219246583e-10
7.600000000000000000e+02 1.059913969452476969e-09
7.610000000000000000e+02 1.204602825252377797e-09
7.620000000000000000e+02 3.393848368258645222e-09
7.630000000000000000e+02 8.958469483600710322e-10
7.640000000000000000e+02 5.944389758031860166e-10
7.650000000000000000e+02 1.140355830725530676e-09
7.660000000000000000e+02 7.043330052262935922e-10
7.670000000000000000e+02 5.437637245099381286e-10
7.680000000000000000e+02 9.448447170141219569e-10
7.690000000000000000e+02 6.951607842030518962e-10
7.700000000000000000e+02 8.384958477885297064e-10
7.710000000000000000e+02 8.093644887100140362e-10
7.720000000000000000e+02 6.061718744029634345e-10
7.730000000000000000e+02 5.735227864314636563e-10
7.740000000000000000e+02 5.477414528475036630e-10
7.750000000000000000e+02 6.666684429503459468e-10
7.760000000000000000e+02 5.355137312504799662e-10
7.770000000000000000e+02 6.814651573128666324e-10
7.780000000000000000e+02 9.978805477676970290e-10
7.790000000000000000e+02 5.617150631072889960e-10
7.800000000000000000e+02 9.426045240302833745e-10
7.810000000000000000e+02 6.216584397234409312e-10
7.820000000000000000e+02 5.159483480436506979e-10
7.830000000000000000e+02 5.740768908529089777e-10
7.840000000000000000e+02 5.755260958077915538e-10
7.850000000000000000e+02 5.479833922298606685e-10
7.860000000000000000e+02 6.780794157793974688e-10
7.870000000000000000e+02 5.676564332700625115e-10
7.880000000000000000e+02 6.618635097060124102e-10
7.890000000000000000e+02 5.364313755060481105e-10
7.900000000000000000e+02 5.906246482053775914e-10
7.910000000000000000e+02 1.297740795269329835e-09
7.920000000000000000e+02 7.437363898763119985e-10
7.930000000000000000e+02 6.667605487685341917e-10
7.940000000000000000e+02 6.095597136098043674e-10
7.950000000000000000e+02 5.805496024190588918e-10
7.960000000000000000e+02 8.170786551278441143e-10
7.970000000000000000e+02 5.699790866486327805e-10
7.980000000000000000e+02 5.098666447483359481e-10
7.990000000000000000e+02 1.121143127637373030e-09
8.000000000000000000e+02 6.907628174906859356e-10
8.010000000000000000e+02 7.030386031646500790e-10
8.020000000000000000e+02 6.583914401573883190e-10
8.030000000000000000e+02 5.925184392599251416e-10
8.040000000000000000e+02 5.502475879873049135e-10
8.050000000000000000e+02 5.242831366038880905e-10
8.060000000000000000e+02 6.002753431125291082e-10
8.070000000000000000e+02 5.051077231336846252e-10
8.080000000000000000e+02 7.412282417548212257e-10
8.090000000000000000e+02 5.987181527624537241e-10
8.100000000000000000e+02 6.687045285122949819e-10
8.110000000000000000e+02 9.125044133942796042e-10
8.120000000000000000e+02 7.285746160405799556e-10
8.130000000000000000e+02 8.162304228321159661e-10
8.140000000000000000e+02 5.492633588499044126e-10
8.150000000000000000e+02 4.930143850348489417e-10
8.160000000000000000e+02 6.200324580468287501e-10
8.170000000000000000e+02 4.879239230148521602e-10
8.180000000000000000e+02 5.433768830495913702e-10
8.190000000000000000e+02 5.207086758057798427e-10
8.200000000000000000e+02 5.961717216505628430e-10
8.210000000000000000e+02 6.569339865545946546e-10
8.220000000000000000e+02 5.232248204800982585e-10
8.230000000000000000e+02 4.467428520571501849e-10
8.240000000000000000e+02 4.997239014335655328e-10
8.250000000000000000e+02 5.499612916364580267e-10
8.260000000000000000e+02 8.740670428150030642e-10
8.270000000000000000e+02 6.857842610187485462e-10
8.280000000000000000e+02 5.100791216036051840e-10
8.290000000000000000e+02 4.908544857346433367e-10
8.300000000000000000e+02 4.725428747633208691e-10
8.310000000000000000e+02 7.579572589552361777e-10
8.320000000000000000e+02 5.336259106092850325e-10
8.330000000000000000e+02 5.119568195946279997e-10
8.340000000000000000e+02 5.548401537844291248e-10
8.350000000000000000e+02 5.367403597245591962e-10
8.360000000000000000e+02 4.736988258063718148e-10
8.370000000000000000e+02 8.477720087254966758e-10
8.380000000000000000e+02 5.087102766797627824e-10
8.390000000000000000e+02 6.352371481713723875e-10
8.400000000000000000e+02 9.274926540078585918e-10
8.410000000000000000e+02 5.529238996035726489e-10
8.420000000000000000e+02 4.121230386992183859e-10
8.430000000000000000e+02 5.451576792185032410e-10
8.440000000000000000e+02 4.937198105006938811e-10
8.450000000000000000e+02 6.367243808975190059e-10
8.460000000000000000e+02 5.198892031871862546e-10
8.470000000000000000e+02 5.679471490793642215e-10
8.480000000000000000e+02 4.301170862068994763e-10
8.490000000000000000e+02 5.098724155963044975e-10
8.500000000000000000e+02 4.285939825596404701e-10
8.510000000000000000e+02 5.248599789066150876e-10
8.520000000000000000e+02 4.471275773857420061e-10
8.530000000000000000e+02 4.793557171616601615e-10
8.540000000000000000e+02 5.064666442803910778e-10
8.550000000000000000e+02 5.062189233453689113e-10
8.560000000000000000e+02 5.688851693260193146e-10
8.570000000000000000e+02 5.571919105407560337e-10
8.580000000000000000e+02 7.346803822299947942e-10
8.590000000000000000e+02 4.434882489126833853e-10
8.600000000000000000e+02 4.963834511579526238e-10
8.610000000000000000e+02 5.130221482600994234e-10
8.620000000000000000e+02 4.160341379322072314e-10
8.630000000000000000e+02 5.159950662968879013e-10
8.640000000000000000e+02 4.088336743855860159e-10
8.650000000000000000e+02 3.893642220029255902e-10
8.660000000000000000e+02 4.207387871946202858e-10
8.670000000000000000e+02 4.988310482185709564e-10
8.680000000000000000e+02 5.924798353577162146e-10
8.690000000000000000e+02 5.482912884987472526e-10
8.700000000000000000e+02 4.571115937323616429e-10
8.710000000000000000e+02 3.966054720923143494e-10
8.720000000000000000e+02 4.917303337132335585e-10
8.730000000000000000e+02 4.654710987832931978e-10
8.740000000000000000e+02 4.671909949727980657e-10
8.750000000000000000e+02 4.559104233130559356e-10
8.760000000000000000e+02 5.511105056766444408e-10
8.770000000000000000e+02 6.839069069266948647e-10
8.780000000000000000e+02 6.006162224208886690e-10
8.790000000000000000e+02 4.493728879962129940e-10
8.800000000000000000e+02 5.421386934226169565e-10
8.810000000000000000e+02 5.459967993072224747e-10
8.820000000000000000e+02 3.650036818754682422e-10
8.830000000000000000e+02 3.831506661439219041e-10
8.840000000000000000e+02 3.821161929285376833e-10
8.850000000000000000e+02 5.568551583303113519e-10
8.860000000000000000e+02 5.237375511859705522e-10
8.870000000000000000e+02 4.352866226902672593e-10
8.880000000000000000e+02 6.458516513897737612e-10
8.890000000000000000e+02 3.889003873853541016e-10
8.900000000000000000e+02 4.035028453510630098e-10
8.910000000000000000e+02 4.200003127384264298e-10
8.920000000000000000e+02 3.724929171978131817e-10
8.930000000000000000e+02 3.655775736499701498e-10
8.940000000000000000e+02 4.517321801506062139e-10
8.950000000000000000e+02 3.819070716700609624e-10
8.960000000000000000e+02 4.012445220346195911e-10
8.970000000000000000e+02 3.879725162844725153e-10
8.980000000000000000e+02 3.697939858239441552e-10
8.990000000000000000e+02 4.201639653419803058e-10
9.000000000000000000e+02 3.994591184653297856e-10
9.010000000000000000e+02 4.344272492179120221e-10
9.020000000000000000e+02 3.973394730796978641e-10
9.030000000000000000e+02 3.625875105371861945e-10
9.040000000000000000e+02 3.458907182056396802e-10
9.050000000000000000e+02 3.993467718375488043e-10
9.060000000000000000e+02 7.207583504788370641e-10
9.070000000000000000e+02 4.221594445604118486e-10
9.080000000000000000e+02 3.462818890203155206e-10
9.090000000000000000e+02 4.229449985055554117e-10
9.100000000000000000e+02 3.978628895850445978e-10
9.110000000000000000e+02 4.541729013203998102e-10
9.120000000000000000e+02 4.263277121585334428e-10
9.130000000000000000e+02 5.059399516700789977e-10
9.140000000000000000e+02 3.639680065542835797e-10
9.150000000000000000e+02 3.537967320536280411e-10
9.160000000000000000e+02 3.588971649325215600e-10
9.170000000000000000e+02 3.499325362861530684e-10
9.180000000000000000e+02 3.632657806936994043e-10
9.190000000000000000e+02 4.332634267060484504e-10
9.200000000000000000e+02 3.996926020080019202e-10
9.210000000000000000e+02 4.243230935658535614e-10
9.220000000000000000e+02 3.300453953731258436e-10
9.230000000000000000e+02 3.731085989461541000e-10
9.240000000000000000e+02 3.277835778535811882e-10
9.250000000000000000e+02 5.596803527472000759e-10
9.260000000000000000e+02 3.956291530549983896e-10
9.270000000000000000e+02 3.363270634194031963e-10
9.280000000000000000e+02 3.982296069464650939e-10
9.290000000000000000e+02 5.445513828882051182e-10
9.300000000000000000e+02 4.400376431155045309e-10
9.310000000000000000e+02 3.848841777728481271e-10
9.320000000000000000e+02 4.200747170506011509e-10
9.330000000000000000e+02 3.303338726431965132e-10
9.340000000000000000e+02 3.576178603708443335e-10
9.350000000000000000e+02 3.356232542366399892e-10
9.360000000000000000e+02 3.440457149845634707e-10
9.370000000000000000e+02 4.403294918662555033e-10
9.380000000000000000e+02 4.624861314632208262e-10
9.390000000000000000e+02 4.525693858995517506e-10
9.400000000000000000e+02 4.455973476894557560e-10
9.410000000000000000e+02 3.355692653472978741e-10
9.420000000000000000e+02 3.774926608421122218e-10
9.430000000000000000e+02 3.378948568173836091e-10
9.440000000000000000e+02 3.528597667315110654e-10
9.450000000000000000e+02 3.212197834057755053e-10
9.460000000000000000e+02 3.551073993026010533e-10
9.470000000000000000e+02 4.274534707666855931e-10
9.480000000000000000e+02 4.661613608198143939e-10
9.490000000000000000e+02 3.460888927608630588e-10
9.500000000000000000e+02 3.249186946826242184e-10
9.510000000000000000e+02 3.209401322183118118e-10
9.520000000000000000e+02 3.206858156778397453e-10
9.530000000000000000e+02 3.418617707421040236e-10
9.540000000000000000e+02 8.300630945665495628e-10
9.550000000000000000e+02 4.932241920601882661e-10
9.560000000000000000e+02 3.081104415533247111e-10
9.570000000000000000e+02 3.785035305171026998e-10
9.580000000000000000e+02 3.564061884610948850e-10
9.590000000000000000e+02 4.583217917507826573e-10
9.600000000000000000e+02 3.123233739320979420e-10
9.610000000000000000e+02 3.439927097000177744e-10
9.620000000000000000e+02 5.066181783654656871e-10
9.630000000000000000e+02 3.345817206006787156e-10
9.640000000000000000e+02 4.567028912596842854e-10
9.650000000000000000e+02 4.151811480151668976e-10
9.660000000000000000e+02 3.247045484626147573e-10
9.670000000000000000e+02 3.115818151908064684e-10
9.680000000000000000e+02 3.354239834788865435e-10
9.690000000000000000e+02 2.983389722798819128e-10
9.700000000000000000e+02 3.193758885224349102e-10
9.710000000000000000e+02 3.134310656678909699e-10
9.720000000000000000e+02 2.883712739376414455e-10
9.730000000000000000e+02 3.509390941484941056e-10
9.740000000000000000e+02 3.130783616635765887e-10
9.750000000000000000e+02 3.070930959138561701e-10
9.760000000000000000e+02 5.098019210705563903e-10
9.770000000000000000e+02 4.551243705170665201e-10
9.780000000000000000e+02 3.008764452699984036e-10
9.790000000000000000e+02 4.002701628067102004e-10
9.800000000000000000e+02 4.907569541409927347e-10
9.810000000000000000e+02 4.874352123154552279e-10
9.820000000000000000e+02 3.468385890247232856e-10
9.830000000000000000e+02 3.650807925093626082e-10
9.840000000000000000e+02 2.720156399816806619e-10
9.850000000000000000e+02 3.181270031153392466e-10
9.860000000000000000e+02 3.048683476262775819e-10
9.870000000000000000e+02 2.950996378313917999e-10
9.880000000000000000e+02 2.939105541126604156e-10
9.890000000000000000e+02 3.666330200969356578e-10
9.900000000000000000e+02 3.147337913994441019e-10
9.910000000000000000e+02 4.255980375600759602e-10
9.920000000000000000e+02 4.533903007837134245e-10
9.930000000000000000e+02 3.199489345078485543e-10
9.940000000000000000e+02 3.015896433316089752e-10
9.950000000000000000e+02 2.768475607151459967e-10
9.960000000000000000e+02 2.693396894030171726e-10
9.970000000000000000e+02 3.084589049800837348e-10
9.980000000000000000e+02 3.758005754122904045e-10
9.990000000000000000e+02 3.830017948964244806e-10
1.000000000000000000e+03 2.855194406867070429e-10
1.001000000000000000e+03 2.741927799268990904e-10
1.002000000000000000e+03 3.597315644380687062e-10
1.003000000000000000e+03 3.171748398800671904e-10
1.004000000000000000e+03 3.848689131541129738e-10
1.005000000000000000e+03 3.309775056403142353e-10
1.006000000000000000e+03 2.862139684063479807e-10
1.007000000000000000e+03 3.306653678993041200e-10
1.008000000000000000e+03 4.725931942425623801e-10
1.009000000000000000e+03 3.391192942393172910e-10
1.010000000000000000e+03 3.044165753298522418e-10
1.011000000000000000e+03 3.364020086674890191e-10
1.012000000000000000e+03 3.111264194355334660e-10
1.013000000000000000e+03 2.708057488330707792e-10
1.014000000000000000e+03 3.373309034481456448e-10
1.015000000000000000e+03 3.450906625720620608e-10
1.016000000000000000e+03 3.102119286023822181e-10
1.017000000000000000e+03 3.710361777711315286e-10
1.018000000000000000e+03 3.182767727230944948e-10
1.019000000000000000e+03 2.703500141992870130e-10
1.020000000000000000e+03 3.105513443069483497e-10
1.021000000000000000e+03 2.777934425398484030e-10
1.022000000000000000e+03 3.704088821172550017e-10
1.023000000000000000e+03 3.139364438896829989e-10
1.024000000000000000e+03 2.785972549149886046e-10
1.025000000000000000e+03 2.742567716035980569e-10
1.026000000000000000e+03 4.086610814588201911e-10
1.027000000000000000e+03 5.133084252168537450e-10
1.028000000000000000e+03 3.846035650685488240e-10
1.029000000000000000e+03 2.851072920667565504e-10
1.030000000000000000e+03 2.635392586998760946e-10
1.031000000000000000e+03 3.150373613613083559e-10
1.032000000000000000e+03 3.241898959754700998e-10
1.033000000000000000e+03 2.599300128279078931e-10
1.034000000000000000e+03 3.066005379456577947e-10
1.035000000000000000e+03 2.673869917663559752e-10
1.036000000000000000e+03 3.931934899799065419e-10
1.037000000000000000e+03 2.799658394966064102e-10
1.038000000000000000e+03 3.266826278757780431e-10
1.039000000000000000e+03 2.906097480066430634e-10
1.040000000000000000e+03 2.763101404352416589e-10
1.041000000000000000e+03 4.131888607596273420e-10
1.042000000000000000e+03 2.941465010218661864e-10
1.043000000000000000e+03 3.173018433082080551e-10
1.044000000000000000e+03 2.776456671368909259e-10
1.045000000000000000e+03 2.716085251115398267e-10
1.046000000000000000e+03 3.763737508037291841e-10
1.047000000000000000e+03 3.800931159867980860e-10
1.048000000000000000e+03 4.651213891580108704e-10
1.049000000000000000e+03 3.532131598967615291e-10
1.050000000000000000e+03 3.618158060887949629e-10
1.051000000000000000e+03 2.653113941390105999e-10
1.052000000000000000e+03 3.273169656721363985e-10
1.053000000000000000e+03 2.818427834626690938e-10
1.054000000000000000e+03 2.495411876869908618e-10
1.055000000000000000e+03 2.773823008835061184e-10
1.056000000000000000e+03 3.169475350650912110e-10
1.057000000000000000e+03 3.185083292554747116e-10
1.058000000000000000e+03 2.620198599451528462e-10
1.059000000000000000e+03 3.670785761734118942e-10
1.060000000000000000e+03 2.623595984376942458e-10
1.061000000000000000e+03 2.457831418957527743e-10
1.062000000000000000e+03 2.512791219115016855e-10
1.063000000000000000e+03 2.709961422623823660e-10
1.064000000000000000e+03 3.517119137265857102e-10
1.065000000000000000e+03 3.428763464812918923e-10
1.066000000000000000e+03 3.154797156419051860e-10
1.067000000000000000e+03 3.235260831135181447e-10
1.068000000000000000e+03 3.004358997421156747e-10
1.069000000000000000e+03 2.681736635904348693e-10
1.070000000000000000e+03 4.291901229455173287e-10
1.071000000000000000e+03 5.875624317183623138e-10
1.072000000000000000e+03 2.968738316863794534e-10
1.073000000000000000e+03 2.658319024215123965e-10
1.074000000000000000e+03 2.572272271585250626e-10
1.075000000000000000e+03 2.505391363381435895e-10
1.076000000000000000e+03 2.367236936776989594e-10
1.077000000000000000e+03 2.798502688066946006e-10
1.078000000000000000e+03 2.448116660955844659e-10
1.079000000000000000e+03 2.543246526692579564e-10
1.080000000000000000e+03 2.833093027011249043e-10
1.081000000000000000e+03 2.800705036312585239e-10
1.082000000000000000e+03 3.020546017997553036e-10
1.083000000000000000e+03 2.382544193930014475e-10
1.084000000000000000e+03 2.607447485350793537e-10
1.085000000000000000e+03 2.695756792468808504e-10
1.086000000000000000e+03 2.681856022240423481e-10
1.087000000000000000e+03 2.750033457410252465e-10
1.088000000000000000e+03 3.083893872314014975e-10
1.089000000000000000e+03 2.796733595304427081e-10
1.090000000000000000e+03 2.453421805249015143e-10
1.091000000000000000e+03 2.382156828292412820e-10
1.092000000000000000e+03 3.276756685470733786e-10
1.093000000000000000e+03 2.356733721449672089e-10
1.094000000000000000e+03 2.289788027715208316e-10
1.095000000000000000e+03 2.559307774826412674e-10
1.096000000000000000e+03 3.231288889080048738e-10
1.097000000000000000e+03 2.946776362505836288e-10
1.098000000000000000e+03 2.552674343795480432e-10
1.099000000000000000e+03 2.504091881406460245e-10
1.100000000000000000e+03 2.498442785177045712e-10
1.101000000000000000e+03 3.358091397370206162e-10
1.102000000000000000e+03 2.668025919964061547e-10
1.103000000000000000e+03 2.786639266960854119e-10
1.104000000000000000e+03 2.412960894451117238e-10
1.105000000000000000e+03 2.234352858712508488e-10
1.106000000000000000e+03 2.701259231292969964e-10
1.107000000000000000e+03 2.549915142872231113e-10
1.108000000000000000e+03 2.534307344169199098e-10
1.109000000000000000e+03 2.944199180776383135e-10
1.110000000000000000e+03 3.463880611467904544e-10
1.111000000000000000e+03 3.003475100299033797e-10
1.112000000000000000e+03 2.963483513715561421e-10
1.113000000000000000e+03 2.511034557800564190e-10
1.114000000000000000e+03 2.374039009746619832e-10
1.115000000000000000e+03 2.242354923857826409e-10
1.116000000000000000e+03 2.635498042681326122e-10
1.117000000000000000e+03 3.240506316336692473e-10
1.118000000000000000e+03 3.241171784384179002e-10
1.119000000000000000e+03 2.409592358886825948e-10
1.120000000000000000e+03 2.589830392347380607e-10
1.121000000000000000e+03 2.581476493236190229e-10
1.122000000000000000e+03 2.346276865378890991e-10
1.123000000000000000e+03 2.695552650053149952e-10
1.124000000000000000e+03 2.443264213983007449e-10
1.125000000000000000e+03 3.733986493090348965e-10
1.126000000000000000e+03 2.857072398170438280e-10
1.127000000000000000e+03 2.254041544086971441e-10
1.128000000000000000e+03 2.210519550554725925e-10
1.129000000000000000e+03 2.305690040995881564e-10
1.130000000000000000e+03 2.328238689977430193e-10
1.131000000000000000e+03 2.467525340531648916e-10
1.132000000000000000e+03 2.215278795215798274e-10
1.133000000000000000e+03 2.223317873715954585e-10
1.134000000000000000e+03 2.367011426485096722e-10
1.135000000000000000e+03 2.200274714334287686e-10
1.136000000000000000e+03 2.290969108580951202e-10
1.137000000000000000e+03 2.257130347293511718e-10
1.138000000000000000e+03 2.267556979403605481e-10
1.139000000000000000e+03 2.305975395937758006e-10
1.140000000000000000e+03 2.813047212836792956e-10
1.141000000000000000e+03 2.714101871663693189e-10
1.142000000000000000e+03 2.228931727605691677e-10
1.143000000000000000e+03 2.666829108419767959e-10
1.144000000000000000e+03 3.037538470876348896e-10
1.145000000000000000e+03 2.466346634799106647e-10
1.146000000000000000e+03 2.167372620380126219e-10
1.147000000000000000e+03 2.284200535461361730e-10
1.148000000000000000e+03 2.343005810280854708e-10
1.149000000000000000e+03 2.482981805842882484e-10
1.150000000000000000e+03 2.889592675399999182e-10
1.151000000000000000e+03 2.308537738473172484e-10
1.152000000000000000e+03 2.802540089320044312e-10
1.153000000000000000e+03 3.077194854919654413e-10
1.154000000000000000e+03 2.136625858373222102e-10
1.155000000000000000e+03 2.307251186833238489e-10
1.156000000000000000e+03 2.570587888359050290e-10
1.157000000000000000e+03 2.478174678172506665e-10
1.158000000000000000e+03 2.602411869395660467e-10
1.159000000000000000e+03 3.426830023052348294e-10
1.160000000000000000e+03 2.638116730211747584e-10
1.161000000000000000e+03 2.759265875014046513e-10
1.162000000000000000e+03 2.274967569143603610e-10
1.163000000000000000e+03 2.914158484641354306e-10
1.164000000000000000e+03 2.547820287151661201e-10
1.165000000000000000e+03 2.264180427039169744e-10
1.166000000000000000e+03 2.693763897947705461e-10
1.167000000000000000e+03 2.697939611862500662e-10
1.168000000000000000e+03 3.006895437450212331e-10
1.169000000000000000e+03 2.964894703417079423e-10
1.170000000000000000e+03 2.253571301570373137e-10
1.171000000000000000e+03 2.392351352108405659e-10
1.172000000000000000e+03 2.382255908985218010e-10
1.173000000000000000e+03 2.002619383481964404e-10
1.174000000000000000e+03 2.101534648041864412e-10
1.175000000000000000e+03 2.098801501592095714e-10
1.176000000000000000e+03 2.095939689687387319e-10
1.177000000000000000e+03 2.164513368171941985e-10
1.178000000000000000e+03 2.199249843077956214e-10
1.179000000000000000e+03 2.331136259786991649e-10
1.180000000000000000e+03 2.318093181602385130e-10
1.181000000000000000e+03 2.255175047539989556e-10
1.182000000000000000e+03 2.118596078847291107e-10
1.183000000000000000e+03 2.112118382874132626e-10
1.184000000000000000e+03 2.151395477564264231e-10
1.185000000000000000e+03 2.249604493770079450e-10
1.186000000000000000e+03 2.126222909146770138e-10
1.187000000000000000e+03 2.000892653479928025e-10
1.188000000000000000e+03 2.085516299914532763e-10
1.189000000000000000e+03 2.162424809197797643e-10
1.190000000000000000e+03 2.220686795512145570e-10
1.191000000000000000e+03 3.165185347504666965e-10
1.192000000000000000e+03 2.099274000899607423e-10
1.193000000000000000e+03 2.179341191204500311e-10
1.194000000000000000e+03 2.291835650580784319e-10
1.195000000000000000e+03 2.228872238789747577e-10
1.196000000000000000e+03 2.330297022813215588e-10
1.197000000000000000e+03 2.437135042811940887e-10
1.198000000000000000e+03 2.363446704278830592e-10
1.199000000000000000e+03 2.320192230294039067e-10
1.200000000000000000e+03 2.185391151358449399e-10
1.201000000000000000e+03 2.350246956431367608e-10
1.202000000000000000e+03 2.255507219520317211e-10
1.203000000000000000e+03 3.310909581505632482e-10
1.204000000000000000e+03 2.296497082916590915e-10
1.205000000000000000e+03 2.385237419383441502e-10
1.206000000000000000e+03 2.018357121971437172e-10
1.207000000000000000e+03 1.955476659070277130e-10
1.208000000000000000e+03 2.100631816578504248e-10
1.209000000000000000e+03 2.032440964083919673e-10
1.210000000000000000e+03 2.019199791579263629e-10
1.211000000000000000e+03 2.031992196210897019e-10
1.212000000000000000e+03 2.344016454556880860e-10
1.213000000000000000e+03 2.320835652981582578e-10
1.214000000000000000e+03 2.582526989581571727e-10
1.215000000000000000e+03 2.250633877318851342e-10
1.216000000000000000e+03 2.086798743317259360e-10
1.217000000000000000e+03 2.441823702495108522e-10
1.218000000000000000e+03 2.051173191523201869e-10
1.219000000000000000e+03 2.254325026815837713e-10
1.220000000000000000e+03 2.017734910478297517e-10
1.221000000000000000e+03 2.093710203355487015e-10
1.222000000000000000e+03 2.064264198750798879e-10
1.223000000000000000e+03 2.318495648981890919e-10
1.224000000000000000e+03 2.052460464463264128e-10
1.225000000000000000e+03 2.256410130732054508e-10
1.226000000000000000e+03 1.961686780182793270e-10
1.227000000000000000e+03 1.936286420938226887e-10
1.228000000000000000e+03 2.172143038002651131e-10
1.229000000000000000e+03 2.287686990173066418e-10
1.230000000000000000e+03 2.153948347459126288e-10
1.231000000000000000e+03 2.268810622931818656e-10
1.232000000000000000e+03 2.166663823471178964e-10
1.233000000000000000e+03 2.389430018603206455e-10
1.234000000000000000e+03 2.708978504377137906e-10
1.235000000000000000e+03 3.080256323236236423e-10
1.236000000000000000e+03 2.191317387651869463e-10
1.237000000000000000e+03 1.917218569715235487e-10
1.238000000000000000e+03 1.970158674201718017e-10
1.239000000000000000e+03 1.958822359295253990e-10
1.240000000000000000e+03 1.896286791300784831e-10
1.241000000000000000e+03 2.436679398202418884e-10
1.242000000000000000e+03 2.609898610436973529e-10
1.243000000000000000e+03 2.135471385347814079e-10
1.244000000000000000e+03 2.037416480602370310e-10
1.245000000000000000e+03 1.994864917508211124e-10
1.246000000000000000e+03 2.128621953222198674e-10
1.247000000000000000e+03 2.186676102418253565e-10
1.248000000000000000e+03 2.165839683447669210e-10
1.249000000000000000e+03 1.998306776279461935e-10
1.250000000000000000e+03 1.960348059830459924e-10
1.251000000000000000e+03 1.978795820418893798e-10
1.252000000000000000e+03 1.948643745783387488e-10
1.253000000000000000e+03 2.061911589839071409e-10
1.254000000000000000e+03 2.138777066850316110e-10
1.255000000000000000e+03 2.460995921312973243e-10
1.256000000000000000e+03 1.867686829080673155e-10
1.257000000000000000e+03 2.216044448853969337e-10
1.258000000000000000e+03 1.886826572620962003e-10
1.259000000000000000e+03 2.122102998082495321e-10
1.260000000000000000e+03 2.463382095244007582e-10
1.261000000000000000e+03 2.087487286382250493e-10
1.262000000000000000e+03 2.069354699846423262e-10
1.263000000000000000e+03 1.992016959682602699e-10
1.264000000000000000e+03 2.422442152100883581e-10
1.265000000000000000e+03 2.348389302344844325e-10
1.266000000000000000e+03 2.423045997172778339e-10
1.267000000000000000e+03 2.173976548341375083e-10
1.268000000000000000e+03 2.208684331162456842e-10
1.269000000000000000e+03 1.930754384755537181e-10
1.270000000000000000e+03 1.884676128857907413e-10
1.271000000000000000e+03 1.955217012880519806e-10
1.272000000000000000e+03 2.025175920218975080e-10
1.273000000000000000e+03 2.612480778414626072e-10
1.274000000000000000e+03 2.148922821201064500e-10
1.275000000000000000e+03 1.907038869449103393e-10
1.276000000000000000e+03 1.849529671224780277e-10
1.277000000000000000e+03 1.965642155647903930e-10
1.278000000000000000e+03 2.572481506532306255e-10
1.279000000000000000e+03 1.960523698637339323e-10
1.280000000000000000e+03 1.975219634725251243e-10
1.281000000000000000e+03 2.092319840998577015e-10
1.282000000000000000e+03 1.846402222352169051e-10
1.283000000000000000e+03 1.884753485250128348e-10
1.284000000000000000e+03 1.995477394071526103e-10
1.285000000000000000e+03 2.159918117489906031e-10
1.286000000000000000e+03 2.156602060220468296e-10
1.287000000000000000e+03 1.965390549453383844e-10
1.288000000000000000e+03 1.835218100033331771e-10
1.289000000000000000e+03 2.031872244765773167e-10
1.290000000000000000e+03 2.054532972026929404e-10
1.291000000000000000e+03 1.822451071068981696e-10
1.292000000000000000e+03 1.837241782609832200e-10
1.293000000000000000e+03 1.952711115738198597e-10
1.294000000000000000e+03 1.811370565695587143e-10
1.295000000000000000e+03 1.927622991366936942e-10
1.296000000000000000e+03 1.999349438714283308e-10
1.297000000000000000e+03 2.294462475626867731e-10
1.298000000000000000e+03 2.136443032073169046e-10
1.299000000000000000e+03 2.107904974331915392e-10
1.300000000000000000e+03 1.864816918077330913e-10
1.301000000000000000e+03 2.303923203296951027e-10
1.302000000000000000e+03 2.099823641856136969e-10
1.303000000000000000e+03 2.782188153775960501e-10
1.304000000000000000e+03 1.937658033689377340e-10
1.305000000000000000e+03 2.080891700594284562e-10
1.306000000000000000e+03 2.091583590570231374e-10
1.307000000000000000e+03 1.975181070365355654e-10
1.308000000000000000e+03 1.882717860228268729e-10
1.309000000000000000e+03 1.819064651272968052e-10
1.310000000000000000e+03 1.908735910211957997e-10
1.311000000000000000e+03 2.365459858472681531e-10
1.312000000000000000e+03 2.066559536660518750e-10
1.313000000000000000e+03 2.268241595057916073e-10
1.314000000000000000e+03 2.045068111101335159e-10
1.315000000000000000e+03 1.835685331919235755e-10
1.316000000000000000e+03 2.103083125551194131e-10
1.317000000000000000e+03 2.099233423912957087e-10
1.318000000000000000e+03 2.606480236154325883e-10
1.319000000000000000e+03 1.803647615538992279e-10
1.320000000000000000e+03 1.759981257025098729e-10
1.321000000000000000e+03 1.728134968121064067e-10
1.322000000000000000e+03 1.853425764370225920e-10
1.323000000000000000e+03 2.160936203353406709e-10
1.324000000000000000e+03 1.855525980297821295e-10
1.325000000000000000e+03 1.866238037315031407e-10
1.326000000000000000e+03 1.802766808255913591e-10
1.327000000000000000e+03 1.893239727324016803e-10
1.328000000000000000e+03 1.967430870621017370e-10
1.329000000000000000e+03 1.769055210238754365e-10
1.330000000000000000e+03 1.774075472278939169e-10
1.331000000000000000e+03 2.111921317370168325e-10
1.332000000000000000e+03 1.993048079246464660e-10
1.333000000000000000e+03 1.834308106058904335e-10
1.334000000000000000e+03 1.868124728736381562e-10
1.335000000000000000e+03 2.364630322031816881e-10
1.336000000000000000e+03 2.545409975185243783e-10
1.337000000000000000e+03 1.799812104992301462e-10
1.338000000000000000e+03 1.716384600319396965e-10
1.339000000000000000e+03 1.955001814069788242e-10
1.340000000000000000e+03 1.855983167459969144e-10
1.341000000000000000e+03 1.979542921940189558e-10
1.342000000000000000e+03 1.757259324343711005e-10
1.343000000000000000e+03 1.719639724816714182e-10
1.344000000000000000e+03 1.833820950127780456e-10
1.345000000000000000e+03 1.747063787459949032e-10
1.346000000000000000e+03 1.947436982746819112e-10
1.347000000000000000e+03 2.232892379198832650e-10
1.348000000000000000e+03 2.098517375671997030e-10
1.349000000000000000e+03 1.889628382291427649e-10
1.350000000000000000e+03 1.842542074765837440e-10
1.351000000000000000e+03 1.919153353059911918e-10
1.352000000000000000e+03 1.931809717469346810e-10
1.353000000000000000e+03 1.763530988468618068e-10
1.354000000000000000e+03 1.838691367161564303e-10
1.355000000000000000e+03 1.718806549980771689e-10
1.356000000000000000e+03 1.932037866268503577e-10
1.357000000000000000e+03 1.673491569566302165e-10
1.358000000000000000e+03 1.896861595730684333e-10
1.359000000000000000e+03 1.810457729038002070e-10
1.360000000000000000e+03 1.869357818619670893e-10
1.361000000000000000e+03 1.773587572304142310e-10
1.362000000000000000e+03 1.688708908047177128e-10
1.363000000000000000e+03 1.818963217693621377e-10
1.364000000000000000e+03 1.935780442725751667e-10
1.365000000000000000e+03 1.799207946226016737e-10
1.366000000000000000e+03 2.064788614305352327e-10
1.367000000000000000e+03 1.876839763323933133e-10
1.368000000000000000e+03 1.724404941944584671e-10
1.369000000000000000e+03 1.828641599117157110e-10
1.370000000000000000e+03 1.781989518223261588e-10
1.371000000000000000e+03 1.867040056552742483e-10
1.372000000000000000e+03 1.912426349790324507e-10
1.373000000000000000e+03 2.144225492550443519e-10
1.374000000000000000e+03 1.793689717769373816e-10
1.375000000000000000e+03 1.900665833765897366e-10
1.376000000000000000e+03 1.947898905002496841e-10
1.377000000000000000e+03 1.992627433872557761e-10
1.378000000000000000e+03 1.961533970646490558e-10
1.379000000000000000e+03 1.953758726259189067e-10
1.380000000000000000e+03 1.782000953447123458e-10
1.381000000000000000e+03 1.896747504828693367e-10
1.382000000000000000e+03 1.901729008838035501e-10
1.383000000000000000e+03 1.876666501053677155e-10
1.384000000000000000e+03 1.745318684146195609e-10
1.385000000000000000e+03 1.798691882490740261e-10
1.386000000000000000e+03 1.915328007946998123e-10
1.387000000000000000e+03 1.671563577929692544e-10
1.388000000000000000e+03 1.663719663314622838e-10
1.389000000000000000e+03 1.835309787282676159e-10
1.390000000000000000e+03 2.232006752151513293e-10
1.391000000000000000e+03 1.687474897547232132e-10
1.392000000000000000e+03 1.979813932755552852e-10
1.393000000000000000e+03 1.849882510548168756e-10
1.394000000000000000e+03 2.110550165124809226e-10
1.395000000000000000e+03 1.696957448375523895e-10
1.396000000000000000e+03 1.671224837902396367e-10
1.397000000000000000e+03 1.687674492472209140e-10
1.398000000000000000e+03 1.735880004660524795e-10
1.399000000000000000e+03 2.311552134213509429e-10
1.400000000000000000e+03 2.539259146014785686e-10
1.401000000000000000e+03 2.163742260667369010e-10
1.402000000000000000e+03 1.766446423890524341e-10
1.403000000000000000e+03 1.825809663730031190e-10
1.404000000000000000e+03 1.634680626371472515e-10
1.405000000000000000e+03 1.651529580200317630e-10
1.406000000000000000e+03 1.629269760713309757e-10
1.407000000000000000e+03 1.864807976837379558e-10
1.408000000000000000e+03 1.810945693371353069e-10
1.409000000000000000e+03 1.826410004597107801e-10
1.410000000000000000e+03 1.735049874105905730e-10
1.411000000000000000e+03 1.683018738681273116e-10
1.412000000000000000e+03 1.742175307399792610e-10
1.413000000000000000e+03 1.666063218915499687e-10
1.414000000000000000e+03 1.625499397095908855e-10
1.415000000000000000e+03 1.648111948436667633e-10
1.416000000000000000e+03 1.955366675525236130e-10
1.417000000000000000e+03 1.629739029731335273e-10
1.418000000000000000e+03 1.667325026876193060e-10
1.419000000000000000e+03 1.649944904506952351e-10
1.420000000000000000e+03 1.615986108583502533e-10
1.421000000000000000e+03 1.863112142015700249e-10
1.422000000000000000e+03 1.624322807896638353e-10
1.423000000000000000e+03 1.778895134600759591e-10
1.424000000000000000e+03 1.867595291274783190e-10
1.425000000000000000e+03 1.717273686146841336e-10
1.426000000000000000e+03 1.608351373920534840e-10
1.427000000000000000e+03 1.605621255322488139e-10
1.428000000000000000e+03 1.674556052661780086e-10
1.429000000000000000e+03 1.651201153456046574e-10
1.430000000000000000e+03 1.952220416004113040e-10
1.431000000000000000e+03 2.170868349836306243e-10
1.432000000000000000e+03 1.678812897727390812e-10
1.433000000000000000e+03 1.621925595231247568e-10
1.434000000000000000e+03 1.683758342846824572e-10
1.435000000000000000e+03 1.751651475271304849e-10
1.436000000000000000e+03 1.673659789798367729e-10
1.437000000000000000e+03 1.670958481736714075e-10
1.438000000000000000e+03 2.136577251748558103e-10
1.439000000000000000e+03 1.792864517217695575e-10
1.440000000000000000e+03 1.836521927078683193e-10
1.441000000000000000e+03 1.651433123917281135e-10
1.442000000000000000e+03 1.676790664088529913e-10
1.443000000000000000e+03 1.643049403280152141e-10
1.444000000000000000e+03 1.791475395484502702e-10
1.445000000000000000e+03 1.763274544643303573e-10
1.446000000000000000e+03 2.435190849128415408e-10
1.447000000000000000e+03 1.790006784252138154e-10
1.448000000000000000e+03 1.628974699783672376e-10
1.449000000000000000e+03 1.704316976064250970e-10
1.450000000000000000e+03 1.625581668972684465e-10
1.451000000000000000e+03 1.693149401673566969e-10
1.452000000000000000e+03 1.704760597068683512e-10
1.453000000000000000e+03 1.645637482897853474e-10
1.454000000000000000e+03 1.617234307820575362e-10
1.455000000000000000e+03 1.691320671783171852e-10
1.456000000000000000e+03 1.936164027410675468e-10
1.457000000000000000e+03 1.673347510562950576e-10
1.458000000000000000e+03 1.676022966643795278e-10
1.459000000000000000e+03 1.624207670777561181e-10
1.460000000000000000e+03 1.696907439426065133e-10
1.461000000000000000e+03 1.623892473996441502e-10
1.462000000000000000e+03 1.602495648554117403e-10
1.463000000000000000e+03 1.590553653344027013e-10
1.464000000000000000e+03 1.659262837149255559e-10
1.465000000000000000e+03 1.733198193541797466e-10
1.466000000000000000e+03 1.678993661845239281e-10
1.467000000000000000e+03 1.665295657303999057e-10
1.468000000000000000e+03 1.721224528849678277e-10
1.469000000000000000e+03 1.686886932933378160e-10
1.470000000000000000e+03 1.579647274545077628e-10
1.471000000000000000e+03 1.798192392247705497e-10
1.472000000000000000e+03 1.885026276330502081e-10
1.473000000000000000e+03 1.596786487821998294e-10
1.474000000000000000e+03 1.981414685250930326e-10
1.475000000000000000e+03 1.640735006982828797e-10
1.476000000000000000e+03 1.763651734989234792e-10
1.477000000000000000e+03 1.649103404496605685e-10
1.478000000000000000e+03 1.613559001853994908e-10
1.479000000000000000e+03 1.634741846096847315e-10
1.480000000000000000e+03 1.646431411865796701e-10
1.481000000000000000e+03 1.885004679086966123e-10
1.482000000000000000e+03 1.897988410986834771e-10
1.483000000000000000e+03 1.659968831058001605e-10
1.484000000000000000e+03 1.818919159256541948e-10
1.485000000000000000e+03 1.938479858331189436e-10
1.486000000000000000e+03 1.603276694526449626e-10
1.487000000000000000e+03 1.591024726611275206e-10
1.488000000000000000e+03 1.653760916188930452e-10
1.489000000000000000e+03 1.570030815095647273e-10
1.490000000000000000e+03 1.553728312680220683e-10
1.491000000000000000e+03 1.698863591114889985e-10
1.492000000000000000e+03 1.640973721255473690e-10
1.493000000000000000e+03 1.757321496189878764e-10
1.494000000000000000e+03 1.885529485785973352e-10
1.495000000000000000e+03 1.698385742319191059e-10
1.496000000000000000e+03 1.571347195796662479e-10
1.497000000000000000e+03 1.753416586408572227e-10
1.498000000000000000e+03 1.627149598637184204e-10
1.499000000000000000e+03 1.781539612852037380e-10
1.500000000000000000e+03 2.157500606762710358e-10
1.501000000000000000e+03 1.642637675190819617e-10
1.502000000000000000e+03 1.679376260806512504e-10
1.503000000000000000e+03 1.523474088915376414e-10
1.504000000000000000e+03 1.533943964050372629e-10
1.505000000000000000e+03 1.636601414196250582e-10
1.506000000000000000e+03 1.547235644318944422e-10
1.507000000000000000e+03 1.855070931454474418e-10
1.508000000000000000e+03 1.559770093355737969e-10
1.509000000000000000e+03 1.572098792170423251e-10
1.510000000000000000e+03 1.614444676272220689e-10
1.511000000000000000e+03 1.648782044827814061e-10
1.512000000000000000e+03 1.618098831103486322e-10
1.513000000000000000e+03 1.522280276380791426e-10
1.514000000000000000e+03 1.725997693390387597e-10
1.515000000000000000e+03 1.875321864562352467e-10
1.516000000000000000e+03 1.680123194916561723e-10
1.517000000000000000e+03 1.573091377351940283e-10
1.518000000000000000e+03 1.684090888645670632e-10
1.519000000000000000e+03 1.580454115340064068e-10
1.520000000000000000e+03 1.553650518341046523e-10
1.521000000000000000e+03 1.702948235092443217e-10
1.522000000000000000e+03 1.601749482687680039e-10
1.523000000000000000e+03 1.538229198527337759e-10
1.524000000000000000e+03 1.644660562080712600e-10
1.525000000000000000e+03 1.649315621408560140e-10
1.526000000000000000e+03 1.577455709383292720e-10
1.527000000000000000e+03 1.539489606044100326e-10
1.528000000000000000e+03 1.917226784670928584e-10
1.529000000000000000e+03 1.601180898160874620e-10
1.530000000000000000e+03 1.658881067838789876e-10
1.531000000000000000e+03 1.631204548068300227e-10
1.532000000000000000e+03 1.682907545959504442e-10
1.533000000000000000e+03 1.664105683391343466e-10
1.534000000000000000e+03 1.646233288388282247e-10
1.535000000000000000e+03 1.827149810792648742e-10
1.536000000000000000e+03 1.699778361398150903e-10
1.537000000000000000e+03 1.619098561338545289e-10
1.538000000000000000e+03 1.715598768929635009e-10
1.539000000000000000e+03 1.551447198927527032e-10
1.540000000000000000e+03 1.538437964234326208e-10
1.541000000000000000e+03 1.544728087432427988e-10
1.542000000000000000e+03 1.580392058923335236e-10
1.543000000000000000e+03 1.575248998511728635e-10
1.544000000000000000e+03 1.497785403037190164e-10
1.545000000000000000e+03 1.619143562143865972e-10
1.546000000000000000e+03 1.969996257516749474e-10
1.547000000000000000e+03 1.792398961575723339e-10
1.548000000000000000e+03 1.570223035012242591e-10
1.549000000000000000e+03 1.570020732642785465e-10
1.550000000000000000e+03 1.497542952155772304e-10
1.551000000000000000e+03 1.556735934844940734e-10
1.552000000000000000e+03 1.581400169361447194e-10
1.553000000000000000e+03 1.638919639301470386e-10
1.554000000000000000e+03 1.632874883023992244e-10
