0.000000000000000000e+00 1.666365104476179824e-03
1.000000000000000000e+00 1.475506699717212575e-04
2.000000000000000000e+00 1.078214204752297583e-04
3.000000000000000000e+00 1.062266936449948859e-04
4.000000000000000000e+00 1.056485960271182875e-04
5.000000000000000000e+00 1.048512982445463991e-04
6.000000000000000000e+00 1.040522511152481693e-04
7.000000000000000000e+00 1.032543685869884701e-04
8.000000000000000000e+00 1.025228625901813360e-04
9.000000000000000000e+00 1.016648499251598139e-04
1.000000000000000000e+01 1.008386267219794745e-04
1.100000000000000000e+01 9.991485760889610903e-05
1.200000000000000000e+01 9.914789990253358558e-05
1.300000000000000000e+01 9.795257127296113297e-05
1.400000000000000000e+01 9.697944040849340033e-05
1.500000000000000000e+01 9.577080407734233334e-05
1.600000000000000000e+01 9.474180390458014514e-05
1.700000000000000000e+01 9.320507024761848561e-05
1.800000000000000000e+01 9.163091556149333453e-05
1.900000000000000000e+01 8.995997973076766180e-05
2.000000000000000000e+01 8.779097609034536211e-05
2.100000000000000000e+01 8.502751933623106737e-05
2.200000000000000000e+01 8.135998246288356759e-05
2.300000000000000000e+01 7.560707504485669121e-05
2.400000000000000000e+01 6.470225229437785849e-05
2.500000000000000000e+01 4.455394401545396108e-05
2.600000000000000000e+01 2.079408280350504432e-05
2.700000000000000000e+01 1.073167130229488814e-05
2.800000000000000000e+01 8.399718411827147363e-06
2.900000000000000000e+01 7.441022165361315702e-06
3.000000000000000000e+01 6.766036830048552012e-06
3.100000000000000000e+01 6.056018734891163047e-06
3.200000000000000000e+01 5.573107425990184258e-06
3.300000000000000000e+01 5.177974607742273732e-06
3.400000000000000000e+01 4.696479026168256946e-06
3.500000000000000000e+01 4.422284767362106908e-06
3.600000000000000000e+01 4.233517488630871952e-06
3.700000000000000000e+01 3.989709431067976204e-06
3.800000000000000000e+01 3.773421892835712726e-06
3.900000000000000000e+01 3.673939201686243113e-06
4.000000000000000000e+01 3.538630538345884967e-06
4.100000000000000000e+01 3.374875110817796545e-06
4.200000000000000000e+01 3.235065014873128433e-06
4.300000000000000000e+01 3.150494382238905117e-06
4.400000000000000000e+01 3.083384865761856623e-06
4.500000000000000000e+01 2.989075544592638577e-06
4.600000000000000000e+01 2.898635477880890044e-06
4.700000000000000000e+01 2.823743997307974826e-06
4.800000000000000000e+01 2.892401009638885393e-06
4.900000000000000000e+01 2.694947670946422251e-06
5.000000000000000000e+01 2.659990665490528071e-06
5.100000000000000000e+01 2.581367337659934342e-06
5.200000000000000000e+01 2.549924391809589855e-06
5.300000000000000000e+01 2.621214231443170232e-06
5.400000000000000000e+01 2.500303928111709958e-06
5.500000000000000000e+01 2.473791817469970088e-06
5.600000000000000000e+01 2.362136014271106230e-06
5.700000000000000000e+01 2.409028443394723795e-06
5.800000000000000000e+01 2.298030941989905982e-06
5.900000000000000000e+01 2.350129529663597825e-06
6.000000000000000000e+01 2.324397715574480619e-06
6.100000000000000000e+01 2.251617476256025917e-06
6.200000000000000000e+01 2.206959831699150609e-06
6.300000000000000000e+01 2.142415660120123747e-06
6.400000000000000000e+01 2.190651945812474115e-06
6.500000000000000000e+01 2.115947501434924504e-06
6.600000000000000000e+01 2.058092588022122429e-06
6.700000000000000000e+01 2.011047650198965654e-06
6.800000000000000000e+01 1.986841961444286822e-06
6.900000000000000000e+01 1.977708647909606085e-06
7.000000000000000000e+01 1.986926260925004399e-06
7.100000000000000000e+01 1.969061352491780882e-06
7.200000000000000000e+01 1.897802491426805817e-06
7.300000000000000000e+01 1.874695611245029359e-06
7.400000000000000000e+01 1.834702356059088867e-06
7.500000000000000000e+01 1.914589257615865531e-06
7.600000000000000000e+01 1.808596596322696970e-06
7.700000000000000000e+01 1.813993223215476498e-06
7.800000000000000000e+01 1.772865939858098591e-06
7.900000000000000000e+01 1.760784413882474753e-06
8.000000000000000000e+01 1.776877313722579939e-06
8.100000000000000000e+01 1.806651565136359977e-06
8.200000000000000000e+01 1.694756669768918408e-06
8.300000000000000000e+01 1.682428057352799179e-06
8.400000000000000000e+01 1.669213774830789854e-06
8.500000000000000000e+01 1.639810126175847267e-06
8.600000000000000000e+01 1.666557438002509586e-06
8.700000000000000000e+01 1.625090513092473456e-06
8.800000000000000000e+01 1.633892341338816564e-06
8.900000000000000000e+01 1.616401770654642499e-06
9.000000000000000000e+01 1.611171404596407920e-06
9.100000000000000000e+01 1.638023984923297252e-06
9.200000000000000000e+01 1.618594600705418304e-06
9.300000000000000000e+01 1.562543877536760222e-06
9.400000000000000000e+01 1.535596134260275561e-06
9.500000000000000000e+01 1.543680220301507274e-06
9.600000000000000000e+01 1.520754243547574449e-06
9.700000000000000000e+01 1.521720203462468652e-06
9.800000000000000000e+01 1.491449548724724969e-06
9.900000000000000000e+01 1.530104156374683976e-06
1.000000000000000000e+02 1.577073923649976730e-06
1.010000000000000000e+02 1.510005951029025949e-06
1.020000000000000000e+02 1.454358232121491312e-06
1.030000000000000000e+02 1.483238850362386261e-06
1.040000000000000000e+02 1.457305917332118419e-06
1.050000000000000000e+02 1.456892296301878925e-06
1.060000000000000000e+02 1.471656606557951568e-06
1.070000000000000000e+02 1.460407280288272806e-06
1.080000000000000000e+02 1.413514569306328949e-06
1.090000000000000000e+02 1.424415283320053445e-06
1.100000000000000000e+02 1.403623410950700674e-06
1.110000000000000000e+02 1.403739827221282014e-06
1.120000000000000000e+02 1.457875171690056654e-06
1.130000000000000000e+02 1.432979289932246393e-06
1.140000000000000000e+02 1.416735764889870426e-06
1.150000000000000000e+02 1.403516656067202592e-06
1.160000000000000000e+02 1.436383051125186339e-06
1.170000000000000000e+02 1.397142690493776156e-06
1.180000000000000000e+02 1.372692122719415165e-06
1.190000000000000000e+02 1.431886103361039632e-06
1.200000000000000000e+02 1.380900375661531429e-06
1.210000000000000000e+02 1.366457718151069916e-06
1.220000000000000000e+02 1.434957905830952560e-06
1.230000000000000000e+02 1.450523340978123036e-06
1.240000000000000000e+02 1.363852546034680703e-06
1.250000000000000000e+02 1.401138984052048248e-06
1.260000000000000000e+02 1.345639105009520816e-06
1.270000000000000000e+02 1.341229544461688636e-06
1.280000000000000000e+02 1.356737912105377841e-06
1.290000000000000000e+02 1.354816745031387020e-06
1.300000000000000000e+02 1.342093452900322541e-06
1.310000000000000000e+02 1.340400631763209056e-06
1.320000000000000000e+02 1.337719675747356257e-06
1.330000000000000000e+02 1.377090780032280136e-06
1.340000000000000000e+02 1.378381655684002881e-06
1.350000000000000000e+02 1.326846829631293746e-06
1.360000000000000000e+02 1.333768225115382065e-06
1.370000000000000000e+02 1.352190856498920851e-06
1.380000000000000000e+02 1.340398226318429154e-06
1.390000000000000000e+02 1.333766205136499316e-06
1.400000000000000000e+02 1.335038887813103198e-06
1.410000000000000000e+02 1.323483391672185556e-06
1.420000000000000000e+02 1.338027969456425890e-06
1.430000000000000000e+02 1.345750310970071527e-06
1.440000000000000000e+02 1.354654400758412651e-06
1.450000000000000000e+02 1.324688445681964552e-06
1.460000000000000000e+02 1.368551268574811331e-06
1.470000000000000000e+02 1.335045578064332874e-06
1.480000000000000000e+02 1.331761105456351011e-06
1.490000000000000000e+02 1.341235313041542151e-06
1.500000000000000000e+02 1.315738766838011595e-06
1.510000000000000000e+02 1.311239730039994944e-06
1.520000000000000000e+02 1.351836811183484422e-06
1.530000000000000000e+02 1.381431278071115596e-06
1.540000000000000000e+02 1.346005294066751963e-06
1.550000000000000000e+02 1.340192649939997579e-06
1.560000000000000000e+02 1.305548896707194961e-06
1.570000000000000000e+02 1.310045993206196438e-06
1.580000000000000000e+02 1.313380643330693920e-06
1.590000000000000000e+02 1.315815695536431511e-06
1.600000000000000000e+02 1.308122893853750503e-06
1.610000000000000000e+02 1.321919180761993074e-06
1.620000000000000000e+02 1.306651599726557328e-06
1.630000000000000000e+02 1.307623612753134983e-06
1.640000000000000000e+02 1.323409919608469281e-06
1.650000000000000000e+02 1.430099024648073095e-06
1.660000000000000000e+02 1.300912205903895353e-06
1.670000000000000000e+02 1.340106722703415462e-06
1.680000000000000000e+02 1.300305660821657171e-06
1.690000000000000000e+02 1.301631716414430160e-06
1.700000000000000000e+02 1.326712665093291817e-06
1.710000000000000000e+02 1.326308169448981670e-06
1.720000000000000000e+02 1.334939917980854390e-06
1.730000000000000000e+02 1.313869522573695003e-06
1.740000000000000000e+02 1.311404734849034139e-06
1.750000000000000000e+02 1.309009608618226267e-06
1.760000000000000000e+02 1.298665319792751299e-06
1.770000000000000000e+02 1.304739844484649474e-06
1.780000000000000000e+02 1.319863391166969815e-06
1.790000000000000000e+02 1.314403270454169611e-06
1.800000000000000000e+02 1.330166633939053304e-06
1.810000000000000000e+02 1.298269638316198989e-06
1.820000000000000000e+02 1.303022834866714063e-06
1.830000000000000000e+02 1.306912037625774679e-06
1.840000000000000000e+02 1.295248557032536826e-06
1.850000000000000000e+02 1.288503906982660086e-06
1.860000000000000000e+02 1.294138781821548259e-06
1.870000000000000000e+02 1.295958301611174502e-06
1.880000000000000000e+02 1.353769182812439356e-06
1.890000000000000000e+02 1.322125607004957519e-06
1.900000000000000000e+02 1.298601994216404188e-06
1.910000000000000000e+02 1.312390007275617096e-06
1.920000000000000000e+02 1.291738061394979251e-06
1.930000000000000000e+02 1.300096202092906639e-06
1.940000000000000000e+02 1.296516017894079880e-06
1.950000000000000000e+02 1.288238852464631577e-06
1.960000000000000000e+02 1.323828062656630609e-06
1.970000000000000000e+02 1.293181325790784115e-06
1.980000000000000000e+02 1.305428202657913624e-06
1.990000000000000000e+02 1.292784827336598029e-06
2.000000000000000000e+02 1.303019896774739979e-06
2.010000000000000000e+02 1.317547445824600271e-06
2.020000000000000000e+02 1.292359555215903444e-06
2.030000000000000000e+02 1.316917715028375219e-06
