0.000000000000000000e+00 1.531461223194347735e-04
1.000000000000000000e+00 1.201272790390961882e-04
2.000000000000000000e+00 9.232131537480919338e-05
3.000000000000000000e+00 6.740570355511532629e-05
4.000000000000000000e+00 4.718664224110959003e-05
5.000000000000000000e+00 3.144794983121857948e-05
6.000000000000000000e+00 2.756959641109978733e-05
7.000000000000000000e+00 2.451859444889869301e-05
8.000000000000000000e+00 2.264524880425253445e-05
9.000000000000000000e+00 2.328549639223322429e-05
1.000000000000000000e+01 2.227660287649415409e-05
1.100000000000000000e+01 2.110054892657600915e-05
1.200000000000000000e+01 2.072782379057614598e-05
1.300000000000000000e+01 2.091039622675388920e-05
1.400000000000000000e+01 2.208936796652367373e-05
1.500000000000000000e+01 1.907595034790192869e-05
1.600000000000000000e+01 1.912803687578565578e-05
1.700000000000000000e+01 1.870223975905616355e-05
1.800000000000000000e+01 1.832004213508370548e-05
1.900000000000000000e+01 1.919490135574925799e-05
2.000000000000000000e+01 1.861444179967590575e-05
2.100000000000000000e+01 1.724335587151392925e-05
2.200000000000000000e+01 1.675001866896016700e-05
2.300000000000000000e+01 1.675343728419208220e-05
2.400000000000000000e+01 1.620335577941748681e-05
2.500000000000000000e+01 1.580165261591654852e-05
2.600000000000000000e+01 1.722840983087628222e-05
2.700000000000000000e+01 1.550897113143753198e-05
2.800000000000000000e+01 1.471587266260245572e-05
2.900000000000000000e+01 1.298752234096500250e-05
3.000000000000000000e+01 1.255813263793314719e-05
3.100000000000000000e+01 1.193759382679107722e-05
3.200000000000000000e+01 1.215296528020795992e-05
3.300000000000000000e+01 1.313132503361409849e-05
3.400000000000000000e+01 1.204481677009774837e-05
3.500000000000000000e+01 1.063623274752454740e-05
3.600000000000000000e+01 1.133745570272659324e-05
3.700000000000000000e+01 1.182634428026575094e-05
3.800000000000000000e+01 1.155389246695272405e-05
3.900000000000000000e+01 1.170070685181496769e-05
4.000000000000000000e+01 1.065737166152131175e-05
4.100000000000000000e+01 1.030840669737100498e-05
4.200000000000000000e+01 1.057374441419786991e-05
4.300000000000000000e+01 1.130597161685840034e-05
4.400000000000000000e+01 1.003645427634126376e-05
4.500000000000000000e+01 9.427324115496987111e-06
4.600000000000000000e+01 9.636898574571876118e-06
4.700000000000000000e+01 9.976325841249480557e-06
4.800000000000000000e+01 1.067704966528490850e-05
4.900000000000000000e+01 1.008005554810432096e-05
5.000000000000000000e+01 1.005491866701828164e-05
5.100000000000000000e+01 1.015096260873057754e-05
5.200000000000000000e+01 9.287695414848653870e-06
5.300000000000000000e+01 8.520682345274658288e-06
5.400000000000000000e+01 9.401152869440542587e-06
5.500000000000000000e+01 8.639329879668870672e-06
5.600000000000000000e+01 9.981944150465020611e-06
5.700000000000000000e+01 9.205251033989078169e-06
5.800000000000000000e+01 8.372504784480466183e-06
5.900000000000000000e+01 9.037463126686303092e-06
6.000000000000000000e+01 7.995670924971254073e-06
6.100000000000000000e+01 8.613861495198509369e-06
6.200000000000000000e+01 8.387706113666545274e-06
6.300000000000000000e+01 8.905198659740244321e-06
6.400000000000000000e+01 8.107714203764592354e-06
6.500000000000000000e+01 7.704087266891854367e-06
6.600000000000000000e+01 8.015420382773524020e-06
6.700000000000000000e+01 8.036960871253004003e-06
6.800000000000000000e+01 8.522444787236150107e-06
6.900000000000000000e+01 7.420837991009717606e-06
7.000000000000000000e+01 7.557090164197388675e-06
7.100000000000000000e+01 7.270278086953205988e-06
7.200000000000000000e+01 6.779966718336023120e-06
7.300000000000000000e+01 6.899360404424739064e-06
7.400000000000000000e+01 7.081177752845356499e-06
7.500000000000000000e+01 7.475409377323259177e-06
7.600000000000000000e+01 7.283292923538457211e-06
7.700000000000000000e+01 6.897498441931262948e-06
7.800000000000000000e+01 6.910637599323884302e-06
7.900000000000000000e+01 6.883156433352509966e-06
8.000000000000000000e+01 6.800686394069809432e-06
8.100000000000000000e+01 7.073796360220720128e-06
8.200000000000000000e+01 6.838657752248480832e-06
8.300000000000000000e+01 6.314337686363496948e-06
8.400000000000000000e+01 6.832469435540663245e-06
8.500000000000000000e+01 6.788722424070747510e-06
8.600000000000000000e+01 6.966780365918313072e-06
8.700000000000000000e+01 6.620405192332316811e-06
8.800000000000000000e+01 7.372887446087544825e-06
8.900000000000000000e+01 6.933842132533940295e-06
9.000000000000000000e+01 7.253862551692135518e-06
9.100000000000000000e+01 7.169557994996101238e-06
9.200000000000000000e+01 6.271537371453351668e-06
9.300000000000000000e+01 6.337372046100708101e-06
9.400000000000000000e+01 6.968540239001564711e-06
9.500000000000000000e+01 6.201480404288362525e-06
9.600000000000000000e+01 6.086078495740794343e-06
9.700000000000000000e+01 6.089378769053032784e-06
9.800000000000000000e+01 5.850742979259848425e-06
9.900000000000000000e+01 6.467922564402610483e-06
1.000000000000000000e+02 6.079897660074062439e-06
1.010000000000000000e+02 6.206538769856140374e-06
1.020000000000000000e+02 6.530978584152646401e-06
1.030000000000000000e+02 6.281213117658396313e-06
1.040000000000000000e+02 6.906426527844381567e-06
1.050000000000000000e+02 6.038421401278471917e-06
1.060000000000000000e+02 5.828621794207625192e-06
1.070000000000000000e+02 5.837350266864443724e-06
1.080000000000000000e+02 6.790940714984526462e-06
1.090000000000000000e+02 5.743546579012526586e-06
1.100000000000000000e+02 6.016953645078105368e-06
1.110000000000000000e+02 6.530246824101567919e-06
1.120000000000000000e+02 6.076037191697225700e-06
1.130000000000000000e+02 6.206016763563555893e-06
1.140000000000000000e+02 5.987644962846331082e-06
1.150000000000000000e+02 6.059446514691778498e-06
1.160000000000000000e+02 5.676290320078121648e-06
1.170000000000000000e+02 5.779168487188315129e-06
1.180000000000000000e+02 5.378751673801947494e-06
1.190000000000000000e+02 5.251938773852965989e-06
1.200000000000000000e+02 5.313331979267805221e-06
1.210000000000000000e+02 5.225533880916921914e-06
1.220000000000000000e+02 5.296305266390188959e-06
1.230000000000000000e+02 5.850602742980659528e-06
1.240000000000000000e+02 5.230206797298918253e-06
1.250000000000000000e+02 5.373511087348663721e-06
1.260000000000000000e+02 4.968664416937752772e-06
1.270000000000000000e+02 5.766127238075212784e-06
1.280000000000000000e+02 5.272576764499729238e-06
1.290000000000000000e+02 5.766660690407898574e-06
1.300000000000000000e+02 5.354378568323352399e-06
1.310000000000000000e+02 5.105355571657178292e-06
1.320000000000000000e+02 5.655738870845075120e-06
1.330000000000000000e+02 5.378819850146994810e-06
1.340000000000000000e+02 5.132040059700451246e-06
1.350000000000000000e+02 4.749738811965097370e-06
1.360000000000000000e+02 5.314586761242958327e-06
1.370000000000000000e+02 5.109584235487898443e-06
1.380000000000000000e+02 5.123194861474584325e-06
1.390000000000000000e+02 5.149236842506902840e-06
1.400000000000000000e+02 5.613478299304885136e-06
1.410000000000000000e+02 4.819674218941118044e-06
1.420000000000000000e+02 4.603342931723051488e-06
1.430000000000000000e+02 4.571419626039408011e-06
1.440000000000000000e+02 4.672833296907091864e-06
1.450000000000000000e+02 5.305592156178372853e-06
1.460000000000000000e+02 4.839383325296965686e-06
1.470000000000000000e+02 5.133678768819998759e-06
1.480000000000000000e+02 4.820382195882725583e-06
1.490000000000000000e+02 4.362834306556591816e-06
1.500000000000000000e+02 4.422739850739698151e-06
1.510000000000000000e+02 4.584453263757978740e-06
1.520000000000000000e+02 4.740710246737663514e-06
1.530000000000000000e+02 4.352336904453911259e-06
1.540000000000000000e+02 4.657982066069839641e-06
1.550000000000000000e+02 4.852299927447846178e-06
1.560000000000000000e+02 4.566968460394967232e-06
1.570000000000000000e+02 4.087773275760741251e-06
1.580000000000000000e+02 4.528444176838160990e-06
1.590000000000000000e+02 4.578234855172460537e-06
1.600000000000000000e+02 4.686949743407802840e-06
1.610000000000000000e+02 4.393645515248116062e-06
1.620000000000000000e+02 4.760822540096307050e-06
1.630000000000000000e+02 4.401187710302581335e-06
1.640000000000000000e+02 4.516351588231748012e-06
1.650000000000000000e+02 4.270813296314403169e-06
1.660000000000000000e+02 3.926586676023684917e-06
1.670000000000000000e+02 4.232372122995287226e-06
1.680000000000000000e+02 4.857425119209589438e-06
1.690000000000000000e+02 4.197994078555913006e-06
1.700000000000000000e+02 4.160465766911918138e-06
1.710000000000000000e+02 3.787934881736655220e-06
1.720000000000000000e+02 3.927332709240915264e-06
1.730000000000000000e+02 4.104131004380336891e-06
1.740000000000000000e+02 4.267752883520210690e-06
1.750000000000000000e+02 4.063144758203687760e-06
1.760000000000000000e+02 4.018525335736218847e-06
1.770000000000000000e+02 3.741014404847877016e-06
1.780000000000000000e+02 3.718760729990307332e-06
1.790000000000000000e+02 3.774777782748417908e-06
1.800000000000000000e+02 3.824421528461166586e-06
1.810000000000000000e+02 3.515116655030885768e-06
1.820000000000000000e+02 3.936063661726615032e-06
1.830000000000000000e+02 3.924979794707409603e-06
1.840000000000000000e+02 3.642970172937900000e-06
1.850000000000000000e+02 3.539958918389899683e-06
1.860000000000000000e+02 3.512165706156862373e-06
1.870000000000000000e+02 3.869202065822269434e-06
1.880000000000000000e+02 3.633173688181184217e-06
1.890000000000000000e+02 3.692174768958871728e-06
1.900000000000000000e+02 3.999929605974487002e-06
1.910000000000000000e+02 3.403779279456736929e-06
1.920000000000000000e+02 3.471359930031608769e-06
1.930000000000000000e+02 3.690305025692338017e-06
1.940000000000000000e+02 3.472484225303441562e-06
1.950000000000000000e+02 3.559987936546699285e-06
1.960000000000000000e+02 3.261939980353878327e-06
1.970000000000000000e+02 3.627836637380142923e-06
1.980000000000000000e+02 3.535629583021974078e-06
1.990000000000000000e+02 3.551031332569969015e-06
2.000000000000000000e+02 3.307572477766420718e-06
2.010000000000000000e+02 3.425336134005269019e-06
2.020000000000000000e+02 3.676753649304756942e-06
2.030000000000000000e+02 3.737213788720244418e-06
2.040000000000000000e+02 3.445929237944583169e-06
2.050000000000000000e+02 3.410558872969940710e-06
2.060000000000000000e+02 3.535654039214151230e-06
2.070000000000000000e+02 3.797363709642042311e-06
2.080000000000000000e+02 3.704115688929237051e-06
2.090000000000000000e+02 3.400093829156675070e-06
2.100000000000000000e+02 3.431676929091721557e-06
2.110000000000000000e+02 3.651066749758923364e-06
2.120000000000000000e+02 3.614065253997640383e-06
2.130000000000000000e+02 3.531868168687275498e-06
2.140000000000000000e+02 3.348979639809282359e-06
2.150000000000000000e+02 3.368751565013550197e-06
2.160000000000000000e+02 3.635401552452134408e-06
2.170000000000000000e+02 3.746025383861581659e-06
2.180000000000000000e+02 3.444251216058318494e-06
2.190000000000000000e+02 3.086450304923698056e-06
2.200000000000000000e+02 3.382415577363307756e-06
2.210000000000000000e+02 3.749092896564348287e-06
2.220000000000000000e+02 3.148238932845438801e-06
2.230000000000000000e+02 3.413327678182480781e-06
2.240000000000000000e+02 3.544535156555256519e-06
2.250000000000000000e+02 3.241916159655226252e-06
2.260000000000000000e+02 3.096258781119061265e-06
2.270000000000000000e+02 3.320111440677473235e-06
2.280000000000000000e+02 3.341468713976330422e-06
2.290000000000000000e+02 3.066397277133673397e-06
2.300000000000000000e+02 3.053278676373471010e-06
2.310000000000000000e+02 3.335799656032486594e-06
2.320000000000000000e+02 3.547512350193381468e-06
2.330000000000000000e+02 3.137396188768130940e-06
2.340000000000000000e+02 2.941868758985597068e-06
2.350000000000000000e+02 3.498485450575652903e-06
2.360000000000000000e+02 3.415479208903104961e-06
2.370000000000000000e+02 3.339160726859384154e-06
2.380000000000000000e+02 3.141886058494970875e-06
2.390000000000000000e+02 3.116214229788425220e-06
2.400000000000000000e+02 3.160720143613908713e-06
2.410000000000000000e+02 3.172308072943873539e-06
2.420000000000000000e+02 3.336836325205933532e-06
2.430000000000000000e+02 3.299251283332208759e-06
2.440000000000000000e+02 3.120048516308495335e-06
2.450000000000000000e+02 2.938168504216828342e-06
2.460000000000000000e+02 3.055927457782618429e-06
2.470000000000000000e+02 2.896818925966004111e-06
2.480000000000000000e+02 3.339463472759232915e-06
2.490000000000000000e+02 3.607559230170947030e-06
2.500000000000000000e+02 3.544392113065357464e-06
2.510000000000000000e+02 2.897171783191003181e-06
2.520000000000000000e+02 3.022255908997320300e-06
2.530000000000000000e+02 3.039681336573179090e-06
2.540000000000000000e+02 3.054449099274356352e-06
2.550000000000000000e+02 3.115518015416454218e-06
2.560000000000000000e+02 3.580347911870028722e-06
2.570000000000000000e+02 3.291529974540543656e-06
2.580000000000000000e+02 2.933762482714270523e-06
2.590000000000000000e+02 3.275112906263470243e-06
2.600000000000000000e+02 3.070340119600520536e-06
2.610000000000000000e+02 2.945937662596633137e-06
2.620000000000000000e+02 2.853572092765453583e-06
2.630000000000000000e+02 3.137610224871760447e-06
2.640000000000000000e+02 3.213375091506806043e-06
2.650000000000000000e+02 3.214211897220046381e-06
2.660000000000000000e+02 3.148577824709713913e-06
2.670000000000000000e+02 3.157766289405534464e-06
2.680000000000000000e+02 3.056713097416098865e-06
2.690000000000000000e+02 2.906551130356712904e-06
2.700000000000000000e+02 2.884334843487101052e-06
2.710000000000000000e+02 2.968159433422305989e-06
2.720000000000000000e+02 2.857495064756440285e-06
2.730000000000000000e+02 2.931193847461984273e-06
2.740000000000000000e+02 3.050839200572647189e-06
2.750000000000000000e+02 2.895142464672927774e-06
2.760000000000000000e+02 2.784729911267829671e-06
2.770000000000000000e+02 2.857378658814731170e-06
2.780000000000000000e+02 2.907689552934371708e-06
2.790000000000000000e+02 2.898580189760780538e-06
2.800000000000000000e+02 3.193633020400155451e-06
2.810000000000000000e+02 2.941184379472479722e-06
2.820000000000000000e+02 3.028584795364555471e-06
2.830000000000000000e+02 2.744397723228351860e-06
2.840000000000000000e+02 2.872397645685183214e-06
2.850000000000000000e+02 2.924664732519598913e-06
2.860000000000000000e+02 2.768477362649617187e-06
2.870000000000000000e+02 2.925522541417054155e-06
2.880000000000000000e+02 3.073230920415012686e-06
2.890000000000000000e+02 2.841870544583918822e-06
2.900000000000000000e+02 2.893622861809198469e-06
2.910000000000000000e+02 2.848458649775796365e-06
2.920000000000000000e+02 2.780400622701399630e-06
2.930000000000000000e+02 2.951896401908444983e-06
2.940000000000000000e+02 2.886410875124746957e-06
2.950000000000000000e+02 2.888904227263539235e-06
2.960000000000000000e+02 2.794430603205613469e-06
2.970000000000000000e+02 2.813228459917555237e-06
2.980000000000000000e+02 2.667865504801241204e-06
2.990000000000000000e+02 2.913718273146661481e-06
3.000000000000000000e+02 2.963501248253950174e-06
3.010000000000000000e+02 3.211173366437389188e-06
3.020000000000000000e+02 2.777580380543148730e-06
3.030000000000000000e+02 2.851027567794169246e-06
3.040000000000000000e+02 2.822573352195986257e-06
3.050000000000000000e+02 2.833968828029259372e-06
3.060000000000000000e+02 3.111891879212986105e-06
3.070000000000000000e+02 3.438525913662572958e-06
3.080000000000000000e+02 3.122870326196021982e-06
3.090000000000000000e+02 2.734758755469621372e-06
3.100000000000000000e+02 2.981256221918105846e-06
3.110000000000000000e+02 2.803267536720525073e-06
3.120000000000000000e+02 2.853115130626334156e-06
3.130000000000000000e+02 2.885676968978439153e-06
3.140000000000000000e+02 2.797705634211276508e-06
3.150000000000000000e+02 2.843520419959255944e-06
3.160000000000000000e+02 2.768503206117629402e-06
3.170000000000000000e+02 2.893438672610326415e-06
3.180000000000000000e+02 2.821931089250960242e-06
3.190000000000000000e+02 2.799291509437111395e-06
3.200000000000000000e+02 2.854129082562328822e-06
3.210000000000000000e+02 2.855623350118894652e-06
3.220000000000000000e+02 2.815974374312788747e-06
3.230000000000000000e+02 3.180197213336732453e-06
3.240000000000000000e+02 2.876762761165597955e-06
3.250000000000000000e+02 2.700906937974578655e-06
3.260000000000000000e+02 2.886105072148124851e-06
3.270000000000000000e+02 2.670794658830210249e-06
3.280000000000000000e+02 2.693256547720895062e-06
3.290000000000000000e+02 2.676001477265782890e-06
3.300000000000000000e+02 2.803838572892471924e-06
3.310000000000000000e+02 2.788019619998935543e-06
3.320000000000000000e+02 2.727473630554802759e-06
3.330000000000000000e+02 2.657839781943321517e-06
3.340000000000000000e+02 2.764122312940709260e-06
3.350000000000000000e+02 2.809199848825990121e-06
3.360000000000000000e+02 2.813572041055286429e-06
3.370000000000000000e+02 2.673427280908805748e-06
3.380000000000000000e+02 2.793903832801919524e-06
3.390000000000000000e+02 2.782226765138101328e-06
3.400000000000000000e+02 2.711701589049559854e-06
3.410000000000000000e+02 2.748239231467774700e-06
3.420000000000000000e+02 2.699800843035662796e-06
3.430000000000000000e+02 2.680689717538192754e-06
3.440000000000000000e+02 2.892376203081905340e-06
3.450000000000000000e+02 2.742466651807641939e-06
3.460000000000000000e+02 2.712157805612097970e-06
3.470000000000000000e+02 2.830905401712428694e-06
3.480000000000000000e+02 2.743498583930185448e-06
3.490000000000000000e+02 2.791907235668904876e-06
3.500000000000000000e+02 2.735774149444440154e-06
3.510000000000000000e+02 2.776614037696501017e-06
3.520000000000000000e+02 2.702961838530488319e-06
3.530000000000000000e+02 2.677856163540911564e-06
3.540000000000000000e+02 2.598694112862548499e-06
3.550000000000000000e+02 2.695762513482508881e-06
3.560000000000000000e+02 2.719439196881793114e-06
3.570000000000000000e+02 2.638793716691063808e-06
3.580000000000000000e+02 2.730461891590267069e-06
3.590000000000000000e+02 2.731966437841100716e-06
3.600000000000000000e+02 2.655279489435248982e-06
3.610000000000000000e+02 2.718864809031003162e-06
3.620000000000000000e+02 2.663406855852723498e-06
3.630000000000000000e+02 2.714758945180138791e-06
3.640000000000000000e+02 2.685840967391230365e-06
3.650000000000000000e+02 2.555607660316024162e-06
3.660000000000000000e+02 2.687935872472778455e-06
3.670000000000000000e+02 2.836420074784094416e-06
3.680000000000000000e+02 2.830745299021613270e-06
3.690000000000000000e+02 2.703709268753228072e-06
3.700000000000000000e+02 2.671849757521581242e-06
3.710000000000000000e+02 2.638502102231694028e-06
3.720000000000000000e+02 2.833788109114168860e-06
3.730000000000000000e+02 2.663155344613914211e-06
3.740000000000000000e+02 2.598579741887650804e-06
3.750000000000000000e+02 2.559935063922479095e-06
3.760000000000000000e+02 2.702415831725771809e-06
3.770000000000000000e+02 2.740849456471734162e-06
3.780000000000000000e+02 2.602610261613858042e-06
3.790000000000000000e+02 2.745444545727232970e-06
3.800000000000000000e+02 2.753145260016753270e-06
3.810000000000000000e+02 2.541345115170031690e-06
3.820000000000000000e+02 2.638186236128903637e-06
3.830000000000000000e+02 2.607760606946706147e-06
3.840000000000000000e+02 2.608840134913630082e-06
3.850000000000000000e+02 2.642888193938371455e-06
3.860000000000000000e+02 2.737073295644980675e-06
3.870000000000000000e+02 2.886493896649294911e-06
3.880000000000000000e+02 2.769465594210251618e-06
3.890000000000000000e+02 2.593997032947484167e-06
3.900000000000000000e+02 2.941241423238717514e-06
3.910000000000000000e+02 2.857287428068302485e-06
3.920000000000000000e+02 2.685335253268325448e-06
3.930000000000000000e+02 2.617447473095294033e-06
3.940000000000000000e+02 2.540332724670997232e-06
3.950000000000000000e+02 2.538780986521080696e-06
3.960000000000000000e+02 2.572576134349231873e-06
3.970000000000000000e+02 2.646848087941008563e-06
3.980000000000000000e+02 2.545410710925279212e-06
3.990000000000000000e+02 2.721973191804199122e-06
4.000000000000000000e+02 2.777856665176548711e-06
4.010000000000000000e+02 2.521607187330860862e-06
4.020000000000000000e+02 2.538555252469784401e-06
4.030000000000000000e+02 2.597521339756087994e-06
4.040000000000000000e+02 2.659377604184775974e-06
4.050000000000000000e+02 2.974580866028807289e-06
4.060000000000000000e+02 2.638266436476913022e-06
4.070000000000000000e+02 2.606698996382972950e-06
4.080000000000000000e+02 2.538021110856271339e-06
4.090000000000000000e+02 2.561108279683082513e-06
4.100000000000000000e+02 2.470879904990543916e-06
4.110000000000000000e+02 2.619687759140539969e-06
4.120000000000000000e+02 2.553073506684504679e-06
4.130000000000000000e+02 2.565618878328371089e-06
4.140000000000000000e+02 2.551530629115146172e-06
4.150000000000000000e+02 2.589676366328470045e-06
4.160000000000000000e+02 2.563543463416322100e-06
4.170000000000000000e+02 2.602886157367410883e-06
4.180000000000000000e+02 2.603160285274908513e-06
4.190000000000000000e+02 2.509809548581829473e-06
4.200000000000000000e+02 2.614677117389072337e-06
4.210000000000000000e+02 2.537538195033877943e-06
4.220000000000000000e+02 2.523890761802002913e-06
4.230000000000000000e+02 2.531299239226698317e-06
4.240000000000000000e+02 2.545527619475782585e-06
4.250000000000000000e+02 2.596228513077059888e-06
4.260000000000000000e+02 2.635139547686168230e-06
4.270000000000000000e+02 2.620738541649707836e-06
4.280000000000000000e+02 2.532277254361417265e-06
4.290000000000000000e+02 2.552274867838539850e-06
4.300000000000000000e+02 2.523241228122086977e-06
4.310000000000000000e+02 2.546155042535320209e-06
4.320000000000000000e+02 2.587304471311839844e-06
4.330000000000000000e+02 2.495940754159066782e-06
4.340000000000000000e+02 2.582922205010353550e-06
4.350000000000000000e+02 2.490243395135467538e-06
4.360000000000000000e+02 2.497849677915930749e-06
4.370000000000000000e+02 2.541912709228195343e-06
4.380000000000000000e+02 2.509475872889190204e-06
4.390000000000000000e+02 2.515240882857276896e-06
4.400000000000000000e+02 2.629256173879582003e-06
4.410000000000000000e+02 2.582873971457171208e-06
4.420000000000000000e+02 2.613543807706170767e-06
4.430000000000000000e+02 2.485349413389992331e-06
4.440000000000000000e+02 2.474841876144129300e-06
4.450000000000000000e+02 2.492691070276117791e-06
4.460000000000000000e+02 2.577666875428933798e-06
4.470000000000000000e+02 2.753922132953842780e-06
4.480000000000000000e+02 2.599743143595497809e-06
4.490000000000000000e+02 2.466012992129563316e-06
4.500000000000000000e+02 2.532963779400795386e-06
4.510000000000000000e+02 2.532962579295971976e-06
4.520000000000000000e+02 2.576121461069301716e-06
4.530000000000000000e+02 2.483601209731624149e-06
4.540000000000000000e+02 2.492918115068333168e-06
4.550000000000000000e+02 2.528800394674777984e-06
4.560000000000000000e+02 2.506016237144993139e-06
4.570000000000000000e+02 2.517864421870400540e-06
4.580000000000000000e+02 2.618327817428851500e-06
4.590000000000000000e+02 2.568721856772965155e-06
4.600000000000000000e+02 2.448449274858110813e-06
4.610000000000000000e+02 2.414757945799565606e-06
4.620000000000000000e+02 2.480402653418907970e-06
4.630000000000000000e+02 2.488069978308291290e-06
4.640000000000000000e+02 2.532993250405720744e-06
4.650000000000000000e+02 2.480374279917667428e-06
4.660000000000000000e+02 2.402775610392861011e-06
4.670000000000000000e+02 2.549772085435366452e-06
4.680000000000000000e+02 2.526810044964247173e-06
4.690000000000000000e+02 2.568623504862658574e-06
4.700000000000000000e+02 2.592362397511780927e-06
4.710000000000000000e+02 2.494714062888574402e-06
4.720000000000000000e+02 2.496920995580578620e-06
4.730000000000000000e+02 2.475834812707127398e-06
4.740000000000000000e+02 2.457934965231840857e-06
4.750000000000000000e+02 2.497637061951710228e-06
4.760000000000000000e+02 2.417147023782246483e-06
4.770000000000000000e+02 2.408133137188206594e-06
4.780000000000000000e+02 2.523775184388792846e-06
4.790000000000000000e+02 2.549947580778134172e-06
4.800000000000000000e+02 2.525959533207150902e-06
4.810000000000000000e+02 2.531179890928744637e-06
4.820000000000000000e+02 2.511541540432326811e-06
4.830000000000000000e+02 2.491938816666238852e-06
4.840000000000000000e+02 2.583336004481176183e-06
4.850000000000000000e+02 2.438220127462264488e-06
4.860000000000000000e+02 2.411132249200461859e-06
4.870000000000000000e+02 2.564644044701663538e-06
4.880000000000000000e+02 2.552775198499087023e-06
4.890000000000000000e+02 2.555548256660321114e-06
4.900000000000000000e+02 2.367694707912413061e-06
4.910000000000000000e+02 2.388124721625995728e-06
4.920000000000000000e+02 2.564623256619501743e-06
4.930000000000000000e+02 2.452785992638491373e-06
4.940000000000000000e+02 2.428842254259758012e-06
4.950000000000000000e+02 2.428305566108963774e-06
4.960000000000000000e+02 2.399207582330086217e-06
4.970000000000000000e+02 2.411533260224494293e-06
4.980000000000000000e+02 2.421760874571149230e-06
4.990000000000000000e+02 2.407146628585112098e-06
5.000000000000000000e+02 2.463034022397441337e-06
5.010000000000000000e+02 2.402820319975184596e-06
5.020000000000000000e+02 2.506866869316983524e-06
5.030000000000000000e+02 2.441148219943963497e-06
5.040000000000000000e+02 2.407065187361341110e-06
5.050000000000000000e+02 2.419226841799119172e-06
5.060000000000000000e+02 2.383338742537170767e-06
5.070000000000000000e+02 2.401507234204232336e-06
5.080000000000000000e+02 2.412420675244682525e-06
5.090000000000000000e+02 2.458909742277231611e-06
5.100000000000000000e+02 2.389275305562924789e-06
5.110000000000000000e+02 2.358642755530020640e-06
5.120000000000000000e+02 2.424132766565116524e-06
5.130000000000000000e+02 2.395247928725261968e-06
5.140000000000000000e+02 2.403834787265502742e-06
5.150000000000000000e+02 2.379864137173702425e-06
5.160000000000000000e+02 2.417500822919915426e-06
5.170000000000000000e+02 2.368206270649081901e-06
5.180000000000000000e+02 2.430544706946045622e-06
5.190000000000000000e+02 2.374960961223123591e-06
5.200000000000000000e+02 2.379815464687045623e-06
5.210000000000000000e+02 2.384655985055843308e-06
5.220000000000000000e+02 2.428094128791506945e-06
5.230000000000000000e+02 2.404001105707458717e-06
5.240000000000000000e+02 2.468701272009345029e-06
5.250000000000000000e+02 2.345332095269492295e-06
5.260000000000000000e+02 2.420778971627746098e-06
5.270000000000000000e+02 2.496134200093075038e-06
5.280000000000000000e+02 2.410480369009184680e-06
5.290000000000000000e+02 2.404633739702473557e-06
5.300000000000000000e+02 2.381738360757508577e-06
5.310000000000000000e+02 2.393547252223898681e-06
5.320000000000000000e+02 2.413509484113040304e-06
5.330000000000000000e+02 2.415043572585283930e-06
5.340000000000000000e+02 2.428529368133990381e-06
5.350000000000000000e+02 2.420221398532422509e-06
5.360000000000000000e+02 2.409133180777295899e-06
5.370000000000000000e+02 2.374328086317684682e-06
5.380000000000000000e+02 2.405550054295455019e-06
5.390000000000000000e+02 2.457779998263034298e-06
5.400000000000000000e+02 2.370236938977982690e-06
5.410000000000000000e+02 2.433977788894214599e-06
5.420000000000000000e+02 2.393687682080109462e-06
5.430000000000000000e+02 2.355136097903007936e-06
5.440000000000000000e+02 2.345038870205232871e-06
5.450000000000000000e+02 2.346334056667661614e-06
5.460000000000000000e+02 2.400972014546339942e-06
5.470000000000000000e+02 2.436660966734905657e-06
5.480000000000000000e+02 2.331223091923075570e-06
5.490000000000000000e+02 2.362500880691185716e-06
5.500000000000000000e+02 2.388171570933717301e-06
5.510000000000000000e+02 2.443823613051269427e-06
5.520000000000000000e+02 2.334907191318608283e-06
5.530000000000000000e+02 2.424941713160292807e-06
5.540000000000000000e+02 2.376607624197662293e-06
5.550000000000000000e+02 2.360166668432786906e-06
5.560000000000000000e+02 2.374695593954707250e-06
5.570000000000000000e+02 2.327700997605860520e-06
5.580000000000000000e+02 2.343340407046726796e-06
5.590000000000000000e+02 2.362293402799703517e-06
5.600000000000000000e+02 2.373522695876221355e-06
5.610000000000000000e+02 2.351770288168636511e-06
5.620000000000000000e+02 2.364771651248414407e-06
5.630000000000000000e+02 2.387413011669149760e-06
5.640000000000000000e+02 2.393192079524942715e-06
5.650000000000000000e+02 2.360710937143182322e-06
5.660000000000000000e+02 2.338827065540595677e-06
5.670000000000000000e+02 2.374349309053821649e-06
5.680000000000000000e+02 2.366600093234270833e-06
5.690000000000000000e+02 2.324806520608829600e-06
5.700000000000000000e+02 2.330357796757639170e-06
5.710000000000000000e+02 2.383781075014249645e-06
5.720000000000000000e+02 2.338860627192999175e-06
5.730000000000000000e+02 2.403793977301696017e-06
5.740000000000000000e+02 2.356270680619553932e-06
5.750000000000000000e+02 2.389561481970723359e-06
5.760000000000000000e+02 2.401561789353709733e-06
5.770000000000000000e+02 2.430934823279221125e-06
5.780000000000000000e+02 2.432611733761065783e-06
5.790000000000000000e+02 2.357145963538615785e-06
5.800000000000000000e+02 2.396509065286846020e-06
5.810000000000000000e+02 2.409972345705398619e-06
5.820000000000000000e+02 2.330785954406780230e-06
5.830000000000000000e+02 2.348893141032785757e-06
5.840000000000000000e+02 2.300616551732357020e-06
5.850000000000000000e+02 2.319075735813138631e-06
5.860000000000000000e+02 2.360465181579071430e-06
5.870000000000000000e+02 2.356604306943343739e-06
5.880000000000000000e+02 2.294876533871897324e-06
5.890000000000000000e+02 2.317411051313729143e-06
5.900000000000000000e+02 2.367450584626363171e-06
5.910000000000000000e+02 2.466882205373612445e-06
5.920000000000000000e+02 2.328458504843898561e-06
5.930000000000000000e+02 2.307552679035648351e-06
5.940000000000000000e+02 2.456336455533807670e-06
5.950000000000000000e+02 2.383748886299788071e-06
5.960000000000000000e+02 2.311517016627506694e-06
5.970000000000000000e+02 2.334138874130567171e-06
5.980000000000000000e+02 2.338007319815483801e-06
5.990000000000000000e+02 2.351174997474719480e-06
6.000000000000000000e+02 2.338561875391927462e-06
6.010000000000000000e+02 2.391928774952233068e-06
6.020000000000000000e+02 2.329534079423024297e-06
6.030000000000000000e+02 2.308643263793547194e-06
6.040000000000000000e+02 2.337519431013781580e-06
6.050000000000000000e+02 2.384098776221072185e-06
6.060000000000000000e+02 2.317020663773783762e-06
6.070000000000000000e+02 2.334960123204392823e-06
6.080000000000000000e+02 2.309442566284406879e-06
6.090000000000000000e+02 2.270119643062967454e-06
6.100000000000000000e+02 2.379102118958118005e-06
6.110000000000000000e+02 2.344392853484489893e-06
6.120000000000000000e+02 2.255380886742390869e-06
6.130000000000000000e+02 2.339583624211412548e-06
6.140000000000000000e+02 2.331514214236742887e-06
6.150000000000000000e+02 2.333881399031661010e-06
6.160000000000000000e+02 2.319943925457983519e-06
6.170000000000000000e+02 2.291649729958091758e-06
6.180000000000000000e+02 2.315507009779453710e-06
6.190000000000000000e+02 2.345235697793465958e-06
6.200000000000000000e+02 2.328670568351757750e-06
6.210000000000000000e+02 2.311685883212813180e-06
6.220000000000000000e+02 2.339404748838266860e-06
6.230000000000000000e+02 2.315825973343521420e-06
6.240000000000000000e+02 2.358260731097024977e-06
6.250000000000000000e+02 2.289290225660305649e-06
6.260000000000000000e+02 2.356460065254791418e-06
6.270000000000000000e+02 2.336051883890710636e-06
6.280000000000000000e+02 2.299070255162993628e-06
6.290000000000000000e+02 2.333794432011153014e-06
6.300000000000000000e+02 2.308519350099643791e-06
6.310000000000000000e+02 2.356542232444910938e-06
6.320000000000000000e+02 2.307022853934569032e-06
6.330000000000000000e+02 2.344336109417459507e-06
6.340000000000000000e+02 2.294869481883743757e-06
6.350000000000000000e+02 2.326144353816701449e-06
6.360000000000000000e+02 2.295693302288597623e-06
6.370000000000000000e+02 2.327734661222629077e-06
6.380000000000000000e+02 2.305766059041116069e-06
6.390000000000000000e+02 2.308559157396617440e-06
6.400000000000000000e+02 2.345415935225176422e-06
6.410000000000000000e+02 2.322275076460539852e-06
6.420000000000000000e+02 2.288599897925013278e-06
6.430000000000000000e+02 2.254907751450294634e-06
6.440000000000000000e+02 2.295278681070273589e-06
6.450000000000000000e+02 2.276754777277148459e-06
6.460000000000000000e+02 2.290924897227620152e-06
6.470000000000000000e+02 2.296004862488783513e-06
6.480000000000000000e+02 2.318656722488836113e-06
6.490000000000000000e+02 2.238069030123394388e-06
6.500000000000000000e+02 2.345835695542428512e-06
6.510000000000000000e+02 2.349297717339267377e-06
6.520000000000000000e+02 2.245945893621163455e-06
6.530000000000000000e+02 2.328476185533793527e-06
6.540000000000000000e+02 2.279491162912810421e-06
6.550000000000000000e+02 2.363383728278163874e-06
6.560000000000000000e+02 2.322357973033432288e-06
6.570000000000000000e+02 2.288445375392163058e-06
6.580000000000000000e+02 2.331676440003599184e-06
6.590000000000000000e+02 2.284208784245658798e-06
6.600000000000000000e+02 2.273051228382924110e-06
6.610000000000000000e+02 2.322743817193863642e-06
6.620000000000000000e+02 2.308423326362568974e-06
6.630000000000000000e+02 2.259949358310630127e-06
6.640000000000000000e+02 2.249764485342998647e-06
6.650000000000000000e+02 2.290563399220328555e-06
6.660000000000000000e+02 2.310282035074257137e-06
6.670000000000000000e+02 2.320670744396152902e-06
6.680000000000000000e+02 2.314223570832710850e-06
6.690000000000000000e+02 2.330264120215667955e-06
6.700000000000000000e+02 2.392870231344762000e-06
6.710000000000000000e+02 2.261989174096177642e-06
6.720000000000000000e+02 2.304486400107341866e-06
6.730000000000000000e+02 2.307261160935481029e-06
6.740000000000000000e+02 2.317566954730383628e-06
6.750000000000000000e+02 2.333933915476276994e-06
6.760000000000000000e+02 2.337035787045988527e-06
6.770000000000000000e+02 2.346393573852118083e-06
6.780000000000000000e+02 2.286873074409660308e-06
6.790000000000000000e+02 2.295614990302484832e-06
6.800000000000000000e+02 2.280048292552358692e-06
6.810000000000000000e+02 2.339177156671411379e-06
6.820000000000000000e+02 2.317346668393023835e-06
6.830000000000000000e+02 2.260368956252171908e-06
6.840000000000000000e+02 2.276290809454581122e-06
6.850000000000000000e+02 2.275647426593452199e-06
6.860000000000000000e+02 2.272405197018614977e-06
6.870000000000000000e+02 2.317109611307904145e-06
6.880000000000000000e+02 2.296465716283607059e-06
6.890000000000000000e+02 2.296253763681040354e-06
6.900000000000000000e+02 2.289009146401040831e-06
6.910000000000000000e+02 2.298556763603280444e-06
6.920000000000000000e+02 2.334451382300098565e-06
6.930000000000000000e+02 2.334549228552736547e-06
6.940000000000000000e+02 2.315028462741531160e-06
6.950000000000000000e+02 2.231838870460922861e-06
6.960000000000000000e+02 2.290820649801831027e-06
6.970000000000000000e+02 2.234007152116533757e-06
6.980000000000000000e+02 2.278101411316776751e-06
6.990000000000000000e+02 2.256577836199991029e-06
7.000000000000000000e+02 2.314211113377179730e-06
7.010000000000000000e+02 2.273082609708093508e-06
7.020000000000000000e+02 2.243115676486096402e-06
7.030000000000000000e+02 2.285900186270262420e-06
7.040000000000000000e+02 2.269963948670598056e-06
7.050000000000000000e+02 2.282008556590920717e-06
7.060000000000000000e+02 2.300409219234708293e-06
7.070000000000000000e+02 2.289747540213496292e-06
7.080000000000000000e+02 2.239807094797732066e-06
7.090000000000000000e+02 2.285443433135259378e-06
7.100000000000000000e+02 2.290015498531718357e-06
7.110000000000000000e+02 2.254622432159671252e-06
7.120000000000000000e+02 2.261114605685641173e-06
7.130000000000000000e+02 2.320194378054317230e-06
7.140000000000000000e+02 2.257299345966344767e-06
7.150000000000000000e+02 2.236414562513628899e-06
7.160000000000000000e+02 2.265372554052893517e-06
7.170000000000000000e+02 2.254910887882657884e-06
7.180000000000000000e+02 2.245006187394543919e-06
7.190000000000000000e+02 2.262674764641430411e-06
7.200000000000000000e+02 2.255647376258771916e-06
7.210000000000000000e+02 2.270153519039420426e-06
7.220000000000000000e+02 2.297728187987941864e-06
7.230000000000000000e+02 2.265488589786454166e-06
7.240000000000000000e+02 2.206939797481476231e-06
7.250000000000000000e+02 2.250249249645753671e-06
7.260000000000000000e+02 2.241835745361067950e-06
7.270000000000000000e+02 2.323616741980326850e-06
7.280000000000000000e+02 2.273436079994403788e-06
7.290000000000000000e+02 2.265990617404121264e-06
7.300000000000000000e+02 2.308236002535949646e-06
7.310000000000000000e+02 2.235837162737935703e-06
7.320000000000000000e+02 2.219072762846339378e-06
7.330000000000000000e+02 2.255118883523883748e-06
7.340000000000000000e+02 2.283585745276391403e-06
7.350000000000000000e+02 2.242333834370844815e-06
7.360000000000000000e+02 2.245791801298306756e-06
7.370000000000000000e+02 2.213691414430054786e-06
7.380000000000000000e+02 2.288618429190104085e-06
7.390000000000000000e+02 2.244251874918423389e-06
7.400000000000000000e+02 2.229521080174347990e-06
7.410000000000000000e+02 2.200839635871951444e-06
7.420000000000000000e+02 2.217823442714915589e-06
7.430000000000000000e+02 2.223824665909474733e-06
7.440000000000000000e+02 2.244994016090772283e-06
7.450000000000000000e+02 2.273903497970933783e-06
7.460000000000000000e+02 2.215518769864603386e-06
7.470000000000000000e+02 2.247308498872630047e-06
7.480000000000000000e+02 2.255291950739246364e-06
7.490000000000000000e+02 2.256322978173922572e-06
7.500000000000000000e+02 2.215701497327351604e-06
7.510000000000000000e+02 2.255640484196808478e-06
7.520000000000000000e+02 2.242158355728217223e-06
7.530000000000000000e+02 2.217151444023623929e-06
7.540000000000000000e+02 2.267428192147203184e-06
7.550000000000000000e+02 2.284937461036076165e-06
7.560000000000000000e+02 2.270285362211660980e-06
7.570000000000000000e+02 2.255415915661903164e-06
7.580000000000000000e+02 2.258504643998061531e-06
7.590000000000000000e+02 2.232994260916980485e-06
7.600000000000000000e+02 2.222080574968064976e-06
7.610000000000000000e+02 2.249201278309278173e-06
7.620000000000000000e+02 2.225397464688291794e-06
7.630000000000000000e+02 2.236086195441154315e-06
7.640000000000000000e+02 2.219106661858560623e-06
7.650000000000000000e+02 2.230873371426432984e-06
7.660000000000000000e+02 2.262923692581086984e-06
7.670000000000000000e+02 2.240145661801574266e-06
7.680000000000000000e+02 2.261694185704854932e-06
7.690000000000000000e+02 2.235925313016416216e-06
7.700000000000000000e+02 2.256089572234559686e-06
7.710000000000000000e+02 2.242931175583288336e-06
7.720000000000000000e+02 2.237463301167288937e-06
7.730000000000000000e+02 2.251477848791363894e-06
7.740000000000000000e+02 2.240652346519141547e-06
7.750000000000000000e+02 2.240654711609551729e-06
7.760000000000000000e+02 2.231566598486993663e-06
7.770000000000000000e+02 2.232565209022444597e-06
7.780000000000000000e+02 2.290510058681741865e-06
7.790000000000000000e+02 2.230065091395123655e-06
7.800000000000000000e+02 2.284742972735062329e-06
7.810000000000000000e+02 2.202904025305972231e-06
7.820000000000000000e+02 2.249568912744431757e-06
7.830000000000000000e+02 2.286801274028737318e-06
7.840000000000000000e+02 2.249071291753110049e-06
7.850000000000000000e+02 2.276600948483658766e-06
7.860000000000000000e+02 2.265094852227594034e-06
7.870000000000000000e+02 2.254544301831818384e-06
7.880000000000000000e+02 2.209919081177615484e-06
7.890000000000000000e+02 2.237546838926111983e-06
7.900000000000000000e+02 2.193028705467778450e-06
7.910000000000000000e+02 2.206541609435478720e-06
7.920000000000000000e+02 2.260753372175316623e-06
7.930000000000000000e+02 2.267995746504963939e-06
7.940000000000000000e+02 2.238107043757207686e-06
7.950000000000000000e+02 2.256361732903101233e-06
7.960000000000000000e+02 2.279394268634474372e-06
7.970000000000000000e+02 2.238436316504029551e-06
7.980000000000000000e+02 2.219716937773410994e-06
7.990000000000000000e+02 2.194323367016664588e-06
8.000000000000000000e+02 2.204633543755335122e-06
8.010000000000000000e+02 2.175866109805051012e-06
8.020000000000000000e+02 2.219499090192807962e-06
8.030000000000000000e+02 2.185795168927775668e-06
8.040000000000000000e+02 2.234345046936392033e-06
8.050000000000000000e+02 2.252246940336359568e-06
8.060000000000000000e+02 2.240321169090754913e-06
8.070000000000000000e+02 2.229057366900533776e-06
8.080000000000000000e+02 2.203003309697623912e-06
8.090000000000000000e+02 2.212109502538833994e-06
8.100000000000000000e+02 2.248565496042215848e-06
8.110000000000000000e+02 2.231058002925462719e-06
8.120000000000000000e+02 2.180901568139552831e-06
8.130000000000000000e+02 2.204753488204329221e-06
8.140000000000000000e+02 2.206620256973990452e-06
8.150000000000000000e+02 2.231287837458593755e-06
8.160000000000000000e+02 2.219711123349989262e-06
8.170000000000000000e+02 2.239914667734188134e-06
8.180000000000000000e+02 2.204562666290109550e-06
8.190000000000000000e+02 2.252867008716863705e-06
8.200000000000000000e+02 2.251182084297712978e-06
8.210000000000000000e+02 2.182657022246712780e-06
8.220000000000000000e+02 2.250627502801177675e-06
8.230000000000000000e+02 2.232912590888831032e-06
8.240000000000000000e+02 2.197019036466160677e-06
8.250000000000000000e+02 2.167963035822753691e-06
8.260000000000000000e+02 2.237428123475387936e-06
8.270000000000000000e+02 2.209699509004161062e-06
8.280000000000000000e+02 2.199178439032520432e-06
8.290000000000000000e+02 2.227483696390587643e-06
8.300000000000000000e+02 2.256947309813948187e-06
8.310000000000000000e+02 2.224478977406320771e-06
8.320000000000000000e+02 2.228793121158465975e-06
8.330000000000000000e+02 2.201985362383631701e-06
8.340000000000000000e+02 2.216287217437244725e-06
8.350000000000000000e+02 2.202366859962136713e-06
8.360000000000000000e+02 2.230860267098158488e-06
8.370000000000000000e+02 2.178310599953884437e-06
8.380000000000000000e+02 2.235294245243424345e-06
8.390000000000000000e+02 2.241553996823199393e-06
8.400000000000000000e+02 2.243287894381932347e-06
8.410000000000000000e+02 2.230059711313038082e-06
