300, [0.01], [0.99, 0.998], 128_5, 0.03125: 5.915560999272265e-07,1.0580271902556448e-07,9.066119929492926e-08,138
300, [0.01], [0.99, 0.998], 128_5, 0.015625: 2.2184741360168143e-08,4.6449683664363114e-09,4.006306182483283e-09,406
300, [0.01], [0.99, 0.998], 128_5, 0.0078125: 3.115181099770199e-09,5.388863518117931e-10,7.043652908570934e-10,776
300, [0.01], [0.99, 0.998], 128_5, 0.00390625: 6.858234109711003e-09,1.250295766992599e-09,1.3475358339804094e-09,512
300, [0.01], [0.99, 0.998], 128_5, 0.03125: 6.343204007084904e-07,6.146915592559012e-09,1.1842696557632227e-09,25
300, [0.01], [0.99, 0.998], 128_5, 0.015625: 2.9038763272554106e-08,2.9818737170083714e-10,7.496464007430718e-11,104
300, [0.01], [0.99, 0.998], 128_5, 0.0078125: 7.909780867334334e-09,9.620805685170538e-11,5.505951016115572e-11,215
300, [0.01], [0.99, 0.998], 20_4, 0.00390625: 7.459851956435062e-08,3.416240677829144e-10,8.083735201992938e-11,13
300, [0.01], [0.995, 0.998], 20_4, 0.00390625: 5.2482230370465186e-08,5.54159271294609e-11,5.2594977301031213e-11,21
300, [0.01], [0.995, 0.998], 32_4, 0.00390625: 5.276813496386742e-05,8.757773841996788e-06,0.0015491350265706366,48
300, [0.01], [0.995, 0.998], 14_2, 0.00390625: 2.4927164943597762e-05,4.6309494257131315e-06,0.000610486216697852,64
300, [0.01], [0.995, 0.998], 64_4, 0.00390625: 1.5753704788651895e-05,2.0435158410187776e-06,0.0003775906741177917,29
300, [0.01], [0.98, 0.998], 32_4, 0.00390625: 4.7658909113098024e-05,8.370061500540818e-06,0.0014130944865829833,131
300, [0.01], [0.99, 0.998], 32_4, 0.00390625: 2.0208027506798394e-05,3.679034142633682e-06,0.0006010055775045399,296
300, [0.01], [0.99, 0.998], 64_4, 0.00390625: 3.836135669578182e-06,6.778673780836178e-07,0.00010997477817218807,556
300, [0.01], [0.995, 0.998], 128_5, 0.00390625: 3.0130571496795575e-06,5.076155235466418e-07,8.698894123475726e-05,466
300, [0.01], [0.99, 0.998], 128_5, 0.00390625: 3.3727605200693344e-06,6.633365097845978e-07,0.00010206970249327213,926
300, [0.01], [0.99, 0.998], 20_4, 0.00390625: 6.117264249775399e-06,1.0755958721123417e-06,0.00014824916246373207,420
300, [0.01], [0.99, 0.998], 20_4, 0.00390625: 6.117264249775399e-06,1.0755958721123417e-06,0.00014824916246373207,420
300, [0.01], [0.99, 0.998], 128_5, 0.00390625: 3.3727605200693344e-06,6.633365097845978e-07,0.00010206970249327213,926
300, [0.01], [0.99, 0.998], 128_5, 0.00390625: 3.3727605200693344e-06,6.633365097845978e-07,0.00010206970249327213,926
300, [0.01], [0.99, 0.998], 20_4, 0.00390625: 1.9793879225852177e-06,3.644240451830391e-07,9.441103429656079e-05,817
300, [0.01], [0.99, 0.998], 20_4, 0.00390625, ReLU: 3.133289180736103e-06,8.253886898697481e-07,7.259547065301379e-05,202
300, [0.01], [0.99, 0.998], 20_4, 0.00390625, Sigmoid: 2.29797258526494e-06,4.0909329310326745e-07,9.966329020072136e-05,380
300, [0.01], [0.99, 0.998], 128_5, 0.00390625, Sigmoid: 9.217445343817308e-06,9.727034596331018e-07,0.00014159405033829377,69
300, [0.01], [0.99, 0.998], 128_5, 0.00390625, ReLU: 3.676413244486765e-06,6.809835121485821e-07,8.66136395099833e-05,296
300, [0.01], [0.99, 0.998], 128_5, 0.00390625: 1.1307439619803031e-06,2.3444863328552433e-07,9.441140182291908e-05,657
300, [0.01], [0.99, 0.998], 20_4, 0.00390625, Sigmoid: 2.422091312327343e-06,4.213539914639101e-07,0.00011824374694054997,237
300, [0.01], [0.99, 0.998], 20_4, 0.00390625, ReLU: 2.314876581433262e-06,6.086471518897886e-07,3.380147947896535e-05,640
300, [0.01], [0.99, 0.998], 128_5, 0.00390625, ReLU: 2.397075086233149e-06,3.9944022747463736e-07,7.434297146833034e-05,325
300, [0.01], [0.99, 0.998], 128_5, 0.00390625, Sigmoid: 9.385679571611031e-07,1.7488912882721514e-07,9.670420980509965e-05,678
300, [0.01], [0.995, 0.998], 20_4, 0.00390625, ReLU: 7.4304202179791735e-06,7.079469236745085e-06,8.51467310436336e-05,58
300, [0.01], [0.995, 0.998], 20_4, 0.00390625, Sigmoid: 3.2488613615125014e-06,2.7885549140463026e-06,0.00011919985177027724,251
300, [0.01], [0.99, 0.998], 20_4, 0.00390625, ReLU: 4.519836439368065e-06,4.135390375294395e-06,0.00011697799366688668,320
300, [0.01], [0.99, 0.998], 128_5, 0.00390625, Sigmoid: 0.00035827830737451296,0.0003891050506629133,0.003891050506563279,0
300, [0.01], [0.995, 0.998], 128_5, 0.00390625, Sigmoid: 0.00035827830737451296,0.0003891050506629133,0.003891050506563279,0
300, [0.01], [0.99, 0.998], 20_4, 0.00390625, Sigmoid: 2.4291727365152533e-06,2.2928502701940264e-06,0.0001347069119781885,425
300, [0.01], [0.99, 0.998], 20_4, 0.00390625, Softplus: 4.573088318974157e-06,5.7017762585861335e-06,9.423116579180986e-05,114
300, [0.01], [0.995, 0.998], 128_5, 0.00390625, ReLU: 9.021251285984222e-06,6.271579631421841e-06,0.00015742408930001901,143
300, [0.01], [0.995, 0.998], 20_4, 0.00390625, Softplus: 1.1904097641025491e-06,1.2952911371392897e-06,8.261711149168504e-05,527
300, [0.01], [0.995, 0.998], 128_5, 0.00390625, Softplus: 9.132216103974696e-06,6.981930542760967e-06,0.0005629918037608371,144
300, [0.01], [0.99, 0.998], 128_5, 0.00390625, ReLU: 2.5458837826598957e-06,2.204510485522512e-06,8.091163305994522e-05,479
300, [0.01], [0.99, 0.998], 128_5, 0.00390625, Softplus: 1.6615499026237039e-06,1.6831875336937789e-06,0.00019482822393358828,655
