0.000000000000000000e+00 3.530210568091821078e-04
1.000000000000000000e+00 1.011525758521034790e-04
2.000000000000000000e+00 6.080397894665851195e-05
3.000000000000000000e+00 4.959151690084605312e-05
4.000000000000000000e+00 3.933058167549533863e-05
5.000000000000000000e+00 4.877100235317484943e-05
6.000000000000000000e+00 3.013050146066551758e-05
7.000000000000000000e+00 2.788372781173260444e-05
8.000000000000000000e+00 2.403843814599514501e-05
9.000000000000000000e+00 2.411974731220051913e-05
1.000000000000000000e+01 2.286406488392210798e-05
1.100000000000000000e+01 2.118870897173637797e-05
1.200000000000000000e+01 2.299982125095338239e-05
1.300000000000000000e+01 2.779640723553266222e-05
1.400000000000000000e+01 3.566345860049055717e-05
1.500000000000000000e+01 2.252378626034879118e-05
1.600000000000000000e+01 1.440416960549169061e-05
1.700000000000000000e+01 1.566200073526076666e-05
1.800000000000000000e+01 2.310555981085283514e-05
1.900000000000000000e+01 1.685272021692608323e-05
2.000000000000000000e+01 2.023223014188361375e-05
2.100000000000000000e+01 1.997381153016043078e-05
2.200000000000000000e+01 1.783705349331889058e-05
2.300000000000000000e+01 1.381264780456837762e-05
2.400000000000000000e+01 1.565164864088431387e-05
2.500000000000000000e+01 1.351807082550257911e-05
2.600000000000000000e+01 1.348055738098429985e-05
2.700000000000000000e+01 1.143760589191030362e-05
2.800000000000000000e+01 1.160952026107056472e-05
2.900000000000000000e+01 1.588658946601803013e-05
3.000000000000000000e+01 1.151144725388899984e-05
3.100000000000000000e+01 1.410127901830817759e-05
3.200000000000000000e+01 1.353580829055301962e-05
3.300000000000000000e+01 1.291254653225051958e-05
3.400000000000000000e+01 1.316078429981385145e-05
3.500000000000000000e+01 1.149065884373785532e-05
3.600000000000000000e+01 1.093226961183561697e-05
3.700000000000000000e+01 2.063796054022312121e-05
3.800000000000000000e+01 1.194794499627032691e-05
3.900000000000000000e+01 1.158879733511612237e-05
4.000000000000000000e+01 1.377557051536340568e-05
4.100000000000000000e+01 9.496579362870246886e-06
4.200000000000000000e+01 1.006841121066883906e-05
4.300000000000000000e+01 7.923093922533819833e-06
4.400000000000000000e+01 1.246946185983970911e-05
4.500000000000000000e+01 1.106888162511955252e-05
4.600000000000000000e+01 1.236542909706659733e-05
4.700000000000000000e+01 1.304087623725651380e-05
4.800000000000000000e+01 1.489812953481529834e-05
4.900000000000000000e+01 7.781917473216352698e-06
5.000000000000000000e+01 8.875834708478584536e-06
5.100000000000000000e+01 1.840154706862350093e-05
5.200000000000000000e+01 1.351194737064654603e-05
5.300000000000000000e+01 1.027581720205219192e-05
5.400000000000000000e+01 8.742391600253225114e-06
5.500000000000000000e+01 1.036953469821199188e-05
5.600000000000000000e+01 1.236950876219148040e-05
5.700000000000000000e+01 9.459510182351655580e-06
5.800000000000000000e+01 7.206226664598465078e-06
5.900000000000000000e+01 6.395894917796807410e-06
6.000000000000000000e+01 5.863394256886515664e-06
6.100000000000000000e+01 1.028026368049192542e-05
6.200000000000000000e+01 8.703613664718617244e-06
6.300000000000000000e+01 9.274167640114327853e-06
6.400000000000000000e+01 7.500499829882844366e-06
6.500000000000000000e+01 8.030337099035757508e-06
6.600000000000000000e+01 7.684348205252993188e-06
6.700000000000000000e+01 8.528427452116971443e-06
6.800000000000000000e+01 7.637597994003066757e-06
6.900000000000000000e+01 9.801345648234013251e-06
7.000000000000000000e+01 6.738697275989032858e-06
7.100000000000000000e+01 7.489544747290161979e-06
7.200000000000000000e+01 7.857171429695217050e-06
7.300000000000000000e+01 9.309490960148910727e-06
7.400000000000000000e+01 8.189156952541938453e-06
7.500000000000000000e+01 6.262188239893913843e-06
7.600000000000000000e+01 6.592189819448934009e-06
7.700000000000000000e+01 6.177628868373043527e-06
7.800000000000000000e+01 7.569713808787686253e-06
7.900000000000000000e+01 6.463300496048647344e-06
8.000000000000000000e+01 7.697465562350252154e-06
8.100000000000000000e+01 7.267447500630792226e-06
8.200000000000000000e+01 8.930171740597758818e-06
8.300000000000000000e+01 7.405672803066652821e-06
8.400000000000000000e+01 8.408986064576272655e-06
8.500000000000000000e+01 6.690434626693920269e-06
8.600000000000000000e+01 6.116383302967624387e-06
8.700000000000000000e+01 8.207735151265923798e-06
8.800000000000000000e+01 6.599010876689453382e-06
8.900000000000000000e+01 8.020282450109272090e-06
9.000000000000000000e+01 8.396940756470039815e-06
9.100000000000000000e+01 9.870754251318673028e-06
9.200000000000000000e+01 6.043033947670053036e-06
9.300000000000000000e+01 5.459984091557156484e-06
9.400000000000000000e+01 5.186708069228686380e-06
9.500000000000000000e+01 5.768359712425320739e-06
9.600000000000000000e+01 6.453462391676544455e-06
9.700000000000000000e+01 6.244445459680139220e-06
9.800000000000000000e+01 6.064762015793573206e-06
9.900000000000000000e+01 6.173985010320205700e-06
1.000000000000000000e+02 9.440119651801021132e-06
1.010000000000000000e+02 5.410213648412473548e-06
1.020000000000000000e+02 8.468162155749517136e-06
1.030000000000000000e+02 6.786940000758111029e-06
1.040000000000000000e+02 6.498311104644322446e-06
1.050000000000000000e+02 6.805372355944570357e-06
1.060000000000000000e+02 5.461110531741521743e-06
1.070000000000000000e+02 4.880607230001935983e-06
1.080000000000000000e+02 5.512373371069842114e-06
1.090000000000000000e+02 4.728743519272122183e-06
1.100000000000000000e+02 4.431810357746236717e-06
1.110000000000000000e+02 4.464380102597263270e-06
1.120000000000000000e+02 4.870841262224775423e-06
1.130000000000000000e+02 4.408247058014049543e-06
1.140000000000000000e+02 4.601105351047798402e-06
1.150000000000000000e+02 5.216999925262276793e-06
1.160000000000000000e+02 4.553510474305785023e-06
1.170000000000000000e+02 4.926700073051995472e-06
1.180000000000000000e+02 5.644276568731002165e-06
1.190000000000000000e+02 5.541789282814416155e-06
1.200000000000000000e+02 5.083398042835519859e-06
1.210000000000000000e+02 4.708129818731476724e-06
1.220000000000000000e+02 4.134097028739116463e-06
1.230000000000000000e+02 4.069946447410623171e-06
1.240000000000000000e+02 6.203727326189984216e-06
1.250000000000000000e+02 3.542659376533743835e-06
1.260000000000000000e+02 5.152115899531616036e-06
1.270000000000000000e+02 5.655557219039886395e-06
1.280000000000000000e+02 4.193724426231484426e-06
1.290000000000000000e+02 4.251028380053021373e-06
1.300000000000000000e+02 4.503800899199373723e-06
1.310000000000000000e+02 3.942851686181940401e-06
1.320000000000000000e+02 3.755987872179059127e-06
1.330000000000000000e+02 3.895927215385730739e-06
1.340000000000000000e+02 5.406540891826786346e-06
1.350000000000000000e+02 4.885023535980101144e-06
1.360000000000000000e+02 4.587372486625932619e-06
1.370000000000000000e+02 4.703572429521295410e-06
1.380000000000000000e+02 3.667728071569203518e-06
1.390000000000000000e+02 4.079816801737423234e-06
1.400000000000000000e+02 3.430831690532793690e-06
1.410000000000000000e+02 4.808383512431021929e-06
1.420000000000000000e+02 4.051603756926711599e-06
1.430000000000000000e+02 4.372448116552781645e-06
1.440000000000000000e+02 3.689561941354813325e-06
1.450000000000000000e+02 3.049290421254595289e-06
1.460000000000000000e+02 3.394347273227259057e-06
1.470000000000000000e+02 6.059835400262187688e-06
1.480000000000000000e+02 4.189298540899907348e-06
1.490000000000000000e+02 3.652639226248606891e-06
1.500000000000000000e+02 5.142292520648479802e-06
1.510000000000000000e+02 3.583298353227889469e-06
1.520000000000000000e+02 4.788906791334505777e-06
1.530000000000000000e+02 3.639429861354321979e-06
1.540000000000000000e+02 4.025955189132459063e-06
1.550000000000000000e+02 3.456202217038470477e-06
1.560000000000000000e+02 3.674550194552608001e-06
1.570000000000000000e+02 3.987389141405641994e-06
1.580000000000000000e+02 2.959357143634960525e-06
1.590000000000000000e+02 3.332145295503325528e-06
1.600000000000000000e+02 3.259076473924165834e-06
1.610000000000000000e+02 3.235699326722596276e-06
1.620000000000000000e+02 3.653725763041264716e-06
1.630000000000000000e+02 4.182029747280773167e-06
1.640000000000000000e+02 4.173151459927053329e-06
1.650000000000000000e+02 3.488106990325141913e-06
1.660000000000000000e+02 3.143601604057172349e-06
1.670000000000000000e+02 4.269005334342495434e-06
1.680000000000000000e+02 3.676967432760031366e-06
1.690000000000000000e+02 4.594075505837606490e-06
1.700000000000000000e+02 4.407463061823946523e-06
1.710000000000000000e+02 3.747782220281266838e-06
1.720000000000000000e+02 3.563795603060421733e-06
1.730000000000000000e+02 3.277587057759271997e-06
1.740000000000000000e+02 3.513497048978904325e-06
1.750000000000000000e+02 4.008979928163298740e-06
1.760000000000000000e+02 5.252475518353224201e-06
1.770000000000000000e+02 3.232432697649207221e-06
1.780000000000000000e+02 3.321450976189846262e-06
1.790000000000000000e+02 4.265990696211269951e-06
1.800000000000000000e+02 3.584360568534267347e-06
1.810000000000000000e+02 3.054504657261776797e-06
1.820000000000000000e+02 2.960911637868348602e-06
1.830000000000000000e+02 3.236687002372991313e-06
1.840000000000000000e+02 3.059002005154935696e-06
1.850000000000000000e+02 3.366706350805551888e-06
1.860000000000000000e+02 3.986170311179423213e-06
1.870000000000000000e+02 3.583755114360472567e-06
1.880000000000000000e+02 2.737605711061788427e-06
1.890000000000000000e+02 2.917106909118537984e-06
1.900000000000000000e+02 3.910466342194991393e-06
1.910000000000000000e+02 2.795564140607330997e-06
1.920000000000000000e+02 3.764066762422683856e-06
1.930000000000000000e+02 3.017113812578226624e-06
1.940000000000000000e+02 2.757916754441163445e-06
1.950000000000000000e+02 3.226139413268696688e-06
1.960000000000000000e+02 3.307347608331852247e-06
1.970000000000000000e+02 2.771513636425046190e-06
1.980000000000000000e+02 2.780314467494890379e-06
1.990000000000000000e+02 2.741947465652212485e-06
2.000000000000000000e+02 3.434052893941983628e-06
2.010000000000000000e+02 4.111282066339073942e-06
2.020000000000000000e+02 2.925404888098805043e-06
2.030000000000000000e+02 3.282648061274817177e-06
2.040000000000000000e+02 3.558542996562515437e-06
2.050000000000000000e+02 3.059459936536567453e-06
2.060000000000000000e+02 2.925647921049460025e-06
2.070000000000000000e+02 3.266169026392643225e-06
2.080000000000000000e+02 3.218944319277048536e-06
2.090000000000000000e+02 2.648068133982435000e-06
2.100000000000000000e+02 3.791704417264884865e-06
2.110000000000000000e+02 3.368544759175594871e-06
2.120000000000000000e+02 2.718058773885666249e-06
2.130000000000000000e+02 2.653622797332808453e-06
2.140000000000000000e+02 3.089625558714082437e-06
2.150000000000000000e+02 2.685469673129246590e-06
2.160000000000000000e+02 3.148033891277291468e-06
2.170000000000000000e+02 2.550031174565909430e-06
2.180000000000000000e+02 2.526550865531597921e-06
2.190000000000000000e+02 2.953625474574336042e-06
2.200000000000000000e+02 2.896907092433981623e-06
2.210000000000000000e+02 2.720412476717722119e-06
2.220000000000000000e+02 2.555526487724746777e-06
2.230000000000000000e+02 2.570585552761738956e-06
2.240000000000000000e+02 2.501411106926069742e-06
2.250000000000000000e+02 2.683784160540845536e-06
2.260000000000000000e+02 2.523745159350543836e-06
2.270000000000000000e+02 3.354166635460847539e-06
2.280000000000000000e+02 2.633581509016018051e-06
2.290000000000000000e+02 2.450208332545456190e-06
2.300000000000000000e+02 2.889955135863181478e-06
2.310000000000000000e+02 3.517595680740465613e-06
2.320000000000000000e+02 3.175740822781738140e-06
2.330000000000000000e+02 2.720301102979730400e-06
2.340000000000000000e+02 2.514021975412256626e-06
2.350000000000000000e+02 2.645385809241448214e-06
2.360000000000000000e+02 2.485630642924716407e-06
2.370000000000000000e+02 2.422091312327342976e-06
2.380000000000000000e+02 2.509156677134355009e-06
2.390000000000000000e+02 3.010128310000491470e-06
2.400000000000000000e+02 2.625315186837048030e-06
2.410000000000000000e+02 2.421766229763145814e-06
2.420000000000000000e+02 2.656982815662241864e-06
2.430000000000000000e+02 2.570371911907207283e-06
2.440000000000000000e+02 2.511521942866722846e-06
2.450000000000000000e+02 2.641660359348332913e-06
2.460000000000000000e+02 2.690100420042893030e-06
2.470000000000000000e+02 2.795134125829919650e-06
2.480000000000000000e+02 2.614406274500842541e-06
2.490000000000000000e+02 2.843321694003158668e-06
2.500000000000000000e+02 2.678805876688802758e-06
2.510000000000000000e+02 2.479874917562662102e-06
2.520000000000000000e+02 2.718808817156953751e-06
2.530000000000000000e+02 2.761792410096387443e-06
2.540000000000000000e+02 2.477599416986476385e-06
2.550000000000000000e+02 2.943404506316761199e-06
2.560000000000000000e+02 2.823379069965979380e-06
2.570000000000000000e+02 2.707708470413592582e-06
2.580000000000000000e+02 2.652777093141301670e-06
2.590000000000000000e+02 2.410654412034384740e-06
2.600000000000000000e+02 2.780584193611487747e-06
2.610000000000000000e+02 2.716587153631786468e-06
2.620000000000000000e+02 2.807172344332258457e-06
2.630000000000000000e+02 2.359446097469961882e-06
2.640000000000000000e+02 2.306478875198660976e-06
2.650000000000000000e+02 2.568954461824179331e-06
2.660000000000000000e+02 2.553853271044032818e-06
2.670000000000000000e+02 2.495770996975806228e-06
2.680000000000000000e+02 2.507963232967533539e-06
2.690000000000000000e+02 2.946835117855533040e-06
2.700000000000000000e+02 2.740366889614548778e-06
2.710000000000000000e+02 2.496786285060783590e-06
2.720000000000000000e+02 2.504102849870480455e-06
2.730000000000000000e+02 2.449803151101094575e-06
2.740000000000000000e+02 2.560231343236199741e-06
2.750000000000000000e+02 2.659896388679012701e-06
2.760000000000000000e+02 2.533382481757034047e-06
2.770000000000000000e+02 2.525359415107700926e-06
2.780000000000000000e+02 2.319512002530062742e-06
2.790000000000000000e+02 2.376764274603481383e-06
2.800000000000000000e+02 2.765735373063179697e-06
2.810000000000000000e+02 2.472254491740603057e-06
2.820000000000000000e+02 2.351319067140098473e-06
2.830000000000000000e+02 2.498127581464533465e-06
2.840000000000000000e+02 2.452930527384478566e-06
2.850000000000000000e+02 2.694485000458796670e-06
2.860000000000000000e+02 2.338337844228677482e-06
2.870000000000000000e+02 2.575823585494213523e-06
2.880000000000000000e+02 2.440292757905432102e-06
