0.000000000000000000e+00 2.360150635734841330e-04
1.000000000000000000e+00 1.687461070693122922e-04
2.000000000000000000e+00 1.313106686012047435e-04
3.000000000000000000e+00 7.954920353873083921e-05
4.000000000000000000e+00 5.736065543065136903e-05
5.000000000000000000e+00 8.875320652606770021e-05
6.000000000000000000e+00 1.025815997817095541e-04
7.000000000000000000e+00 7.227363769480327107e-05
8.000000000000000000e+00 5.594829061238275087e-05
9.000000000000000000e+00 5.338535600057902339e-05
1.000000000000000000e+01 5.203786577338681676e-05
1.100000000000000000e+01 5.304913384833800509e-05
1.200000000000000000e+01 5.711694485090271787e-05
1.300000000000000000e+01 5.389460536364654267e-05
1.400000000000000000e+01 7.774505625826795031e-05
1.500000000000000000e+01 6.685336942413222711e-05
1.600000000000000000e+01 6.118287001063560783e-05
1.700000000000000000e+01 5.711010174159707442e-05
1.800000000000000000e+01 5.872434573794214343e-05
1.900000000000000000e+01 5.469089441936434391e-05
2.000000000000000000e+01 6.350418395909064356e-05
2.100000000000000000e+01 5.778748295107859103e-05
2.200000000000000000e+01 5.290864483179443553e-05
2.300000000000000000e+01 5.060124312691811264e-05
2.400000000000000000e+01 6.141671129153841453e-05
2.500000000000000000e+01 5.975793715784736844e-05
2.600000000000000000e+01 5.395407618950038615e-05
2.700000000000000000e+01 5.454402917831265051e-05
2.800000000000000000e+01 5.219780254495721598e-05
2.900000000000000000e+01 5.601574560022324310e-05
3.000000000000000000e+01 5.192849887973484678e-05
3.100000000000000000e+01 5.439586120650732919e-05
3.200000000000000000e+01 5.274773747521779030e-05
3.300000000000000000e+01 5.209655399098176158e-05
3.400000000000000000e+01 5.912362349126128153e-05
3.500000000000000000e+01 5.724353663071444110e-05
3.600000000000000000e+01 5.580413998118259996e-05
3.700000000000000000e+01 5.723447472131125316e-05
3.800000000000000000e+01 5.025319505683585814e-05
3.900000000000000000e+01 7.255828877758611862e-05
4.000000000000000000e+01 5.509866333574267800e-05
4.100000000000000000e+01 5.639155439313642889e-05
4.200000000000000000e+01 5.324676263036620455e-05
4.300000000000000000e+01 5.412657625366628164e-05
4.400000000000000000e+01 5.224056746649724856e-05
4.500000000000000000e+01 6.149161211858799269e-05
4.600000000000000000e+01 5.407209487167202825e-05
4.700000000000000000e+01 5.067942902629000599e-05
4.800000000000000000e+01 4.936415873794094738e-05
4.900000000000000000e+01 5.006400217688330783e-05
5.000000000000000000e+01 5.048169305305048226e-05
5.100000000000000000e+01 5.048465852844139223e-05
5.200000000000000000e+01 4.853253167163755168e-05
5.300000000000000000e+01 5.564201677588203465e-05
5.400000000000000000e+01 5.365218076309970680e-05
5.500000000000000000e+01 5.100517470673120239e-05
5.600000000000000000e+01 5.170854261494736600e-05
5.700000000000000000e+01 4.967717912750499633e-05
5.800000000000000000e+01 5.056327480482544431e-05
5.900000000000000000e+01 4.912366354565913021e-05
6.000000000000000000e+01 5.690835012978411143e-05
6.100000000000000000e+01 5.364289161527913201e-05
6.200000000000000000e+01 5.120338941789562563e-05
6.300000000000000000e+01 4.908573658182226445e-05
6.400000000000000000e+01 5.317476648120737759e-05
6.500000000000000000e+01 5.502571306748859649e-05
6.600000000000000000e+01 5.053655170423795027e-05
6.700000000000000000e+01 5.068624750327007159e-05
6.800000000000000000e+01 5.145388714042211460e-05
6.900000000000000000e+01 4.918180402146256287e-05
7.000000000000000000e+01 5.123443590284931597e-05
7.100000000000000000e+01 4.955933314259620970e-05
7.200000000000000000e+01 5.049081598300438376e-05
7.300000000000000000e+01 5.125465637259383746e-05
7.400000000000000000e+01 5.125539790893861688e-05
7.500000000000000000e+01 5.009584743469742128e-05
7.600000000000000000e+01 5.004641624873022840e-05
7.700000000000000000e+01 4.884984162325908721e-05
7.800000000000000000e+01 4.876343352498948078e-05
7.900000000000000000e+01 4.891222961404210340e-05
8.000000000000000000e+01 5.061895942505959033e-05
8.100000000000000000e+01 5.031011233700419179e-05
8.200000000000000000e+01 5.085701093601097177e-05
8.300000000000000000e+01 4.901135386194644067e-05
8.400000000000000000e+01 4.867630320266196526e-05
8.500000000000000000e+01 4.988621634810494124e-05
8.600000000000000000e+01 4.869841696459401703e-05
8.700000000000000000e+01 4.987604348790217114e-05
8.800000000000000000e+01 4.876480556813387620e-05
8.900000000000000000e+01 4.830355261128597657e-05
9.000000000000000000e+01 4.957357563040551863e-05
9.100000000000000000e+01 4.965905167987523663e-05
9.200000000000000000e+01 4.888089569874454378e-05
9.300000000000000000e+01 4.921306003370022435e-05
9.400000000000000000e+01 4.884281038046374727e-05
9.500000000000000000e+01 4.975363007096187198e-05
9.600000000000000000e+01 4.864428240864433203e-05
9.700000000000000000e+01 4.922099562650923557e-05
9.800000000000000000e+01 4.874596869347213142e-05
9.900000000000000000e+01 4.913229261979591039e-05
1.000000000000000000e+02 5.044608554974957387e-05
1.010000000000000000e+02 4.883981365095475574e-05
1.020000000000000000e+02 4.823776380687173351e-05
1.030000000000000000e+02 5.047285691691255096e-05
1.040000000000000000e+02 4.842876470291129526e-05
1.050000000000000000e+02 4.954323105379837105e-05
1.060000000000000000e+02 4.995677849284316826e-05
1.070000000000000000e+02 4.945034306419720388e-05
1.080000000000000000e+02 5.030246936200987086e-05
1.090000000000000000e+02 5.014108629110356207e-05
1.100000000000000000e+02 4.983049366605780972e-05
1.110000000000000000e+02 4.937840517865256572e-05
1.120000000000000000e+02 4.885405648480050338e-05
1.130000000000000000e+02 4.912331975876862750e-05
1.140000000000000000e+02 4.910640253636901111e-05
1.150000000000000000e+02 4.907941673701938666e-05
1.160000000000000000e+02 4.897155065966145348e-05
1.170000000000000000e+02 4.922850941002608751e-05
1.180000000000000000e+02 4.874644451607923636e-05
1.190000000000000000e+02 4.907695706332292979e-05
1.200000000000000000e+02 4.930631198810364455e-05
1.210000000000000000e+02 4.908298795164421516e-05
1.220000000000000000e+02 4.762876345713720273e-05
1.230000000000000000e+02 4.778776539377117800e-05
1.240000000000000000e+02 4.770208407644482661e-05
1.250000000000000000e+02 4.770709078206824627e-05
1.260000000000000000e+02 4.867644277166737279e-05
1.270000000000000000e+02 4.863836442512504331e-05
1.280000000000000000e+02 4.799491659470712517e-05
1.290000000000000000e+02 4.881613451239113599e-05
1.300000000000000000e+02 4.706362634998702640e-05
1.310000000000000000e+02 4.765890911309802444e-05
1.320000000000000000e+02 4.897311670427174175e-05
1.330000000000000000e+02 4.800681430318083469e-05
1.340000000000000000e+02 4.803583953486011170e-05
1.350000000000000000e+02 4.829986196430449767e-05
1.360000000000000000e+02 4.835034274878455057e-05
1.370000000000000000e+02 4.812289123504562727e-05
1.380000000000000000e+02 4.917902052041397243e-05
1.390000000000000000e+02 4.933666375743926062e-05
1.400000000000000000e+02 4.835400181512244559e-05
1.410000000000000000e+02 4.866893694253279768e-05
1.420000000000000000e+02 4.771467235431057753e-05
1.430000000000000000e+02 4.869213806360358018e-05
1.440000000000000000e+02 4.809751705134521080e-05
1.450000000000000000e+02 4.908200727592060427e-05
1.460000000000000000e+02 4.869126512035201472e-05
1.470000000000000000e+02 4.818087147466272732e-05
1.480000000000000000e+02 4.793789181146172675e-05
1.490000000000000000e+02 4.868053558743475539e-05
1.500000000000000000e+02 4.842817152451234437e-05
1.510000000000000000e+02 4.832614616750107416e-05
1.520000000000000000e+02 4.836056751853067551e-05
1.530000000000000000e+02 4.791677985519687875e-05
1.540000000000000000e+02 4.810880974424939599e-05
1.550000000000000000e+02 4.872887929797197712e-05
1.560000000000000000e+02 4.796988404185105004e-05
1.570000000000000000e+02 4.814526284746357612e-05
1.580000000000000000e+02 4.818997429952687596e-05
1.590000000000000000e+02 4.799928091896029324e-05
1.600000000000000000e+02 4.716834397602593932e-05
1.610000000000000000e+02 4.803569034735748910e-05
1.620000000000000000e+02 4.835851672966653573e-05
1.630000000000000000e+02 4.824520502555531317e-05
1.640000000000000000e+02 4.671809265754584998e-05
1.650000000000000000e+02 4.774940898683890900e-05
1.660000000000000000e+02 4.775214042993041971e-05
1.670000000000000000e+02 4.754172746541338599e-05
1.680000000000000000e+02 4.897088805284572439e-05
1.690000000000000000e+02 4.850488509704211450e-05
1.700000000000000000e+02 4.860079564319214789e-05
1.710000000000000000e+02 4.736460848190071897e-05
1.720000000000000000e+02 4.785481203062243736e-05
1.730000000000000000e+02 4.777628262776839531e-05
1.740000000000000000e+02 4.830119291456666297e-05
1.750000000000000000e+02 4.782202045492699497e-05
1.760000000000000000e+02 4.783393746260382280e-05
1.770000000000000000e+02 4.776740890543003593e-05
1.780000000000000000e+02 4.767816206701282498e-05
1.790000000000000000e+02 4.743541839401201125e-05
1.800000000000000000e+02 4.719941986301290083e-05
1.810000000000000000e+02 4.796134403178965955e-05
1.820000000000000000e+02 4.755886048860955316e-05
1.830000000000000000e+02 4.738715325490637704e-05
1.840000000000000000e+02 4.817122845600021471e-05
1.850000000000000000e+02 4.788134110614864153e-05
1.860000000000000000e+02 4.788689521587754459e-05
1.870000000000000000e+02 4.765787762512260073e-05
1.880000000000000000e+02 4.754829543409210663e-05
1.890000000000000000e+02 4.818332772106715789e-05
1.900000000000000000e+02 4.738551035293523365e-05
1.910000000000000000e+02 4.789051054703469300e-05
1.920000000000000000e+02 4.826473792896631559e-05
1.930000000000000000e+02 4.751123245012852183e-05
1.940000000000000000e+02 4.803593411302532361e-05
1.950000000000000000e+02 4.853841267894477016e-05
1.960000000000000000e+02 4.807110221275859633e-05
1.970000000000000000e+02 4.750055322548133130e-05
1.980000000000000000e+02 4.754710804116878896e-05
1.990000000000000000e+02 4.867451967016917620e-05
2.000000000000000000e+02 4.745989451464674907e-05
2.010000000000000000e+02 4.814152186125802253e-05
2.020000000000000000e+02 4.725026163043987066e-05
2.030000000000000000e+02 4.765721128855358971e-05
2.040000000000000000e+02 4.744209836587873322e-05
2.050000000000000000e+02 4.824186668552936835e-05
2.060000000000000000e+02 4.724470291180350078e-05
2.070000000000000000e+02 4.789671933668675723e-05
2.080000000000000000e+02 4.810629553098018417e-05
2.090000000000000000e+02 4.727390303783874699e-05
2.100000000000000000e+02 4.796145481070042339e-05
2.110000000000000000e+02 4.776096888813383671e-05
2.120000000000000000e+02 4.750563215546766164e-05
2.130000000000000000e+02 4.746809629337079927e-05
2.140000000000000000e+02 4.758929252481483785e-05
2.150000000000000000e+02 4.811733774891522778e-05
2.160000000000000000e+02 4.772610670703273294e-05
2.170000000000000000e+02 4.817559378459214582e-05
2.180000000000000000e+02 4.745253653561651226e-05
2.190000000000000000e+02 4.735261679434816373e-05
2.200000000000000000e+02 4.766898375947691398e-05
2.210000000000000000e+02 4.748354989564980021e-05
2.220000000000000000e+02 4.783290191493923656e-05
2.230000000000000000e+02 4.768869267235305027e-05
2.240000000000000000e+02 4.736977622029070061e-05
2.250000000000000000e+02 4.759941171712799723e-05
2.260000000000000000e+02 4.756863645509573456e-05
2.270000000000000000e+02 4.748322785550080358e-05
2.280000000000000000e+02 4.791864148824517741e-05
2.290000000000000000e+02 4.778457623648612793e-05
2.300000000000000000e+02 4.846045150279051813e-05
2.310000000000000000e+02 4.774620516558843668e-05
2.320000000000000000e+02 4.741877163926326805e-05
