5.164046681349550826e-03
9.105296769110444305e-03
2.103524004874784137e-01
3.077679949860665214e-03
3.257449285160302771e-02
4.847296336571040205e-03
8.206856337899076995e-03
2.780910490348392772e-02
4.140194228954312793e-03
2.469874727577237982e-03
4.656030563857955357e-03
5.274624020315787573e-03
1.029726208663903596e-02
4.059186877824413203e-03
5.719697490114752231e-02
2.253399052198939729e-03
3.429058132373226115e-03
8.806905767333435275e-02
3.713818610260211962e-03
5.306110994969540084e-03
3.389347064109599628e-01
6.241365448262135851e-02
3.329864217022319908e-03
3.928325672319476006e-03
1.721729756236094894e-02
1.599948814722595069e-03
3.566213450089834262e-03
5.668910317599697504e-03
2.078759973977580694e-02
1.837343684028348509e-02
5.483090443273753133e-03
4.937901458989991596e-03
2.958754581553604823e-01
3.797612363945452024e-03
7.788300964659851736e-03
4.530239152220479071e-02
4.386883789919005482e-03
2.504139036466012345e-03
1.959029759113763702e-01
2.924289691067319744e-03
3.007019923032437300e-02
2.796915554886108546e-01
6.412525869522091998e-03
4.865069252000341245e-03
1.589219592098001059e-03
4.813240794593875820e-03
2.146261610770465456e-03
2.862881294449479488e-02
6.288253177008965369e-03
4.317000021282851006e-03
4.449973217284798957e-03
2.275984749458968403e-03
2.089740985527153028e-03
2.911403631373592205e-03
5.719805635167943964e-02
1.060724024772717461e-01
4.496107881251881419e-03
4.463061551168615894e-03
2.468933056507980565e-03
2.273360596181276533e-02
2.514816982967247542e-03
8.956742871070731693e-02
3.353891029787416794e-03
5.254393118130946429e-03
7.757086756911310381e-03
5.719693336634264387e-03
2.288134339965350404e-03
1.966927673681494737e-01
5.604707216578465670e-03
1.804360499178436425e-02
2.291800908992017161e-03
6.366770477673379912e-03
6.937459442476604822e-03
7.644793900380187496e-03
3.821121669487152067e-02
3.606127398871654226e-03
3.344783789969087151e-03
2.105865863435433128e-03
3.467877965427267929e-03
7.772151451443633056e-03
7.558134248127548228e-03
4.559733788239755427e-03
7.411207969054011899e-03
3.861123793960612258e-03
2.148742979940053074e-03
2.661866387067507965e-03
1.999079597039935246e-03
2.712220604992239895e-03
4.321760061968396571e-03
4.799436681704652603e-03
1.483501692106411161e-02
3.681927589135105920e-03
4.109795899330494044e-03
1.698507948163594872e-03
2.598305974913965588e-02
8.063295882539768533e-03
2.196803973500192561e-03
1.825852996513216333e-03
1.737916878960293066e-01
2.050652843824677263e-03
2.313235050556467724e-03
2.926205818822688771e-03
3.186616664751704391e-03
2.215085438479850403e-03
5.490482649721355364e-03
2.123717075832975976e-03
4.854227991817170081e-03
3.960233847979714727e-03
1.843835302355999878e-02
7.467244637062318315e-03
3.063386927007490709e-03
2.370244417455419708e-03
4.429035512717645687e-03
3.178728591824336869e-02
5.123632372763612872e-03
3.414460430900169517e-03
6.234073291321786704e-03
6.756048276784143956e-03
3.856701738251720746e-03
1.461438203436938969e-02
4.145307621933672949e-03
4.229799434855989124e-03
4.649739201272668626e-03
7.618294444994772215e-03
2.543850262844478665e-03
6.493485495337997411e-03
2.852754937052252946e-03
1.548986199214310022e-01
4.675103231541340686e-03
1.762057528231918309e-03
8.205903903664356347e-02
2.815445257015533262e-02
6.698893131609335444e-03
4.949814397690013162e-03
6.500982489982340060e-03
4.564960475151051168e-03
3.290968508603001313e-03
4.779328257624511356e-03
6.519610975324532411e-03
7.110062575219644812e-03
5.708072946156488026e-03
4.850893392783758862e-03
2.993843832820947560e-03
2.676442940274533638e-02
1.669717431945820507e-03
5.300397134140153940e-03
8.253473732661401052e-02
7.555893966366953630e-03
5.714491418267363815e-03
4.525024986846311152e-03
6.975467217589671927e-03
6.273035049531227800e-03
2.491434417671847899e-03
4.300703323722320989e-03
5.348659790423964527e-02
3.985723485858068231e-03
3.384151797604140199e-02
3.619647776900816825e-03
2.615415987109365008e-03
2.857987217510590035e-03
2.485259337149740497e-03
2.293005302558597802e-01
1.810229700002586499e-03
3.192931456965351390e-03
3.068149420035113945e-03
2.106856850982601059e-03
6.924374299849796188e-02
2.433655773057999839e-03
1.232548168649424090e-02
2.487300175153784286e-03
3.792314332003605352e-03
6.135272343270353756e-03
2.587871183560182600e-02
4.362220319769139106e-03
1.680427500328598826e-03
2.351534242274026520e-01
3.156544679679068946e-03
6.838484500914367853e-03
3.920451692640508461e-03
4.701529694080327365e-03
3.727286320299767839e-03
8.186390937918711433e-03
3.588122405208960582e-03
2.803339410259354444e-03
2.358142238347962164e-03
4.270936153264025086e-03
5.843490332803182377e-03
4.919618695722979829e-03
2.118044192244819806e-03
1.950338815884818111e-02
1.549171326780412420e-03
3.957557070927829150e-03
3.136886219162191621e-03
2.297611160951954640e-02
8.190395876753719939e-02
7.255141685377274573e-03
6.977149426202750374e-03
3.022399925563034034e-03
4.498864046093210833e-03
3.442709263879515421e-03
2.550352834267475503e-03
5.593873700786479268e-03
2.056949983785324662e-03
7.442284188005607141e-03
2.613817940658121758e-03
2.699838034518847046e-02
3.413818570628710403e-03
4.344017718547166576e-03
7.042750143574226691e-03
2.318332001313578097e-02
1.414563457291419767e-02
4.625439197091067711e-03
6.949095431932525956e-03
1.790195172563597160e-03
1.054454413393578205e-02
4.052240661674968644e-03
2.570030023392227882e-03
4.782669129125977081e-03
2.334965096140102000e-03
2.499552967175023566e-01
2.247680855088116450e-02
7.658956662268101220e-03
4.738487468423631908e-03
1.940075489986065917e-03
4.641401841632385172e-03
2.768139198253386120e-03
4.462670373559346829e-03
4.964682984658743206e-03
2.095072227121691586e-03
3.159331484259018247e-02
2.064213393527903912e-03
4.624106469629060689e-03
1.476340109607267737e-03
3.587336344456944735e-03
1.930622057841277495e-02
2.205978292741469886e-03
4.097205224473036977e-03
4.904329369654420595e-03
4.383939511333396523e-03
2.127773795649082981e-03
6.280716192532074908e-03
3.475588755165503856e-03
2.807255296736315461e-03
4.326159955011460966e-03
2.289170155070865964e-03
4.026419178497045968e-03
8.170530109297255775e-03
1.714454726630008355e-03
1.757748489273130207e-03
1.196297431356397462e-01
1.227449180259514681e-02
1.379117409151984358e-02
5.002428072517254090e-03
3.065025155326735282e-03
4.673562858075039003e-03
6.967280924705184994e-03
3.438182330414659305e-03
3.019733074848076227e-03
5.013556260140163492e-03
2.071385808273439738e-03
2.913229787096982028e-03
2.567774978585782297e-02
4.684697155025683950e-03
3.129332465282318176e-02
1.716473317037085430e-03
2.131949292008310931e-03
4.485484868583965688e-03
6.321477059679832949e-03
2.049384379505845601e-03
4.391868538245829144e-03
3.123770830733040849e-01
4.630910803188850733e-03
3.050495732322318528e-03
5.805009835189638666e-03
5.245232584326002361e-03
2.065133374853785845e-03
7.189976365001202706e-03
2.276014390526693697e-03
1.938900454705253310e-02
2.940495208678751797e-03
2.097534349996238012e-03
4.487836845920708737e-03
1.956622780527584281e-03
4.532728869953496151e-03
3.249985372891456802e-03
4.838112816411551526e-03
3.131002756089142167e-03
6.551063902157765358e-03
5.210405398784102513e-03
4.382489173313281090e-03
4.715358076359558656e-03
2.945225814583083378e-03
1.778167279453793641e-03
4.488886666224187888e-03
6.410166698259098239e-03
4.854121791410767953e-03
3.270811728662627402e-03
1.254058488547721111e-02
3.624635153590071400e-03
2.005258098566117721e-03
