0.000000000000000000e+00 2.822666471262699940e-05
1.000000000000000000e+00 1.759337796124227257e-05
2.000000000000000000e+00 1.415994244826759590e-05
3.000000000000000000e+00 1.319764106426635751e-05
4.000000000000000000e+00 1.114038286975252069e-05
5.000000000000000000e+00 1.106242043796441358e-05
6.000000000000000000e+00 1.140550108833081383e-05
7.000000000000000000e+00 1.124258306869817679e-05
8.000000000000000000e+00 9.836863200012091522e-06
9.000000000000000000e+00 9.148242423134890183e-06
1.000000000000000000e+01 9.685335444402552065e-06
1.100000000000000000e+01 9.327591984011118152e-06
1.200000000000000000e+01 8.515652771902011676e-06
1.300000000000000000e+01 8.076159149421816274e-06
1.400000000000000000e+01 7.116535607775448985e-06
1.500000000000000000e+01 6.128162777716257002e-06
1.600000000000000000e+01 3.750193980334730352e-06
1.700000000000000000e+01 2.318093072337348394e-06
1.800000000000000000e+01 1.785329001043399151e-06
1.900000000000000000e+01 1.645074581082700003e-06
2.000000000000000000e+01 1.237387273395642206e-06
2.100000000000000000e+01 1.164435323486626719e-06
2.200000000000000000e+01 1.132077428630370175e-06
2.300000000000000000e+01 8.880611318766104369e-07
2.400000000000000000e+01 8.283782657629380502e-07
2.500000000000000000e+01 6.772398881878771078e-07
2.600000000000000000e+01 6.596485827978255728e-07
2.700000000000000000e+01 6.003890145085645784e-07
2.800000000000000000e+01 5.289846331257175702e-07
2.900000000000000000e+01 4.528670599453180218e-07
3.000000000000000000e+01 4.148361763260433363e-07
3.100000000000000000e+01 3.731717968309514998e-07
3.200000000000000000e+01 3.463170459390902031e-07
3.300000000000000000e+01 3.494444613887682376e-07
3.400000000000000000e+01 2.994307436891719169e-07
3.500000000000000000e+01 2.810872927861341451e-07
3.600000000000000000e+01 2.902551688256249850e-07
3.700000000000000000e+01 3.075578524899615755e-07
3.800000000000000000e+01 2.478686188324301769e-07
3.900000000000000000e+01 2.555904301023607544e-07
4.000000000000000000e+01 2.601851960870188642e-07
4.100000000000000000e+01 2.209352773562990475e-07
4.200000000000000000e+01 2.059301899739248511e-07
4.300000000000000000e+01 2.177030352091696464e-07
4.400000000000000000e+01 2.424609457301667018e-07
4.500000000000000000e+01 2.082989568702578004e-07
4.600000000000000000e+01 2.011184337758219316e-07
4.700000000000000000e+01 1.847747091638211633e-07
4.800000000000000000e+01 1.805586928796834106e-07
4.900000000000000000e+01 1.853956378843033578e-07
5.000000000000000000e+01 2.041786455219194418e-07
5.100000000000000000e+01 2.126727830166781266e-07
5.200000000000000000e+01 1.820620193901371506e-07
5.300000000000000000e+01 2.332834677845554118e-07
5.400000000000000000e+01 1.718564929093073771e-07
5.500000000000000000e+01 1.549181029731159296e-07
5.600000000000000000e+01 1.592667453869848897e-07
5.700000000000000000e+01 1.700799468285814340e-07
5.800000000000000000e+01 1.490612872327775407e-07
5.900000000000000000e+01 1.339343662264170065e-07
6.000000000000000000e+01 1.444262541960708365e-07
6.100000000000000000e+01 1.829396604093460159e-07
6.200000000000000000e+01 1.424688123408364856e-07
6.300000000000000000e+01 1.472711007647381521e-07
6.400000000000000000e+01 1.220838881464098705e-07
6.500000000000000000e+01 1.175872173497778209e-07
6.600000000000000000e+01 1.259064471931068057e-07
6.700000000000000000e+01 1.157145535128946696e-07
6.800000000000000000e+01 1.334849931736613500e-07
6.900000000000000000e+01 1.280779837219220599e-07
7.000000000000000000e+01 1.044575074072627118e-07
7.100000000000000000e+01 1.044645667897418390e-07
7.200000000000000000e+01 1.062728523218642421e-07
7.300000000000000000e+01 1.138786276408682848e-07
7.400000000000000000e+01 1.314804370661491245e-07
7.500000000000000000e+01 1.782558390481258212e-07
7.600000000000000000e+01 9.882463230177688992e-08
7.700000000000000000e+01 1.174392828841987024e-07
7.800000000000000000e+01 1.111448098435551646e-07
7.900000000000000000e+01 1.192678538931360530e-07
8.000000000000000000e+01 1.100701494416132566e-07
8.100000000000000000e+01 9.754202059103267806e-08
8.200000000000000000e+01 1.071340626373312518e-07
8.300000000000000000e+01 1.021384452263392976e-07
8.400000000000000000e+01 1.084507827802261744e-07
8.500000000000000000e+01 1.110809632167363937e-07
8.600000000000000000e+01 7.987948077770644144e-08
8.700000000000000000e+01 9.377163272260204972e-08
8.800000000000000000e+01 8.839904482755092191e-08
8.900000000000000000e+01 8.560357469952524980e-08
9.000000000000000000e+01 8.318193035216757398e-08
9.100000000000000000e+01 1.148180029275704381e-07
9.200000000000000000e+01 9.565449845202729561e-08
9.300000000000000000e+01 9.603753828556988665e-08
9.400000000000000000e+01 8.988221896131188670e-08
9.500000000000000000e+01 8.199968946990567875e-08
9.600000000000000000e+01 8.197463166225259335e-08
9.700000000000000000e+01 7.615004082576114726e-08
9.800000000000000000e+01 7.442633252222743757e-08
9.900000000000000000e+01 7.672693125455249588e-08
1.000000000000000000e+02 1.011082829156474584e-07
1.010000000000000000e+02 1.271818418975894711e-07
1.020000000000000000e+02 9.099214959232136161e-08
1.030000000000000000e+02 8.009891966486157668e-08
1.040000000000000000e+02 6.939587457705664146e-08
1.050000000000000000e+02 6.465619042005169305e-08
1.060000000000000000e+02 6.900898069081717507e-08
1.070000000000000000e+02 6.344102358402751925e-08
1.080000000000000000e+02 6.107494302725340518e-08
1.090000000000000000e+02 6.904545925423018065e-08
1.100000000000000000e+02 5.750282724288621778e-08
1.110000000000000000e+02 1.080061116322700200e-07
1.120000000000000000e+02 6.301905084247696822e-08
1.130000000000000000e+02 6.042451680846007732e-08
1.140000000000000000e+02 7.908491415685967782e-08
1.150000000000000000e+02 6.767820827060680942e-08
1.160000000000000000e+02 8.296888689058445986e-08
1.170000000000000000e+02 5.828898289900154291e-08
1.180000000000000000e+02 4.935331209778578359e-08
1.190000000000000000e+02 5.329246433205445224e-08
1.200000000000000000e+02 4.765077396082612421e-08
1.210000000000000000e+02 6.054728768774149453e-08
1.220000000000000000e+02 4.961052126265853394e-08
1.230000000000000000e+02 6.753594988482081121e-08
1.240000000000000000e+02 5.113948716188084590e-08
1.250000000000000000e+02 7.478879494880780992e-08
1.260000000000000000e+02 7.123741093356957488e-08
1.270000000000000000e+02 6.174584684712410887e-08
1.280000000000000000e+02 4.933012985275946282e-08
1.290000000000000000e+02 4.609778179161217701e-08
1.300000000000000000e+02 5.104941712119177338e-08
1.310000000000000000e+02 5.282828579408956630e-08
1.320000000000000000e+02 4.996427687350510109e-08
1.330000000000000000e+02 4.023565854263873439e-08
1.340000000000000000e+02 5.722783770557221042e-08
1.350000000000000000e+02 4.625398992861231657e-08
1.360000000000000000e+02 4.461704377714896269e-08
1.370000000000000000e+02 3.794599366955738516e-08
1.380000000000000000e+02 3.553670571394311159e-08
1.390000000000000000e+02 6.605331675221483250e-08
1.400000000000000000e+02 3.884150931309212049e-08
1.410000000000000000e+02 4.741878216704797257e-08
1.420000000000000000e+02 6.286519847907143667e-08
1.430000000000000000e+02 4.200004625324912697e-08
1.440000000000000000e+02 4.118772705029399766e-08
1.450000000000000000e+02 3.188126872687316980e-08
1.460000000000000000e+02 3.291789065026021422e-08
1.470000000000000000e+02 3.434034754716425535e-08
1.480000000000000000e+02 3.233589389385484555e-08
1.490000000000000000e+02 6.356148685547257039e-08
1.500000000000000000e+02 9.886275487469476451e-08
1.510000000000000000e+02 5.076295400544308126e-08
1.520000000000000000e+02 3.756311114564137537e-08
1.530000000000000000e+02 3.307388063562117043e-08
1.540000000000000000e+02 2.556032662377186399e-08
1.550000000000000000e+02 4.155859811430362804e-08
1.560000000000000000e+02 4.498621964416398071e-08
1.570000000000000000e+02 2.783692190745585827e-08
1.580000000000000000e+02 4.083265622214202889e-08
1.590000000000000000e+02 3.181294895413032902e-08
1.600000000000000000e+02 2.287247048746277487e-08
1.610000000000000000e+02 2.926046270112549392e-08
1.620000000000000000e+02 2.341426756957366964e-08
1.630000000000000000e+02 3.955452379184443879e-08
1.640000000000000000e+02 2.729612380702677833e-08
1.650000000000000000e+02 2.539599440110228378e-08
1.660000000000000000e+02 5.107164905586215997e-08
1.670000000000000000e+02 3.055706362155143053e-08
1.680000000000000000e+02 2.556369550582499300e-08
1.690000000000000000e+02 2.154646191760501716e-08
1.700000000000000000e+02 2.106492377616326787e-08
1.710000000000000000e+02 5.458954725656374423e-08
1.720000000000000000e+02 3.173433182772031260e-08
1.730000000000000000e+02 3.653906357990880953e-08
1.740000000000000000e+02 1.957241670935790451e-08
1.750000000000000000e+02 2.616595499015475711e-08
1.760000000000000000e+02 1.773875988877322890e-08
1.770000000000000000e+02 1.778210010005452162e-08
1.780000000000000000e+02 2.138723444966560164e-08
1.790000000000000000e+02 2.221892280512738542e-08
1.800000000000000000e+02 1.921075880066474713e-08
1.810000000000000000e+02 3.582764606099522097e-08
1.820000000000000000e+02 4.754839485559457417e-08
1.830000000000000000e+02 2.051392026686766139e-08
1.840000000000000000e+02 2.551362608316237562e-08
1.850000000000000000e+02 2.354283433840405319e-08
1.860000000000000000e+02 1.897512787285190475e-08
1.870000000000000000e+02 2.836516383232985676e-08
1.880000000000000000e+02 6.248307049094238093e-08
1.890000000000000000e+02 3.170154702818496121e-08
1.900000000000000000e+02 2.181176134990233269e-08
1.910000000000000000e+02 1.477728284867169740e-08
1.920000000000000000e+02 1.490424922511641519e-08
1.930000000000000000e+02 4.543804400744927800e-08
1.940000000000000000e+02 3.228608535496313856e-08
1.950000000000000000e+02 4.672286419346945600e-08
1.960000000000000000e+02 4.564537018870246479e-08
1.970000000000000000e+02 4.028842484076266609e-08
1.980000000000000000e+02 1.497383912631751115e-08
1.990000000000000000e+02 1.268073844719131786e-08
2.000000000000000000e+02 1.230842600333779312e-08
2.010000000000000000e+02 1.179217254199100592e-08
2.020000000000000000e+02 1.516524372835566577e-08
2.030000000000000000e+02 1.011455030935823887e-08
2.040000000000000000e+02 1.267644391888072475e-08
2.050000000000000000e+02 1.268719467169291056e-08
2.060000000000000000e+02 1.126813570696065930e-08
2.070000000000000000e+02 9.878384651953307810e-09
2.080000000000000000e+02 9.937660601165114058e-09
2.090000000000000000e+02 1.113360445892831898e-08
2.100000000000000000e+02 1.187840952998277635e-08
2.110000000000000000e+02 1.096698741434095352e-08
2.120000000000000000e+02 2.558565614105231487e-08
2.130000000000000000e+02 2.143972059758048912e-08
2.140000000000000000e+02 1.256332568889446930e-08
2.150000000000000000e+02 1.117185472799063625e-08
2.160000000000000000e+02 1.506057564841269621e-08
2.170000000000000000e+02 8.909275794960993526e-09
2.180000000000000000e+02 9.781506693608555161e-09
2.190000000000000000e+02 1.070765340635677980e-08
2.200000000000000000e+02 1.059078301086014425e-08
2.210000000000000000e+02 1.355189793649175769e-08
2.220000000000000000e+02 1.528320121528647297e-08
2.230000000000000000e+02 8.582593893677934095e-09
2.240000000000000000e+02 7.982965846461894690e-09
2.250000000000000000e+02 1.242811165696516735e-08
2.260000000000000000e+02 1.149329233858921597e-08
2.270000000000000000e+02 9.919219655922053071e-09
2.280000000000000000e+02 1.411952687296804176e-08
2.290000000000000000e+02 8.647505515666736556e-09
2.300000000000000000e+02 8.649018176919344210e-09
2.310000000000000000e+02 1.017487346152511606e-08
2.320000000000000000e+02 1.254929484787277197e-08
2.330000000000000000e+02 1.539361533890148053e-08
2.340000000000000000e+02 1.356790669438490395e-08
2.350000000000000000e+02 1.549862688508309189e-08
2.360000000000000000e+02 1.011597367768635724e-08
2.370000000000000000e+02 2.004112508611991835e-08
2.380000000000000000e+02 9.496084693793945104e-09
2.390000000000000000e+02 8.361369221979154815e-09
2.400000000000000000e+02 9.958981347691191558e-09
2.410000000000000000e+02 8.018613501127301345e-09
2.420000000000000000e+02 8.860139422301655565e-09
2.430000000000000000e+02 8.548938401329639437e-09
2.440000000000000000e+02 8.629162987885640214e-09
2.450000000000000000e+02 1.134806605373672934e-08
2.460000000000000000e+02 8.254456525560885716e-09
2.470000000000000000e+02 7.276250354616536029e-09
2.480000000000000000e+02 7.722016042984951463e-09
2.490000000000000000e+02 8.499719300031320236e-09
2.500000000000000000e+02 8.282914414285971296e-09
2.510000000000000000e+02 8.989373734817413673e-09
2.520000000000000000e+02 1.010436819959858804e-08
2.530000000000000000e+02 8.898787583431667557e-09
2.540000000000000000e+02 9.297142320998713891e-09
2.550000000000000000e+02 1.219077489013704661e-08
2.560000000000000000e+02 1.039059721865715882e-08
2.570000000000000000e+02 7.241371676993179267e-09
2.580000000000000000e+02 1.134346566615149367e-08
2.590000000000000000e+02 1.871681146538428725e-08
2.600000000000000000e+02 1.031102921103926446e-08
2.610000000000000000e+02 8.055495339506879659e-09
2.620000000000000000e+02 9.427494006891513944e-09
2.630000000000000000e+02 9.754063710397578887e-09
2.640000000000000000e+02 2.639695404707602652e-08
2.650000000000000000e+02 3.194127662525206396e-08
2.660000000000000000e+02 8.433792513282837802e-09
2.670000000000000000e+02 9.394165066777003030e-09
2.680000000000000000e+02 1.940795361240097850e-08
2.690000000000000000e+02 6.901656889864763755e-08
2.700000000000000000e+02 2.742832248373752764e-08
2.710000000000000000e+02 8.739102187204992464e-09
2.720000000000000000e+02 6.381389294399501087e-09
2.730000000000000000e+02 1.057046374963561978e-08
2.740000000000000000e+02 9.555698463463718066e-09
2.750000000000000000e+02 8.908599148307041871e-09
2.760000000000000000e+02 7.220998890926698300e-09
2.770000000000000000e+02 9.352160394269118819e-09
2.780000000000000000e+02 8.212308691280216166e-09
2.790000000000000000e+02 6.462667533129942184e-09
2.800000000000000000e+02 7.351381386946146052e-09
2.810000000000000000e+02 6.539630352228261405e-09
2.820000000000000000e+02 7.747314079196406625e-09
2.830000000000000000e+02 9.286065994145079072e-09
2.840000000000000000e+02 1.163872630747243331e-08
2.850000000000000000e+02 8.050336948669881990e-09
2.860000000000000000e+02 6.645102388681339928e-09
2.870000000000000000e+02 7.621376294241937915e-09
2.880000000000000000e+02 7.957948277479664629e-09
2.890000000000000000e+02 5.715784409131968540e-09
2.900000000000000000e+02 6.608085033559856620e-09
2.910000000000000000e+02 1.246901200188971516e-08
2.920000000000000000e+02 1.848150766267865621e-08
2.930000000000000000e+02 1.016136545191858487e-08
2.940000000000000000e+02 8.089778941298263269e-09
2.950000000000000000e+02 5.943603239578732205e-09
2.960000000000000000e+02 5.884597586595404364e-09
2.970000000000000000e+02 6.743931786055880218e-09
2.980000000000000000e+02 7.113275863511721497e-09
2.990000000000000000e+02 9.176673197386337669e-09
3.000000000000000000e+02 7.761662729858040729e-09
3.010000000000000000e+02 6.364931240050105642e-09
3.020000000000000000e+02 7.646043128132928744e-09
3.030000000000000000e+02 6.251559734746434429e-09
3.040000000000000000e+02 6.672114928248751802e-09
3.050000000000000000e+02 8.188407349673047183e-09
3.060000000000000000e+02 6.900581388829024054e-09
3.070000000000000000e+02 1.013846314436080942e-08
3.080000000000000000e+02 6.520939769810979751e-09
3.090000000000000000e+02 6.338693590506716599e-09
3.100000000000000000e+02 7.940052319441145293e-09
3.110000000000000000e+02 6.664587121607743839e-09
3.120000000000000000e+02 6.167562218339650933e-09
3.130000000000000000e+02 9.455700463253623859e-09
3.140000000000000000e+02 9.587029989093098912e-09
3.150000000000000000e+02 1.239968023650131239e-08
3.160000000000000000e+02 5.941164980814930110e-09
3.170000000000000000e+02 6.800722053769490067e-09
3.180000000000000000e+02 6.091837266059669695e-09
3.190000000000000000e+02 5.987574049912676489e-09
3.200000000000000000e+02 6.377726625850489134e-09
3.210000000000000000e+02 6.134016059465404446e-09
3.220000000000000000e+02 1.042399092921631369e-08
3.230000000000000000e+02 7.966462990909512064e-09
3.240000000000000000e+02 7.794106592001693942e-09
3.250000000000000000e+02 5.749530465891306963e-09
3.260000000000000000e+02 5.727107593794288536e-09
3.270000000000000000e+02 7.321217663098442792e-09
3.280000000000000000e+02 6.775185277673342887e-09
3.290000000000000000e+02 1.301314136396646490e-08
3.300000000000000000e+02 7.714902074926607308e-09
3.310000000000000000e+02 6.755548211298590835e-09
3.320000000000000000e+02 7.219741690500855391e-09
3.330000000000000000e+02 1.025240213637539702e-08
3.340000000000000000e+02 8.952620387707676479e-09
3.350000000000000000e+02 6.439992571101981470e-09
3.360000000000000000e+02 6.056296566352045493e-09
3.370000000000000000e+02 6.230620383928024897e-09
3.380000000000000000e+02 8.655917462012084460e-09
3.390000000000000000e+02 6.930636166800833139e-09
3.400000000000000000e+02 5.591242811280668037e-09
3.410000000000000000e+02 5.360688386708549171e-09
3.420000000000000000e+02 7.321056725325087913e-09
3.430000000000000000e+02 1.099809883835800151e-08
3.440000000000000000e+02 7.281166954914917210e-09
3.450000000000000000e+02 5.887213241891603594e-09
3.460000000000000000e+02 6.656450476942157472e-09
3.470000000000000000e+02 5.267877707952340186e-09
3.480000000000000000e+02 6.179749859748648022e-09
3.490000000000000000e+02 6.633627887266294514e-09
3.500000000000000000e+02 5.932847971573689707e-09
3.510000000000000000e+02 1.146027813605590858e-08
3.520000000000000000e+02 6.352271766241188573e-09
3.530000000000000000e+02 7.978267882028946721e-09
3.540000000000000000e+02 8.356543303238094451e-09
3.550000000000000000e+02 6.143703447609223921e-09
3.560000000000000000e+02 5.469194835399622888e-09
3.570000000000000000e+02 5.796740659012020880e-09
3.580000000000000000e+02 5.916419811094428098e-09
3.590000000000000000e+02 6.462724814652931803e-09
3.600000000000000000e+02 7.485324384882417050e-09
3.610000000000000000e+02 6.109823326352574435e-09
3.620000000000000000e+02 5.154685067673202843e-09
3.630000000000000000e+02 5.908597219497987053e-09
3.640000000000000000e+02 4.935648054108218785e-09
3.650000000000000000e+02 4.996392563051441755e-09
3.660000000000000000e+02 5.374550931599825644e-09
3.670000000000000000e+02 5.151154093100942706e-09
3.680000000000000000e+02 6.351900451794350061e-09
3.690000000000000000e+02 6.593403237459250599e-09
3.700000000000000000e+02 6.740662619448771238e-09
3.710000000000000000e+02 5.430409545881345646e-09
3.720000000000000000e+02 6.719095830947694132e-09
3.730000000000000000e+02 4.969702369260350733e-09
3.740000000000000000e+02 4.952536860563444014e-09
3.750000000000000000e+02 5.436558657201263264e-09
3.760000000000000000e+02 4.897961113077090467e-09
3.770000000000000000e+02 7.280133573578105134e-09
3.780000000000000000e+02 7.807072051348716995e-09
3.790000000000000000e+02 4.939039179944893232e-09
3.800000000000000000e+02 4.892609013315282466e-09
3.810000000000000000e+02 1.145787390851193692e-08
3.820000000000000000e+02 6.730037119360760248e-09
3.830000000000000000e+02 6.151497857101804481e-09
3.840000000000000000e+02 6.377820834144480493e-09
3.850000000000000000e+02 5.546700507230733605e-09
3.860000000000000000e+02 4.982106855583915505e-09
3.870000000000000000e+02 6.308596400218825669e-09
3.880000000000000000e+02 1.311981774411005052e-08
3.890000000000000000e+02 6.780231169206030591e-09
3.900000000000000000e+02 4.978330512987138730e-09
3.910000000000000000e+02 8.171655879313228474e-09
3.920000000000000000e+02 4.739943687368288660e-09
3.930000000000000000e+02 4.617743268464182140e-09
3.940000000000000000e+02 5.389692944228616457e-09
3.950000000000000000e+02 4.555498305537359721e-09
3.960000000000000000e+02 5.471213349613459330e-09
3.970000000000000000e+02 6.175921824368120527e-09
3.980000000000000000e+02 5.613589769738741888e-09
3.990000000000000000e+02 5.213077697998706037e-09
4.000000000000000000e+02 5.406905535223066580e-09
4.010000000000000000e+02 5.836435343269642388e-09
4.020000000000000000e+02 4.770644922120428672e-09
4.030000000000000000e+02 5.284371442206489215e-09
4.040000000000000000e+02 4.355941786906814416e-09
4.050000000000000000e+02 6.910224860063419819e-09
4.060000000000000000e+02 4.701782365316791522e-09
4.070000000000000000e+02 4.637693714243889550e-09
4.080000000000000000e+02 4.138360918527340712e-09
4.090000000000000000e+02 4.305332377737081909e-09
4.100000000000000000e+02 6.057201697657679126e-09
4.110000000000000000e+02 4.637259418625923209e-09
4.120000000000000000e+02 4.414662950328765668e-09
4.130000000000000000e+02 5.244111564463998793e-09
4.140000000000000000e+02 6.788029548004308940e-09
4.150000000000000000e+02 6.641660913228417396e-09
4.160000000000000000e+02 4.977470089268209820e-09
4.170000000000000000e+02 7.351770600586717474e-09
4.180000000000000000e+02 6.351192495334211071e-09
4.190000000000000000e+02 6.997300603963756443e-09
4.200000000000000000e+02 4.256368201240941422e-09
4.210000000000000000e+02 4.648923774655404077e-09
4.220000000000000000e+02 6.362875317975915605e-09
4.230000000000000000e+02 1.372210570108327672e-08
4.240000000000000000e+02 6.053046054435482529e-09
4.250000000000000000e+02 6.079465779736350362e-09
4.260000000000000000e+02 4.510461436582214983e-09
4.270000000000000000e+02 5.820826132639394343e-09
4.280000000000000000e+02 5.870611712563926776e-09
4.290000000000000000e+02 5.417701920914804566e-09
4.300000000000000000e+02 8.769991217062713371e-09
4.310000000000000000e+02 5.533567045488705253e-09
4.320000000000000000e+02 5.123756224322144236e-09
4.330000000000000000e+02 5.094451011023885478e-09
4.340000000000000000e+02 5.350378709317318459e-09
4.350000000000000000e+02 4.294205232453140437e-09
4.360000000000000000e+02 6.812521331780498301e-09
4.370000000000000000e+02 5.918937144425303690e-09
4.380000000000000000e+02 6.455912156909476212e-09
4.390000000000000000e+02 6.875868469788368907e-09
4.400000000000000000e+02 5.015668648964701049e-09
4.410000000000000000e+02 4.893301142765265366e-09
4.420000000000000000e+02 4.694238256702552247e-09
4.430000000000000000e+02 4.367560460830965939e-09
4.440000000000000000e+02 5.087658411898630903e-09
4.450000000000000000e+02 4.041286302679892169e-09
4.460000000000000000e+02 5.233374940798193904e-09
4.470000000000000000e+02 5.022737317972816087e-09
4.480000000000000000e+02 4.128806346642941673e-09
4.490000000000000000e+02 4.630339255190731769e-09
4.500000000000000000e+02 4.056371037593272724e-09
4.510000000000000000e+02 4.237105184804323000e-09
4.520000000000000000e+02 4.158000807869291106e-09
4.530000000000000000e+02 4.033893116214973156e-09
4.540000000000000000e+02 5.105758999922934527e-09
4.550000000000000000e+02 5.835161035260763827e-09
4.560000000000000000e+02 4.663704563791143676e-09
4.570000000000000000e+02 4.435565299167188323e-09
4.580000000000000000e+02 4.288468954730163527e-09
4.590000000000000000e+02 4.865118450078653885e-09
4.600000000000000000e+02 4.243011866862863418e-09
4.610000000000000000e+02 4.055636784010968592e-09
4.620000000000000000e+02 6.111872115112075447e-09
4.630000000000000000e+02 6.754101685079473065e-09
4.640000000000000000e+02 4.091244408898235158e-09
4.650000000000000000e+02 6.271513015581651773e-09
4.660000000000000000e+02 5.688240952656305339e-09
4.670000000000000000e+02 4.012625118321553967e-09
4.680000000000000000e+02 4.080994193093489475e-09
4.690000000000000000e+02 5.249265303745734955e-09
4.700000000000000000e+02 5.896619956321915847e-09
4.710000000000000000e+02 4.812125635104075970e-09
4.720000000000000000e+02 4.078383058520415955e-09
4.730000000000000000e+02 3.948181675644638007e-09
4.740000000000000000e+02 4.182523243874547600e-09
4.750000000000000000e+02 4.543447742167741281e-09
4.760000000000000000e+02 4.974344392313914020e-09
4.770000000000000000e+02 4.459592351851878542e-09
4.780000000000000000e+02 4.229241440387435239e-09
4.790000000000000000e+02 6.154856332130852383e-09
4.800000000000000000e+02 4.553975736747958107e-09
4.810000000000000000e+02 4.458274234940235474e-09
4.820000000000000000e+02 4.005664015366525175e-09
4.830000000000000000e+02 4.285882934430784383e-09
4.840000000000000000e+02 4.612280709847498686e-09
4.850000000000000000e+02 4.025997205267124550e-09
4.860000000000000000e+02 3.882744034192072490e-09
4.870000000000000000e+02 4.102375605514574809e-09
4.880000000000000000e+02 4.281118532181120246e-09
4.890000000000000000e+02 6.937382656807623548e-09
4.900000000000000000e+02 5.218903218122096226e-09
4.910000000000000000e+02 4.144498065558098213e-09
4.920000000000000000e+02 3.776819219940057976e-09
4.930000000000000000e+02 3.993752076530179936e-09
4.940000000000000000e+02 5.054341741965654144e-09
4.950000000000000000e+02 5.386157454828114221e-09
4.960000000000000000e+02 3.751246550781852752e-09
4.970000000000000000e+02 5.011525244373905108e-09
4.980000000000000000e+02 5.510896519989499223e-09
4.990000000000000000e+02 4.367642704861473696e-09
5.000000000000000000e+02 4.503071895004570696e-09
5.010000000000000000e+02 4.090200331001559614e-09
5.020000000000000000e+02 4.275365706694468823e-09
5.030000000000000000e+02 4.651437798376374675e-09
5.040000000000000000e+02 4.100008207634250501e-09
5.050000000000000000e+02 4.131066894230953441e-09
5.060000000000000000e+02 3.737883437202264590e-09
5.070000000000000000e+02 4.859886539102306117e-09
5.080000000000000000e+02 4.501083923674227941e-09
5.090000000000000000e+02 4.731141483939186524e-09
5.100000000000000000e+02 3.741883651445210088e-09
5.110000000000000000e+02 3.980348304203058638e-09
5.120000000000000000e+02 4.236154948156518428e-09
5.130000000000000000e+02 3.841461646497137637e-09
5.140000000000000000e+02 3.540348963241342800e-09
5.150000000000000000e+02 5.026531755315337455e-09
5.160000000000000000e+02 4.953341990704980138e-09
5.170000000000000000e+02 3.765125227076126487e-09
5.180000000000000000e+02 3.842984788742072048e-09
5.190000000000000000e+02 4.725156928082221476e-09
5.200000000000000000e+02 3.770052899400085935e-09
5.210000000000000000e+02 4.007178256136468813e-09
5.220000000000000000e+02 3.841314881390054756e-09
5.230000000000000000e+02 3.937054474480214950e-09
5.240000000000000000e+02 3.571316169900218576e-09
5.250000000000000000e+02 4.087950867060894604e-09
5.260000000000000000e+02 5.036619931408441901e-09
5.270000000000000000e+02 5.303111621738971132e-09
5.280000000000000000e+02 4.406240199549243991e-09
5.290000000000000000e+02 4.335266763983165097e-09
5.300000000000000000e+02 3.596747882053760916e-09
5.310000000000000000e+02 3.800793706800857316e-09
5.320000000000000000e+02 3.999256318150627065e-09
5.330000000000000000e+02 4.446345859945073366e-09
5.340000000000000000e+02 3.625860235786419262e-09
5.350000000000000000e+02 4.251928464362651450e-09
5.360000000000000000e+02 3.675664717772893581e-09
5.370000000000000000e+02 3.991642718789717510e-09
5.380000000000000000e+02 3.802248511306450256e-09
5.390000000000000000e+02 3.830492040465211405e-09
5.400000000000000000e+02 4.087833999777311367e-09
5.410000000000000000e+02 4.448840425231138091e-09
5.420000000000000000e+02 3.794139547228082769e-09
5.430000000000000000e+02 3.533391034282535895e-09
5.440000000000000000e+02 3.884520738796480468e-09
5.450000000000000000e+02 4.457284418208022370e-09
5.460000000000000000e+02 4.096763038027913866e-09
5.470000000000000000e+02 5.952700295991157692e-09
5.480000000000000000e+02 4.920082249205638735e-09
5.490000000000000000e+02 3.654335020163824529e-09
5.500000000000000000e+02 3.833913397429004676e-09
5.510000000000000000e+02 3.744119182479427315e-09
5.520000000000000000e+02 4.218559614889098655e-09
5.530000000000000000e+02 3.533418330219004122e-09
5.540000000000000000e+02 3.449832094035874047e-09
5.550000000000000000e+02 3.528562392880403945e-09
5.560000000000000000e+02 3.672889373670883635e-09
5.570000000000000000e+02 3.892920164548132371e-09
5.580000000000000000e+02 3.604707094758220937e-09
5.590000000000000000e+02 3.608857651636558603e-09
5.600000000000000000e+02 4.027751996047824598e-09
5.610000000000000000e+02 4.181262038741838108e-09
5.620000000000000000e+02 5.025995976410664483e-09
5.630000000000000000e+02 3.874441500940303946e-09
5.640000000000000000e+02 3.629913905165690743e-09
5.650000000000000000e+02 3.399820500851804648e-09
5.660000000000000000e+02 3.870279418900445665e-09
5.670000000000000000e+02 3.798877540875358732e-09
5.680000000000000000e+02 3.710685140033040485e-09
5.690000000000000000e+02 4.171825530899690643e-09
5.700000000000000000e+02 4.020002833553613579e-09
5.710000000000000000e+02 3.842510176272388092e-09
5.720000000000000000e+02 3.465607091148651590e-09
5.730000000000000000e+02 3.950016590405426326e-09
5.740000000000000000e+02 3.744043365835082488e-09
5.750000000000000000e+02 3.555631817465653739e-09
5.760000000000000000e+02 4.230014773812077473e-09
5.770000000000000000e+02 4.996609041624203502e-09
5.780000000000000000e+02 3.563332235065409790e-09
5.790000000000000000e+02 3.445557186788631263e-09
5.800000000000000000e+02 3.782300122381281525e-09
5.810000000000000000e+02 4.093416150711042933e-09
5.820000000000000000e+02 3.755025039656197515e-09
5.830000000000000000e+02 3.391075790584417476e-09
5.840000000000000000e+02 3.327593120273793811e-09
5.850000000000000000e+02 3.349907889405536287e-09
5.860000000000000000e+02 4.243747934990313669e-09
5.870000000000000000e+02 3.449076800462504451e-09
5.880000000000000000e+02 3.413949081508756571e-09
5.890000000000000000e+02 3.997243290392929937e-09
5.900000000000000000e+02 3.439380591126174257e-09
5.910000000000000000e+02 3.716805721013647875e-09
5.920000000000000000e+02 4.263583236418689933e-09
5.930000000000000000e+02 3.553105724193246435e-09
5.940000000000000000e+02 3.674540564711328384e-09
5.950000000000000000e+02 4.266367424137460754e-09
5.960000000000000000e+02 3.935559914079794385e-09
5.970000000000000000e+02 3.454030472370867696e-09
5.980000000000000000e+02 3.392906846454225216e-09
5.990000000000000000e+02 3.728068708678660627e-09
6.000000000000000000e+02 3.557010193947133128e-09
6.010000000000000000e+02 3.429884105398379835e-09
6.020000000000000000e+02 4.477302524528570139e-09
6.030000000000000000e+02 3.650521148704198284e-09
6.040000000000000000e+02 3.417940995377331541e-09
6.050000000000000000e+02 3.724274679101832159e-09
6.060000000000000000e+02 3.392662225222315164e-09
6.070000000000000000e+02 3.594710089280277258e-09
6.080000000000000000e+02 4.540141797394282795e-09
6.090000000000000000e+02 3.926026716915095879e-09
6.100000000000000000e+02 3.562698832258019098e-09
6.110000000000000000e+02 3.317726190938009646e-09
6.120000000000000000e+02 3.684136413923191905e-09
6.130000000000000000e+02 3.507297589446514730e-09
6.140000000000000000e+02 3.766827768858538836e-09
6.150000000000000000e+02 3.994468848584701216e-09
6.160000000000000000e+02 3.505831743757015027e-09
6.170000000000000000e+02 3.523146404950630335e-09
6.180000000000000000e+02 4.254591111938137187e-09
6.190000000000000000e+02 4.365020068985522525e-09
6.200000000000000000e+02 4.234921698998048756e-09
6.210000000000000000e+02 4.293235010587612827e-09
6.220000000000000000e+02 4.500978790229137393e-09
6.230000000000000000e+02 3.410853364676437613e-09
6.240000000000000000e+02 3.180298323112783040e-09
6.250000000000000000e+02 3.580897340095757375e-09
6.260000000000000000e+02 3.775467587096038746e-09
6.270000000000000000e+02 3.697597247282882586e-09
6.280000000000000000e+02 3.582788868079770439e-09
6.290000000000000000e+02 3.377247309012507139e-09
6.300000000000000000e+02 3.500030701344745635e-09
6.310000000000000000e+02 3.230524653745461365e-09
6.320000000000000000e+02 3.221862460189503021e-09
6.330000000000000000e+02 3.345484111401675144e-09
6.340000000000000000e+02 3.335676851690938772e-09
6.350000000000000000e+02 3.335988965592041306e-09
6.360000000000000000e+02 3.539452852659514185e-09
6.370000000000000000e+02 3.801398582218744496e-09
6.380000000000000000e+02 3.170942861315056425e-09
6.390000000000000000e+02 3.289586141377700930e-09
6.400000000000000000e+02 3.315951509900702568e-09
6.410000000000000000e+02 3.400830698610398554e-09
6.420000000000000000e+02 3.132952738723053398e-09
6.430000000000000000e+02 3.851686742092978623e-09
6.440000000000000000e+02 3.774335929007100661e-09
6.450000000000000000e+02 3.273785622411671600e-09
6.460000000000000000e+02 3.272224133310297496e-09
6.470000000000000000e+02 3.193620181797936159e-09
6.480000000000000000e+02 3.241222985859098267e-09
6.490000000000000000e+02 3.266062959119262485e-09
6.500000000000000000e+02 3.148829062628264780e-09
6.510000000000000000e+02 3.318513689191473600e-09
6.520000000000000000e+02 3.311051845125261517e-09
6.530000000000000000e+02 3.839074426192793434e-09
6.540000000000000000e+02 3.666168334538697599e-09
6.550000000000000000e+02 3.701046471707778839e-09
6.560000000000000000e+02 3.427122447951663822e-09
6.570000000000000000e+02 3.205267784625236718e-09
6.580000000000000000e+02 3.214543560154656805e-09
6.590000000000000000e+02 3.133944094289459482e-09
6.600000000000000000e+02 3.190096311642970822e-09
6.610000000000000000e+02 3.324283544041559881e-09
6.620000000000000000e+02 3.449210602231865754e-09
6.630000000000000000e+02 3.513056163749703314e-09
6.640000000000000000e+02 3.994639477720034561e-09
6.650000000000000000e+02 3.363198469594594787e-09
6.660000000000000000e+02 3.489510314500679181e-09
6.670000000000000000e+02 3.427172381895293418e-09
6.680000000000000000e+02 3.358162384518794387e-09
6.690000000000000000e+02 3.160106514216846949e-09
6.700000000000000000e+02 3.229146748252008090e-09
6.710000000000000000e+02 3.202177507232107747e-09
6.720000000000000000e+02 3.708462745109672113e-09
6.730000000000000000e+02 3.131830760889823831e-09
6.740000000000000000e+02 3.678302997487305434e-09
6.750000000000000000e+02 3.640608380441461045e-09
6.760000000000000000e+02 3.266354027694282803e-09
6.770000000000000000e+02 3.224240722002886255e-09
6.780000000000000000e+02 3.232921547786339897e-09
6.790000000000000000e+02 3.208014697040807906e-09
6.800000000000000000e+02 3.168270392799464715e-09
6.810000000000000000e+02 3.396810611498234200e-09
6.820000000000000000e+02 3.698115695582063834e-09
6.830000000000000000e+02 3.681218697981993873e-09
6.840000000000000000e+02 3.294653420496189177e-09
6.850000000000000000e+02 4.146373435011831704e-09
6.860000000000000000e+02 3.303928699798825729e-09
6.870000000000000000e+02 3.389084248070353641e-09
6.880000000000000000e+02 3.151476007750986665e-09
6.890000000000000000e+02 3.056835313161842839e-09
6.900000000000000000e+02 3.170586179997727994e-09
6.910000000000000000e+02 3.284519552156580633e-09
6.920000000000000000e+02 3.151423295656702573e-09
6.930000000000000000e+02 3.109053034494206050e-09
6.940000000000000000e+02 3.090369217809785993e-09
6.950000000000000000e+02 3.198711407849623524e-09
6.960000000000000000e+02 3.055804790841334677e-09
6.970000000000000000e+02 3.132351993186119619e-09
6.980000000000000000e+02 3.064971938672349860e-09
6.990000000000000000e+02 3.032304728518165635e-09
7.000000000000000000e+02 3.170726569071948116e-09
7.010000000000000000e+02 3.158124932203902479e-09
7.020000000000000000e+02 3.161497246902480173e-09
7.030000000000000000e+02 2.972884439462681366e-09
7.040000000000000000e+02 2.976226377774594404e-09
7.050000000000000000e+02 3.075090397255459085e-09
7.060000000000000000e+02 3.004528730777438203e-09
7.070000000000000000e+02 3.112319520682439508e-09
7.080000000000000000e+02 2.987677139596938715e-09
7.090000000000000000e+02 3.318418255207343559e-09
7.100000000000000000e+02 3.350341932436165550e-09
7.110000000000000000e+02 3.071096426333932933e-09
7.120000000000000000e+02 3.131243595600283753e-09
7.130000000000000000e+02 3.186286697844518231e-09
7.140000000000000000e+02 3.020864825360839899e-09
7.150000000000000000e+02 3.012438560381302745e-09
7.160000000000000000e+02 3.311371771283796033e-09
7.170000000000000000e+02 3.001864698256891871e-09
7.180000000000000000e+02 2.964124391384475569e-09
7.190000000000000000e+02 3.039576846453618832e-09
7.200000000000000000e+02 3.026249086941473471e-09
7.210000000000000000e+02 3.184370747006401586e-09
7.220000000000000000e+02 3.123550871534663622e-09
7.230000000000000000e+02 3.419664982131869445e-09
7.240000000000000000e+02 3.011896019141568467e-09
7.250000000000000000e+02 3.513058802340940464e-09
7.260000000000000000e+02 3.071354082427718979e-09
7.270000000000000000e+02 3.138955946295673496e-09
7.280000000000000000e+02 3.081261458888671326e-09
7.290000000000000000e+02 3.044572430035423422e-09
7.300000000000000000e+02 2.908864213153713106e-09
7.310000000000000000e+02 2.944109498147556652e-09
7.320000000000000000e+02 3.070672735302502006e-09
7.330000000000000000e+02 3.697715072798966697e-09
7.340000000000000000e+02 3.213286421266444487e-09
7.350000000000000000e+02 3.232125470827441555e-09
7.360000000000000000e+02 2.994056934282014253e-09
7.370000000000000000e+02 2.951480224477129101e-09
7.380000000000000000e+02 3.079312460390416828e-09
7.390000000000000000e+02 3.256209395187948010e-09
7.400000000000000000e+02 3.557581388584154879e-09
7.410000000000000000e+02 3.207173177796248056e-09
7.420000000000000000e+02 3.184587898356214914e-09
7.430000000000000000e+02 2.941509626718036341e-09
7.440000000000000000e+02 2.932105541457439409e-09
7.450000000000000000e+02 3.050841150717511495e-09
7.460000000000000000e+02 3.101262527385894611e-09
7.470000000000000000e+02 3.065779271301683248e-09
7.480000000000000000e+02 2.950685170865512641e-09
7.490000000000000000e+02 3.153253057842217923e-09
7.500000000000000000e+02 3.052889071966350161e-09
7.510000000000000000e+02 2.980569448665979364e-09
7.520000000000000000e+02 2.984097567332744322e-09
7.530000000000000000e+02 3.123346292728090660e-09
7.540000000000000000e+02 2.869862167779046321e-09
7.550000000000000000e+02 3.031672959465971047e-09
7.560000000000000000e+02 3.057735381706376333e-09
7.570000000000000000e+02 2.941201121677866144e-09
7.580000000000000000e+02 2.951392814124318798e-09
7.590000000000000000e+02 3.144342352861686177e-09
7.600000000000000000e+02 3.117909787244820338e-09
7.610000000000000000e+02 3.037168375766250971e-09
7.620000000000000000e+02 2.964124440695928375e-09
7.630000000000000000e+02 2.941933780708675698e-09
7.640000000000000000e+02 3.131347550382259591e-09
7.650000000000000000e+02 3.054225457208992678e-09
7.660000000000000000e+02 3.195674092024919331e-09
7.670000000000000000e+02 2.980089075665970875e-09
7.680000000000000000e+02 3.132591666302277700e-09
7.690000000000000000e+02 3.019553707866451148e-09
7.700000000000000000e+02 3.338512737729710669e-09
7.710000000000000000e+02 3.391507763256335402e-09
7.720000000000000000e+02 3.092684989843462907e-09
7.730000000000000000e+02 2.924521577878996988e-09
7.740000000000000000e+02 2.980453131255040680e-09
7.750000000000000000e+02 3.365196186792244566e-09
7.760000000000000000e+02 3.222270667717018490e-09
7.770000000000000000e+02 2.947324265253881569e-09
7.780000000000000000e+02 2.953182006382487709e-09
7.790000000000000000e+02 3.426668345520233415e-09
7.800000000000000000e+02 3.079147927823488606e-09
7.810000000000000000e+02 2.957334470053915653e-09
7.820000000000000000e+02 3.122929357612347848e-09
7.830000000000000000e+02 3.148729469886924058e-09
7.840000000000000000e+02 3.176834189018060441e-09
7.850000000000000000e+02 3.029517881987785079e-09
7.860000000000000000e+02 2.884058592203015020e-09
7.870000000000000000e+02 2.934918231733769952e-09
7.880000000000000000e+02 3.309233351879844032e-09
7.890000000000000000e+02 2.849594095265989875e-09
7.900000000000000000e+02 3.103692083426426346e-09
7.910000000000000000e+02 2.965890126435264263e-09
7.920000000000000000e+02 2.946361401304053316e-09
7.930000000000000000e+02 3.011962905977043017e-09
7.940000000000000000e+02 2.981501084500244633e-09
7.950000000000000000e+02 2.970709519293193919e-09
7.960000000000000000e+02 3.059069424227746338e-09
7.970000000000000000e+02 3.318136745161505936e-09
7.980000000000000000e+02 2.859975532765166378e-09
7.990000000000000000e+02 2.969088574149993433e-09
8.000000000000000000e+02 3.087391147135368880e-09
8.010000000000000000e+02 2.961666657357702000e-09
8.020000000000000000e+02 2.875378539276081059e-09
8.030000000000000000e+02 2.866469430715921999e-09
8.040000000000000000e+02 2.982868044341571197e-09
8.050000000000000000e+02 2.995184763628218582e-09
8.060000000000000000e+02 3.035041921890028050e-09
8.070000000000000000e+02 3.244498963684697166e-09
8.080000000000000000e+02 3.242603601794336998e-09
8.090000000000000000e+02 2.943277492637774315e-09
8.100000000000000000e+02 2.891089067150083601e-09
8.110000000000000000e+02 2.812553608859062672e-09
8.120000000000000000e+02 2.982389811510780308e-09
8.130000000000000000e+02 2.845154977357913260e-09
8.140000000000000000e+02 2.893043052078907446e-09
8.150000000000000000e+02 3.042178283598588171e-09
8.160000000000000000e+02 2.918204986217582452e-09
8.170000000000000000e+02 3.097599823479201644e-09
8.180000000000000000e+02 2.983768204142987214e-09
8.190000000000000000e+02 2.877154045466515662e-09
8.200000000000000000e+02 2.918012791243842403e-09
8.210000000000000000e+02 3.340165008998117971e-09
8.220000000000000000e+02 3.343786420435615506e-09
8.230000000000000000e+02 2.816214870982671666e-09
8.240000000000000000e+02 2.837228108444776568e-09
8.250000000000000000e+02 2.862538407692042915e-09
8.260000000000000000e+02 3.005387090469107528e-09
8.270000000000000000e+02 2.970905127567982344e-09
8.280000000000000000e+02 3.043583497808895573e-09
8.290000000000000000e+02 2.861860815478385733e-09
8.300000000000000000e+02 2.996813231784684596e-09
8.310000000000000000e+02 2.893964216732894644e-09
8.320000000000000000e+02 3.137053832699272255e-09
8.330000000000000000e+02 2.830118001581790113e-09
8.340000000000000000e+02 2.831889635043518341e-09
8.350000000000000000e+02 2.828288849680053991e-09
8.360000000000000000e+02 2.825709027409903297e-09
8.370000000000000000e+02 2.828608646179906844e-09
8.380000000000000000e+02 2.795873823359683643e-09
8.390000000000000000e+02 2.810293935672098800e-09
8.400000000000000000e+02 2.813276887241109497e-09
8.410000000000000000e+02 3.032727863237174750e-09
8.420000000000000000e+02 2.788976530760732439e-09
8.430000000000000000e+02 2.913177116763133548e-09
8.440000000000000000e+02 3.008739826706894680e-09
8.450000000000000000e+02 2.794467051012377313e-09
8.460000000000000000e+02 2.830749039294714620e-09
8.470000000000000000e+02 3.126610820430996827e-09
8.480000000000000000e+02 2.892732913121519210e-09
8.490000000000000000e+02 2.781483298790481218e-09
8.500000000000000000e+02 2.951627940737863714e-09
8.510000000000000000e+02 2.909604790603147428e-09
8.520000000000000000e+02 2.927652859163857960e-09
8.530000000000000000e+02 2.938016902071707343e-09
8.540000000000000000e+02 2.928529716089503667e-09
8.550000000000000000e+02 2.798741608771621210e-09
8.560000000000000000e+02 2.912472326427175957e-09
8.570000000000000000e+02 2.779844703145678986e-09
8.580000000000000000e+02 2.735906432109856848e-09
8.590000000000000000e+02 2.878757337632897187e-09
8.600000000000000000e+02 2.780621250438054840e-09
8.610000000000000000e+02 2.794262065939657554e-09
8.620000000000000000e+02 2.907979539993372360e-09
8.630000000000000000e+02 2.848837010634746117e-09
8.640000000000000000e+02 2.783531423239955535e-09
8.650000000000000000e+02 2.804052127753814029e-09
8.660000000000000000e+02 2.983099328222432994e-09
8.670000000000000000e+02 2.796604697887371502e-09
8.680000000000000000e+02 2.759513377365720378e-09
8.690000000000000000e+02 2.754105137553662531e-09
8.700000000000000000e+02 2.812898365236802093e-09
8.710000000000000000e+02 2.972359598762533397e-09
8.720000000000000000e+02 2.806566700774851451e-09
8.730000000000000000e+02 2.908305933323446808e-09
8.740000000000000000e+02 2.939658334006027399e-09
8.750000000000000000e+02 2.920466253736554316e-09
8.760000000000000000e+02 2.798487307206899893e-09
8.770000000000000000e+02 2.873845852040596956e-09
8.780000000000000000e+02 3.067941857585001605e-09
8.790000000000000000e+02 2.881314959955265679e-09
8.800000000000000000e+02 2.761188863601912424e-09
8.810000000000000000e+02 2.833009248049701356e-09
8.820000000000000000e+02 2.878671267029870718e-09
8.830000000000000000e+02 2.770549188716293054e-09
8.840000000000000000e+02 2.774859845112449934e-09
8.850000000000000000e+02 2.907348002489545718e-09
8.860000000000000000e+02 2.867641183853478495e-09
8.870000000000000000e+02 2.963572778510657906e-09
8.880000000000000000e+02 2.956768967294261692e-09
8.890000000000000000e+02 2.776902134983108862e-09
8.900000000000000000e+02 2.835326497037856808e-09
8.910000000000000000e+02 2.840649746351727798e-09
8.920000000000000000e+02 2.998333923856929798e-09
8.930000000000000000e+02 2.739017639469780692e-09
8.940000000000000000e+02 2.917674352298526946e-09
8.950000000000000000e+02 2.886304202153299970e-09
8.960000000000000000e+02 2.718204346835372953e-09
8.970000000000000000e+02 2.739333776859719828e-09
8.980000000000000000e+02 2.828810366640787758e-09
8.990000000000000000e+02 3.050185003392590963e-09
9.000000000000000000e+02 2.904502833801175372e-09
9.010000000000000000e+02 2.784079184194817175e-09
9.020000000000000000e+02 2.739481755082665324e-09
9.030000000000000000e+02 2.747753493480331185e-09
9.040000000000000000e+02 2.831946079414735635e-09
9.050000000000000000e+02 3.009255752781953878e-09
9.060000000000000000e+02 2.882746262362722393e-09
9.070000000000000000e+02 2.812490324569219820e-09
9.080000000000000000e+02 3.025481243892434776e-09
9.090000000000000000e+02 2.831970988313131154e-09
9.100000000000000000e+02 2.740644672810519093e-09
9.110000000000000000e+02 2.850865076781277388e-09
9.120000000000000000e+02 2.745756726086678367e-09
9.130000000000000000e+02 2.796308583225211656e-09
9.140000000000000000e+02 2.894854213685629907e-09
9.150000000000000000e+02 2.888670346946610649e-09
9.160000000000000000e+02 2.708469285471122243e-09
9.170000000000000000e+02 2.753135015472658540e-09
9.180000000000000000e+02 2.934609011273114505e-09
9.190000000000000000e+02 2.724362161331205743e-09
9.200000000000000000e+02 2.778133302997294759e-09
9.210000000000000000e+02 2.756374437238415333e-09
9.220000000000000000e+02 2.750837627642070352e-09
9.230000000000000000e+02 2.778837055526388484e-09
9.240000000000000000e+02 2.740423847992390799e-09
9.250000000000000000e+02 2.755393902725628709e-09
9.260000000000000000e+02 2.770146691471208892e-09
9.270000000000000000e+02 2.790641687968488332e-09
9.280000000000000000e+02 2.796265430984264706e-09
9.290000000000000000e+02 2.711891184328914196e-09
9.300000000000000000e+02 2.727157011876662745e-09
9.310000000000000000e+02 2.821389937180407288e-09
9.320000000000000000e+02 2.765749898873492768e-09
9.330000000000000000e+02 2.706139152688438798e-09
9.340000000000000000e+02 2.720690891486429990e-09
9.350000000000000000e+02 2.691699801325535899e-09
9.360000000000000000e+02 2.841474231529598954e-09
9.370000000000000000e+02 2.782149894029504971e-09
9.380000000000000000e+02 2.769931156115975466e-09
9.390000000000000000e+02 2.767332590907885684e-09
9.400000000000000000e+02 2.834904989636009408e-09
9.410000000000000000e+02 2.831575219959166295e-09
9.420000000000000000e+02 2.940127762715435644e-09
9.430000000000000000e+02 2.945913874810042324e-09
9.440000000000000000e+02 2.785457172095370111e-09
9.450000000000000000e+02 2.702989963204815969e-09
9.460000000000000000e+02 2.871197581457542847e-09
9.470000000000000000e+02 2.777431508803379741e-09
9.480000000000000000e+02 2.854969420103400903e-09
9.490000000000000000e+02 2.704752511865150012e-09
9.500000000000000000e+02 2.699350503299425709e-09
9.510000000000000000e+02 2.680689766240888649e-09
9.520000000000000000e+02 3.014400932129751911e-09
9.530000000000000000e+02 2.781135436696318521e-09
9.540000000000000000e+02 2.972986977335290055e-09
9.550000000000000000e+02 2.831343797875569236e-09
9.560000000000000000e+02 2.822049077630188577e-09
9.570000000000000000e+02 2.745268077884835998e-09
9.580000000000000000e+02 2.742389477972356812e-09
9.590000000000000000e+02 2.716229358053245607e-09
9.600000000000000000e+02 2.703109961648231003e-09
9.610000000000000000e+02 2.732385370473861750e-09
9.620000000000000000e+02 2.660032827087161184e-09
9.630000000000000000e+02 2.858582416664543789e-09
9.640000000000000000e+02 2.927412899338660849e-09
9.650000000000000000e+02 2.719644699871929051e-09
9.660000000000000000e+02 2.856129845616985512e-09
9.670000000000000000e+02 2.803604074189819369e-09
9.680000000000000000e+02 2.687921011123227427e-09
9.690000000000000000e+02 2.734642198339080326e-09
9.700000000000000000e+02 2.702908857561242854e-09
9.710000000000000000e+02 2.816015481891407705e-09
9.720000000000000000e+02 2.721211858076846816e-09
9.730000000000000000e+02 2.770876623314156704e-09
9.740000000000000000e+02 2.889088762752839559e-09
9.750000000000000000e+02 2.682924890151974320e-09
9.760000000000000000e+02 2.993415220711183829e-09
9.770000000000000000e+02 2.804243986139963757e-09
9.780000000000000000e+02 2.740136145522453171e-09
9.790000000000000000e+02 2.729492578069089307e-09
9.800000000000000000e+02 2.821969554093240589e-09
9.810000000000000000e+02 2.803067840218297320e-09
9.820000000000000000e+02 2.860017569111805248e-09
9.830000000000000000e+02 2.740297685296342070e-09
9.840000000000000000e+02 2.675402403653000837e-09
9.850000000000000000e+02 2.692029241524734355e-09
9.860000000000000000e+02 2.675892848823711976e-09
9.870000000000000000e+02 2.689240009887859490e-09
9.880000000000000000e+02 2.760574839905876942e-09
9.890000000000000000e+02 2.717481580015260257e-09
9.900000000000000000e+02 2.762221121319771244e-09
9.910000000000000000e+02 2.717201571068722986e-09
9.920000000000000000e+02 2.698035540433776725e-09
9.930000000000000000e+02 2.706446220980787650e-09
9.940000000000000000e+02 2.772425747973199049e-09
9.950000000000000000e+02 2.909895791638594039e-09
9.960000000000000000e+02 2.738651895528646697e-09
9.970000000000000000e+02 2.751484537571772904e-09
9.980000000000000000e+02 2.845602814318646371e-09
9.990000000000000000e+02 2.681290052265868935e-09
1.000000000000000000e+03 2.644692655605692491e-09
1.001000000000000000e+03 2.832087257297888471e-09
1.002000000000000000e+03 2.945239047118389946e-09
1.003000000000000000e+03 2.705718775420121375e-09
1.004000000000000000e+03 2.757399353754700817e-09
1.005000000000000000e+03 2.935381888977839882e-09
1.006000000000000000e+03 2.749919845699353067e-09
1.007000000000000000e+03 2.820848916702323287e-09
1.008000000000000000e+03 2.823846516582470348e-09
1.009000000000000000e+03 2.693734350637899875e-09
1.010000000000000000e+03 2.654199175132294657e-09
1.011000000000000000e+03 2.670226643159194371e-09
1.012000000000000000e+03 2.846531317264509350e-09
1.013000000000000000e+03 2.771258483092409399e-09
1.014000000000000000e+03 2.666878928509288795e-09
1.015000000000000000e+03 2.689179322716413448e-09
1.016000000000000000e+03 2.680596908476965396e-09
1.017000000000000000e+03 2.715921637129522523e-09
1.018000000000000000e+03 2.666753625505360656e-09
1.019000000000000000e+03 2.863691544578194776e-09
1.020000000000000000e+03 2.704476560803028315e-09
1.021000000000000000e+03 2.747493838907642793e-09
1.022000000000000000e+03 2.731341900377025186e-09
1.023000000000000000e+03 2.759573416373477394e-09
1.024000000000000000e+03 2.706839759102061425e-09
1.025000000000000000e+03 2.700488811702705301e-09
1.026000000000000000e+03 2.719934203727477496e-09
1.027000000000000000e+03 2.686196165206347097e-09
1.028000000000000000e+03 2.653968628253984666e-09
1.029000000000000000e+03 2.733409692748297699e-09
1.030000000000000000e+03 2.660244783921026873e-09
1.031000000000000000e+03 2.741900724227563065e-09
1.032000000000000000e+03 2.709385785033390830e-09
1.033000000000000000e+03 2.727477103406167719e-09
1.034000000000000000e+03 2.671136509300380052e-09
1.035000000000000000e+03 2.814662433507040808e-09
1.036000000000000000e+03 2.695913876496721325e-09
1.037000000000000000e+03 2.766058859749676689e-09
1.038000000000000000e+03 2.765542702176036304e-09
1.039000000000000000e+03 2.634454009895563084e-09
1.040000000000000000e+03 2.645521433006016265e-09
1.041000000000000000e+03 2.787831498516446547e-09
1.042000000000000000e+03 2.791972428252584777e-09
1.043000000000000000e+03 2.672937840175722909e-09
1.044000000000000000e+03 2.697123619965405533e-09
1.045000000000000000e+03 2.653917409597522570e-09
1.046000000000000000e+03 2.767585219799284790e-09
1.047000000000000000e+03 2.731742361875533280e-09
1.048000000000000000e+03 2.726460474893754294e-09
1.049000000000000000e+03 2.648901176087558650e-09
1.050000000000000000e+03 2.701942445739796748e-09
1.051000000000000000e+03 2.692237256207706932e-09
1.052000000000000000e+03 2.737394947505265584e-09
1.053000000000000000e+03 2.771890558195798359e-09
1.054000000000000000e+03 2.691901186194660961e-09
1.055000000000000000e+03 2.685113002679142641e-09
1.056000000000000000e+03 3.002400532884662908e-09
1.057000000000000000e+03 2.707010187278757724e-09
1.058000000000000000e+03 2.635951065038803322e-09
1.059000000000000000e+03 2.638684887980776747e-09
1.060000000000000000e+03 2.713806174970413590e-09
1.061000000000000000e+03 2.694107222236915929e-09
1.062000000000000000e+03 2.793928067174464323e-09
1.063000000000000000e+03 2.711618985647770222e-09
1.064000000000000000e+03 2.701040720564237590e-09
1.065000000000000000e+03 2.707691753439495490e-09
1.066000000000000000e+03 2.678817914790160798e-09
1.067000000000000000e+03 2.702217528686856319e-09
1.068000000000000000e+03 2.753187517084422223e-09
1.069000000000000000e+03 2.830897878515500192e-09
1.070000000000000000e+03 2.709093771859673493e-09
1.071000000000000000e+03 2.791951471006990439e-09
1.072000000000000000e+03 2.629450530961755802e-09
1.073000000000000000e+03 2.675644560381972281e-09
1.074000000000000000e+03 2.853998496386232578e-09
1.075000000000000000e+03 2.645708154958703947e-09
1.076000000000000000e+03 2.661079967086034760e-09
1.077000000000000000e+03 2.611784828384438571e-09
1.078000000000000000e+03 2.618982502578582488e-09
1.079000000000000000e+03 2.611266506845116790e-09
1.080000000000000000e+03 2.763447207691192691e-09
1.081000000000000000e+03 2.758085116900421184e-09
1.082000000000000000e+03 2.641296674913139567e-09
1.083000000000000000e+03 2.787244774683126810e-09
1.084000000000000000e+03 2.936938083668630101e-09
1.085000000000000000e+03 2.796459185456558273e-09
1.086000000000000000e+03 2.771733624929921899e-09
1.087000000000000000e+03 2.655670595926132150e-09
1.088000000000000000e+03 2.693634634003174985e-09
1.089000000000000000e+03 2.828282325019628577e-09
1.090000000000000000e+03 2.672125401055425114e-09
1.091000000000000000e+03 2.629032428741891621e-09
1.092000000000000000e+03 2.641993908756096278e-09
1.093000000000000000e+03 2.638032305008365349e-09
1.094000000000000000e+03 2.631869348241813681e-09
1.095000000000000000e+03 2.677965166375585515e-09
1.096000000000000000e+03 2.647188417007896882e-09
1.097000000000000000e+03 2.602520973287376024e-09
1.098000000000000000e+03 2.612761346218677004e-09
1.099000000000000000e+03 2.663192298315882288e-09
1.100000000000000000e+03 2.856900092719339427e-09
1.101000000000000000e+03 2.652469247867751111e-09
1.102000000000000000e+03 2.808052329028595769e-09
1.103000000000000000e+03 2.794319711021649197e-09
1.104000000000000000e+03 2.653069613805339708e-09
1.105000000000000000e+03 2.722873636508637941e-09
1.106000000000000000e+03 2.801722247169259744e-09
1.107000000000000000e+03 2.680002207277363108e-09
1.108000000000000000e+03 2.621174278098112004e-09
1.109000000000000000e+03 2.669771189004739287e-09
1.110000000000000000e+03 2.836571391844126431e-09
1.111000000000000000e+03 2.715762573687976293e-09
1.112000000000000000e+03 2.608200127536171521e-09
1.113000000000000000e+03 2.634980443375065881e-09
1.114000000000000000e+03 2.683845937212219873e-09
1.115000000000000000e+03 2.797789066112317612e-09
1.116000000000000000e+03 2.753589589974162842e-09
1.117000000000000000e+03 2.786330005406069327e-09
1.118000000000000000e+03 2.728041499434541074e-09
1.119000000000000000e+03 2.602635970770579184e-09
1.120000000000000000e+03 2.619122171745178520e-09
1.121000000000000000e+03 2.611409063228526185e-09
1.122000000000000000e+03 2.797099517736878636e-09
1.123000000000000000e+03 2.672705668932084095e-09
1.124000000000000000e+03 2.648435527923370257e-09
1.125000000000000000e+03 2.653795915410141147e-09
1.126000000000000000e+03 2.602385987362127095e-09
1.127000000000000000e+03 2.794803724911070489e-09
1.128000000000000000e+03 2.609471372170099433e-09
1.129000000000000000e+03 2.606463619646286102e-09
1.130000000000000000e+03 2.627996454701959433e-09
1.131000000000000000e+03 2.655667198036355249e-09
1.132000000000000000e+03 2.590204514577116693e-09
1.133000000000000000e+03 2.802960731315520493e-09
1.134000000000000000e+03 2.641808192750582748e-09
1.135000000000000000e+03 2.600250780468066510e-09
1.136000000000000000e+03 2.619406932786308188e-09
1.137000000000000000e+03 2.662104249228575341e-09
1.138000000000000000e+03 2.634009219906600892e-09
1.139000000000000000e+03 2.672661036950881394e-09
1.140000000000000000e+03 2.603667393121437304e-09
1.141000000000000000e+03 2.617182332980938165e-09
1.142000000000000000e+03 2.596726827107483121e-09
1.143000000000000000e+03 2.573263632540783379e-09
1.144000000000000000e+03 2.673054375387363032e-09
1.145000000000000000e+03 2.695578357480708582e-09
1.146000000000000000e+03 2.649292809917213247e-09
1.147000000000000000e+03 2.654566794321634719e-09
1.148000000000000000e+03 2.670985319171773763e-09
1.149000000000000000e+03 2.652984851479020823e-09
1.150000000000000000e+03 2.665606185594929518e-09
1.151000000000000000e+03 2.602788041264945500e-09
1.152000000000000000e+03 2.798608707312364416e-09
1.153000000000000000e+03 2.755066788793063715e-09
1.154000000000000000e+03 2.586020344162465067e-09
1.155000000000000000e+03 2.675284413400561717e-09
1.156000000000000000e+03 2.672506602757409115e-09
1.157000000000000000e+03 2.604413018183912057e-09
1.158000000000000000e+03 2.633924507083378500e-09
1.159000000000000000e+03 2.712053667178444712e-09
1.160000000000000000e+03 2.619158492562766399e-09
1.161000000000000000e+03 2.648446486382891142e-09
1.162000000000000000e+03 2.634337446774584809e-09
1.163000000000000000e+03 2.596494326915378614e-09
1.164000000000000000e+03 2.629863395331907236e-09
1.165000000000000000e+03 2.565055664664825025e-09
1.166000000000000000e+03 2.715737293674312393e-09
1.167000000000000000e+03 2.583071245184844176e-09
1.168000000000000000e+03 2.596576664223775858e-09
1.169000000000000000e+03 2.651059156882937495e-09
1.170000000000000000e+03 2.700387258046698404e-09
1.171000000000000000e+03 2.608472861074016385e-09
1.172000000000000000e+03 2.666789585938876220e-09
1.173000000000000000e+03 2.593299647856360637e-09
1.174000000000000000e+03 2.568152883735005508e-09
1.175000000000000000e+03 2.591968573907911545e-09
1.176000000000000000e+03 2.607682297227102138e-09
1.177000000000000000e+03 2.578680677945390232e-09
1.178000000000000000e+03 2.825036713264682137e-09
1.179000000000000000e+03 2.588003055887617549e-09
1.180000000000000000e+03 2.558469406056020018e-09
1.181000000000000000e+03 2.564134917832305699e-09
1.182000000000000000e+03 2.618223308933366050e-09
1.183000000000000000e+03 2.749621809154852881e-09
1.184000000000000000e+03 2.699824121420678193e-09
1.185000000000000000e+03 2.619972980186911840e-09
1.186000000000000000e+03 2.600374995554677754e-09
1.187000000000000000e+03 2.583241810398313379e-09
1.188000000000000000e+03 2.596314627933485539e-09
1.189000000000000000e+03 2.668431364896113392e-09
1.190000000000000000e+03 2.711785000075040852e-09
1.191000000000000000e+03 2.553210565786631857e-09
1.192000000000000000e+03 2.623674429138581538e-09
1.193000000000000000e+03 2.620037503440508050e-09
1.194000000000000000e+03 2.566907511618092305e-09
1.195000000000000000e+03 2.647266386235942692e-09
1.196000000000000000e+03 2.758794271605656768e-09
1.197000000000000000e+03 2.860094277317475850e-09
1.198000000000000000e+03 2.583228437455275688e-09
1.199000000000000000e+03 2.604663011008703275e-09
1.200000000000000000e+03 2.589887033997487872e-09
1.201000000000000000e+03 2.650132535091538340e-09
1.202000000000000000e+03 2.567522603293893007e-09
1.203000000000000000e+03 2.591282726158737567e-09
1.204000000000000000e+03 2.603226714974199267e-09
1.205000000000000000e+03 2.556967472387443644e-09
1.206000000000000000e+03 2.595009513238299400e-09
1.207000000000000000e+03 2.577083013880137499e-09
1.208000000000000000e+03 2.557390598494689050e-09
1.209000000000000000e+03 2.558332141281868369e-09
1.210000000000000000e+03 2.628935120859473741e-09
1.211000000000000000e+03 2.619868673128707312e-09
1.212000000000000000e+03 2.613018854729107972e-09
1.213000000000000000e+03 2.659678753932559813e-09
1.214000000000000000e+03 2.557958625563561151e-09
1.215000000000000000e+03 2.632606953578578059e-09
1.216000000000000000e+03 2.654862436357198102e-09
1.217000000000000000e+03 2.574170826781584362e-09
1.218000000000000000e+03 2.557855812956641133e-09
1.219000000000000000e+03 2.561293861422979972e-09
1.220000000000000000e+03 2.690483370954297921e-09
1.221000000000000000e+03 2.569695358176273066e-09
1.222000000000000000e+03 2.557330966617997079e-09
1.223000000000000000e+03 2.671425295720079724e-09
1.224000000000000000e+03 2.627280074197122443e-09
1.225000000000000000e+03 2.586868296467143096e-09
1.226000000000000000e+03 2.599188772741474760e-09
1.227000000000000000e+03 2.666024618047875020e-09
1.228000000000000000e+03 2.570828816725307780e-09
1.229000000000000000e+03 2.600282289620976440e-09
1.230000000000000000e+03 2.563162063540925431e-09
1.231000000000000000e+03 2.556940630212135614e-09
1.232000000000000000e+03 2.551261652714385163e-09
1.233000000000000000e+03 2.617161057985978426e-09
1.234000000000000000e+03 2.728714274915455832e-09
1.235000000000000000e+03 2.634596555530200065e-09
1.236000000000000000e+03 2.606534737560255304e-09
1.237000000000000000e+03 2.618771102154668167e-09
1.238000000000000000e+03 2.560356223974122822e-09
1.239000000000000000e+03 2.619163489763544959e-09
1.240000000000000000e+03 2.571372796543873185e-09
1.241000000000000000e+03 2.646502079732221031e-09
1.242000000000000000e+03 2.575166219400046755e-09
1.243000000000000000e+03 2.577711043842683939e-09
1.244000000000000000e+03 2.555648685881457510e-09
1.245000000000000000e+03 2.745049487938565153e-09
1.246000000000000000e+03 2.568413457034241864e-09
1.247000000000000000e+03 2.607490310228549997e-09
1.248000000000000000e+03 2.568069843611396434e-09
1.249000000000000000e+03 2.555926589189416964e-09
1.250000000000000000e+03 2.582954449958092787e-09
1.251000000000000000e+03 2.539741369584205529e-09
1.252000000000000000e+03 2.564178603931498977e-09
1.253000000000000000e+03 2.709271839568460722e-09
1.254000000000000000e+03 2.813893528711451437e-09
1.255000000000000000e+03 2.606287934306586183e-09
1.256000000000000000e+03 2.583189310998227167e-09
1.257000000000000000e+03 2.552053649965402775e-09
1.258000000000000000e+03 2.635746029634117354e-09
1.259000000000000000e+03 2.623729682681814897e-09
1.260000000000000000e+03 2.588442958202524700e-09
1.261000000000000000e+03 2.582928407801395748e-09
1.262000000000000000e+03 2.649147061594388388e-09
1.263000000000000000e+03 2.627347326037372175e-09
1.264000000000000000e+03 2.534288109914769792e-09
1.265000000000000000e+03 2.532781075829885851e-09
1.266000000000000000e+03 2.630070226674789967e-09
1.267000000000000000e+03 2.552878055433861710e-09
1.268000000000000000e+03 2.543097800620946038e-09
1.269000000000000000e+03 2.571012503664681188e-09
1.270000000000000000e+03 2.536094686557613107e-09
1.271000000000000000e+03 2.600320244503216962e-09
1.272000000000000000e+03 2.533183183060717815e-09
1.273000000000000000e+03 2.575457223484862434e-09
1.274000000000000000e+03 2.529131432966139699e-09
1.275000000000000000e+03 2.555969400902717950e-09
1.276000000000000000e+03 2.570593907222996441e-09
1.277000000000000000e+03 2.561441528336050706e-09
1.278000000000000000e+03 2.667111519536664762e-09
1.279000000000000000e+03 2.655450490691810311e-09
1.280000000000000000e+03 2.526387802254695538e-09
1.281000000000000000e+03 2.543224466653424204e-09
1.282000000000000000e+03 2.615337999066509691e-09
1.283000000000000000e+03 2.545362721969534519e-09
1.284000000000000000e+03 2.590266324174779451e-09
1.285000000000000000e+03 2.542137150507779288e-09
1.286000000000000000e+03 2.585568666826515651e-09
1.287000000000000000e+03 2.568633542584761676e-09
1.288000000000000000e+03 2.584755638833135282e-09
1.289000000000000000e+03 2.527514554145888264e-09
1.290000000000000000e+03 2.585905334838043639e-09
1.291000000000000000e+03 2.696977818977700441e-09
1.292000000000000000e+03 2.551631196262846152e-09
1.293000000000000000e+03 2.536549317249963777e-09
1.294000000000000000e+03 2.535396476451230343e-09
1.295000000000000000e+03 2.491047212174759755e-09
1.296000000000000000e+03 2.553395776081491284e-09
1.297000000000000000e+03 2.525125147566441307e-09
1.298000000000000000e+03 2.532272051599379580e-09
1.299000000000000000e+03 2.640178834409603309e-09
1.300000000000000000e+03 2.604799767086979610e-09
1.301000000000000000e+03 2.579366254855433564e-09
1.302000000000000000e+03 2.566441328369121616e-09
1.303000000000000000e+03 2.618775243885969014e-09
1.304000000000000000e+03 2.535763663516655501e-09
1.305000000000000000e+03 2.529499153539740492e-09
1.306000000000000000e+03 2.617728846388422183e-09
1.307000000000000000e+03 2.612062632805254530e-09
1.308000000000000000e+03 2.566790334799938850e-09
1.309000000000000000e+03 2.543291721831705464e-09
1.310000000000000000e+03 2.587263055273671133e-09
1.311000000000000000e+03 2.500716632166506488e-09
1.312000000000000000e+03 2.584469592880945069e-09
1.313000000000000000e+03 2.567355084065910055e-09
1.314000000000000000e+03 2.569980530702240703e-09
1.315000000000000000e+03 2.569574065654896326e-09
1.316000000000000000e+03 2.590845134785248137e-09
1.317000000000000000e+03 2.579820904808897382e-09
1.318000000000000000e+03 2.547769986936110540e-09
1.319000000000000000e+03 2.543192180968281056e-09
1.320000000000000000e+03 2.537523367207750989e-09
1.321000000000000000e+03 2.596771535429380596e-09
1.322000000000000000e+03 2.527491889133389620e-09
1.323000000000000000e+03 2.529934775160144691e-09
1.324000000000000000e+03 2.554923092483062212e-09
1.325000000000000000e+03 2.586698567122780256e-09
1.326000000000000000e+03 2.536553582367996531e-09
1.327000000000000000e+03 2.538091234137579520e-09
1.328000000000000000e+03 2.605968689697663009e-09
1.329000000000000000e+03 2.530088127737696222e-09
1.330000000000000000e+03 2.610887803047282080e-09
1.331000000000000000e+03 2.524195456369878250e-09
1.332000000000000000e+03 2.628534670818034621e-09
1.333000000000000000e+03 2.538794487317728748e-09
1.334000000000000000e+03 2.529048085815927770e-09
1.335000000000000000e+03 2.528800405152995160e-09
1.336000000000000000e+03 2.528205217365588677e-09
1.337000000000000000e+03 2.635043416105536447e-09
1.338000000000000000e+03 2.513455934105253528e-09
1.339000000000000000e+03 2.534343542754124122e-09
1.340000000000000000e+03 2.526295412843589566e-09
1.341000000000000000e+03 2.628213238135823093e-09
1.342000000000000000e+03 2.583168261972637564e-09
1.343000000000000000e+03 2.663898419821744921e-09
1.344000000000000000e+03 2.513626433649619869e-09
1.345000000000000000e+03 2.538788175014083903e-09
1.346000000000000000e+03 2.536533135114083648e-09
1.347000000000000000e+03 2.566752623207262689e-09
1.348000000000000000e+03 2.530285928585680614e-09
1.349000000000000000e+03 2.512963792112476289e-09
1.350000000000000000e+03 2.576303596518139337e-09
1.351000000000000000e+03 2.570338733476413846e-09
1.352000000000000000e+03 2.539813855445081123e-09
1.353000000000000000e+03 2.551266584568357725e-09
1.354000000000000000e+03 2.546880335879071039e-09
1.355000000000000000e+03 2.530083033932103201e-09
1.356000000000000000e+03 2.530163888631315150e-09
1.357000000000000000e+03 2.556789057143975061e-09
1.358000000000000000e+03 2.517533322202563590e-09
1.359000000000000000e+03 2.545599086697744301e-09
1.360000000000000000e+03 2.500500555731808229e-09
1.361000000000000000e+03 2.504635805312304495e-09
1.362000000000000000e+03 2.638493585743020569e-09
1.363000000000000000e+03 2.639253807493963871e-09
1.364000000000000000e+03 2.619466681929582774e-09
1.365000000000000000e+03 2.516550912731866627e-09
1.366000000000000000e+03 2.607293647798988531e-09
1.367000000000000000e+03 2.541886036795359967e-09
1.368000000000000000e+03 2.532637205011683835e-09
1.369000000000000000e+03 2.538002366025145419e-09
1.370000000000000000e+03 2.508201626127347690e-09
1.371000000000000000e+03 2.553079694356086239e-09
1.372000000000000000e+03 2.619732028531053538e-09
1.373000000000000000e+03 2.533894758583442791e-09
1.374000000000000000e+03 2.509662087326091728e-09
1.375000000000000000e+03 2.512158503610719966e-09
1.376000000000000000e+03 2.494626745764113441e-09
1.377000000000000000e+03 2.582648442096026919e-09
1.378000000000000000e+03 2.639217773488358890e-09
1.379000000000000000e+03 2.513155447272353972e-09
1.380000000000000000e+03 2.526169832350799368e-09
1.381000000000000000e+03 2.505596791675258374e-09
1.382000000000000000e+03 2.509606545297279816e-09
1.383000000000000000e+03 2.514419788716891272e-09
1.384000000000000000e+03 2.499147994073972814e-09
1.385000000000000000e+03 2.536481575379264791e-09
1.386000000000000000e+03 2.536236040472989382e-09
1.387000000000000000e+03 2.490388151545658060e-09
1.388000000000000000e+03 2.514595978455569695e-09
1.389000000000000000e+03 2.512148353564369801e-09
1.390000000000000000e+03 2.496869882394025059e-09
1.391000000000000000e+03 2.553736510005455543e-09
1.392000000000000000e+03 2.597809891441386488e-09
1.393000000000000000e+03 2.543100564633927054e-09
1.394000000000000000e+03 2.683163953013420713e-09
1.395000000000000000e+03 2.490374576306465359e-09
1.396000000000000000e+03 2.531689888289352544e-09
