0.000000000000000000e+00 1.586720013617589058e-03
1.000000000000000000e+00 2.162720931921043076e-04
2.000000000000000000e+00 1.848302625111320581e-04
3.000000000000000000e+00 1.790157931032445703e-04
4.000000000000000000e+00 1.734477237912014473e-04
5.000000000000000000e+00 1.653152170553398462e-04
6.000000000000000000e+00 1.550686864771176501e-04
7.000000000000000000e+00 1.415693600321146078e-04
8.000000000000000000e+00 1.226481054204803104e-04
9.000000000000000000e+00 9.170585258700097563e-05
1.000000000000000000e+01 3.684895907737990232e-05
1.100000000000000000e+01 2.728529777793028800e-06
1.200000000000000000e+01 1.954887847667745324e-07
1.300000000000000000e+01 9.391729699454453728e-08
1.400000000000000000e+01 7.381145285882959842e-08
1.500000000000000000e+01 6.744142396947874702e-08
1.600000000000000000e+01 5.167019529968873839e-08
1.700000000000000000e+01 4.321876170142092082e-08
1.800000000000000000e+01 3.657191113389190710e-08
1.900000000000000000e+01 2.930252192263749736e-08
2.000000000000000000e+01 2.406964714104223184e-08
2.100000000000000000e+01 1.838362308368340086e-08
2.200000000000000000e+01 1.593372488486207095e-08
2.300000000000000000e+01 1.471904186277190714e-08
2.400000000000000000e+01 1.188580862546110222e-08
2.500000000000000000e+01 1.079630026835378629e-08
2.600000000000000000e+01 1.026216085317660053e-08
2.700000000000000000e+01 9.430214702846940288e-09
2.800000000000000000e+01 9.607367067691944056e-09
2.900000000000000000e+01 8.518496354067209823e-09
3.000000000000000000e+01 5.187755551643313928e-09
3.100000000000000000e+01 5.242410939499093692e-09
3.200000000000000000e+01 5.309128618066441229e-09
3.300000000000000000e+01 3.186642423086298645e-09
3.400000000000000000e+01 4.046543570074181917e-09
3.500000000000000000e+01 2.505891865801608172e-09
3.600000000000000000e+01 2.324557265382966220e-09
3.700000000000000000e+01 1.864244605799006743e-09
3.800000000000000000e+01 1.907486008336162394e-09
3.900000000000000000e+01 1.995631775455816441e-09
4.000000000000000000e+01 4.029818135846001983e-09
4.100000000000000000e+01 4.016463509789813950e-09
4.200000000000000000e+01 6.038338996428357931e-09
4.300000000000000000e+01 3.572494338773978780e-09
4.400000000000000000e+01 2.898817262168214838e-09
4.500000000000000000e+01 4.074804381488032680e-09
4.600000000000000000e+01 1.746693200739058456e-09
4.700000000000000000e+01 2.577360935751857141e-09
4.800000000000000000e+01 6.514798755255452624e-09
4.900000000000000000e+01 1.684282005060446030e-07
5.000000000000000000e+01 8.787538649851677601e-08
5.100000000000000000e+01 1.218433764931863748e-08
5.200000000000000000e+01 2.136210461233022543e-08
5.300000000000000000e+01 1.970311659484065474e-08
5.400000000000000000e+01 5.191387474608956797e-09
5.500000000000000000e+01 4.740419182077761605e-09
5.600000000000000000e+01 8.141562265936803360e-10
5.700000000000000000e+01 6.977756374356953914e-10
5.800000000000000000e+01 9.721526401833826043e-10
5.900000000000000000e+01 6.037720754037978335e-07
6.000000000000000000e+01 3.469060522544595496e-07
6.100000000000000000e+01 4.642676556485316275e-08
6.200000000000000000e+01 2.766676842254738209e-09
6.300000000000000000e+01 1.523361942748436169e-09
6.400000000000000000e+01 1.216027094938136581e-09
6.500000000000000000e+01 1.383577415630302793e-09
6.600000000000000000e+01 1.293589453814112958e-09
6.700000000000000000e+01 9.898903275603637554e-10
6.800000000000000000e+01 8.439098275646478265e-10
6.900000000000000000e+01 1.309714619835873639e-09
7.000000000000000000e+01 9.017391334573138483e-10
7.100000000000000000e+01 7.181391378813288124e-10
7.200000000000000000e+01 1.200095724731657340e-09
7.300000000000000000e+01 7.812030590572946548e-10
7.400000000000000000e+01 7.733175130258855611e-10
7.500000000000000000e+01 5.767014947254250728e-10
7.600000000000000000e+01 1.305143715334689899e-09
7.700000000000000000e+01 4.132331965612537070e-09
7.800000000000000000e+01 6.239045490380146823e-09
7.900000000000000000e+01 1.481852418977360778e-09
8.000000000000000000e+01 2.301372766935487508e-08
8.100000000000000000e+01 9.632419593237675648e-09
8.200000000000000000e+01 5.542012677563675494e-08
8.300000000000000000e+01 3.298935709341524343e-08
8.400000000000000000e+01 7.349806192344087479e-08
8.500000000000000000e+01 1.078880440945028576e-08
8.600000000000000000e+01 4.534465541560746157e-08
8.700000000000000000e+01 3.706589198444619322e-08
8.800000000000000000e+01 3.054877948330523982e-09
8.900000000000000000e+01 1.038072625327343827e-09
9.000000000000000000e+01 5.992714842326474973e-09
9.100000000000000000e+01 3.381569737777028073e-07
9.200000000000000000e+01 7.191377592221726820e-08
9.300000000000000000e+01 7.290522801466952529e-09
9.400000000000000000e+01 2.238983673826534854e-08
9.500000000000000000e+01 1.282098577386613007e-08
9.600000000000000000e+01 7.604340293183360824e-09
9.700000000000000000e+01 7.707266932682645341e-09
9.800000000000000000e+01 1.874966559692031320e-09
9.900000000000000000e+01 1.245422544123200432e-09
1.000000000000000000e+02 1.310044698818421925e-09
1.010000000000000000e+02 9.246503890240433929e-10
1.020000000000000000e+02 1.039475822157889642e-09
1.030000000000000000e+02 8.970487914251863965e-10
1.040000000000000000e+02 3.187393048316588018e-09
1.050000000000000000e+02 1.821117982977291080e-07
1.060000000000000000e+02 2.002461454012986689e-07
1.070000000000000000e+02 1.546898970948674529e-08
1.080000000000000000e+02 1.444997409150893017e-09
1.090000000000000000e+02 7.721449205998768397e-10
1.100000000000000000e+02 8.106103390298015352e-10
1.110000000000000000e+02 9.008188481584261332e-10
1.120000000000000000e+02 1.037856941798669075e-09
1.130000000000000000e+02 3.756767737321726393e-09
1.140000000000000000e+02 1.332452869199443901e-08
1.150000000000000000e+02 1.513488554935736200e-08
1.160000000000000000e+02 3.447843074951774734e-07
1.170000000000000000e+02 1.747601310215665010e-07
1.180000000000000000e+02 8.402042260362639918e-09
1.190000000000000000e+02 1.926732163847193589e-09
1.200000000000000000e+02 7.608181790460576022e-10
1.210000000000000000e+02 9.282280023287938306e-10
1.220000000000000000e+02 7.648808433714551749e-10
1.230000000000000000e+02 6.665432049490511171e-10
1.240000000000000000e+02 6.208294165930950541e-10
1.250000000000000000e+02 8.098883795477201845e-10
1.260000000000000000e+02 1.179420736266596856e-09
1.270000000000000000e+02 2.217495903813782575e-09
1.280000000000000000e+02 2.094303116732138553e-09
1.290000000000000000e+02 3.600806474693011986e-09
1.300000000000000000e+02 4.746422648632275728e-09
1.310000000000000000e+02 1.583635901513720895e-08
1.320000000000000000e+02 4.564127498045735164e-08
1.330000000000000000e+02 2.717174401526038696e-07
1.340000000000000000e+02 1.503624904982868486e-08
1.350000000000000000e+02 5.728183924484386450e-09
1.360000000000000000e+02 1.867048579825400331e-09
1.370000000000000000e+02 3.306234935322613083e-09
1.380000000000000000e+02 1.232488633715314652e-09
1.390000000000000000e+02 8.396008614749140910e-10
1.400000000000000000e+02 8.000463151649367814e-10
1.410000000000000000e+02 1.201096583594471480e-08
1.420000000000000000e+02 1.984552138953150157e-09
1.430000000000000000e+02 2.295599102620682236e-09
1.440000000000000000e+02 5.247129434052858761e-08
1.450000000000000000e+02 1.027622258004307425e-07
1.460000000000000000e+02 9.274214919765805488e-10
1.470000000000000000e+02 6.866716879416684227e-10
1.480000000000000000e+02 1.605621847061513515e-09
1.490000000000000000e+02 6.045593842649369908e-09
1.500000000000000000e+02 2.541599458123128614e-07
1.510000000000000000e+02 4.580402930205669077e-08
1.520000000000000000e+02 9.674691465195578530e-08
1.530000000000000000e+02 9.315924401692795903e-08
1.540000000000000000e+02 7.188046500040137295e-08
1.550000000000000000e+02 1.367417495136411603e-07
1.560000000000000000e+02 4.006735948437536340e-08
1.570000000000000000e+02 2.891241697080565455e-09
1.580000000000000000e+02 7.561576207293000710e-10
