0.000000000000000000e+00 1.769291368857498728e-05
1.000000000000000000e+00 1.086039277700958055e-05
2.000000000000000000e+00 9.282093820045550530e-06
3.000000000000000000e+00 9.025821526932904719e-06
4.000000000000000000e+00 8.702911232345868345e-06
5.000000000000000000e+00 8.569702080533779208e-06
6.000000000000000000e+00 8.469890608649176028e-06
7.000000000000000000e+00 8.629664784051305513e-06
8.000000000000000000e+00 8.419545083122059758e-06
9.000000000000000000e+00 8.336985691646945815e-06
1.000000000000000000e+01 8.403782610089566250e-06
1.100000000000000000e+01 8.140147222013922453e-06
1.200000000000000000e+01 8.253401671688782908e-06
1.300000000000000000e+01 8.087243855174413185e-06
1.400000000000000000e+01 8.227816417927345189e-06
1.500000000000000000e+01 7.999368636501940036e-06
1.600000000000000000e+01 8.000845748206409277e-06
1.700000000000000000e+01 7.946914098772750901e-06
1.800000000000000000e+01 7.897074374029803447e-06
1.900000000000000000e+01 7.860817695532818140e-06
2.000000000000000000e+01 8.036309359662019986e-06
2.100000000000000000e+01 7.895727235410812108e-06
2.200000000000000000e+01 7.765815253035657120e-06
2.300000000000000000e+01 7.699083466336200570e-06
2.400000000000000000e+01 7.532151173534172307e-06
2.500000000000000000e+01 7.448808057465690721e-06
2.600000000000000000e+01 7.359087630432703182e-06
2.700000000000000000e+01 7.598904075583136294e-06
2.800000000000000000e+01 7.160669503818713162e-06
2.900000000000000000e+01 7.255034971831401704e-06
3.000000000000000000e+01 7.031964442165890712e-06
3.100000000000000000e+01 6.955357660313703391e-06
3.200000000000000000e+01 6.703740479870918281e-06
3.300000000000000000e+01 6.704359890153317735e-06
3.400000000000000000e+01 6.333166574117276653e-06
3.500000000000000000e+01 5.984634428869775997e-06
3.600000000000000000e+01 5.623391093705454784e-06
3.700000000000000000e+01 5.183029467433169714e-06
3.800000000000000000e+01 4.702917757647173238e-06
3.900000000000000000e+01 4.290091438448429703e-06
4.000000000000000000e+01 3.709596205499539079e-06
4.100000000000000000e+01 3.202404754554749957e-06
4.200000000000000000e+01 2.789403926014923004e-06
4.300000000000000000e+01 2.469337232177772918e-06
4.400000000000000000e+01 2.116821933204253997e-06
4.500000000000000000e+01 1.900307937222457251e-06
4.600000000000000000e+01 1.704684893938651740e-06
4.700000000000000000e+01 1.610580670019404739e-06
4.800000000000000000e+01 1.555538329175275672e-06
4.900000000000000000e+01 1.527363628944181450e-06
5.000000000000000000e+01 1.496059783110978969e-06
5.100000000000000000e+01 1.482091737979228486e-06
5.200000000000000000e+01 1.449873395788118661e-06
5.300000000000000000e+01 1.477215566975705668e-06
5.400000000000000000e+01 1.442539387114322341e-06
5.500000000000000000e+01 1.445026634524392998e-06
5.600000000000000000e+01 1.447535052821445566e-06
5.700000000000000000e+01 1.436487719313427765e-06
5.800000000000000000e+01 1.420057968662356854e-06
5.900000000000000000e+01 1.419493099310327652e-06
6.000000000000000000e+01 1.434200527546912522e-06
6.100000000000000000e+01 1.435132986005476961e-06
6.200000000000000000e+01 1.425627351312781488e-06
6.300000000000000000e+01 1.463900116613018360e-06
6.400000000000000000e+01 1.428272348380017955e-06
6.500000000000000000e+01 1.409543085993224192e-06
6.600000000000000000e+01 1.417137313085636397e-06
6.700000000000000000e+01 1.416628013908549131e-06
6.800000000000000000e+01 1.418243161383858184e-06
6.900000000000000000e+01 1.396313021354152086e-06
7.000000000000000000e+01 1.414183061685732689e-06
7.100000000000000000e+01 1.391503428981048469e-06
7.200000000000000000e+01 1.407251512265612946e-06
7.300000000000000000e+01 1.410757865628536615e-06
7.400000000000000000e+01 1.395177175650471857e-06
7.500000000000000000e+01 1.404846095435644615e-06
7.600000000000000000e+01 1.384206128322264923e-06
7.700000000000000000e+01 1.380390045708769369e-06
7.800000000000000000e+01 1.385746932963388294e-06
7.900000000000000000e+01 1.387852126372233353e-06
8.000000000000000000e+01 1.383545416205891017e-06
8.100000000000000000e+01 1.379370583089061696e-06
8.200000000000000000e+01 1.391095315518546114e-06
8.300000000000000000e+01 1.375400204734496461e-06
8.400000000000000000e+01 1.378109340603510536e-06
8.500000000000000000e+01 1.385328771486658935e-06
8.600000000000000000e+01 1.388400327149226810e-06
8.700000000000000000e+01 1.395616772887119300e-06
8.800000000000000000e+01 1.382187700245462034e-06
8.900000000000000000e+01 1.372196624150856357e-06
9.000000000000000000e+01 1.382750067725373548e-06
9.100000000000000000e+01 1.371238193913832981e-06
9.200000000000000000e+01 1.385744451569836670e-06
9.300000000000000000e+01 1.374599179593929365e-06
9.400000000000000000e+01 1.383212713217948358e-06
9.500000000000000000e+01 1.375765408188755054e-06
9.600000000000000000e+01 1.382433188884777578e-06
9.700000000000000000e+01 1.387810807073510813e-06
9.800000000000000000e+01 1.363756172783134914e-06
9.900000000000000000e+01 1.363240867738916859e-06
1.000000000000000000e+02 1.359782396222275183e-06
1.010000000000000000e+02 1.359597988673431830e-06
1.020000000000000000e+02 1.374127577926271273e-06
1.030000000000000000e+02 1.379284258634705862e-06
1.040000000000000000e+02 1.370215851893518785e-06
1.050000000000000000e+02 1.357538519953435525e-06
1.060000000000000000e+02 1.361669900236892137e-06
1.070000000000000000e+02 1.352860269169777777e-06
1.080000000000000000e+02 1.353081365319204861e-06
1.090000000000000000e+02 1.421945737435557568e-06
1.100000000000000000e+02 1.360120865964706464e-06
1.110000000000000000e+02 1.356695581159450382e-06
1.120000000000000000e+02 1.362463260588799077e-06
1.130000000000000000e+02 1.346158732860884832e-06
1.140000000000000000e+02 1.360549687803467998e-06
1.150000000000000000e+02 1.359429031759676980e-06
1.160000000000000000e+02 1.363340852007333291e-06
1.170000000000000000e+02 1.370364590600311650e-06
1.180000000000000000e+02 1.372510131815314103e-06
1.190000000000000000e+02 1.358236569901607452e-06
1.200000000000000000e+02 1.354927246183378278e-06
1.210000000000000000e+02 1.359815020836475261e-06
1.220000000000000000e+02 1.351290878313858140e-06
1.230000000000000000e+02 1.350647438037990869e-06
1.240000000000000000e+02 1.345931302004024406e-06
1.250000000000000000e+02 1.348202901429586845e-06
1.260000000000000000e+02 1.363261474932427361e-06
1.270000000000000000e+02 1.361208635016171205e-06
1.280000000000000000e+02 1.382048312246604731e-06
1.290000000000000000e+02 1.357343821933841483e-06
1.300000000000000000e+02 1.342234999756497881e-06
1.310000000000000000e+02 1.344783013950644479e-06
1.320000000000000000e+02 1.348597634657211156e-06
1.330000000000000000e+02 1.342936006173376472e-06
1.340000000000000000e+02 1.352917249976928832e-06
1.350000000000000000e+02 1.351154652033565070e-06
1.360000000000000000e+02 1.346728283541732794e-06
1.370000000000000000e+02 1.347159348219976063e-06
1.380000000000000000e+02 1.346261689293946451e-06
1.390000000000000000e+02 1.339039536981621046e-06
1.400000000000000000e+02 1.341645848816687224e-06
1.410000000000000000e+02 1.361825678995069323e-06
1.420000000000000000e+02 1.334506717902367710e-06
1.430000000000000000e+02 1.353715002616477835e-06
1.440000000000000000e+02 1.346780888287588106e-06
1.450000000000000000e+02 1.345871927834917011e-06
1.460000000000000000e+02 1.341129714553127087e-06
1.470000000000000000e+02 1.334711995254505769e-06
1.480000000000000000e+02 1.355112300398261440e-06
1.490000000000000000e+02 1.338985588377341145e-06
1.500000000000000000e+02 1.342093356099644605e-06
1.510000000000000000e+02 1.342878418240897808e-06
1.520000000000000000e+02 1.334145916491965392e-06
1.530000000000000000e+02 1.341560304472592710e-06
1.540000000000000000e+02 1.337072413849134713e-06
1.550000000000000000e+02 1.348528916699793797e-06
1.560000000000000000e+02 1.336802313798202853e-06
1.570000000000000000e+02 1.336161350704738819e-06
1.580000000000000000e+02 1.334414017995392471e-06
1.590000000000000000e+02 1.335161616914939405e-06
1.600000000000000000e+02 1.333319076226364434e-06
1.610000000000000000e+02 1.340765243016925158e-06
1.620000000000000000e+02 1.336160256111385306e-06
1.630000000000000000e+02 1.335157288486348115e-06
1.640000000000000000e+02 1.331966757188873865e-06
1.650000000000000000e+02 1.337131106519401078e-06
1.660000000000000000e+02 1.340992822430696096e-06
1.670000000000000000e+02 1.336443107235278452e-06
1.680000000000000000e+02 1.336676128111389345e-06
1.690000000000000000e+02 1.334879206408440430e-06
1.700000000000000000e+02 1.337624790088085333e-06
1.710000000000000000e+02 1.337800027097427126e-06
1.720000000000000000e+02 1.337049878922267849e-06
1.730000000000000000e+02 1.332364496588448087e-06
1.740000000000000000e+02 1.335494106867083033e-06
1.750000000000000000e+02 1.332478391467151817e-06
1.760000000000000000e+02 1.330691322599916687e-06
1.770000000000000000e+02 1.331285443160067937e-06
1.780000000000000000e+02 1.330954944946578884e-06
1.790000000000000000e+02 1.332625420010647891e-06
1.800000000000000000e+02 1.346645886314567665e-06
1.810000000000000000e+02 1.329172508683052585e-06
1.820000000000000000e+02 1.331634337802264109e-06
1.830000000000000000e+02 1.335953932824804015e-06
1.840000000000000000e+02 1.331661150879181014e-06
1.850000000000000000e+02 1.329850674820353709e-06
1.860000000000000000e+02 1.329935067870725738e-06
1.870000000000000000e+02 1.329691765754839169e-06
1.880000000000000000e+02 1.334876373319369191e-06
1.890000000000000000e+02 1.330218718571661389e-06
1.900000000000000000e+02 1.326218208202097493e-06
1.910000000000000000e+02 1.328492144700668567e-06
1.920000000000000000e+02 1.334161533216843167e-06
1.930000000000000000e+02 1.327043525595035966e-06
1.940000000000000000e+02 1.329746537948774406e-06
1.950000000000000000e+02 1.329872503958070559e-06
1.960000000000000000e+02 1.330115195676685028e-06
1.970000000000000000e+02 1.331332251130742987e-06
1.980000000000000000e+02 1.327222327716138371e-06
1.990000000000000000e+02 1.330613783520544031e-06
2.000000000000000000e+02 1.332253054065265049e-06
2.010000000000000000e+02 1.330048230927040940e-06
2.020000000000000000e+02 1.330126859918267678e-06
2.030000000000000000e+02 1.328892112636512300e-06
2.040000000000000000e+02 1.332862595315829286e-06
2.050000000000000000e+02 1.332102018718379057e-06
2.060000000000000000e+02 1.333748527902604654e-06
2.070000000000000000e+02 1.325591397121311515e-06
2.080000000000000000e+02 1.327987843688959320e-06
2.090000000000000000e+02 1.333746096711993411e-06
2.100000000000000000e+02 1.327323045043155519e-06
2.110000000000000000e+02 1.330641170099257721e-06
2.120000000000000000e+02 1.325546379577346605e-06
2.130000000000000000e+02 1.330648651699952026e-06
2.140000000000000000e+02 1.332298704830822533e-06
2.150000000000000000e+02 1.326645090203935690e-06
2.160000000000000000e+02 1.328263345873797462e-06
2.170000000000000000e+02 1.325102064383398131e-06
2.180000000000000000e+02 1.325432346518503877e-06
