0.000000000000000000e+00 3.551419170086421505e-04
1.000000000000000000e+00 1.012247762161568531e-04
2.000000000000000000e+00 6.822055900109005335e-05
3.000000000000000000e+00 5.253284827919951257e-05
4.000000000000000000e+00 4.551807624204849565e-05
5.000000000000000000e+00 3.889320761515064560e-05
6.000000000000000000e+00 3.187063229814310908e-05
7.000000000000000000e+00 2.999943078661833739e-05
8.000000000000000000e+00 3.894740059421550576e-05
9.000000000000000000e+00 2.718563927617209335e-05
1.000000000000000000e+01 2.919038411943093115e-05
1.100000000000000000e+01 2.718760640595447209e-05
1.200000000000000000e+01 2.008164426732541555e-05
1.300000000000000000e+01 1.911587422170541898e-05
1.400000000000000000e+01 1.911142499228007369e-05
1.500000000000000000e+01 1.788839938244170841e-05
1.600000000000000000e+01 2.026714520114261437e-05
1.700000000000000000e+01 1.469152339899528429e-05
1.800000000000000000e+01 1.677725881236396451e-05
1.900000000000000000e+01 1.390899321654056044e-05
2.000000000000000000e+01 1.562889276562724685e-05
2.100000000000000000e+01 1.728600395710166516e-05
2.200000000000000000e+01 1.508768699173664201e-05
2.300000000000000000e+01 1.169903117727859935e-05
2.400000000000000000e+01 1.587770042420060058e-05
2.500000000000000000e+01 1.468302167100103106e-05
2.600000000000000000e+01 1.722105119106808095e-05
2.700000000000000000e+01 1.534509375013334780e-05
2.800000000000000000e+01 1.875472783356304211e-05
2.900000000000000000e+01 1.530153563183545668e-05
3.000000000000000000e+01 1.345691997747064603e-05
3.100000000000000000e+01 1.422770953103714421e-05
3.200000000000000000e+01 2.019262606347055878e-05
3.300000000000000000e+01 1.323250271388765150e-05
3.400000000000000000e+01 1.651250190663987644e-05
3.500000000000000000e+01 1.138084591198097146e-05
3.600000000000000000e+01 1.224841786876435610e-05
3.700000000000000000e+01 1.252303048335835755e-05
3.800000000000000000e+01 1.066865294939039952e-05
3.900000000000000000e+01 1.177944104465587164e-05
4.000000000000000000e+01 1.205441662978598921e-05
4.100000000000000000e+01 1.097085268132265607e-05
4.200000000000000000e+01 1.078535644183833981e-05
4.300000000000000000e+01 1.178691056777346016e-05
4.400000000000000000e+01 1.133819581740203455e-05
4.500000000000000000e+01 1.219049297132357804e-05
4.600000000000000000e+01 1.075535962117245202e-05
4.700000000000000000e+01 1.122312749559286341e-05
4.800000000000000000e+01 8.864197661758620988e-06
4.900000000000000000e+01 9.826532802278002189e-06
5.000000000000000000e+01 1.617604187243050625e-05
5.100000000000000000e+01 1.418535564632454152e-05
5.200000000000000000e+01 1.378031578443079555e-05
5.300000000000000000e+01 1.258434237034447571e-05
5.400000000000000000e+01 1.584087964088717646e-05
5.500000000000000000e+01 1.145509470517277734e-05
5.600000000000000000e+01 9.936698193660880294e-06
5.700000000000000000e+01 1.367469758416752050e-05
5.800000000000000000e+01 9.613131631105644055e-06
5.900000000000000000e+01 8.511771924738448177e-06
6.000000000000000000e+01 1.915825146502166248e-05
6.100000000000000000e+01 9.869690912197281375e-06
6.200000000000000000e+01 1.005844283911731765e-05
6.300000000000000000e+01 1.411091472371746657e-05
6.400000000000000000e+01 9.438026310908199774e-06
6.500000000000000000e+01 1.151534938857467427e-05
6.600000000000000000e+01 9.637949475791623952e-06
6.700000000000000000e+01 1.266798862699428086e-05
6.800000000000000000e+01 8.620574936964556887e-06
6.900000000000000000e+01 8.904026698414019405e-06
7.000000000000000000e+01 8.573069697220501103e-06
7.100000000000000000e+01 1.062118353481118295e-05
7.200000000000000000e+01 8.649749947419131787e-06
7.300000000000000000e+01 9.435719750778236080e-06
7.400000000000000000e+01 8.120507400440021928e-06
7.500000000000000000e+01 7.804943881543515476e-06
7.600000000000000000e+01 7.730005142605649645e-06
7.700000000000000000e+01 6.426634354460647341e-06
7.800000000000000000e+01 1.017462437118423343e-05
7.900000000000000000e+01 9.294088488049593189e-06
8.000000000000000000e+01 6.788272152749108813e-06
8.100000000000000000e+01 7.569947637490377069e-06
8.200000000000000000e+01 7.533650219067868851e-06
8.300000000000000000e+01 6.888303410165625496e-06
8.400000000000000000e+01 7.250379448424898044e-06
8.500000000000000000e+01 5.773166558821699966e-06
8.600000000000000000e+01 7.332002712739333502e-06
8.700000000000000000e+01 9.123457582268283765e-06
8.800000000000000000e+01 9.844807264530607111e-06
8.900000000000000000e+01 7.233639314595230983e-06
9.000000000000000000e+01 6.600836845389664917e-06
9.100000000000000000e+01 7.987355001874766176e-06
9.200000000000000000e+01 8.977802302667993822e-06
9.300000000000000000e+01 1.032531435363794702e-05
9.400000000000000000e+01 1.112493142682210335e-05
9.500000000000000000e+01 6.671861429568597307e-06
9.600000000000000000e+01 7.025524692920802854e-06
9.700000000000000000e+01 9.610386070748257897e-06
9.800000000000000000e+01 7.751638622015193393e-06
9.900000000000000000e+01 8.440685322287174071e-06
1.000000000000000000e+02 8.695185353070801690e-06
1.010000000000000000e+02 7.221069191563095577e-06
1.020000000000000000e+02 6.692605605888786581e-06
1.030000000000000000e+02 8.802498053666789874e-06
1.040000000000000000e+02 8.270281192954497500e-06
1.050000000000000000e+02 6.043214204577954586e-06
1.060000000000000000e+02 5.255553297472350057e-06
1.070000000000000000e+02 6.454092089484731716e-06
1.080000000000000000e+02 6.008894996262975176e-06
1.090000000000000000e+02 7.557738058723707770e-06
1.100000000000000000e+02 8.290660334841616581e-06
1.110000000000000000e+02 5.009157401460189815e-06
1.120000000000000000e+02 5.313192822070106183e-06
1.130000000000000000e+02 7.667233304587965957e-06
1.140000000000000000e+02 5.674163710416929621e-06
1.150000000000000000e+02 5.668759637094466891e-06
1.160000000000000000e+02 5.088877978395593234e-06
1.170000000000000000e+02 6.138953536891970605e-06
1.180000000000000000e+02 6.489483555311886039e-06
1.190000000000000000e+02 7.422800307743884508e-06
1.200000000000000000e+02 9.156393782008137244e-06
1.210000000000000000e+02 6.180749096888929073e-06
1.220000000000000000e+02 4.684010328373054219e-06
1.230000000000000000e+02 5.404256766023584946e-06
1.240000000000000000e+02 4.904651522809470355e-06
1.250000000000000000e+02 5.799233404274873986e-06
1.260000000000000000e+02 6.196505334820463177e-06
1.270000000000000000e+02 6.714935757371024018e-06
1.280000000000000000e+02 5.586332255809770270e-06
1.290000000000000000e+02 5.730499665398963924e-06
1.300000000000000000e+02 5.511009976636050618e-06
1.310000000000000000e+02 5.272252671456941511e-06
1.320000000000000000e+02 7.662328864242614785e-06
1.330000000000000000e+02 7.627287823450882618e-06
1.340000000000000000e+02 6.720155083431673674e-06
1.350000000000000000e+02 5.173729704655490295e-06
1.360000000000000000e+02 4.864192243739195356e-06
1.370000000000000000e+02 4.098962319284339914e-06
1.380000000000000000e+02 4.997554830002353121e-06
1.390000000000000000e+02 5.316946893425749709e-06
1.400000000000000000e+02 5.910696559975894524e-06
1.410000000000000000e+02 4.935294837807797329e-06
1.420000000000000000e+02 6.705930749423966333e-06
1.430000000000000000e+02 5.725963924857349705e-06
1.440000000000000000e+02 4.492478901216255335e-06
1.450000000000000000e+02 4.855090942549358328e-06
1.460000000000000000e+02 5.512864273898552537e-06
1.470000000000000000e+02 8.145414965845467574e-06
1.480000000000000000e+02 4.511414812117400104e-06
1.490000000000000000e+02 5.653563100514872304e-06
1.500000000000000000e+02 7.601175438484909643e-06
1.510000000000000000e+02 5.221777818303770926e-06
1.520000000000000000e+02 4.502100676572922045e-06
1.530000000000000000e+02 4.393404111717544827e-06
1.540000000000000000e+02 5.294968503761510474e-06
1.550000000000000000e+02 5.504261026046538364e-06
1.560000000000000000e+02 4.297779103480966341e-06
1.570000000000000000e+02 4.285557692611549682e-06
1.580000000000000000e+02 3.986540943888132516e-06
1.590000000000000000e+02 4.590791111526176651e-06
1.600000000000000000e+02 4.477931293300665199e-06
1.610000000000000000e+02 5.021289701567071101e-06
1.620000000000000000e+02 4.684797475339488973e-06
1.630000000000000000e+02 4.073879607245628019e-06
1.640000000000000000e+02 4.328064661475494371e-06
1.650000000000000000e+02 3.757744722690131377e-06
1.660000000000000000e+02 3.951926709361365032e-06
1.670000000000000000e+02 4.944794571214231117e-06
1.680000000000000000e+02 4.346034091735580859e-06
1.690000000000000000e+02 3.652868751542724120e-06
1.700000000000000000e+02 4.048306996961045514e-06
1.710000000000000000e+02 4.388656402158199539e-06
1.720000000000000000e+02 4.801731052889922145e-06
1.730000000000000000e+02 5.356955627006136535e-06
1.740000000000000000e+02 3.620834012834258684e-06
1.750000000000000000e+02 4.014865566089919443e-06
1.760000000000000000e+02 3.387953267641978545e-06
1.770000000000000000e+02 4.175578194145770749e-06
1.780000000000000000e+02 4.149604812062137628e-06
1.790000000000000000e+02 3.711525655134674801e-06
1.800000000000000000e+02 4.718132599744652890e-06
1.810000000000000000e+02 3.670754226649190874e-06
1.820000000000000000e+02 4.103011807207908143e-06
1.830000000000000000e+02 3.580298862023897075e-06
1.840000000000000000e+02 3.893535003825005109e-06
1.850000000000000000e+02 3.969374018453457438e-06
1.860000000000000000e+02 4.109923392733302225e-06
1.870000000000000000e+02 3.963336449160284258e-06
1.880000000000000000e+02 4.502338372239515439e-06
1.890000000000000000e+02 4.639677741682763887e-06
1.900000000000000000e+02 5.020742771400749384e-06
1.910000000000000000e+02 3.828743842245659756e-06
1.920000000000000000e+02 4.503472234530478977e-06
1.930000000000000000e+02 3.497743171982508661e-06
1.940000000000000000e+02 4.077935360879605496e-06
1.950000000000000000e+02 3.621522057952890298e-06
1.960000000000000000e+02 4.391870278782330861e-06
1.970000000000000000e+02 3.165084167676897318e-06
1.980000000000000000e+02 3.070157740686037678e-06
1.990000000000000000e+02 3.750269279996535489e-06
2.000000000000000000e+02 3.843384108402172800e-06
2.010000000000000000e+02 3.798368958872935397e-06
2.020000000000000000e+02 3.418104944693080980e-06
2.030000000000000000e+02 3.858986029575927197e-06
2.040000000000000000e+02 4.090475480542543283e-06
2.050000000000000000e+02 3.594191489263353317e-06
2.060000000000000000e+02 3.823870310306758078e-06
2.070000000000000000e+02 3.629263894149449036e-06
2.080000000000000000e+02 3.669718217004240358e-06
2.090000000000000000e+02 3.288533847183225937e-06
2.100000000000000000e+02 3.652408551351339272e-06
2.110000000000000000e+02 3.367643263566330970e-06
2.120000000000000000e+02 3.555411412838529774e-06
2.130000000000000000e+02 3.118005082626642233e-06
2.140000000000000000e+02 3.959100327933871556e-06
2.150000000000000000e+02 4.597363624995983259e-06
2.160000000000000000e+02 3.523805121059016898e-06
2.170000000000000000e+02 3.321677399647465808e-06
2.180000000000000000e+02 3.159442308980543056e-06
2.190000000000000000e+02 3.014960366921177073e-06
2.200000000000000000e+02 2.899333730191211428e-06
2.210000000000000000e+02 3.578476085384705515e-06
2.220000000000000000e+02 3.312350293474099840e-06
2.230000000000000000e+02 3.310555772159087804e-06
2.240000000000000000e+02 3.174223456991708286e-06
2.250000000000000000e+02 3.515981880008038137e-06
2.260000000000000000e+02 3.441061905129104926e-06
2.270000000000000000e+02 3.338941068525429171e-06
2.280000000000000000e+02 3.252125254062694925e-06
2.290000000000000000e+02 3.277833277999829319e-06
2.300000000000000000e+02 3.250666069053838802e-06
2.310000000000000000e+02 3.616639658329560927e-06
2.320000000000000000e+02 3.906760683914983850e-06
2.330000000000000000e+02 3.281527743911274674e-06
2.340000000000000000e+02 2.972697467513385564e-06
2.350000000000000000e+02 2.804684208629797276e-06
2.360000000000000000e+02 2.993369693419679064e-06
2.370000000000000000e+02 3.308269766395712156e-06
2.380000000000000000e+02 3.370441623220315660e-06
2.390000000000000000e+02 3.139744339392856626e-06
2.400000000000000000e+02 2.986486308205433023e-06
2.410000000000000000e+02 3.038506261724082678e-06
2.420000000000000000e+02 3.417801369229658063e-06
2.430000000000000000e+02 3.058780485222792201e-06
2.440000000000000000e+02 2.861659913314278676e-06
2.450000000000000000e+02 3.248336108337595568e-06
2.460000000000000000e+02 2.905256530080939102e-06
2.470000000000000000e+02 2.985906717401737758e-06
2.480000000000000000e+02 3.003106825824363566e-06
2.490000000000000000e+02 3.027390167063689707e-06
2.500000000000000000e+02 2.804466780697817702e-06
2.510000000000000000e+02 2.939428301327011716e-06
2.520000000000000000e+02 3.116655762081349034e-06
2.530000000000000000e+02 3.042572084143604963e-06
2.540000000000000000e+02 3.178192745621347117e-06
2.550000000000000000e+02 3.358711020482816276e-06
2.560000000000000000e+02 2.795742960300525764e-06
2.570000000000000000e+02 3.274639514052786177e-06
2.580000000000000000e+02 2.988117681352604044e-06
2.590000000000000000e+02 2.902658445139797809e-06
2.600000000000000000e+02 2.989053781453200160e-06
2.610000000000000000e+02 2.869680308066856692e-06
2.620000000000000000e+02 2.809131928016652365e-06
2.630000000000000000e+02 2.792707859164291980e-06
2.640000000000000000e+02 2.847234131361231033e-06
2.650000000000000000e+02 3.239994226312259034e-06
2.660000000000000000e+02 3.242229423339759064e-06
2.670000000000000000e+02 3.020672690874350580e-06
2.680000000000000000e+02 2.756674696257639380e-06
2.690000000000000000e+02 3.506323180589762798e-06
2.700000000000000000e+02 3.196190760595540328e-06
2.710000000000000000e+02 2.781812152571551387e-06
2.720000000000000000e+02 2.991525201217005086e-06
2.730000000000000000e+02 2.768220490167519426e-06
2.740000000000000000e+02 2.950228001774443041e-06
2.750000000000000000e+02 3.136843955257322756e-06
2.760000000000000000e+02 2.812562107146588634e-06
2.770000000000000000e+02 2.974117904514928454e-06
2.780000000000000000e+02 3.369942682109096309e-06
2.790000000000000000e+02 2.940168696468394586e-06
2.800000000000000000e+02 3.038113693821740319e-06
2.810000000000000000e+02 2.889367378470534699e-06
2.820000000000000000e+02 3.270029291629507775e-06
2.830000000000000000e+02 2.833598860080144943e-06
2.840000000000000000e+02 2.800475067886969273e-06
2.850000000000000000e+02 2.950805416558538964e-06
2.860000000000000000e+02 2.985823276112763812e-06
2.870000000000000000e+02 2.867177895301762068e-06
2.880000000000000000e+02 2.736187018410733768e-06
2.890000000000000000e+02 2.895262511617305015e-06
2.900000000000000000e+02 3.146028771900506458e-06
2.910000000000000000e+02 2.815041916029617091e-06
2.920000000000000000e+02 2.811940455621857313e-06
2.930000000000000000e+02 2.712607654007726319e-06
2.940000000000000000e+02 2.724754085776298852e-06
2.950000000000000000e+02 2.687678060951958035e-06
2.960000000000000000e+02 2.787646250497415923e-06
2.970000000000000000e+02 2.876396837646109495e-06
2.980000000000000000e+02 3.070287505904597255e-06
2.990000000000000000e+02 3.452900475683954261e-06
3.000000000000000000e+02 2.970732714540622668e-06
3.010000000000000000e+02 2.742645703364615591e-06
3.020000000000000000e+02 2.789823321338507989e-06
3.030000000000000000e+02 2.754652284310839267e-06
3.040000000000000000e+02 2.677624004748823114e-06
3.050000000000000000e+02 2.732980261779993041e-06
3.060000000000000000e+02 2.861564361656574253e-06
3.070000000000000000e+02 2.703157846850367704e-06
3.080000000000000000e+02 2.682715165638341831e-06
3.090000000000000000e+02 2.728412350146687590e-06
3.100000000000000000e+02 2.664048067961980624e-06
3.110000000000000000e+02 2.673762301637510947e-06
3.120000000000000000e+02 2.820948651831937915e-06
3.130000000000000000e+02 2.753152993240679552e-06
3.140000000000000000e+02 2.740864884886585550e-06
3.150000000000000000e+02 2.744435186568713892e-06
3.160000000000000000e+02 2.938606657128537697e-06
3.170000000000000000e+02 2.771188214818916173e-06
3.180000000000000000e+02 2.920101817448875293e-06
3.190000000000000000e+02 2.846960299506608391e-06
3.200000000000000000e+02 2.833546878024154484e-06
3.210000000000000000e+02 2.708743338618495709e-06
3.220000000000000000e+02 2.816864918075995040e-06
3.230000000000000000e+02 2.832132944602739356e-06
3.240000000000000000e+02 2.818657290216029485e-06
3.250000000000000000e+02 2.741027565870707554e-06
3.260000000000000000e+02 2.542001548064036196e-06
3.270000000000000000e+02 2.651229015425565054e-06
3.280000000000000000e+02 2.625127543068561953e-06
3.290000000000000000e+02 2.756533963621300206e-06
3.300000000000000000e+02 2.635456964542405768e-06
3.310000000000000000e+02 2.668890867776621203e-06
3.320000000000000000e+02 2.673776184774191640e-06
3.330000000000000000e+02 2.624162161589691703e-06
3.340000000000000000e+02 2.622462563781933514e-06
3.350000000000000000e+02 2.604007881681417755e-06
3.360000000000000000e+02 2.678991136904959123e-06
3.370000000000000000e+02 2.859450624140460865e-06
3.380000000000000000e+02 2.560457959293396491e-06
3.390000000000000000e+02 2.559765793312671985e-06
3.400000000000000000e+02 2.706555267363378505e-06
3.410000000000000000e+02 2.645359898097563497e-06
3.420000000000000000e+02 2.622047610104884030e-06
3.430000000000000000e+02 2.751574984025702304e-06
3.440000000000000000e+02 2.645965493569205536e-06
3.450000000000000000e+02 2.680745020540719000e-06
3.460000000000000000e+02 2.673537711126455671e-06
3.470000000000000000e+02 2.617413822932801893e-06
3.480000000000000000e+02 2.629323577157795721e-06
3.490000000000000000e+02 2.684570553283788547e-06
3.500000000000000000e+02 2.803422425712353916e-06
3.510000000000000000e+02 2.689040872857467159e-06
3.520000000000000000e+02 2.641997629220323483e-06
3.530000000000000000e+02 2.695130734040445541e-06
3.540000000000000000e+02 2.695288230079064307e-06
3.550000000000000000e+02 2.703384261880995372e-06
3.560000000000000000e+02 2.605951457742120826e-06
3.570000000000000000e+02 2.792991215962037348e-06
3.580000000000000000e+02 2.567392672797546603e-06
3.590000000000000000e+02 2.562417810429995258e-06
3.600000000000000000e+02 2.511284249962029032e-06
3.610000000000000000e+02 2.715941837615214587e-06
3.620000000000000000e+02 2.716921942172608330e-06
3.630000000000000000e+02 2.625331947288168271e-06
3.640000000000000000e+02 2.618751079011840585e-06
3.650000000000000000e+02 2.554512115811771672e-06
3.660000000000000000e+02 2.628769239624952389e-06
3.670000000000000000e+02 2.561104067315694645e-06
3.680000000000000000e+02 2.567681375458466627e-06
3.690000000000000000e+02 2.539269865757768208e-06
3.700000000000000000e+02 2.697525940174844202e-06
3.710000000000000000e+02 2.671330989230217010e-06
3.720000000000000000e+02 2.544573078367056350e-06
3.730000000000000000e+02 2.663600593167883342e-06
3.740000000000000000e+02 2.683970800584349404e-06
3.750000000000000000e+02 2.671709289015381167e-06
3.760000000000000000e+02 2.528481079838906609e-06
3.770000000000000000e+02 2.731228826333715691e-06
3.780000000000000000e+02 2.512946692277118347e-06
3.790000000000000000e+02 2.679432099115398706e-06
3.800000000000000000e+02 2.785663198195063196e-06
3.810000000000000000e+02 2.594732843288943834e-06
3.820000000000000000e+02 2.675118780600458225e-06
3.830000000000000000e+02 2.543775386275671501e-06
3.840000000000000000e+02 2.573321360506807738e-06
3.850000000000000000e+02 2.536272053941617644e-06
3.860000000000000000e+02 2.570878420387456893e-06
3.870000000000000000e+02 2.555160737770096830e-06
3.880000000000000000e+02 2.674111782989812752e-06
3.890000000000000000e+02 2.525844144642123887e-06
3.900000000000000000e+02 2.488461643393222619e-06
3.910000000000000000e+02 2.693377078876338153e-06
3.920000000000000000e+02 2.554173576992714894e-06
3.930000000000000000e+02 2.600917532675664649e-06
3.940000000000000000e+02 2.503781960193721365e-06
3.950000000000000000e+02 2.558245342305411989e-06
3.960000000000000000e+02 2.548644445939920077e-06
3.970000000000000000e+02 2.649337348530754385e-06
3.980000000000000000e+02 2.595791703863020127e-06
3.990000000000000000e+02 2.573422530373649940e-06
4.000000000000000000e+02 2.486267230969763944e-06
4.010000000000000000e+02 2.517759670158586890e-06
4.020000000000000000e+02 2.529431092115554355e-06
4.030000000000000000e+02 2.682088151793595776e-06
4.040000000000000000e+02 2.673755760562865417e-06
4.050000000000000000e+02 2.566602491165095142e-06
4.060000000000000000e+02 2.463669348796939844e-06
4.070000000000000000e+02 2.580686372344174293e-06
4.080000000000000000e+02 2.541072895328505789e-06
4.090000000000000000e+02 2.530697611124876042e-06
4.100000000000000000e+02 2.473366949739976210e-06
4.110000000000000000e+02 2.523090728674692094e-06
4.120000000000000000e+02 2.476481896674518065e-06
4.130000000000000000e+02 2.604267292408785442e-06
4.140000000000000000e+02 2.686969785571393861e-06
4.150000000000000000e+02 2.560375321929045459e-06
4.160000000000000000e+02 2.489086685659751317e-06
4.170000000000000000e+02 2.488479364576671547e-06
4.180000000000000000e+02 2.544985473489882263e-06
4.190000000000000000e+02 2.577227451886464258e-06
4.200000000000000000e+02 2.535544238113021591e-06
4.210000000000000000e+02 2.562445740071925093e-06
4.220000000000000000e+02 2.484102363832531596e-06
4.230000000000000000e+02 2.496978780914264154e-06
4.240000000000000000e+02 2.507847536785197010e-06
4.250000000000000000e+02 2.429172736515253277e-06
4.260000000000000000e+02 2.557367477309224137e-06
4.270000000000000000e+02 2.449864244178265639e-06
4.280000000000000000e+02 2.630040093555786893e-06
4.290000000000000000e+02 2.505967058567087242e-06
4.300000000000000000e+02 2.465407308098071143e-06
4.310000000000000000e+02 2.513312553076035442e-06
4.320000000000000000e+02 2.595233912787046427e-06
4.330000000000000000e+02 2.493679444229557279e-06
4.340000000000000000e+02 2.509604973335029707e-06
4.350000000000000000e+02 2.475583821582600835e-06
4.360000000000000000e+02 2.437109371523509280e-06
4.370000000000000000e+02 2.478247025631995060e-06
4.380000000000000000e+02 2.454923018973804403e-06
4.390000000000000000e+02 2.446549310985776665e-06
4.400000000000000000e+02 2.541698958881097629e-06
4.410000000000000000e+02 2.625391683770781238e-06
4.420000000000000000e+02 2.605224812501906689e-06
4.430000000000000000e+02 2.524564126804070199e-06
4.440000000000000000e+02 2.420823064917205807e-06
4.450000000000000000e+02 2.479175646048052474e-06
4.460000000000000000e+02 2.412399595796107939e-06
4.470000000000000000e+02 2.465468112577274441e-06
4.480000000000000000e+02 2.511804217220856406e-06
4.490000000000000000e+02 2.457573864707246296e-06
4.500000000000000000e+02 2.438188912048090528e-06
4.510000000000000000e+02 2.470039617171637775e-06
4.520000000000000000e+02 2.423554960348226321e-06
4.530000000000000000e+02 2.465938385231102122e-06
4.540000000000000000e+02 2.430189695037327085e-06
4.550000000000000000e+02 2.458715435878061928e-06
4.560000000000000000e+02 2.459883287657014222e-06
4.570000000000000000e+02 2.459060420317640624e-06
4.580000000000000000e+02 2.494789833926472452e-06
4.590000000000000000e+02 2.392654266842933616e-06
4.600000000000000000e+02 2.493414572814946121e-06
4.610000000000000000e+02 2.467966296577470271e-06
4.620000000000000000e+02 2.459340584808380874e-06
4.630000000000000000e+02 2.481378121816755981e-06
4.640000000000000000e+02 2.510026383370437358e-06
4.650000000000000000e+02 2.417371732669263055e-06
4.660000000000000000e+02 2.419861826036617364e-06
4.670000000000000000e+02 2.483210806636927085e-06
4.680000000000000000e+02 2.558314158872764576e-06
4.690000000000000000e+02 2.733962709472292162e-06
4.700000000000000000e+02 2.480894383501863520e-06
4.710000000000000000e+02 2.511286232415769960e-06
4.720000000000000000e+02 2.509883607131888781e-06
4.730000000000000000e+02 2.421807085899119987e-06
4.740000000000000000e+02 2.510552842744870163e-06
4.750000000000000000e+02 2.486974888801975067e-06
4.760000000000000000e+02 2.467039187982635097e-06
