0.000000000000000000e+00 1.994307793466160682e-03
1.000000000000000000e+00 2.853209850628309866e-04
2.000000000000000000e+00 1.081275515000010794e-04
3.000000000000000000e+00 1.001862147830247728e-04
4.000000000000000000e+00 9.820779867563761900e-05
5.000000000000000000e+00 9.684210680886294782e-05
6.000000000000000000e+00 9.541677542253906798e-05
7.000000000000000000e+00 9.407018297717069974e-05
8.000000000000000000e+00 9.261292570035290633e-05
9.000000000000000000e+00 9.123341837036600549e-05
1.000000000000000000e+01 8.975805446501891073e-05
1.100000000000000000e+01 8.823313008387541421e-05
1.200000000000000000e+01 8.695442044411885957e-05
1.300000000000000000e+01 8.509218768565279052e-05
1.400000000000000000e+01 8.330932602914302562e-05
1.500000000000000000e+01 8.141383490429985822e-05
1.600000000000000000e+01 7.927471827237885784e-05
1.700000000000000000e+01 7.730744982756599412e-05
1.800000000000000000e+01 7.450233727831623699e-05
1.900000000000000000e+01 7.120292270877941893e-05
2.000000000000000000e+01 6.660963964267187633e-05
2.100000000000000000e+01 6.069163158878630824e-05
2.200000000000000000e+01 5.179936226338348565e-05
2.300000000000000000e+01 3.840746296779987303e-05
2.400000000000000000e+01 2.268093915444211427e-05
2.500000000000000000e+01 1.133739387821556406e-05
2.600000000000000000e+01 7.526136032962082976e-06
2.700000000000000000e+01 6.159155530599340696e-06
2.800000000000000000e+01 5.308718319205600046e-06
2.900000000000000000e+01 4.770700845240031679e-06
3.000000000000000000e+01 4.299686226182725658e-06
3.100000000000000000e+01 3.887460180998412579e-06
3.200000000000000000e+01 3.593380730852644919e-06
3.300000000000000000e+01 3.296459563737509968e-06
3.400000000000000000e+01 3.079316894370567998e-06
3.500000000000000000e+01 2.910734082344383376e-06
3.600000000000000000e+01 2.768164592531541035e-06
3.700000000000000000e+01 2.586842834344104704e-06
3.800000000000000000e+01 2.447924634041368765e-06
3.900000000000000000e+01 2.329709393701220450e-06
4.000000000000000000e+01 2.218472892315358355e-06
4.100000000000000000e+01 2.170379417056483319e-06
4.200000000000000000e+01 2.070596440799739633e-06
4.300000000000000000e+01 1.994816416211335343e-06
4.400000000000000000e+01 1.909652390331299988e-06
4.500000000000000000e+01 1.883320057928652672e-06
4.600000000000000000e+01 1.798218352134317054e-06
4.700000000000000000e+01 1.732851062176865452e-06
4.800000000000000000e+01 1.711979655365338095e-06
4.900000000000000000e+01 1.650528402936426710e-06
5.000000000000000000e+01 1.594400083661885223e-06
5.100000000000000000e+01 1.544937382163442520e-06
5.200000000000000000e+01 1.511421861156456983e-06
5.300000000000000000e+01 1.489277102132977848e-06
5.400000000000000000e+01 1.459962203679887938e-06
5.500000000000000000e+01 1.391847364419416020e-06
5.600000000000000000e+01 1.362002833291956216e-06
5.700000000000000000e+01 1.326615447054069241e-06
5.800000000000000000e+01 1.293931606210902623e-06
5.900000000000000000e+01 1.293043026315529469e-06
6.000000000000000000e+01 1.244756525551450084e-06
6.100000000000000000e+01 1.215471404648157316e-06
6.200000000000000000e+01 1.233738188124793761e-06
6.300000000000000000e+01 1.199371794319842468e-06
6.400000000000000000e+01 1.126160314087799142e-06
6.500000000000000000e+01 1.111075618206483663e-06
6.600000000000000000e+01 1.095783984211169213e-06
6.700000000000000000e+01 1.057279129259112903e-06
6.800000000000000000e+01 1.029460969953206651e-06
6.900000000000000000e+01 1.009399293496447601e-06
7.000000000000000000e+01 9.838871658127233920e-07
7.100000000000000000e+01 9.846554165525732973e-07
7.200000000000000000e+01 9.448541203380184072e-07
7.300000000000000000e+01 9.244928701618157683e-07
7.400000000000000000e+01 9.144706785295969012e-07
7.500000000000000000e+01 8.858605582027644727e-07
7.600000000000000000e+01 8.745628816807152613e-07
7.700000000000000000e+01 8.454529861388782738e-07
7.800000000000000000e+01 8.196195789117659920e-07
7.900000000000000000e+01 8.089350082570063527e-07
8.000000000000000000e+01 7.937830885316572591e-07
8.100000000000000000e+01 7.674279597451301637e-07
8.200000000000000000e+01 7.533118699319969335e-07
8.300000000000000000e+01 7.430158558564774087e-07
8.400000000000000000e+01 7.155584415653118991e-07
8.500000000000000000e+01 7.086965901810449328e-07
8.600000000000000000e+01 6.823949052764967166e-07
8.700000000000000000e+01 6.741465125775047190e-07
8.800000000000000000e+01 6.591030845798150524e-07
8.900000000000000000e+01 6.378111521375025261e-07
9.000000000000000000e+01 6.302017585781451337e-07
9.100000000000000000e+01 6.063404744305335997e-07
9.200000000000000000e+01 5.996244775017505605e-07
9.300000000000000000e+01 5.837132602176113906e-07
9.400000000000000000e+01 5.699319362382490372e-07
9.500000000000000000e+01 5.572746125330868170e-07
9.600000000000000000e+01 5.369900929068646638e-07
9.700000000000000000e+01 5.325604080442233221e-07
9.800000000000000000e+01 5.187819961290192429e-07
9.900000000000000000e+01 4.986086906232039106e-07
1.000000000000000000e+02 4.875060734372514286e-07
1.010000000000000000e+02 4.786810189928066119e-07
1.020000000000000000e+02 4.698101459022840522e-07
1.030000000000000000e+02 4.569910374247670856e-07
1.040000000000000000e+02 4.449680728693346772e-07
1.050000000000000000e+02 4.328457490512721744e-07
1.060000000000000000e+02 4.259017336530367352e-07
1.070000000000000000e+02 4.129065886366845112e-07
1.080000000000000000e+02 4.055891483034227136e-07
1.090000000000000000e+02 4.039715722193512735e-07
1.100000000000000000e+02 3.954874951733262562e-07
1.110000000000000000e+02 3.844995489543473995e-07
1.120000000000000000e+02 3.726899194644497723e-07
1.130000000000000000e+02 3.624088750937025659e-07
1.140000000000000000e+02 3.533064044365418919e-07
1.150000000000000000e+02 3.489807581677068480e-07
1.160000000000000000e+02 3.361866982200335181e-07
1.170000000000000000e+02 3.372805649354494701e-07
1.180000000000000000e+02 3.255573149487262495e-07
1.190000000000000000e+02 3.185083970196054443e-07
1.200000000000000000e+02 3.106506818718437874e-07
1.210000000000000000e+02 3.078416116257969971e-07
1.220000000000000000e+02 3.017502919145761045e-07
1.230000000000000000e+02 2.982721180853817584e-07
1.240000000000000000e+02 2.884752850614692295e-07
1.250000000000000000e+02 2.847883655049849456e-07
1.260000000000000000e+02 2.747403181110630387e-07
1.270000000000000000e+02 2.779796063479132825e-07
1.280000000000000000e+02 2.711591957904270512e-07
1.290000000000000000e+02 2.633778850108435279e-07
1.300000000000000000e+02 2.639812353755285023e-07
1.310000000000000000e+02 2.541911853075956065e-07
1.320000000000000000e+02 2.492939506102055654e-07
1.330000000000000000e+02 2.486198300336634493e-07
1.340000000000000000e+02 2.385321227484778322e-07
1.350000000000000000e+02 2.337036960002544492e-07
1.360000000000000000e+02 2.335457631692518797e-07
1.370000000000000000e+02 2.280026283819163901e-07
1.380000000000000000e+02 2.284655923919195554e-07
1.390000000000000000e+02 2.217131477661415907e-07
1.400000000000000000e+02 2.148251769494770785e-07
1.410000000000000000e+02 2.111449588465561295e-07
1.420000000000000000e+02 2.085046525295821327e-07
1.430000000000000000e+02 2.061079277916302245e-07
1.440000000000000000e+02 2.101304548284950972e-07
1.450000000000000000e+02 1.989670961342271290e-07
1.460000000000000000e+02 1.995297777913410329e-07
1.470000000000000000e+02 1.922999215753883952e-07
1.480000000000000000e+02 1.939641479277973596e-07
1.490000000000000000e+02 1.866108936014772338e-07
1.500000000000000000e+02 1.868460103602946103e-07
1.510000000000000000e+02 1.850226237645037586e-07
1.520000000000000000e+02 1.798871011516100803e-07
1.530000000000000000e+02 1.796365423935397811e-07
1.540000000000000000e+02 1.742856998852770371e-07
1.550000000000000000e+02 1.749608963134360394e-07
1.560000000000000000e+02 1.690931567744683238e-07
1.570000000000000000e+02 1.687607544561312581e-07
1.580000000000000000e+02 1.642585956189996096e-07
1.590000000000000000e+02 1.619768734135821381e-07
1.600000000000000000e+02 1.632414613400963052e-07
1.610000000000000000e+02 1.713533795949503678e-07
1.620000000000000000e+02 1.576627354644083576e-07
1.630000000000000000e+02 1.604028298182521694e-07
1.640000000000000000e+02 1.589306543053676043e-07
1.650000000000000000e+02 1.528421029841563442e-07
1.660000000000000000e+02 1.473539651168316408e-07
1.670000000000000000e+02 1.458883827842905419e-07
1.680000000000000000e+02 1.500229520579555600e-07
1.690000000000000000e+02 1.505020378497258323e-07
1.700000000000000000e+02 1.435398756253579631e-07
1.710000000000000000e+02 1.411325404709477208e-07
1.720000000000000000e+02 1.384338407630482369e-07
1.730000000000000000e+02 1.353177987954782633e-07
1.740000000000000000e+02 1.359023851850477032e-07
1.750000000000000000e+02 1.337906139590636780e-07
1.760000000000000000e+02 1.335539025552724696e-07
1.770000000000000000e+02 1.322506209303618868e-07
1.780000000000000000e+02 1.304039195116116902e-07
1.790000000000000000e+02 1.326741185277244675e-07
1.800000000000000000e+02 1.265942096962775922e-07
1.810000000000000000e+02 1.251899790031673486e-07
1.820000000000000000e+02 1.231693718965507102e-07
1.830000000000000000e+02 1.251240529923735896e-07
1.840000000000000000e+02 1.220548673643937169e-07
1.850000000000000000e+02 1.219674495033443629e-07
1.860000000000000000e+02 1.175882571858651011e-07
1.870000000000000000e+02 1.236377175201642473e-07
1.880000000000000000e+02 1.249421566164615708e-07
1.890000000000000000e+02 1.199266733373371884e-07
