0.000000000000000000e+00 3.785283146482525812e-02
1.000000000000000000e+00 4.108607919529230768e-03
2.000000000000000000e+00 3.280923402670658361e-03
3.000000000000000000e+00 3.220971220671528783e-03
4.000000000000000000e+00 3.146962968990056272e-03
5.000000000000000000e+00 3.085055104409805630e-03
6.000000000000000000e+00 2.990502251519097134e-03
7.000000000000000000e+00 2.879067003124892183e-03
8.000000000000000000e+00 2.744856744703620330e-03
9.000000000000000000e+00 2.765384858304804037e-03
1.000000000000000000e+01 2.634384824772073586e-03
1.100000000000000000e+01 2.672005945985967811e-03
1.200000000000000000e+01 2.585681378841400355e-03
1.300000000000000000e+01 2.644147954203865565e-03
1.400000000000000000e+01 2.647167534539193907e-03
1.500000000000000000e+01 2.659413019816080862e-03
1.600000000000000000e+01 2.727316666131067435e-03
1.700000000000000000e+01 2.768999783679692173e-03
1.800000000000000000e+01 2.534706544394445173e-03
1.900000000000000000e+01 2.615242076642585334e-03
2.000000000000000000e+01 2.595466682405182975e-03
2.100000000000000000e+01 2.599686889937429662e-03
2.200000000000000000e+01 2.617900130724666163e-03
2.300000000000000000e+01 2.501226302349206058e-03
2.400000000000000000e+01 2.682892583837412966e-03
2.500000000000000000e+01 2.634079269688538970e-03
2.600000000000000000e+01 2.541775926195010034e-03
2.700000000000000000e+01 2.599822216563754673e-03
2.800000000000000000e+01 2.612249875309491636e-03
2.900000000000000000e+01 2.837033362099618608e-03
3.000000000000000000e+01 2.571532088096695808e-03
3.100000000000000000e+01 2.519622697974696277e-03
3.200000000000000000e+01 2.471689624015731019e-03
3.300000000000000000e+01 2.534175400782112848e-03
3.400000000000000000e+01 2.589415113131205218e-03
3.500000000000000000e+01 2.464514440960354283e-03
3.600000000000000000e+01 2.552320102248528937e-03
3.700000000000000000e+01 2.745866119259535859e-03
3.800000000000000000e+01 2.663184175587663630e-03
3.900000000000000000e+01 2.518113002632603546e-03
4.000000000000000000e+01 2.493374751071737380e-03
4.100000000000000000e+01 2.453433507018619453e-03
4.200000000000000000e+01 2.647123201326890413e-03
4.300000000000000000e+01 2.370848420894507234e-03
4.400000000000000000e+01 2.347439629863007013e-03
4.500000000000000000e+01 2.380079762502150184e-03
4.600000000000000000e+01 2.505692315824104184e-03
4.700000000000000000e+01 2.394424463161314021e-03
4.800000000000000000e+01 2.317883017087223312e-03
4.900000000000000000e+01 2.335202513319073209e-03
5.000000000000000000e+01 2.258836982226130902e-03
5.100000000000000000e+01 2.277016943753367318e-03
5.200000000000000000e+01 2.261323998070726305e-03
5.300000000000000000e+01 2.477140694555610145e-03
5.400000000000000000e+01 2.232999946131850651e-03
5.500000000000000000e+01 2.523548575964840949e-03
5.600000000000000000e+01 2.416534101722216717e-03
5.700000000000000000e+01 2.186285266370484315e-03
5.800000000000000000e+01 2.134425968232780968e-03
5.900000000000000000e+01 2.136993715257355739e-03
6.000000000000000000e+01 2.166386713283230403e-03
6.100000000000000000e+01 2.104923586652736670e-03
6.200000000000000000e+01 2.159726448131330055e-03
6.300000000000000000e+01 2.439276431546066881e-03
6.400000000000000000e+01 2.080817216574543452e-03
6.500000000000000000e+01 2.067506671553910342e-03
6.600000000000000000e+01 1.943096280700028601e-03
6.700000000000000000e+01 1.975645579472936481e-03
6.800000000000000000e+01 2.018834198966170529e-03
6.900000000000000000e+01 1.972395491720450433e-03
7.000000000000000000e+01 1.794843962698271754e-03
7.100000000000000000e+01 1.786315007643266136e-03
7.200000000000000000e+01 1.633630120995068630e-03
7.300000000000000000e+01 1.604627075821462136e-03
7.400000000000000000e+01 1.520102129440115048e-03
7.500000000000000000e+01 1.416522713020594310e-03
7.600000000000000000e+01 1.277557162925450603e-03
7.700000000000000000e+01 1.299572665281970279e-03
7.800000000000000000e+01 1.139653695352149795e-03
7.900000000000000000e+01 1.099754302489637167e-03
8.000000000000000000e+01 9.763238556457288272e-04
8.100000000000000000e+01 8.844816714826255833e-04
8.200000000000000000e+01 8.683290776580270768e-04
8.300000000000000000e+01 8.116904939665938682e-04
8.400000000000000000e+01 8.020180674514385769e-04
8.500000000000000000e+01 7.635940686620847333e-04
8.600000000000000000e+01 7.802962000020825881e-04
8.700000000000000000e+01 7.493700854706040809e-04
8.800000000000000000e+01 7.364611929715281832e-04
8.900000000000000000e+01 7.368656721982088384e-04
9.000000000000000000e+01 7.264906326026627365e-04
9.100000000000000000e+01 7.176997700724938641e-04
9.200000000000000000e+01 7.575225085020065091e-04
9.300000000000000000e+01 7.510539829128920356e-04
9.400000000000000000e+01 7.298637008426165544e-04
9.500000000000000000e+01 7.202186036591577169e-04
9.600000000000000000e+01 7.375357382827334423e-04
9.700000000000000000e+01 7.174079631916199795e-04
9.800000000000000000e+01 7.359018876697077721e-04
9.900000000000000000e+01 7.183335134477326087e-04
1.000000000000000000e+02 7.191028152451370238e-04
1.010000000000000000e+02 7.428511841730637286e-04
1.020000000000000000e+02 7.183292764003831312e-04
1.030000000000000000e+02 7.151941503539230478e-04
1.040000000000000000e+02 7.187064082333536425e-04
1.050000000000000000e+02 7.238945545572222917e-04
1.060000000000000000e+02 7.221248324471290104e-04
1.070000000000000000e+02 7.090486601145580591e-04
1.080000000000000000e+02 7.086704039212429187e-04
1.090000000000000000e+02 7.185461665644790347e-04
1.100000000000000000e+02 7.188931574123074352e-04
1.110000000000000000e+02 7.104858876478792025e-04
1.120000000000000000e+02 7.033058188178323202e-04
1.130000000000000000e+02 7.505958865989338690e-04
1.140000000000000000e+02 7.326590488053331268e-04
1.150000000000000000e+02 7.101820138367739149e-04
1.160000000000000000e+02 7.105308199169660431e-04
1.170000000000000000e+02 7.081070632645579009e-04
1.180000000000000000e+02 7.165318426459725987e-04
1.190000000000000000e+02 7.278614589060195244e-04
1.200000000000000000e+02 7.019610161131078878e-04
1.210000000000000000e+02 7.018544005625175280e-04
1.220000000000000000e+02 6.995714041921827220e-04
1.230000000000000000e+02 6.957064102394413044e-04
1.240000000000000000e+02 6.950702525750554863e-04
1.250000000000000000e+02 7.151169382562540646e-04
1.260000000000000000e+02 6.933528320355849053e-04
1.270000000000000000e+02 6.983932928003445777e-04
1.280000000000000000e+02 7.302866575091775505e-04
1.290000000000000000e+02 7.230252019985757136e-04
1.300000000000000000e+02 7.411268759857525144e-04
1.310000000000000000e+02 7.234790695436073803e-04
1.320000000000000000e+02 7.866818811556304612e-04
1.330000000000000000e+02 6.930997365652912618e-04
1.340000000000000000e+02 6.918930721403371720e-04
1.350000000000000000e+02 6.916103504522882290e-04
1.360000000000000000e+02 7.075545673418526379e-04
1.370000000000000000e+02 7.348599578395034922e-04
1.380000000000000000e+02 7.341528480703180329e-04
1.390000000000000000e+02 6.889127224984795215e-04
1.400000000000000000e+02 7.220998888063912512e-04
1.410000000000000000e+02 7.212527118849031572e-04
1.420000000000000000e+02 7.091496749357744343e-04
1.430000000000000000e+02 6.865406540608165985e-04
1.440000000000000000e+02 6.886869458237079682e-04
1.450000000000000000e+02 7.100234158111341700e-04
1.460000000000000000e+02 7.094568917245576032e-04
1.470000000000000000e+02 6.862194941501424195e-04
1.480000000000000000e+02 7.246743774775302660e-04
1.490000000000000000e+02 6.993290646509689847e-04
1.500000000000000000e+02 7.064065412439481237e-04
1.510000000000000000e+02 7.014417994504022758e-04
1.520000000000000000e+02 6.913463485361349753e-04
1.530000000000000000e+02 7.156627948838050922e-04
1.540000000000000000e+02 7.043450348304979621e-04
1.550000000000000000e+02 6.846322013874246541e-04
1.560000000000000000e+02 6.884156694315900779e-04
1.570000000000000000e+02 6.962004996309376515e-04
1.580000000000000000e+02 6.834265002698609089e-04
1.590000000000000000e+02 6.853158034459508633e-04
1.600000000000000000e+02 6.948087161237542558e-04
1.610000000000000000e+02 6.962149763348127055e-04
1.620000000000000000e+02 7.065040716017135418e-04
1.630000000000000000e+02 6.848891515924473029e-04
1.640000000000000000e+02 6.889858826844378345e-04
1.650000000000000000e+02 6.827470765571401175e-04
1.660000000000000000e+02 7.004691043285408199e-04
1.670000000000000000e+02 6.817383055735115735e-04
1.680000000000000000e+02 6.966449997641824179e-04
1.690000000000000000e+02 6.887568352800427273e-04
1.700000000000000000e+02 7.240618840612545598e-04
1.710000000000000000e+02 6.879727376831902682e-04
1.720000000000000000e+02 6.838659671219911871e-04
1.730000000000000000e+02 6.856656300299095522e-04
1.740000000000000000e+02 6.817690681929540345e-04
1.750000000000000000e+02 6.988475178227280009e-04
1.760000000000000000e+02 6.789981573820114960e-04
1.770000000000000000e+02 7.287868435936744466e-04
1.780000000000000000e+02 7.054987308954952093e-04
1.790000000000000000e+02 7.287237394337702043e-04
1.800000000000000000e+02 7.283409873042443914e-04
1.810000000000000000e+02 6.794637005136470315e-04
1.820000000000000000e+02 6.882031999453149407e-04
1.830000000000000000e+02 6.744522247651610998e-04
1.840000000000000000e+02 6.875615875528316365e-04
1.850000000000000000e+02 6.944086410180487371e-04
1.860000000000000000e+02 6.823690024891285308e-04
1.870000000000000000e+02 6.896046661969387802e-04
1.880000000000000000e+02 6.779913724672914600e-04
1.890000000000000000e+02 6.837992407757825753e-04
1.900000000000000000e+02 6.812756787044833059e-04
1.910000000000000000e+02 6.771257926117289555e-04
1.920000000000000000e+02 7.015297599513120553e-04
1.930000000000000000e+02 7.176387851888483367e-04
1.940000000000000000e+02 7.259085503491487842e-04
1.950000000000000000e+02 6.879277798262509527e-04
1.960000000000000000e+02 6.831335885958238208e-04
1.970000000000000000e+02 6.804927220248213225e-04
1.980000000000000000e+02 6.878335871780761257e-04
1.990000000000000000e+02 6.859158566503814310e-04
2.000000000000000000e+02 6.808572330258109854e-04
2.010000000000000000e+02 6.814341653477061977e-04
2.020000000000000000e+02 7.013098564412858409e-04
2.030000000000000000e+02 6.833918543175013889e-04
2.040000000000000000e+02 6.763583128199432935e-04
2.050000000000000000e+02 7.002601433884013795e-04
2.060000000000000000e+02 6.953312080315869528e-04
2.070000000000000000e+02 6.748018707289839702e-04
2.080000000000000000e+02 6.977369056807623902e-04
2.090000000000000000e+02 6.949300612464094900e-04
2.100000000000000000e+02 6.890270399926888903e-04
2.110000000000000000e+02 6.866171399150231870e-04
2.120000000000000000e+02 6.774265657771717103e-04
2.130000000000000000e+02 6.768957743741045021e-04
2.140000000000000000e+02 6.763237624457388644e-04
2.150000000000000000e+02 6.999850054882993501e-04
2.160000000000000000e+02 6.898944952873268090e-04
