0.000000000000000000e+00 9.003739456335703162e-01
1.000000000000000000e+00 7.386877775192260409e-02
2.000000000000000000e+00 4.559915006160736306e-02
3.000000000000000000e+00 4.481122076511383223e-02
4.000000000000000000e+00 4.468080103397369107e-02
5.000000000000000000e+00 4.436610589424769269e-02
6.000000000000000000e+00 4.369279851516087720e-02
7.000000000000000000e+00 4.229786982138951379e-02
8.000000000000000000e+00 3.900759776433308790e-02
9.000000000000000000e+00 3.244472667574882507e-02
1.000000000000000000e+01 2.340353424350420652e-02
1.100000000000000000e+01 1.993799631794293883e-02
1.200000000000000000e+01 1.959281901518503816e-02
1.300000000000000000e+01 1.946057622631390885e-02
1.400000000000000000e+01 1.986205716927846171e-02
1.500000000000000000e+01 1.891751607259114717e-02
1.600000000000000000e+01 1.873174061377843105e-02
1.700000000000000000e+01 1.906707550088564476e-02
1.800000000000000000e+01 1.983672892053921916e-02
1.900000000000000000e+01 2.009649127721786430e-02
2.000000000000000000e+01 1.972655524810155298e-02
2.100000000000000000e+01 1.810797527432441573e-02
2.200000000000000000e+01 1.878576939304669666e-02
2.300000000000000000e+01 1.783798138300577915e-02
2.400000000000000000e+01 1.929221754272778672e-02
2.500000000000000000e+01 1.798919851581255724e-02
2.600000000000000000e+01 1.758089964588483226e-02
2.700000000000000000e+01 1.753803069392840044e-02
2.800000000000000000e+01 1.754561583201090513e-02
2.900000000000000000e+01 1.693529057006041075e-02
3.000000000000000000e+01 1.695939064025878823e-02
3.100000000000000000e+01 1.714842562874158149e-02
3.200000000000000000e+01 1.622394596536954128e-02
3.300000000000000000e+01 1.606191540757815131e-02
3.400000000000000000e+01 1.617816790938377339e-02
3.500000000000000000e+01 1.593489773571491255e-02
3.600000000000000000e+01 1.548138881723085981e-02
3.700000000000000000e+01 1.528822553654511814e-02
3.800000000000000000e+01 1.522230505943298305e-02
3.900000000000000000e+01 1.590266721944014194e-02
4.000000000000000000e+01 1.443845736483732878e-02
4.100000000000000000e+01 1.534814976155757932e-02
4.200000000000000000e+01 1.391736025611559589e-02
4.300000000000000000e+01 1.457367730637391424e-02
4.400000000000000000e+01 1.341717538734277064e-02
4.500000000000000000e+01 1.296374862392743466e-02
4.600000000000000000e+01 1.189969040453433928e-02
4.700000000000000000e+01 1.170551367104053463e-02
4.800000000000000000e+01 1.133496378858884178e-02
4.900000000000000000e+01 1.096421686311562817e-02
5.000000000000000000e+01 1.013863923648993144e-02
5.100000000000000000e+01 9.701257447401682998e-03
5.200000000000000000e+01 8.909792241950830610e-03
5.300000000000000000e+01 8.276199400424956790e-03
5.400000000000000000e+01 7.428873628377914706e-03
5.500000000000000000e+01 6.840505190193652690e-03
5.600000000000000000e+01 6.123180352151393752e-03
5.700000000000000000e+01 5.596150768299897917e-03
5.800000000000000000e+01 4.952116658290227347e-03
5.900000000000000000e+01 4.431230065723260579e-03
6.000000000000000000e+01 4.125523654123147005e-03
6.100000000000000000e+01 3.495172274609406778e-03
6.200000000000000000e+01 2.706788980091611504e-03
6.300000000000000000e+01 2.424648075054089413e-03
6.400000000000000000e+01 1.976316959286729576e-03
6.500000000000000000e+01 1.959622759992877498e-03
6.600000000000000000e+01 1.794683065575857937e-03
6.700000000000000000e+01 1.208950591584046592e-03
6.800000000000000000e+01 1.162281802389770764e-03
6.900000000000000000e+01 8.918078818048039754e-04
7.000000000000000000e+01 1.084525956151386177e-03
7.100000000000000000e+01 7.542398649578292919e-04
7.200000000000000000e+01 6.279429967980831341e-04
7.300000000000000000e+01 6.420295301359146747e-04
7.400000000000000000e+01 5.062443980326255090e-04
7.500000000000000000e+01 4.916714337499191768e-04
7.600000000000000000e+01 4.620320935888836832e-04
7.700000000000000000e+01 3.987962962128222097e-04
7.800000000000000000e+01 4.422842241668452790e-04
7.900000000000000000e+01 3.468831646023317976e-04
8.000000000000000000e+01 4.095489516233404340e-04
8.100000000000000000e+01 4.128995487311234113e-04
8.200000000000000000e+01 3.319351811660453807e-04
8.300000000000000000e+01 3.221159007322664308e-04
8.400000000000000000e+01 2.937556768301874182e-04
8.500000000000000000e+01 2.701343997614458420e-04
8.600000000000000000e+01 3.191266010981052984e-04
8.700000000000000000e+01 2.480739467622091257e-04
8.800000000000000000e+01 2.389206023265918110e-04
8.900000000000000000e+01 2.754071494564413916e-04
9.000000000000000000e+01 2.094276918796822483e-04
9.100000000000000000e+01 2.244332531699910858e-04
9.200000000000000000e+01 2.450003195554018259e-04
9.300000000000000000e+01 1.934759660313526764e-04
9.400000000000000000e+01 2.562009605268637151e-04
9.500000000000000000e+01 2.123150267289019991e-04
9.600000000000000000e+01 1.957077458306836592e-04
9.700000000000000000e+01 2.701067053324853352e-04
9.800000000000000000e+01 1.588374957403478581e-04
9.900000000000000000e+01 1.728624014261489128e-04
1.000000000000000000e+02 1.487296063957425441e-04
1.010000000000000000e+02 1.846642014182483106e-04
1.020000000000000000e+02 2.246431349582659817e-04
1.030000000000000000e+02 1.468552308506332219e-04
1.040000000000000000e+02 1.517166969521592155e-04
1.050000000000000000e+02 1.317236190273736983e-04
1.060000000000000000e+02 1.217793162019612896e-04
1.070000000000000000e+02 1.228864934334221080e-04
1.080000000000000000e+02 1.624350148874024536e-04
1.090000000000000000e+02 1.825377805895793068e-04
1.100000000000000000e+02 1.126354619918856737e-04
1.110000000000000000e+02 1.221056949483075428e-04
1.120000000000000000e+02 1.134143989474978352e-04
1.130000000000000000e+02 1.070304509388127629e-04
1.140000000000000000e+02 1.518612613047783675e-04
1.150000000000000000e+02 1.060420328576583383e-04
1.160000000000000000e+02 1.284233666471360869e-04
1.170000000000000000e+02 1.608668134819405695e-04
1.180000000000000000e+02 1.307019209101175261e-04
1.190000000000000000e+02 8.942226161404201966e-05
1.200000000000000000e+02 9.294474866085995996e-05
1.210000000000000000e+02 8.860777086132050947e-05
1.220000000000000000e+02 1.106050452896549090e-04
1.230000000000000000e+02 9.278553935776774468e-05
1.240000000000000000e+02 1.010093960455075545e-04
1.250000000000000000e+02 1.149359217136710276e-04
1.260000000000000000e+02 1.386241409151504314e-04
1.270000000000000000e+02 7.507368626344638367e-05
1.280000000000000000e+02 8.001014706678689122e-05
1.290000000000000000e+02 8.534413893357851045e-05
1.300000000000000000e+02 7.119365004958429124e-05
1.310000000000000000e+02 8.515457006675812666e-05
1.320000000000000000e+02 7.440233508532401391e-05
1.330000000000000000e+02 7.849285085588538868e-05
1.340000000000000000e+02 6.277698482639000393e-05
1.350000000000000000e+02 8.866019304453705621e-05
1.360000000000000000e+02 6.251139874317838030e-05
1.370000000000000000e+02 1.209167649843341985e-04
1.380000000000000000e+02 7.258946126967202764e-05
1.390000000000000000e+02 9.782193007898362148e-05
1.400000000000000000e+02 5.651956264046020833e-05
1.410000000000000000e+02 9.009562100497229610e-05
1.420000000000000000e+02 6.866740824383062549e-05
1.430000000000000000e+02 7.351242990504640025e-05
1.440000000000000000e+02 5.563118861270292641e-05
1.450000000000000000e+02 6.257243034876107217e-05
1.460000000000000000e+02 6.596677078050560870e-05
1.470000000000000000e+02 8.064498780489278264e-05
1.480000000000000000e+02 5.808636825046657103e-05
1.490000000000000000e+02 5.609251687322587836e-05
1.500000000000000000e+02 5.489502259782360499e-05
1.510000000000000000e+02 4.573116908431984159e-05
1.520000000000000000e+02 6.595146155935557462e-05
1.530000000000000000e+02 6.122854014392942515e-05
1.540000000000000000e+02 4.740116302855312987e-05
1.550000000000000000e+02 5.822141046034327606e-05
1.560000000000000000e+02 6.506250317518909104e-05
1.570000000000000000e+02 4.911379301726507743e-05
1.580000000000000000e+02 6.202967410596709017e-05
1.590000000000000000e+02 8.895267101858432329e-05
1.600000000000000000e+02 5.201441444417772094e-05
1.610000000000000000e+02 5.440163717139512355e-05
1.620000000000000000e+02 5.010870450253908544e-05
1.630000000000000000e+02 4.682922328356653750e-05
1.640000000000000000e+02 7.016297650504080621e-05
1.650000000000000000e+02 4.779962010312980897e-05
1.660000000000000000e+02 5.574161283827076536e-05
1.670000000000000000e+02 4.587622490362264108e-05
1.680000000000000000e+02 4.735684536475067292e-05
1.690000000000000000e+02 4.476791126459526320e-05
1.700000000000000000e+02 6.704769977659452327e-05
1.710000000000000000e+02 4.650387864482278454e-05
1.720000000000000000e+02 6.384762641876780991e-05
1.730000000000000000e+02 5.232718705277269420e-05
1.740000000000000000e+02 4.935557141531413816e-05
1.750000000000000000e+02 4.432126445559939846e-05
1.760000000000000000e+02 3.944416261219884983e-05
1.770000000000000000e+02 5.989697526577704906e-05
1.780000000000000000e+02 5.554036642327749652e-05
1.790000000000000000e+02 4.110084555577486889e-05
1.800000000000000000e+02 4.161445411834089779e-05
1.810000000000000000e+02 6.010388159969200862e-05
1.820000000000000000e+02 5.050163017585873739e-05
1.830000000000000000e+02 4.285955942274692040e-05
1.840000000000000000e+02 3.651206541690043807e-05
1.850000000000000000e+02 5.105625129848098042e-05
1.860000000000000000e+02 5.030158465766968817e-05
1.870000000000000000e+02 4.304480460026146097e-05
1.880000000000000000e+02 4.871117894557149713e-05
1.890000000000000000e+02 4.237438081569659475e-05
1.900000000000000000e+02 4.320073618146125037e-05
1.910000000000000000e+02 3.591297254994666789e-05
1.920000000000000000e+02 7.776145985796272019e-05
1.930000000000000000e+02 5.423090585585062440e-05
1.940000000000000000e+02 5.024806077320439156e-05
1.950000000000000000e+02 5.498388534761034061e-05
1.960000000000000000e+02 3.419159426509092432e-05
1.970000000000000000e+02 4.014390930630422203e-05
1.980000000000000000e+02 3.665484067217524293e-05
1.990000000000000000e+02 3.107282839967713957e-05
2.000000000000000000e+02 3.990417192350529475e-05
2.010000000000000000e+02 4.300136638145583118e-05
2.020000000000000000e+02 3.705585112281066127e-05
2.030000000000000000e+02 7.017472707957495546e-05
2.040000000000000000e+02 3.772119423956610235e-05
2.050000000000000000e+02 3.713418334276260332e-05
2.060000000000000000e+02 3.391537998444012930e-05
2.070000000000000000e+02 5.123866125359200266e-05
2.080000000000000000e+02 3.212135217230145922e-05
2.090000000000000000e+02 4.640384080024280715e-05
2.100000000000000000e+02 4.274799838943484857e-05
2.110000000000000000e+02 4.985819211772953751e-05
2.120000000000000000e+02 6.107472176760590614e-05
2.130000000000000000e+02 4.954289700738930680e-05
2.140000000000000000e+02 3.505641960752351632e-05
2.150000000000000000e+02 4.264101443065252848e-05
2.160000000000000000e+02 7.045478366004923347e-05
2.170000000000000000e+02 4.596136464291096822e-05
2.180000000000000000e+02 2.843585635370497313e-05
2.190000000000000000e+02 4.120496513981682866e-05
2.200000000000000000e+02 5.007204016389247317e-05
2.210000000000000000e+02 3.684523776125084977e-05
2.220000000000000000e+02 3.089025032143884712e-05
2.230000000000000000e+02 2.977479870120684310e-05
2.240000000000000000e+02 3.090796936400389612e-05
2.250000000000000000e+02 4.204338652925798615e-05
2.260000000000000000e+02 3.283324491349049129e-05
2.270000000000000000e+02 2.861360625198964519e-05
2.280000000000000000e+02 5.948209555450981797e-05
2.290000000000000000e+02 6.207917108743761958e-05
2.300000000000000000e+02 3.078346955589949976e-05
2.310000000000000000e+02 3.086407413017392445e-05
2.320000000000000000e+02 3.608107424952322590e-05
2.330000000000000000e+02 4.466983670378491949e-05
2.340000000000000000e+02 4.237164611064751259e-05
2.350000000000000000e+02 2.929227798934637929e-05
2.360000000000000000e+02 5.720925576800557779e-05
2.370000000000000000e+02 7.103892095377280344e-05
2.380000000000000000e+02 3.752857356933721850e-05
2.390000000000000000e+02 3.437693310843314948e-05
2.400000000000000000e+02 2.220360463979886885e-05
2.410000000000000000e+02 2.391714006080292301e-05
2.420000000000000000e+02 4.274014315645521030e-05
2.430000000000000000e+02 5.156758271671909146e-05
2.440000000000000000e+02 2.639717976611185234e-05
2.450000000000000000e+02 2.806131103473793103e-05
2.460000000000000000e+02 3.598738802490212581e-05
2.470000000000000000e+02 3.252529547656497966e-05
2.480000000000000000e+02 3.115992230353488662e-05
2.490000000000000000e+02 2.477541782961149530e-05
2.500000000000000000e+02 5.905872900863566035e-05
2.510000000000000000e+02 2.398385748771640234e-05
2.520000000000000000e+02 2.280238288221880888e-05
2.530000000000000000e+02 2.859810842589164724e-05
2.540000000000000000e+02 2.965854027327926312e-05
2.550000000000000000e+02 2.988493607214574423e-05
2.560000000000000000e+02 4.925352146528894299e-05
2.570000000000000000e+02 2.440450796711957191e-05
2.580000000000000000e+02 2.864869562472449697e-05
2.590000000000000000e+02 3.221411563572473716e-05
2.600000000000000000e+02 3.435337329089330796e-05
2.610000000000000000e+02 2.268905741705869617e-05
2.620000000000000000e+02 3.227119118188662958e-05
2.630000000000000000e+02 3.462003461512116429e-05
2.640000000000000000e+02 3.243308323969055742e-05
2.650000000000000000e+02 2.312179706981017655e-05
2.660000000000000000e+02 6.927517547107224602e-05
2.670000000000000000e+02 2.639672938433553507e-05
2.680000000000000000e+02 2.971789270911055243e-05
2.690000000000000000e+02 4.018128175327244004e-05
2.700000000000000000e+02 3.215496508346404880e-05
2.710000000000000000e+02 2.333854734994626366e-05
2.720000000000000000e+02 1.909806070519455947e-05
2.730000000000000000e+02 3.073050575039815022e-05
2.740000000000000000e+02 2.808190021217645384e-05
2.750000000000000000e+02 3.042454646977906421e-05
2.760000000000000000e+02 1.914166028048688042e-05
2.770000000000000000e+02 3.026593569302349243e-05
2.780000000000000000e+02 3.531145104110085915e-05
2.790000000000000000e+02 2.283871569185672791e-05
2.800000000000000000e+02 1.802345034472333879e-05
2.810000000000000000e+02 2.600668143713846857e-05
2.820000000000000000e+02 3.887579162740924390e-05
2.830000000000000000e+02 2.971150338756463783e-05
2.840000000000000000e+02 2.373282403520230965e-05
2.850000000000000000e+02 2.211368312903990439e-05
2.860000000000000000e+02 3.606276749148188852e-05
2.870000000000000000e+02 1.930362592247547595e-05
2.880000000000000000e+02 3.502101354873351466e-05
2.890000000000000000e+02 3.352077813663830586e-05
2.900000000000000000e+02 1.992576910803715514e-05
2.910000000000000000e+02 1.754119223429976779e-05
2.920000000000000000e+02 2.249009582252862598e-05
2.930000000000000000e+02 2.223424369731219526e-05
2.940000000000000000e+02 1.672680432723912567e-05
2.950000000000000000e+02 1.726620891228473277e-05
2.960000000000000000e+02 2.327126116142608076e-05
2.970000000000000000e+02 1.941186539625050392e-05
2.980000000000000000e+02 2.978120683110319010e-05
2.990000000000000000e+02 1.791512560885166912e-05
3.000000000000000000e+02 2.266458474574998484e-05
3.010000000000000000e+02 2.178177512784410948e-05
3.020000000000000000e+02 1.648206608175921111e-05
3.030000000000000000e+02 2.293751832136573787e-05
3.040000000000000000e+02 3.134130184965518541e-05
3.050000000000000000e+02 2.349212326710888328e-05
3.060000000000000000e+02 2.859471187548478998e-05
3.070000000000000000e+02 1.887899263844398394e-05
3.080000000000000000e+02 2.932031866900312571e-05
3.090000000000000000e+02 1.685608325715293095e-05
3.100000000000000000e+02 2.003548191472266998e-05
3.110000000000000000e+02 2.804160993036930422e-05
3.120000000000000000e+02 2.177836857905883172e-05
3.130000000000000000e+02 1.779450871860414383e-05
3.140000000000000000e+02 1.675525244233237274e-05
3.150000000000000000e+02 2.064536154648521752e-05
3.160000000000000000e+02 1.951672277452113583e-05
3.170000000000000000e+02 5.270566295318227792e-05
3.180000000000000000e+02 3.160537722578737695e-05
3.190000000000000000e+02 1.815679496454928763e-05
3.200000000000000000e+02 1.589194448267032032e-05
3.210000000000000000e+02 1.441902838147749859e-05
3.220000000000000000e+02 2.251671036598660718e-05
3.230000000000000000e+02 1.946000865549043100e-05
3.240000000000000000e+02 2.139751732708342890e-05
3.250000000000000000e+02 1.862845349630030484e-05
3.260000000000000000e+02 1.298130706951875838e-05
3.270000000000000000e+02 1.633640330207223698e-05
3.280000000000000000e+02 2.540169085477828129e-05
3.290000000000000000e+02 1.863358613870028883e-05
3.300000000000000000e+02 2.044357044117835724e-05
3.310000000000000000e+02 1.812777138184174127e-05
3.320000000000000000e+02 1.457762865660091203e-05
3.330000000000000000e+02 2.488002022801083431e-05
3.340000000000000000e+02 1.498368990723974942e-05
3.350000000000000000e+02 2.136860014312939534e-05
3.360000000000000000e+02 1.402960197083302774e-05
3.370000000000000000e+02 1.596780170075362602e-05
3.380000000000000000e+02 2.218233503905746011e-05
3.390000000000000000e+02 1.730336979865872580e-05
3.400000000000000000e+02 4.001286200946196832e-05
3.410000000000000000e+02 3.836425311116423744e-05
3.420000000000000000e+02 2.196365090033699255e-05
3.430000000000000000e+02 1.314338342732905064e-05
3.440000000000000000e+02 1.443982332299735071e-05
3.450000000000000000e+02 1.611493214416744507e-05
3.460000000000000000e+02 1.568937018115927037e-05
3.470000000000000000e+02 1.515753091856216461e-05
3.480000000000000000e+02 2.127622040158409306e-05
3.490000000000000000e+02 2.020594438969662270e-05
3.500000000000000000e+02 1.616739929280204869e-05
3.510000000000000000e+02 2.096671731123933609e-05
3.520000000000000000e+02 1.493980862505850450e-05
3.530000000000000000e+02 1.449469165891059634e-05
3.540000000000000000e+02 1.676357721104674640e-05
3.550000000000000000e+02 1.284690403432856980e-05
3.560000000000000000e+02 1.420945035836969747e-05
3.570000000000000000e+02 2.124936757657754636e-05
3.580000000000000000e+02 1.289466071587715543e-05
3.590000000000000000e+02 2.207321840008565504e-05
3.600000000000000000e+02 1.212016531402089946e-05
3.610000000000000000e+02 1.775335364072816596e-05
3.620000000000000000e+02 2.679838094384952741e-05
3.630000000000000000e+02 1.637658465066730616e-05
3.640000000000000000e+02 1.764028135463983283e-05
3.650000000000000000e+02 1.278940069823875031e-05
3.660000000000000000e+02 9.555489656728847280e-06
3.670000000000000000e+02 1.496722607650250883e-05
3.680000000000000000e+02 1.310518024790023121e-05
3.690000000000000000e+02 2.599232514209385642e-05
3.700000000000000000e+02 1.792209132569648182e-05
3.710000000000000000e+02 1.129759210016345680e-05
3.720000000000000000e+02 1.272120043116350006e-05
3.730000000000000000e+02 1.197325109387748011e-05
3.740000000000000000e+02 1.629968638856856594e-05
3.750000000000000000e+02 2.203141547700700561e-05
3.760000000000000000e+02 1.426759178381568419e-05
3.770000000000000000e+02 1.266384770739629552e-05
3.780000000000000000e+02 1.217986101740583084e-05
3.790000000000000000e+02 1.004373124790921155e-05
3.800000000000000000e+02 1.008449872339648881e-05
3.810000000000000000e+02 1.837271936286318503e-05
3.820000000000000000e+02 1.210599237310816608e-05
3.830000000000000000e+02 1.781485532167910985e-05
3.840000000000000000e+02 1.162669974898259754e-05
3.850000000000000000e+02 1.311774409259669496e-05
3.860000000000000000e+02 1.295477536890151373e-05
3.870000000000000000e+02 1.258896743214184806e-05
3.880000000000000000e+02 1.282899245779845007e-05
3.890000000000000000e+02 1.395024100929731435e-05
3.900000000000000000e+02 1.103592995301975556e-05
3.910000000000000000e+02 1.373711967365428112e-05
3.920000000000000000e+02 1.274550772601893845e-05
3.930000000000000000e+02 1.187383530729372646e-05
3.940000000000000000e+02 2.061143924038333298e-05
3.950000000000000000e+02 1.284215576864274565e-05
3.960000000000000000e+02 1.142708713208170030e-05
3.970000000000000000e+02 1.138795746859007909e-05
3.980000000000000000e+02 1.888912326952170765e-05
3.990000000000000000e+02 1.083542099877377115e-05
4.000000000000000000e+02 1.167194992376607856e-05
4.010000000000000000e+02 1.103115501488597785e-05
4.020000000000000000e+02 1.067738849087618359e-05
4.030000000000000000e+02 1.255810487540050777e-05
4.040000000000000000e+02 1.355981876865068104e-05
4.050000000000000000e+02 8.436633825112949329e-06
4.060000000000000000e+02 1.291750172337439449e-05
4.070000000000000000e+02 1.077911740139825263e-05
4.080000000000000000e+02 1.446770449547329945e-05
4.090000000000000000e+02 1.019181505398591994e-05
4.100000000000000000e+02 1.421483456700419321e-05
4.110000000000000000e+02 1.010035656084558692e-05
4.120000000000000000e+02 1.052021467330632677e-05
4.130000000000000000e+02 7.970282540554762886e-06
4.140000000000000000e+02 1.183543440978004026e-05
4.150000000000000000e+02 8.665660437448726979e-06
4.160000000000000000e+02 1.060477956343674985e-05
4.170000000000000000e+02 9.817565933190053668e-06
4.180000000000000000e+02 1.290910458919824998e-05
4.190000000000000000e+02 1.194944355423406963e-05
4.200000000000000000e+02 1.005284477590369778e-05
4.210000000000000000e+02 1.224110916155041141e-05
4.220000000000000000e+02 1.468250957259442657e-05
4.230000000000000000e+02 1.092086746818192072e-05
4.240000000000000000e+02 1.179530849791869127e-05
4.250000000000000000e+02 1.689292649340738128e-05
4.260000000000000000e+02 8.112921477732015774e-06
4.270000000000000000e+02 1.170316676507354667e-05
4.280000000000000000e+02 1.404903922472537155e-05
4.290000000000000000e+02 1.037036987327155637e-05
4.300000000000000000e+02 1.283617914244435514e-05
4.310000000000000000e+02 1.160824325779685703e-05
4.320000000000000000e+02 1.010092814491751345e-05
4.330000000000000000e+02 1.441716697324106150e-05
4.340000000000000000e+02 1.135642656057219280e-05
4.350000000000000000e+02 1.288154237045091502e-05
4.360000000000000000e+02 8.830528989468196198e-06
4.370000000000000000e+02 1.544579594337846935e-05
4.380000000000000000e+02 1.663857168750837364e-05
4.390000000000000000e+02 1.036176561077202990e-05
4.400000000000000000e+02 9.735106541484128548e-06
4.410000000000000000e+02 9.055479528493985607e-06
4.420000000000000000e+02 8.937344906977765725e-06
4.430000000000000000e+02 1.064120577514889416e-05
4.440000000000000000e+02 8.686549426784040068e-06
4.450000000000000000e+02 1.132445061860683639e-05
4.460000000000000000e+02 8.641049974661049241e-06
4.470000000000000000e+02 8.524186838864504230e-06
4.480000000000000000e+02 1.059470575152469432e-05
4.490000000000000000e+02 1.009548604997689903e-05
4.500000000000000000e+02 1.001251022292611563e-05
4.510000000000000000e+02 7.865169776171872454e-06
4.520000000000000000e+02 1.172114578366745270e-05
4.530000000000000000e+02 9.004419413637757086e-06
4.540000000000000000e+02 8.184015544732877861e-06
4.550000000000000000e+02 7.212667830269007475e-06
4.560000000000000000e+02 1.280673970541101941e-05
4.570000000000000000e+02 8.767068626790811770e-06
4.580000000000000000e+02 9.595173117607677367e-06
4.590000000000000000e+02 8.875575452596725908e-06
4.600000000000000000e+02 9.885870440484723076e-06
4.610000000000000000e+02 7.283663687000323059e-06
4.620000000000000000e+02 1.116427102412368790e-05
4.630000000000000000e+02 8.808505763227003423e-06
4.640000000000000000e+02 8.069259583862731437e-06
4.650000000000000000e+02 8.867710757840541056e-06
4.660000000000000000e+02 8.288802103682731272e-06
4.670000000000000000e+02 7.667140016565099020e-06
4.680000000000000000e+02 7.063239151345139477e-06
4.690000000000000000e+02 1.070053647102516464e-05
4.700000000000000000e+02 7.170390781539026682e-06
4.710000000000000000e+02 6.755000804332666759e-06
4.720000000000000000e+02 8.115897711225747346e-06
4.730000000000000000e+02 1.087156058929394870e-05
4.740000000000000000e+02 1.430553181611079179e-05
4.750000000000000000e+02 8.543750782337156192e-06
4.760000000000000000e+02 7.647084676136727970e-06
4.770000000000000000e+02 7.261902137543074651e-06
4.780000000000000000e+02 9.668352843921941767e-06
4.790000000000000000e+02 1.286709256116106800e-05
4.800000000000000000e+02 9.966371653717942129e-06
4.810000000000000000e+02 6.414977300058429835e-06
4.820000000000000000e+02 6.653871329641939604e-06
4.830000000000000000e+02 1.284434386131275989e-05
4.840000000000000000e+02 8.590248689870350334e-06
4.850000000000000000e+02 8.517136863398870933e-06
4.860000000000000000e+02 7.160957323624946849e-06
4.870000000000000000e+02 8.950572888958656032e-06
4.880000000000000000e+02 9.215316604240797257e-06
4.890000000000000000e+02 8.100886152533348243e-06
4.900000000000000000e+02 7.182978582325935003e-06
4.910000000000000000e+02 6.018361633929695635e-06
4.920000000000000000e+02 6.100611729683199164e-06
4.930000000000000000e+02 8.284854517720911590e-06
4.940000000000000000e+02 6.250995132480359664e-06
4.950000000000000000e+02 1.005870990411494859e-05
4.960000000000000000e+02 1.158917219072463929e-05
4.970000000000000000e+02 8.101827864569107404e-06
4.980000000000000000e+02 9.925700505846179276e-06
4.990000000000000000e+02 6.812267790034335569e-06
5.000000000000000000e+02 7.471089011232834513e-06
5.010000000000000000e+02 6.472864358026224127e-06
5.020000000000000000e+02 6.900220202320876232e-06
5.030000000000000000e+02 7.226370519977838828e-06
5.040000000000000000e+02 6.519649153536496391e-06
5.050000000000000000e+02 6.427076593051120932e-06
5.060000000000000000e+02 8.008790240031279703e-06
5.070000000000000000e+02 7.279994712613794857e-06
5.080000000000000000e+02 5.630358127746149373e-06
5.090000000000000000e+02 7.051068884417569795e-06
5.100000000000000000e+02 6.521563821782668081e-06
5.110000000000000000e+02 5.291708733542084891e-06
5.120000000000000000e+02 1.057984677269511564e-05
5.130000000000000000e+02 6.952669191377936033e-06
5.140000000000000000e+02 6.077786580741909897e-06
5.150000000000000000e+02 6.439313007528350118e-06
5.160000000000000000e+02 7.372647981659005001e-06
5.170000000000000000e+02 6.324139109589547246e-06
5.180000000000000000e+02 6.525390178164040608e-06
5.190000000000000000e+02 8.006436813351077090e-06
5.200000000000000000e+02 5.911915901985290821e-06
5.210000000000000000e+02 8.154283650583237867e-06
5.220000000000000000e+02 1.358516144440121269e-05
5.230000000000000000e+02 7.607012521475553275e-06
5.240000000000000000e+02 9.355724171958475978e-06
5.250000000000000000e+02 8.875437555010042148e-06
5.260000000000000000e+02 5.598938399392257507e-06
5.270000000000000000e+02 5.327297549229114909e-06
5.280000000000000000e+02 9.415295902120609915e-06
5.290000000000000000e+02 5.618107234113268029e-06
5.300000000000000000e+02 5.647666348522762108e-06
5.310000000000000000e+02 5.864939206124593972e-06
5.320000000000000000e+02 6.567362737162814809e-06
5.330000000000000000e+02 5.729389270830627593e-06
5.340000000000000000e+02 6.055042955874038595e-06
5.350000000000000000e+02 8.722315648507598387e-06
5.360000000000000000e+02 7.298243914798756000e-06
5.370000000000000000e+02 6.180298926968437817e-06
5.380000000000000000e+02 5.811210321553517404e-06
5.390000000000000000e+02 5.444383283853918845e-06
5.400000000000000000e+02 8.667394719547398665e-06
5.410000000000000000e+02 7.575850113425985944e-06
5.420000000000000000e+02 5.491951539321841779e-06
5.430000000000000000e+02 6.106563599435806811e-06
5.440000000000000000e+02 5.420032063436034497e-06
5.450000000000000000e+02 6.358647306115017611e-06
5.460000000000000000e+02 6.568446178789599968e-06
5.470000000000000000e+02 5.240844584477599338e-06
5.480000000000000000e+02 6.380550654891218725e-06
5.490000000000000000e+02 5.622059828359245622e-06
5.500000000000000000e+02 5.558981532279479345e-06
5.510000000000000000e+02 7.192962090509051463e-06
5.520000000000000000e+02 6.402589451681705954e-06
5.530000000000000000e+02 7.101166014156964145e-06
5.540000000000000000e+02 5.701431500710896623e-06
5.550000000000000000e+02 5.231782906776060977e-06
5.560000000000000000e+02 6.657965298776010655e-06
5.570000000000000000e+02 7.292631798918591778e-06
5.580000000000000000e+02 5.289958990033483065e-06
5.590000000000000000e+02 5.677645297813190548e-06
5.600000000000000000e+02 5.834193416376365349e-06
5.610000000000000000e+02 7.397040541642733754e-06
5.620000000000000000e+02 6.615708552999422361e-06
5.630000000000000000e+02 5.893978122912813385e-06
5.640000000000000000e+02 5.644094432379158220e-06
5.650000000000000000e+02 5.045618572694365900e-06
5.660000000000000000e+02 6.529475573794722021e-06
5.670000000000000000e+02 5.140730493925123605e-06
5.680000000000000000e+02 7.090922623926114229e-06
5.690000000000000000e+02 6.669573425218307611e-06
5.700000000000000000e+02 6.788225667454147418e-06
5.710000000000000000e+02 6.874744616046276446e-06
5.720000000000000000e+02 5.015424412704305689e-06
5.730000000000000000e+02 7.854662978085495808e-06
5.740000000000000000e+02 5.435727822865980039e-06
5.750000000000000000e+02 5.229328814190618598e-06
5.760000000000000000e+02 5.483584560958357855e-06
5.770000000000000000e+02 4.688432948872407893e-06
5.780000000000000000e+02 6.290442355142052889e-06
5.790000000000000000e+02 5.390549486037343605e-06
5.800000000000000000e+02 6.864466577098937976e-06
5.810000000000000000e+02 5.469230450216855049e-06
5.820000000000000000e+02 5.131310793634232839e-06
5.830000000000000000e+02 5.374652655518730035e-06
5.840000000000000000e+02 5.068617180465177063e-06
5.850000000000000000e+02 5.079381250349494668e-06
5.860000000000000000e+02 5.634237116585912753e-06
5.870000000000000000e+02 4.850540687281560819e-06
5.880000000000000000e+02 5.071316257575138805e-06
5.890000000000000000e+02 4.517469230146767865e-06
5.900000000000000000e+02 4.913293252381360189e-06
5.910000000000000000e+02 5.245233396635740369e-06
5.920000000000000000e+02 4.747050364433865294e-06
5.930000000000000000e+02 5.200655377848306298e-06
5.940000000000000000e+02 5.025289059024847073e-06
5.950000000000000000e+02 6.075476737047817022e-06
5.960000000000000000e+02 6.076195813875529153e-06
5.970000000000000000e+02 5.680163606787876762e-06
5.980000000000000000e+02 4.585179140121909096e-06
5.990000000000000000e+02 5.408666659908097943e-06
6.000000000000000000e+02 4.910848080423117079e-06
6.010000000000000000e+02 4.309274806170530454e-06
6.020000000000000000e+02 4.373434261045379796e-06
6.030000000000000000e+02 6.312182176770875400e-06
6.040000000000000000e+02 6.137621382246531654e-06
6.050000000000000000e+02 5.442185735470654483e-06
6.060000000000000000e+02 4.424697963258950345e-06
6.070000000000000000e+02 4.723595344936863356e-06
6.080000000000000000e+02 6.498543683240617366e-06
6.090000000000000000e+02 5.243392086716388220e-06
6.100000000000000000e+02 4.717556009078786274e-06
6.110000000000000000e+02 4.784483398907468553e-06
6.120000000000000000e+02 5.731602144199617337e-06
6.130000000000000000e+02 4.152270536602978922e-06
6.140000000000000000e+02 4.820095597703281118e-06
6.150000000000000000e+02 4.507265901641706973e-06
6.160000000000000000e+02 4.324184865254210342e-06
6.170000000000000000e+02 5.169014489183609975e-06
6.180000000000000000e+02 5.060696803411702101e-06
6.190000000000000000e+02 4.031465011091009973e-06
6.200000000000000000e+02 4.912046151730465076e-06
6.210000000000000000e+02 6.415959481576768388e-06
6.220000000000000000e+02 4.977080267660009613e-06
6.230000000000000000e+02 4.439590957190375673e-06
6.240000000000000000e+02 5.712572471262925733e-06
6.250000000000000000e+02 4.700816909159281356e-06
6.260000000000000000e+02 4.780861390827340447e-06
6.270000000000000000e+02 6.185589472806895914e-06
6.280000000000000000e+02 4.858251152957867605e-06
6.290000000000000000e+02 4.434215655540658985e-06
6.300000000000000000e+02 4.460565654274736238e-06
6.310000000000000000e+02 4.437012503331061317e-06
6.320000000000000000e+02 5.432483415764485091e-06
6.330000000000000000e+02 4.826510212296852503e-06
6.340000000000000000e+02 4.778195634571602704e-06
6.350000000000000000e+02 4.545316426932307564e-06
6.360000000000000000e+02 4.150388206956753248e-06
6.370000000000000000e+02 5.240303859560905386e-06
6.380000000000000000e+02 4.518709626305886905e-06
6.390000000000000000e+02 4.373841426665118732e-06
6.400000000000000000e+02 4.050323656580682850e-06
6.410000000000000000e+02 4.520107498440968764e-06
6.420000000000000000e+02 4.914543069389765151e-06
6.430000000000000000e+02 4.278959322618902898e-06
6.440000000000000000e+02 4.199336109801758383e-06
6.450000000000000000e+02 4.710587694110775699e-06
6.460000000000000000e+02 4.457112687911527762e-06
6.470000000000000000e+02 4.993208603991661153e-06
6.480000000000000000e+02 4.083321812989500786e-06
6.490000000000000000e+02 3.978391581161607695e-06
6.500000000000000000e+02 5.480574691318906505e-06
6.510000000000000000e+02 4.457785316844820079e-06
6.520000000000000000e+02 4.017243471328886889e-06
6.530000000000000000e+02 3.990373027894141147e-06
6.540000000000000000e+02 3.967533605949332034e-06
6.550000000000000000e+02 3.860838960463297621e-06
6.560000000000000000e+02 3.826800865075104297e-06
6.570000000000000000e+02 3.859938597088330527e-06
6.580000000000000000e+02 4.015780229262115101e-06
6.590000000000000000e+02 4.068132608760303315e-06
6.600000000000000000e+02 4.658646615401569816e-06
6.610000000000000000e+02 4.752760460178251073e-06
6.620000000000000000e+02 4.484435391229150314e-06
6.630000000000000000e+02 4.473781442963324290e-06
6.640000000000000000e+02 4.562922140394221229e-06
6.650000000000000000e+02 5.776529750013044530e-06
6.660000000000000000e+02 4.577162885652797204e-06
6.670000000000000000e+02 4.673292539033960878e-06
6.680000000000000000e+02 4.494426660433721791e-06
6.690000000000000000e+02 5.385136194793934268e-06
6.700000000000000000e+02 3.638896120416272132e-06
6.710000000000000000e+02 4.570045186180019579e-06
6.720000000000000000e+02 4.071513202082618041e-06
6.730000000000000000e+02 4.757524983081869411e-06
6.740000000000000000e+02 3.789154111473180718e-06
6.750000000000000000e+02 3.749097198427383207e-06
6.760000000000000000e+02 3.665463238273029365e-06
6.770000000000000000e+02 4.033936123353971992e-06
6.780000000000000000e+02 5.743463204150127354e-06
6.790000000000000000e+02 3.882368405356828657e-06
6.800000000000000000e+02 4.377976965770358288e-06
6.810000000000000000e+02 3.953802168628802085e-06
6.820000000000000000e+02 4.161531887802994048e-06
6.830000000000000000e+02 3.461880805843975564e-06
6.840000000000000000e+02 3.686085913917243712e-06
6.850000000000000000e+02 3.720085636208144536e-06
6.860000000000000000e+02 3.994402565391889237e-06
6.870000000000000000e+02 3.752531991570625101e-06
6.880000000000000000e+02 3.689374580062576570e-06
6.890000000000000000e+02 4.037938900485945335e-06
6.900000000000000000e+02 3.895413736548410494e-06
6.910000000000000000e+02 4.819844034500419721e-06
6.920000000000000000e+02 3.939612743124598231e-06
6.930000000000000000e+02 3.762354159941120536e-06
6.940000000000000000e+02 3.486674871358748960e-06
6.950000000000000000e+02 4.205718358510542461e-06
6.960000000000000000e+02 4.087236190268110286e-06
6.970000000000000000e+02 4.113920082697101671e-06
6.980000000000000000e+02 4.143145985532707100e-06
6.990000000000000000e+02 3.691153454686476420e-06
7.000000000000000000e+02 3.880791756879868525e-06
7.010000000000000000e+02 3.644996889609804727e-06
7.020000000000000000e+02 3.735489705528986358e-06
7.030000000000000000e+02 3.456066201579233251e-06
7.040000000000000000e+02 4.239664410003266692e-06
7.050000000000000000e+02 4.204861784273816569e-06
7.060000000000000000e+02 3.438002419594946983e-06
7.070000000000000000e+02 3.845359865408681595e-06
7.080000000000000000e+02 3.611233931527143110e-06
7.090000000000000000e+02 3.490025255814544010e-06
7.100000000000000000e+02 3.215465438491567684e-06
7.110000000000000000e+02 3.534108339711868554e-06
7.120000000000000000e+02 3.718542125170643128e-06
7.130000000000000000e+02 4.071623385849913419e-06
7.140000000000000000e+02 3.730147185099970679e-06
7.150000000000000000e+02 3.467856571054047459e-06
7.160000000000000000e+02 3.420680945964704818e-06
7.170000000000000000e+02 3.587441974559624248e-06
7.180000000000000000e+02 3.640897695428672312e-06
7.190000000000000000e+02 3.651279779054069192e-06
7.200000000000000000e+02 3.776866654637463605e-06
7.210000000000000000e+02 3.470836757818081902e-06
7.220000000000000000e+02 4.240585870623666432e-06
7.230000000000000000e+02 3.449149767220660494e-06
7.240000000000000000e+02 3.670388652305215577e-06
7.250000000000000000e+02 3.900128120524944944e-06
7.260000000000000000e+02 3.586475189270762111e-06
7.270000000000000000e+02 3.385695225309367328e-06
7.280000000000000000e+02 4.026111017386331649e-06
7.290000000000000000e+02 3.373284669881589493e-06
7.300000000000000000e+02 3.449698974691272976e-06
7.310000000000000000e+02 3.209075454530345129e-06
7.320000000000000000e+02 3.832705806416924704e-06
7.330000000000000000e+02 3.384050523891346444e-06
7.340000000000000000e+02 3.646147982484156734e-06
7.350000000000000000e+02 3.514679228828754429e-06
7.360000000000000000e+02 3.568283582353615236e-06
7.370000000000000000e+02 3.389699011980459097e-06
7.380000000000000000e+02 3.828731667757286490e-06
7.390000000000000000e+02 3.431316678567478845e-06
7.400000000000000000e+02 4.035919217434032721e-06
7.410000000000000000e+02 3.850306720778462274e-06
7.420000000000000000e+02 3.313532177647478610e-06
7.430000000000000000e+02 3.425207299490769778e-06
7.440000000000000000e+02 4.094030972131198004e-06
7.450000000000000000e+02 3.436580344290026314e-06
7.460000000000000000e+02 4.351497203363881847e-06
7.470000000000000000e+02 3.790068405275330165e-06
7.480000000000000000e+02 3.568951728993851988e-06
7.490000000000000000e+02 3.305955284910548332e-06
7.500000000000000000e+02 3.333181304393898761e-06
7.510000000000000000e+02 3.186184344485809442e-06
7.520000000000000000e+02 3.806202685154857927e-06
7.530000000000000000e+02 3.543774876864820832e-06
7.540000000000000000e+02 3.702646634640890007e-06
7.550000000000000000e+02 4.218656279893670006e-06
7.560000000000000000e+02 3.455209101351405014e-06
7.570000000000000000e+02 3.223516111271844031e-06
7.580000000000000000e+02 3.094808019644309134e-06
7.590000000000000000e+02 3.267573573187594948e-06
7.600000000000000000e+02 3.393836159375496056e-06
7.610000000000000000e+02 3.338895438294760784e-06
7.620000000000000000e+02 3.321309301706302697e-06
7.630000000000000000e+02 3.234124143697651168e-06
7.640000000000000000e+02 3.481103073378714400e-06
7.650000000000000000e+02 3.816565746698567616e-06
7.660000000000000000e+02 3.440875772563837805e-06
7.670000000000000000e+02 3.339351489254719592e-06
7.680000000000000000e+02 3.452693029733685127e-06
7.690000000000000000e+02 3.539408605017039473e-06
7.700000000000000000e+02 3.217848337347580639e-06
7.710000000000000000e+02 3.373428808117751202e-06
7.720000000000000000e+02 3.257409528790352234e-06
7.730000000000000000e+02 3.097260716155385003e-06
7.740000000000000000e+02 3.417112005384600072e-06
7.750000000000000000e+02 3.022408889895207963e-06
7.760000000000000000e+02 3.507768627362869251e-06
7.770000000000000000e+02 3.279680828806400813e-06
7.780000000000000000e+02 3.316398400177907667e-06
7.790000000000000000e+02 3.466658575537925174e-06
7.800000000000000000e+02 3.286268626349435075e-06
7.810000000000000000e+02 3.242498423787765391e-06
7.820000000000000000e+02 3.539664309452443271e-06
7.830000000000000000e+02 3.352103287094602375e-06
7.840000000000000000e+02 3.345771222787637529e-06
7.850000000000000000e+02 3.123747269455634371e-06
7.860000000000000000e+02 3.008416432142742591e-06
7.870000000000000000e+02 3.087734753535187456e-06
7.880000000000000000e+02 3.211288700792162312e-06
7.890000000000000000e+02 3.599882305328113157e-06
7.900000000000000000e+02 3.212797406983251181e-06
7.910000000000000000e+02 3.873759220975140708e-06
7.920000000000000000e+02 3.123967006407231874e-06
7.930000000000000000e+02 3.520687841955805384e-06
7.940000000000000000e+02 3.685143634963121118e-06
7.950000000000000000e+02 2.949356121462187814e-06
7.960000000000000000e+02 3.214424235314557560e-06
7.970000000000000000e+02 3.206598997470185443e-06
7.980000000000000000e+02 3.099282474371041801e-06
7.990000000000000000e+02 3.140863620198312467e-06
8.000000000000000000e+02 3.947031057881152252e-06
8.010000000000000000e+02 3.024164651227086548e-06
8.020000000000000000e+02 3.129251681457389959e-06
8.030000000000000000e+02 2.959999781827112409e-06
8.040000000000000000e+02 3.324166339856068090e-06
8.050000000000000000e+02 3.682028363982681185e-06
8.060000000000000000e+02 3.132063413128586585e-06
8.070000000000000000e+02 3.245421294195694087e-06
8.080000000000000000e+02 2.977230375715104411e-06
8.090000000000000000e+02 3.432431764546587798e-06
8.100000000000000000e+02 3.099703092933244320e-06
8.110000000000000000e+02 3.035525508797339412e-06
8.120000000000000000e+02 2.875600730476435223e-06
8.130000000000000000e+02 3.105093590723602849e-06
8.140000000000000000e+02 2.895493974695758380e-06
8.150000000000000000e+02 3.279553106949606360e-06
8.160000000000000000e+02 3.018090740927921873e-06
8.170000000000000000e+02 3.007055608274337333e-06
8.180000000000000000e+02 2.970459713651507729e-06
8.190000000000000000e+02 3.284694219776914255e-06
8.200000000000000000e+02 3.271223079840031887e-06
8.210000000000000000e+02 3.053430696127179697e-06
8.220000000000000000e+02 2.862703522623633085e-06
8.230000000000000000e+02 2.917793888930949030e-06
8.240000000000000000e+02 2.976713487138719566e-06
8.250000000000000000e+02 3.001259871477183400e-06
8.260000000000000000e+02 2.767812758672031605e-06
8.270000000000000000e+02 2.856307138851358671e-06
8.280000000000000000e+02 3.111907518965987469e-06
8.290000000000000000e+02 2.838226908655390874e-06
8.300000000000000000e+02 3.437852504551604605e-06
8.310000000000000000e+02 3.160134612395874205e-06
8.320000000000000000e+02 2.892295283345447320e-06
8.330000000000000000e+02 2.865808073693187738e-06
8.340000000000000000e+02 2.888069983176440765e-06
8.350000000000000000e+02 2.902494015870615772e-06
8.360000000000000000e+02 2.870261038575942363e-06
8.370000000000000000e+02 3.323456806659426839e-06
8.380000000000000000e+02 2.946576602577503590e-06
8.390000000000000000e+02 3.044059055052154381e-06
8.400000000000000000e+02 2.767650269864437469e-06
8.410000000000000000e+02 3.084497281330792679e-06
8.420000000000000000e+02 2.812797013878783612e-06
8.430000000000000000e+02 3.543386684820385935e-06
8.440000000000000000e+02 3.447345144801753824e-06
8.450000000000000000e+02 3.041612315731375379e-06
8.460000000000000000e+02 2.906051481659233121e-06
8.470000000000000000e+02 3.088601054817748657e-06
8.480000000000000000e+02 3.050407055222119058e-06
8.490000000000000000e+02 2.965753731890193537e-06
8.500000000000000000e+02 2.708467894384133031e-06
8.510000000000000000e+02 2.944123214850454577e-06
8.520000000000000000e+02 2.921016372662658606e-06
8.530000000000000000e+02 2.833982037676226477e-06
8.540000000000000000e+02 3.183726200101470174e-06
8.550000000000000000e+02 2.844895110077535186e-06
8.560000000000000000e+02 2.967596407567422673e-06
8.570000000000000000e+02 2.929722271195108201e-06
8.580000000000000000e+02 2.715873850623514421e-06
8.590000000000000000e+02 2.847410620840188528e-06
8.600000000000000000e+02 3.027642616567997462e-06
8.610000000000000000e+02 2.844312058793245016e-06
8.620000000000000000e+02 2.761415824655462635e-06
8.630000000000000000e+02 3.176827399329340585e-06
8.640000000000000000e+02 2.928398212134197617e-06
8.650000000000000000e+02 2.887153549030093411e-06
8.660000000000000000e+02 2.759775726796457524e-06
8.670000000000000000e+02 2.812235672233024863e-06
8.680000000000000000e+02 2.855485079938565231e-06
8.690000000000000000e+02 2.753465463077494361e-06
8.700000000000000000e+02 2.937215523767614819e-06
8.710000000000000000e+02 2.706016080082918069e-06
8.720000000000000000e+02 2.977245220184461945e-06
8.730000000000000000e+02 2.740825193541240811e-06
8.740000000000000000e+02 2.952797281068342120e-06
8.750000000000000000e+02 2.734137203030210451e-06
8.760000000000000000e+02 2.811330567359012487e-06
8.770000000000000000e+02 2.734370395955920617e-06
8.780000000000000000e+02 2.739268841954375019e-06
8.790000000000000000e+02 2.860602832394458037e-06
8.800000000000000000e+02 2.698081677105316661e-06
8.810000000000000000e+02 2.696952298416969482e-06
8.820000000000000000e+02 2.754728113056141220e-06
8.830000000000000000e+02 2.751798469944333226e-06
8.840000000000000000e+02 3.155697052837543658e-06
8.850000000000000000e+02 2.658854453632860159e-06
8.860000000000000000e+02 3.046674009965499863e-06
8.870000000000000000e+02 2.784415529883214253e-06
8.880000000000000000e+02 2.856251468680663184e-06
8.890000000000000000e+02 2.817854321316796623e-06
8.900000000000000000e+02 2.652906093013977333e-06
8.910000000000000000e+02 2.640278479096498987e-06
8.920000000000000000e+02 3.107417225389023393e-06
8.930000000000000000e+02 2.676331835876529252e-06
8.940000000000000000e+02 2.654586874086817058e-06
8.950000000000000000e+02 3.005301690185054505e-06
8.960000000000000000e+02 2.695246186400860545e-06
8.970000000000000000e+02 2.665735748147805371e-06
8.980000000000000000e+02 2.803018909010764494e-06
8.990000000000000000e+02 2.668854832942694762e-06
9.000000000000000000e+02 2.598486106156391061e-06
9.010000000000000000e+02 2.646958467569978242e-06
9.020000000000000000e+02 2.735945957586712706e-06
9.030000000000000000e+02 2.692466678126947887e-06
9.040000000000000000e+02 2.773669333085611575e-06
9.050000000000000000e+02 2.872998517583861800e-06
9.060000000000000000e+02 2.631804544156087328e-06
9.070000000000000000e+02 2.881831502842639189e-06
9.080000000000000000e+02 2.693952797017118258e-06
9.090000000000000000e+02 2.769997707522028095e-06
9.100000000000000000e+02 2.937700590640209601e-06
9.110000000000000000e+02 2.870103935492806983e-06
9.120000000000000000e+02 2.814201202454569131e-06
9.130000000000000000e+02 3.202984012204979115e-06
9.140000000000000000e+02 2.757268078615501026e-06
9.150000000000000000e+02 2.705260726543201599e-06
9.160000000000000000e+02 2.653315988633645916e-06
9.170000000000000000e+02 2.652854805091919911e-06
9.180000000000000000e+02 2.627045088653782464e-06
9.190000000000000000e+02 2.620135868104019671e-06
9.200000000000000000e+02 2.661482612893451073e-06
9.210000000000000000e+02 2.662908051812943720e-06
9.220000000000000000e+02 2.590252893241995311e-06
9.230000000000000000e+02 2.556544116790367657e-06
9.240000000000000000e+02 2.643398646190083436e-06
9.250000000000000000e+02 2.595846335680107569e-06
9.260000000000000000e+02 2.689974471650202725e-06
9.270000000000000000e+02 3.008102773189117731e-06
9.280000000000000000e+02 2.617617193815628081e-06
9.290000000000000000e+02 2.725103803034774826e-06
9.300000000000000000e+02 2.629538906451974533e-06
9.310000000000000000e+02 2.860315930774959270e-06
9.320000000000000000e+02 2.625591009746131208e-06
9.330000000000000000e+02 2.806875127134844525e-06
9.340000000000000000e+02 2.707658600229479110e-06
9.350000000000000000e+02 2.638237921625356187e-06
9.360000000000000000e+02 2.657396081910216348e-06
9.370000000000000000e+02 2.770713005399253699e-06
9.380000000000000000e+02 2.685145874844844738e-06
9.390000000000000000e+02 2.636628538918254716e-06
9.400000000000000000e+02 2.573027726005723999e-06
9.410000000000000000e+02 2.590547060208337119e-06
9.420000000000000000e+02 2.806498274973516172e-06
9.430000000000000000e+02 2.656777110132679978e-06
9.440000000000000000e+02 2.554028422612949040e-06
9.450000000000000000e+02 2.635600887212300924e-06
9.460000000000000000e+02 2.591634879536286513e-06
9.470000000000000000e+02 2.660241504296815757e-06
9.480000000000000000e+02 2.633947309125990940e-06
9.490000000000000000e+02 2.530942557920449410e-06
9.500000000000000000e+02 2.588117120770523954e-06
9.510000000000000000e+02 2.674771593168164386e-06
9.520000000000000000e+02 2.648735700555941240e-06
9.530000000000000000e+02 2.462967189179229053e-06
9.540000000000000000e+02 2.610564192764286468e-06
9.550000000000000000e+02 2.612225528840402390e-06
9.560000000000000000e+02 3.064805923713720404e-06
9.570000000000000000e+02 2.540522550589230343e-06
9.580000000000000000e+02 2.599797864301459827e-06
9.590000000000000000e+02 2.652954847993290182e-06
9.600000000000000000e+02 2.591350215273754073e-06
9.610000000000000000e+02 2.756961022593410835e-06
9.620000000000000000e+02 2.624681314955523703e-06
9.630000000000000000e+02 2.658574456593972464e-06
9.640000000000000000e+02 2.579850320216792001e-06
9.650000000000000000e+02 2.672871581429111122e-06
9.660000000000000000e+02 2.486535178528962925e-06
9.670000000000000000e+02 2.461348703945986943e-06
9.680000000000000000e+02 2.884996999152159866e-06
9.690000000000000000e+02 2.540086538829200486e-06
9.700000000000000000e+02 2.728484813208827582e-06
9.710000000000000000e+02 2.528367082656283699e-06
9.720000000000000000e+02 2.531258546696335611e-06
9.730000000000000000e+02 2.788861327947719009e-06
9.740000000000000000e+02 2.547941027539006084e-06
9.750000000000000000e+02 2.570330275375454136e-06
9.760000000000000000e+02 2.582637977563232934e-06
9.770000000000000000e+02 2.468934805316773097e-06
9.780000000000000000e+02 2.562689373917237508e-06
9.790000000000000000e+02 2.575575278266721208e-06
9.800000000000000000e+02 2.766130428426549617e-06
9.810000000000000000e+02 2.493859031649966177e-06
9.820000000000000000e+02 2.604569000747384822e-06
9.830000000000000000e+02 2.491100375057915821e-06
9.840000000000000000e+02 2.500476195261095969e-06
9.850000000000000000e+02 2.567793870487851805e-06
9.860000000000000000e+02 2.499814383251456507e-06
9.870000000000000000e+02 2.778456494828181488e-06
9.880000000000000000e+02 2.497437394595181172e-06
9.890000000000000000e+02 2.590021792154099476e-06
9.900000000000000000e+02 2.507832520374601340e-06
9.910000000000000000e+02 2.469588833567589236e-06
9.920000000000000000e+02 2.609213705303166640e-06
9.930000000000000000e+02 2.505541275847159890e-06
9.940000000000000000e+02 2.515397271357263289e-06
9.950000000000000000e+02 2.506110045032982977e-06
9.960000000000000000e+02 2.500970323732569032e-06
9.970000000000000000e+02 2.438201515057395692e-06
9.980000000000000000e+02 2.515458278746033533e-06
9.990000000000000000e+02 2.470105425042371932e-06
1.000000000000000000e+03 2.508217582241437861e-06
1.001000000000000000e+03 2.520765926116534294e-06
1.002000000000000000e+03 2.599965784308248485e-06
1.003000000000000000e+03 2.464238682478025987e-06
1.004000000000000000e+03 2.459482396564756684e-06
1.005000000000000000e+03 2.577349746388790782e-06
1.006000000000000000e+03 2.493992880469401703e-06
1.007000000000000000e+03 2.431758694001473453e-06
1.008000000000000000e+03 2.538462131269625286e-06
1.009000000000000000e+03 2.552564983488991755e-06
1.010000000000000000e+03 2.434899953793016293e-06
1.011000000000000000e+03 2.431708880976657332e-06
1.012000000000000000e+03 2.516918884793995016e-06
1.013000000000000000e+03 2.515380674594780261e-06
1.014000000000000000e+03 2.536846038007449161e-06
1.015000000000000000e+03 2.536071315262233754e-06
1.016000000000000000e+03 2.528824547880503916e-06
1.017000000000000000e+03 2.522478642580002227e-06
1.018000000000000000e+03 2.425510556349763698e-06
1.019000000000000000e+03 2.491109779233132441e-06
1.020000000000000000e+03 2.432697953433186312e-06
1.021000000000000000e+03 2.404912499211301863e-06
1.022000000000000000e+03 2.596921679772397955e-06
1.023000000000000000e+03 2.440565338777863203e-06
1.024000000000000000e+03 2.416302833504838900e-06
1.025000000000000000e+03 2.663295770920134102e-06
1.026000000000000000e+03 2.389144216673836744e-06
1.027000000000000000e+03 2.499220375587659222e-06
1.028000000000000000e+03 2.522813661016698529e-06
1.029000000000000000e+03 2.419416226378719723e-06
1.030000000000000000e+03 2.470603991847989968e-06
1.031000000000000000e+03 2.417732489448098813e-06
1.032000000000000000e+03 2.457109653732913809e-06
1.033000000000000000e+03 2.389728312361209541e-06
1.034000000000000000e+03 2.463065732930166235e-06
1.035000000000000000e+03 2.505558254597417595e-06
1.036000000000000000e+03 2.440886246404261379e-06
1.037000000000000000e+03 2.512189154610192900e-06
1.038000000000000000e+03 2.413435418020526565e-06
1.039000000000000000e+03 2.559169295939985598e-06
1.040000000000000000e+03 2.557582774898037314e-06
1.041000000000000000e+03 2.455616133071695638e-06
1.042000000000000000e+03 2.504598589136245658e-06
1.043000000000000000e+03 2.378228261174323483e-06
1.044000000000000000e+03 2.461563437160899944e-06
1.045000000000000000e+03 2.451225668664847035e-06
1.046000000000000000e+03 2.449308099130575892e-06
1.047000000000000000e+03 2.372354988438019080e-06
1.048000000000000000e+03 2.350007202949200393e-06
1.049000000000000000e+03 2.396599937431650256e-06
1.050000000000000000e+03 2.469329951964027816e-06
1.051000000000000000e+03 2.425217182159637284e-06
1.052000000000000000e+03 2.377430828346405043e-06
1.053000000000000000e+03 2.424895016398901684e-06
1.054000000000000000e+03 2.510808784184822011e-06
1.055000000000000000e+03 2.399818455766459797e-06
1.056000000000000000e+03 2.404602714705106354e-06
1.057000000000000000e+03 2.421091288245710014e-06
1.058000000000000000e+03 2.660855770955094949e-06
1.059000000000000000e+03 2.430244591475153839e-06
1.060000000000000000e+03 2.361478941566019937e-06
1.061000000000000000e+03 2.534136453202033032e-06
1.062000000000000000e+03 2.460750805160690584e-06
1.063000000000000000e+03 2.489887054556069001e-06
1.064000000000000000e+03 2.397866142018756431e-06
1.065000000000000000e+03 2.390541746232581110e-06
1.066000000000000000e+03 2.356906155303780136e-06
1.067000000000000000e+03 2.383612040830484871e-06
1.068000000000000000e+03 2.405515186486203176e-06
1.069000000000000000e+03 2.420993732812348550e-06
1.070000000000000000e+03 2.492846310815366349e-06
1.071000000000000000e+03 2.354665381668989349e-06
1.072000000000000000e+03 2.429280909079049211e-06
1.073000000000000000e+03 2.349626870454812837e-06
1.074000000000000000e+03 2.371109749219613353e-06
1.075000000000000000e+03 2.431864945720008244e-06
1.076000000000000000e+03 2.349784150889414910e-06
1.077000000000000000e+03 2.335564887895694914e-06
1.078000000000000000e+03 2.408857473407503452e-06
1.079000000000000000e+03 2.392429191786504681e-06
1.080000000000000000e+03 2.374409859839943238e-06
1.081000000000000000e+03 2.531051190999278198e-06
1.082000000000000000e+03 2.398241116073525674e-06
1.083000000000000000e+03 2.344874142181651929e-06
1.084000000000000000e+03 2.350436225242447074e-06
1.085000000000000000e+03 2.358555516366322855e-06
1.086000000000000000e+03 2.388104120048713890e-06
1.087000000000000000e+03 2.319736630245946283e-06
1.088000000000000000e+03 2.363274617588710376e-06
1.089000000000000000e+03 2.342565200403138764e-06
1.090000000000000000e+03 2.350793706682452585e-06
1.091000000000000000e+03 2.388704795824499567e-06
1.092000000000000000e+03 2.361519617200732065e-06
1.093000000000000000e+03 2.359027547148192084e-06
1.094000000000000000e+03 2.352382831910896900e-06
1.095000000000000000e+03 2.385251914347463618e-06
1.096000000000000000e+03 2.351769142781753130e-06
1.097000000000000000e+03 2.335823667939014930e-06
1.098000000000000000e+03 2.314540180729333579e-06
1.099000000000000000e+03 2.362380138644463515e-06
1.100000000000000000e+03 2.451568949860908910e-06
1.101000000000000000e+03 2.403346628246557402e-06
1.102000000000000000e+03 2.468246721036848798e-06
1.103000000000000000e+03 2.312230408278992586e-06
1.104000000000000000e+03 2.532703930834638291e-06
1.105000000000000000e+03 2.383563152458615920e-06
1.106000000000000000e+03 2.325262060670259725e-06
1.107000000000000000e+03 2.338336642727275043e-06
1.108000000000000000e+03 2.325920113435131464e-06
1.109000000000000000e+03 2.541511016715958283e-06
1.110000000000000000e+03 2.349364569151172530e-06
1.111000000000000000e+03 2.335733570362208597e-06
1.112000000000000000e+03 2.384340497580220988e-06
1.113000000000000000e+03 2.403027096988807779e-06
1.114000000000000000e+03 2.540943699690009038e-06
1.115000000000000000e+03 2.301813336392418315e-06
1.116000000000000000e+03 2.328833849484605246e-06
1.117000000000000000e+03 2.304979539076157532e-06
1.118000000000000000e+03 2.310015092916728531e-06
1.119000000000000000e+03 2.374964710725180288e-06
1.120000000000000000e+03 2.323242698973141896e-06
1.121000000000000000e+03 2.410070261854950192e-06
1.122000000000000000e+03 2.409642806924239402e-06
1.123000000000000000e+03 2.329878348064084969e-06
1.124000000000000000e+03 2.306559663338703036e-06
1.125000000000000000e+03 2.321444850773938429e-06
1.126000000000000000e+03 2.297666883350757484e-06
1.127000000000000000e+03 2.368175535896929035e-06
1.128000000000000000e+03 2.341179483664745880e-06
1.129000000000000000e+03 2.423861546958505709e-06
1.130000000000000000e+03 2.326953338827782694e-06
1.131000000000000000e+03 2.300649307471758254e-06
1.132000000000000000e+03 2.338869415628626641e-06
1.133000000000000000e+03 2.314879399515727422e-06
1.134000000000000000e+03 2.324876095372019166e-06
1.135000000000000000e+03 2.312523794595714893e-06
1.136000000000000000e+03 2.307603790541179648e-06
1.137000000000000000e+03 2.283332003874723684e-06
1.138000000000000000e+03 2.333223111842623333e-06
1.139000000000000000e+03 2.336565009197026023e-06
1.140000000000000000e+03 2.310376394234481234e-06
1.141000000000000000e+03 2.361691551110804332e-06
1.142000000000000000e+03 2.321796187061408814e-06
1.143000000000000000e+03 2.330339737757943286e-06
1.144000000000000000e+03 2.323455769328574912e-06
1.145000000000000000e+03 2.319500298047690503e-06
1.146000000000000000e+03 2.286585405878819709e-06
1.147000000000000000e+03 2.346371131049333408e-06
1.148000000000000000e+03 2.263598530589660909e-06
1.149000000000000000e+03 2.274433169683713268e-06
1.150000000000000000e+03 2.351959966896780814e-06
1.151000000000000000e+03 2.340556106901203561e-06
1.152000000000000000e+03 2.293911788910918454e-06
1.153000000000000000e+03 2.349319734094024373e-06
1.154000000000000000e+03 2.275788485045874810e-06
1.155000000000000000e+03 2.305507092993745078e-06
1.156000000000000000e+03 2.282390663215968058e-06
1.157000000000000000e+03 2.373750342788601763e-06
1.158000000000000000e+03 2.320504522685951155e-06
1.159000000000000000e+03 2.357613852836948540e-06
1.160000000000000000e+03 2.310991541586797004e-06
1.161000000000000000e+03 2.305898753244643283e-06
1.162000000000000000e+03 2.307002822211264381e-06
1.163000000000000000e+03 2.273913769386126558e-06
1.164000000000000000e+03 2.310427589691244066e-06
1.165000000000000000e+03 2.284179469522011201e-06
1.166000000000000000e+03 2.275948425752479400e-06
1.167000000000000000e+03 2.297655161479876264e-06
1.168000000000000000e+03 2.377824772944829246e-06
1.169000000000000000e+03 2.261547244112686438e-06
1.170000000000000000e+03 2.302531150538319191e-06
1.171000000000000000e+03 2.317165503882279188e-06
1.172000000000000000e+03 2.282334653500584157e-06
1.173000000000000000e+03 2.275606980219890795e-06
1.174000000000000000e+03 2.307828996587583682e-06
1.175000000000000000e+03 2.252041957338709252e-06
1.176000000000000000e+03 2.277865398051896316e-06
1.177000000000000000e+03 2.274001183953562915e-06
1.178000000000000000e+03 2.287633881981794937e-06
1.179000000000000000e+03 2.289097075542182726e-06
1.180000000000000000e+03 2.286406038365384945e-06
1.181000000000000000e+03 2.342677166780049582e-06
1.182000000000000000e+03 2.264154080269994014e-06
1.183000000000000000e+03 2.253522792064662272e-06
1.184000000000000000e+03 2.251169570020768489e-06
1.185000000000000000e+03 2.277673067207312209e-06
1.186000000000000000e+03 2.403600903259454394e-06
1.187000000000000000e+03 2.275997911359203000e-06
1.188000000000000000e+03 2.277800588975272508e-06
1.189000000000000000e+03 2.248675994754497261e-06
1.190000000000000000e+03 2.305366767056208922e-06
1.191000000000000000e+03 2.259698797691574789e-06
1.192000000000000000e+03 2.266010489317220006e-06
1.193000000000000000e+03 2.270007663961829869e-06
1.194000000000000000e+03 2.277098595489708989e-06
1.195000000000000000e+03 2.301191968096342553e-06
1.196000000000000000e+03 2.282138813522275653e-06
1.197000000000000000e+03 2.271780992183873148e-06
1.198000000000000000e+03 2.255626618534733855e-06
1.199000000000000000e+03 2.309668807356501896e-06
1.200000000000000000e+03 2.259802712008725753e-06
1.201000000000000000e+03 2.255735403196013219e-06
1.202000000000000000e+03 2.251787999133133214e-06
1.203000000000000000e+03 2.242179460457312589e-06
1.204000000000000000e+03 2.254612556195449251e-06
1.205000000000000000e+03 2.243266374838034041e-06
1.206000000000000000e+03 2.280456530267353336e-06
1.207000000000000000e+03 2.283779031131416644e-06
1.208000000000000000e+03 2.265407959688067007e-06
1.209000000000000000e+03 2.285400447969247305e-06
1.210000000000000000e+03 2.267035032067118131e-06
1.211000000000000000e+03 2.272673861322497430e-06
1.212000000000000000e+03 2.268089231923416624e-06
1.213000000000000000e+03 2.235119833737068426e-06
1.214000000000000000e+03 2.257995242871402212e-06
1.215000000000000000e+03 2.295430296423243593e-06
1.216000000000000000e+03 2.277549081857917596e-06
1.217000000000000000e+03 2.255632131588451401e-06
1.218000000000000000e+03 2.294756707973040753e-06
1.219000000000000000e+03 2.289166300215583625e-06
1.220000000000000000e+03 2.329212315999029585e-06
1.221000000000000000e+03 2.278848169225966609e-06
1.222000000000000000e+03 2.282057985212304663e-06
1.223000000000000000e+03 2.331949757111336590e-06
1.224000000000000000e+03 2.260118573455353586e-06
1.225000000000000000e+03 2.267261456836422406e-06
1.226000000000000000e+03 2.304577975943781653e-06
1.227000000000000000e+03 2.239785991757041027e-06
1.228000000000000000e+03 2.245873329229652746e-06
1.229000000000000000e+03 2.262211583001771891e-06
1.230000000000000000e+03 2.242553374950754657e-06
1.231000000000000000e+03 2.230178929494286456e-06
1.232000000000000000e+03 2.237850565810125104e-06
1.233000000000000000e+03 2.265749227869188495e-06
1.234000000000000000e+03 2.218615146981998666e-06
1.235000000000000000e+03 2.223252880260891784e-06
1.236000000000000000e+03 2.252989103605311166e-06
1.237000000000000000e+03 2.230667728326807247e-06
1.238000000000000000e+03 2.264267647357579750e-06
1.239000000000000000e+03 2.264105874019150969e-06
1.240000000000000000e+03 2.321550079310933726e-06
1.241000000000000000e+03 2.235588848028176577e-06
1.242000000000000000e+03 2.292022434933945404e-06
1.243000000000000000e+03 2.216674203433891789e-06
1.244000000000000000e+03 2.240448610185315683e-06
1.245000000000000000e+03 2.221192513995144132e-06
1.246000000000000000e+03 2.230000667016914634e-06
1.247000000000000000e+03 2.235444844700396146e-06
1.248000000000000000e+03 2.246645878282530798e-06
1.249000000000000000e+03 2.219649240942089734e-06
1.250000000000000000e+03 2.253136810092352412e-06
1.251000000000000000e+03 2.259253774354874554e-06
1.252000000000000000e+03 2.242048853986489256e-06
1.253000000000000000e+03 2.319801039144901361e-06
1.254000000000000000e+03 2.273212212458019873e-06
1.255000000000000000e+03 2.230132504337234524e-06
1.256000000000000000e+03 2.217523786688010177e-06
1.257000000000000000e+03 2.276857903780183027e-06
1.258000000000000000e+03 2.209143917752953542e-06
1.259000000000000000e+03 2.250835582344734593e-06
1.260000000000000000e+03 2.219566310183533270e-06
1.261000000000000000e+03 2.218235026703041580e-06
1.262000000000000000e+03 2.226582895067015860e-06
1.263000000000000000e+03 2.230624715290711292e-06
1.264000000000000000e+03 2.245472255708591530e-06
1.265000000000000000e+03 2.242045447928831015e-06
1.266000000000000000e+03 2.246656019148455481e-06
1.267000000000000000e+03 2.227038770191332726e-06
1.268000000000000000e+03 2.228888703636281994e-06
1.269000000000000000e+03 2.221874935154725481e-06
1.270000000000000000e+03 2.223871436702514451e-06
1.271000000000000000e+03 2.296776609303681996e-06
1.272000000000000000e+03 2.288478320527550234e-06
1.273000000000000000e+03 2.238039134378292832e-06
1.274000000000000000e+03 2.207653433288214830e-06
1.275000000000000000e+03 2.309283919809482989e-06
