0.000000000000000000e+00 3.542888526121775183e-01
1.000000000000000000e+00 7.506920317808786491e-02
2.000000000000000000e+00 6.244951744874318450e-02
3.000000000000000000e+00 6.117125888665517208e-02
4.000000000000000000e+00 5.903706371784209900e-02
5.000000000000000000e+00 5.608497828245163214e-02
6.000000000000000000e+00 5.162840565045674623e-02
7.000000000000000000e+00 4.215459515651066857e-02
8.000000000000000000e+00 2.985658640662829100e-02
9.000000000000000000e+00 2.485906486709912530e-02
1.000000000000000000e+01 2.418615356087684687e-02
1.100000000000000000e+01 2.260385245084762726e-02
1.200000000000000000e+01 2.295900041858355348e-02
1.300000000000000000e+01 2.214771509170532227e-02
1.400000000000000000e+01 2.178712969024976243e-02
1.500000000000000000e+01 2.128527561823527134e-02
1.600000000000000000e+01 2.203531652688980186e-02
1.700000000000000000e+01 2.263639658689499054e-02
1.800000000000000000e+01 2.170278415083885110e-02
1.900000000000000000e+01 2.028572266300519150e-02
2.000000000000000000e+01 2.182943172752857194e-02
2.100000000000000000e+01 2.078488727410634368e-02
2.200000000000000000e+01 2.220179885625839233e-02
2.300000000000000000e+01 2.310479402542114230e-02
2.400000000000000000e+01 1.936779752373695221e-02
2.500000000000000000e+01 1.890883093078931168e-02
2.600000000000000000e+01 1.924235651890436952e-02
2.700000000000000000e+01 1.862680504719416152e-02
2.800000000000000000e+01 1.833534042040507045e-02
2.900000000000000000e+01 1.756285314758618613e-02
3.000000000000000000e+01 1.849004909396171487e-02
3.100000000000000000e+01 1.811432657142480335e-02
3.200000000000000000e+01 1.734334327280521310e-02
3.300000000000000000e+01 1.831676075855890803e-02
3.400000000000000000e+01 1.822902217507362324e-02
3.500000000000000000e+01 1.752375697096188872e-02
3.600000000000000000e+01 1.595978225270907117e-02
3.700000000000000000e+01 1.455117267866929374e-02
3.800000000000000000e+01 1.430617816746234880e-02
3.900000000000000000e+01 1.427250770231087984e-02
4.000000000000000000e+01 1.327841542661190033e-02
4.100000000000000000e+01 1.315062252183755304e-02
4.200000000000000000e+01 1.274470644692579820e-02
4.300000000000000000e+01 1.168412677943706478e-02
4.400000000000000000e+01 1.153348259627819117e-02
4.500000000000000000e+01 1.082479152828455006e-02
4.600000000000000000e+01 1.043772128721078170e-02
4.700000000000000000e+01 1.001309300462404836e-02
4.800000000000000000e+01 9.713822702566782957e-03
4.900000000000000000e+01 9.986187728742757647e-03
5.000000000000000000e+01 8.850092142820358346e-03
5.100000000000000000e+01 8.797402729590734355e-03
5.200000000000000000e+01 7.958192899823189267e-03
5.300000000000000000e+01 7.701574576397736925e-03
5.400000000000000000e+01 7.411949957410494776e-03
5.500000000000000000e+01 7.283990358312925073e-03
5.600000000000000000e+01 7.081918840607007160e-03
5.700000000000000000e+01 6.921171980599562755e-03
5.800000000000000000e+01 6.760883828004201311e-03
5.900000000000000000e+01 6.738355445365110802e-03
6.000000000000000000e+01 6.509931261340777195e-03
6.100000000000000000e+01 6.483574087421099634e-03
6.200000000000000000e+01 6.725463420152664497e-03
6.300000000000000000e+01 6.424763351678848371e-03
6.400000000000000000e+01 6.409300304949283426e-03
6.500000000000000000e+01 6.264443832139174155e-03
6.600000000000000000e+01 6.543935028215249437e-03
6.700000000000000000e+01 6.210037196675936670e-03
6.800000000000000000e+01 6.308043710887432411e-03
6.900000000000000000e+01 6.253461601833502394e-03
7.000000000000000000e+01 6.185750576357046567e-03
7.100000000000000000e+01 6.266205397744973628e-03
7.200000000000000000e+01 6.257019812862077944e-03
7.300000000000000000e+01 6.125784292817115610e-03
7.400000000000000000e+01 6.132907917102177996e-03
7.500000000000000000e+01 6.469712816178798884e-03
7.600000000000000000e+01 6.231461899975935560e-03
7.700000000000000000e+01 6.892676725983619933e-03
7.800000000000000000e+01 6.127907546857993062e-03
7.900000000000000000e+01 6.116450528303782504e-03
8.000000000000000000e+01 6.062063829352458584e-03
8.100000000000000000e+01 6.242186017334461386e-03
8.200000000000000000e+01 6.238752206166584859e-03
8.300000000000000000e+01 6.437741878132025725e-03
8.400000000000000000e+01 6.198586697379748420e-03
8.500000000000000000e+01 6.200774883230526953e-03
8.600000000000000000e+01 6.392862970630327872e-03
8.700000000000000000e+01 6.064708779255549229e-03
8.800000000000000000e+01 6.042698894937833035e-03
8.900000000000000000e+01 6.088992046813170196e-03
9.000000000000000000e+01 6.174728410939375398e-03
9.100000000000000000e+01 6.184813293317954069e-03
9.200000000000000000e+01 6.296977487703164789e-03
9.300000000000000000e+01 6.175661471982797288e-03
9.400000000000000000e+01 6.275938898324966500e-03
9.500000000000000000e+01 6.126820072531700100e-03
9.600000000000000000e+01 6.240352553625901424e-03
9.700000000000000000e+01 6.162500493228435100e-03
9.800000000000000000e+01 6.345269829034804951e-03
9.900000000000000000e+01 6.107206630210081609e-03
1.000000000000000000e+02 6.101970920960108485e-03
1.010000000000000000e+02 6.044127022226651776e-03
1.020000000000000000e+02 6.069369353353976961e-03
1.030000000000000000e+02 6.085819887618223838e-03
1.040000000000000000e+02 6.153384186327457393e-03
1.050000000000000000e+02 6.115942659477392913e-03
1.060000000000000000e+02 6.227054521441459552e-03
1.070000000000000000e+02 6.081760997573534486e-03
1.080000000000000000e+02 6.193815283477305950e-03
1.090000000000000000e+02 6.008217409253120700e-03
1.100000000000000000e+02 6.079188858469327002e-03
1.110000000000000000e+02 6.349539818863074100e-03
1.120000000000000000e+02 6.137763510147730556e-03
1.130000000000000000e+02 6.095062556366125962e-03
1.140000000000000000e+02 6.040990551312764092e-03
1.150000000000000000e+02 6.241015717387199055e-03
1.160000000000000000e+02 6.119292452931404322e-03
1.170000000000000000e+02 6.241648544867833825e-03
1.180000000000000000e+02 6.099969980617364444e-03
1.190000000000000000e+02 6.453626280029614581e-03
1.200000000000000000e+02 6.082425887386003899e-03
1.210000000000000000e+02 6.083914873500665191e-03
1.220000000000000000e+02 6.053178024788697341e-03
1.230000000000000000e+02 6.029476647575695951e-03
1.240000000000000000e+02 6.025819368660450225e-03
1.250000000000000000e+02 6.144573477407296383e-03
1.260000000000000000e+02 6.135133852561315028e-03
1.270000000000000000e+02 6.099788062274455643e-03
1.280000000000000000e+02 6.015669194360574040e-03
1.290000000000000000e+02 6.070198863744736065e-03
1.300000000000000000e+02 5.989605635404586861e-03
1.310000000000000000e+02 6.086348878840605429e-03
1.320000000000000000e+02 6.559258922934531853e-03
1.330000000000000000e+02 5.991708151996135399e-03
1.340000000000000000e+02 6.232677362859249427e-03
1.350000000000000000e+02 6.045470523337523328e-03
1.360000000000000000e+02 6.165468407173951143e-03
1.370000000000000000e+02 6.270021771391232762e-03
1.380000000000000000e+02 6.158148609101772065e-03
1.390000000000000000e+02 6.058882971604665456e-03
1.400000000000000000e+02 5.972243150075276334e-03
1.410000000000000000e+02 6.004148609936237752e-03
1.420000000000000000e+02 6.100562214851379221e-03
1.430000000000000000e+02 5.982964336872100865e-03
1.440000000000000000e+02 6.007436191042264152e-03
1.450000000000000000e+02 6.134373247623443708e-03
1.460000000000000000e+02 6.196691282093524586e-03
1.470000000000000000e+02 6.040434750417868377e-03
1.480000000000000000e+02 6.066791663567224803e-03
1.490000000000000000e+02 6.134491239984830348e-03
1.500000000000000000e+02 6.118267960846424276e-03
1.510000000000000000e+02 6.071925287445386656e-03
1.520000000000000000e+02 6.214084749420483930e-03
1.530000000000000000e+02 6.029063214858372717e-03
1.540000000000000000e+02 5.994765857855479350e-03
1.550000000000000000e+02 5.947929210960865333e-03
1.560000000000000000e+02 6.031205914914608036e-03
1.570000000000000000e+02 6.014971261223156854e-03
1.580000000000000000e+02 6.083561765650908476e-03
1.590000000000000000e+02 5.997713791827360627e-03
1.600000000000000000e+02 6.034957195321718516e-03
1.610000000000000000e+02 6.101830974221229657e-03
1.620000000000000000e+02 6.064193037648995740e-03
1.630000000000000000e+02 6.069376654922961807e-03
1.640000000000000000e+02 5.990370710690816163e-03
1.650000000000000000e+02 5.976581412057081939e-03
1.660000000000000000e+02 6.066922582685947002e-03
1.670000000000000000e+02 6.039606034755706440e-03
1.680000000000000000e+02 6.081429868936538349e-03
1.690000000000000000e+02 6.209403723478317677e-03
1.700000000000000000e+02 5.999643939236800130e-03
1.710000000000000000e+02 5.940369293093681301e-03
1.720000000000000000e+02 6.037569393714269095e-03
1.730000000000000000e+02 5.994333016375700401e-03
1.740000000000000000e+02 5.972203140457470888e-03
1.750000000000000000e+02 6.100616008043288803e-03
1.760000000000000000e+02 5.994908536473909748e-03
1.770000000000000000e+02 5.961950148145357675e-03
1.780000000000000000e+02 5.944666092594464574e-03
1.790000000000000000e+02 5.978670517603556535e-03
1.800000000000000000e+02 5.974171695609887742e-03
1.810000000000000000e+02 6.169503976901372089e-03
1.820000000000000000e+02 6.081302786866823670e-03
1.830000000000000000e+02 6.074681275834640029e-03
1.840000000000000000e+02 5.903906536599000041e-03
1.850000000000000000e+02 5.998131098846594400e-03
1.860000000000000000e+02 5.999759485324223859e-03
1.870000000000000000e+02 6.166252320011457108e-03
1.880000000000000000e+02 5.949049815535545002e-03
1.890000000000000000e+02 5.973804232974846973e-03
1.900000000000000000e+02 5.979644606510798287e-03
1.910000000000000000e+02 6.044155893226464855e-03
1.920000000000000000e+02 5.934653679529825442e-03
1.930000000000000000e+02 5.977191949884096481e-03
1.940000000000000000e+02 6.170113533735275234e-03
1.950000000000000000e+02 5.959793552756309162e-03
1.960000000000000000e+02 5.948243762056032620e-03
1.970000000000000000e+02 6.039332014818986002e-03
1.980000000000000000e+02 6.002577630182107278e-03
1.990000000000000000e+02 5.944193651278813391e-03
2.000000000000000000e+02 5.945971533656120578e-03
2.010000000000000000e+02 6.067918725311756238e-03
2.020000000000000000e+02 5.982024644811948476e-03
2.030000000000000000e+02 5.962007914980252225e-03
2.040000000000000000e+02 5.984539141257604229e-03
2.050000000000000000e+02 6.010747315982977942e-03
2.060000000000000000e+02 5.962424377600352050e-03
2.070000000000000000e+02 6.127633452415466586e-03
2.080000000000000000e+02 5.972796889642874828e-03
2.090000000000000000e+02 5.900788356860478361e-03
2.100000000000000000e+02 5.905251738925774985e-03
2.110000000000000000e+02 5.956601363917192124e-03
2.120000000000000000e+02 5.933303236961364607e-03
2.130000000000000000e+02 6.030586871008078269e-03
2.140000000000000000e+02 5.954324454069137747e-03
2.150000000000000000e+02 5.931681357324123695e-03
2.160000000000000000e+02 6.011925525963306323e-03
2.170000000000000000e+02 5.955371658007304128e-03
2.180000000000000000e+02 5.985231734812259362e-03
2.190000000000000000e+02 5.976196639239788298e-03
2.200000000000000000e+02 5.898803720871607405e-03
2.210000000000000000e+02 5.931911288450161975e-03
2.220000000000000000e+02 5.942515730857848844e-03
2.230000000000000000e+02 6.002826802432537252e-03
2.240000000000000000e+02 6.001241678992907079e-03
2.250000000000000000e+02 5.951515001555283783e-03
2.260000000000000000e+02 5.929799514512221377e-03
2.270000000000000000e+02 5.938749822477499413e-03
2.280000000000000000e+02 5.919597794612248796e-03
2.290000000000000000e+02 5.918236896395683705e-03
2.300000000000000000e+02 5.891961939632892574e-03
2.310000000000000000e+02 5.963465335468451020e-03
2.320000000000000000e+02 5.922504278520743237e-03
2.330000000000000000e+02 5.929755506416161705e-03
2.340000000000000000e+02 5.901444492240746909e-03
2.350000000000000000e+02 5.911971001575390232e-03
2.360000000000000000e+02 5.906180987755457745e-03
2.370000000000000000e+02 5.962653445700804439e-03
2.380000000000000000e+02 5.935802857081095771e-03
2.390000000000000000e+02 6.038707767923673364e-03
2.400000000000000000e+02 5.910208858549595261e-03
2.410000000000000000e+02 5.954771985610326189e-03
2.420000000000000000e+02 5.996572549144427340e-03
2.430000000000000000e+02 5.908995543917020150e-03
2.440000000000000000e+02 5.947331575055917093e-03
2.450000000000000000e+02 5.900264829397201642e-03
2.460000000000000000e+02 5.885183786352475750e-03
2.470000000000000000e+02 5.877149763206641030e-03
2.480000000000000000e+02 5.886347293853760008e-03
2.490000000000000000e+02 5.958112912873426807e-03
2.500000000000000000e+02 6.173332072794437270e-03
2.510000000000000000e+02 5.964767312010129698e-03
2.520000000000000000e+02 5.885801166296005145e-03
2.530000000000000000e+02 5.869777413705984902e-03
2.540000000000000000e+02 5.889240540564060107e-03
2.550000000000000000e+02 5.939876213669776500e-03
2.560000000000000000e+02 5.887271625300248556e-03
2.570000000000000000e+02 5.861480273306369365e-03
2.580000000000000000e+02 5.854341834783553800e-03
2.590000000000000000e+02 6.030424858132998195e-03
2.600000000000000000e+02 5.884220724304517307e-03
2.610000000000000000e+02 5.885540780921776766e-03
2.620000000000000000e+02 5.996794750293095617e-03
2.630000000000000000e+02 5.992647806803385636e-03
2.640000000000000000e+02 5.871974974870681867e-03
2.650000000000000000e+02 5.938087354103724520e-03
2.660000000000000000e+02 5.877146360774835113e-03
2.670000000000000000e+02 5.884784820179144761e-03
2.680000000000000000e+02 5.844368735949198243e-03
2.690000000000000000e+02 5.852360924084981306e-03
2.700000000000000000e+02 5.875591846803824431e-03
2.710000000000000000e+02 6.053987741470336775e-03
2.720000000000000000e+02 5.983948893845081503e-03
2.730000000000000000e+02 5.907126851379871507e-03
2.740000000000000000e+02 5.893391383190949885e-03
2.750000000000000000e+02 5.833487783869107692e-03
2.760000000000000000e+02 5.843787590662638184e-03
2.770000000000000000e+02 5.870385617017745590e-03
2.780000000000000000e+02 5.869536822040875325e-03
2.790000000000000000e+02 5.869571367899576765e-03
2.800000000000000000e+02 5.924278578410545858e-03
2.810000000000000000e+02 5.868647880852222165e-03
2.820000000000000000e+02 5.898964380224545889e-03
2.830000000000000000e+02 5.916402377188205441e-03
2.840000000000000000e+02 5.904353025058905677e-03
2.850000000000000000e+02 5.935925319790840392e-03
2.860000000000000000e+02 5.913121365010738130e-03
2.870000000000000000e+02 5.846340631445248737e-03
2.880000000000000000e+02 5.852818203469117506e-03
2.890000000000000000e+02 5.829990108807881280e-03
2.900000000000000000e+02 5.827430151402950703e-03
2.910000000000000000e+02 5.857186901072661267e-03
2.920000000000000000e+02 5.851015411317348446e-03
2.930000000000000000e+02 5.919465559224288027e-03
2.940000000000000000e+02 5.905461472769578564e-03
2.950000000000000000e+02 5.833544315149387025e-03
2.960000000000000000e+02 5.862378540138403309e-03
2.970000000000000000e+02 6.038258808354536426e-03
2.980000000000000000e+02 5.958843044936656952e-03
2.990000000000000000e+02 5.840474988023439985e-03
3.000000000000000000e+02 5.827476109067599407e-03
3.010000000000000000e+02 5.853321161121130198e-03
3.020000000000000000e+02 5.899892660478751015e-03
3.030000000000000000e+02 5.851522671679655965e-03
3.040000000000000000e+02 5.842958365877469473e-03
3.050000000000000000e+02 5.820101400216420168e-03
3.060000000000000000e+02 5.865569561719894721e-03
3.070000000000000000e+02 5.819456453124682502e-03
3.080000000000000000e+02 5.820877738296985522e-03
3.090000000000000000e+02 5.806800785164037935e-03
3.100000000000000000e+02 5.813115400572618253e-03
3.110000000000000000e+02 5.945544193188349522e-03
3.120000000000000000e+02 5.837594506641228739e-03
3.130000000000000000e+02 5.836823433637619400e-03
3.140000000000000000e+02 5.856807293991247478e-03
3.150000000000000000e+02 5.836332167188326182e-03
3.160000000000000000e+02 5.844752639532089546e-03
3.170000000000000000e+02 5.825480421384175884e-03
3.180000000000000000e+02 5.842264865835508116e-03
3.190000000000000000e+02 5.809654183685779294e-03
3.200000000000000000e+02 5.877274796366691381e-03
3.210000000000000000e+02 5.822901328404744489e-03
3.220000000000000000e+02 5.816990546882152592e-03
3.230000000000000000e+02 5.851093977689743320e-03
3.240000000000000000e+02 5.844943448901176661e-03
3.250000000000000000e+02 5.867478164533774382e-03
3.260000000000000000e+02 5.810686995585759469e-03
3.270000000000000000e+02 5.823032980163892446e-03
3.280000000000000000e+02 5.812955213089784391e-03
3.290000000000000000e+02 5.862017348408699209e-03
3.300000000000000000e+02 5.807164112726847030e-03
3.310000000000000000e+02 5.834658754368623503e-03
3.320000000000000000e+02 5.812971989313761231e-03
3.330000000000000000e+02 5.914933035771051742e-03
3.340000000000000000e+02 5.812452112634976936e-03
3.350000000000000000e+02 5.874991541107496031e-03
3.360000000000000000e+02 5.863145478069781841e-03
3.370000000000000000e+02 5.834517727295557982e-03
3.380000000000000000e+02 5.862108642856279916e-03
3.390000000000000000e+02 5.803227474292119679e-03
3.400000000000000000e+02 5.804458881417910200e-03
3.410000000000000000e+02 5.894894500573476248e-03
3.420000000000000000e+02 5.818829946219921181e-03
3.430000000000000000e+02 5.875941241780916445e-03
3.440000000000000000e+02 5.835945767660936055e-03
3.450000000000000000e+02 5.834455092748006000e-03
3.460000000000000000e+02 5.818894418577353136e-03
3.470000000000000000e+02 5.833416158954302100e-03
3.480000000000000000e+02 5.818256301184495695e-03
3.490000000000000000e+02 5.882106199860573197e-03
3.500000000000000000e+02 5.855221686263878920e-03
3.510000000000000000e+02 5.969546549022197550e-03
3.520000000000000000e+02 5.826277447243531638e-03
3.530000000000000000e+02 5.802969398597875895e-03
3.540000000000000000e+02 5.809729037185510335e-03
3.550000000000000000e+02 5.793186401327450955e-03
3.560000000000000000e+02 5.803741601606210443e-03
3.570000000000000000e+02 5.807103042801220992e-03
3.580000000000000000e+02 5.806586096684137992e-03
3.590000000000000000e+02 5.804369536538918524e-03
3.600000000000000000e+02 5.812338826557000154e-03
3.610000000000000000e+02 5.841480667392412625e-03
3.620000000000000000e+02 5.810409349699814999e-03
3.630000000000000000e+02 5.821520201861858125e-03
3.640000000000000000e+02 5.808927031854788092e-03
3.650000000000000000e+02 5.854121185839175970e-03
3.660000000000000000e+02 5.864178314805030406e-03
3.670000000000000000e+02 5.881350301206111734e-03
3.680000000000000000e+02 5.845166208843390228e-03
3.690000000000000000e+02 5.789467456440130881e-03
3.700000000000000000e+02 5.831547106305757892e-03
3.710000000000000000e+02 5.796623801191647628e-03
3.720000000000000000e+02 5.810626509288947111e-03
3.730000000000000000e+02 5.848331625262896162e-03
3.740000000000000000e+02 5.809204702576001821e-03
3.750000000000000000e+02 5.808533144493898022e-03
3.760000000000000000e+02 5.815102097888787298e-03
3.770000000000000000e+02 5.829784596959750043e-03
3.780000000000000000e+02 5.800399209062258310e-03
3.790000000000000000e+02 5.785661550859610633e-03
3.800000000000000000e+02 5.813762098550796092e-03
3.810000000000000000e+02 5.807275647918383639e-03
3.820000000000000000e+02 5.808217575152715452e-03
3.830000000000000000e+02 5.808598722020785060e-03
3.840000000000000000e+02 5.817082636058330466e-03
3.850000000000000000e+02 5.793824257949988128e-03
3.860000000000000000e+02 5.795704784492651876e-03
3.870000000000000000e+02 5.816080197691917038e-03
3.880000000000000000e+02 5.822024717926979447e-03
3.890000000000000000e+02 5.791943420966466465e-03
3.900000000000000000e+02 5.840215894083181786e-03
3.910000000000000000e+02 5.860226166745027138e-03
3.920000000000000000e+02 5.899095721542835062e-03
3.930000000000000000e+02 5.795222868522007832e-03
3.940000000000000000e+02 5.818740203976630922e-03
3.950000000000000000e+02 5.836190084616343227e-03
3.960000000000000000e+02 5.832788720726967031e-03
3.970000000000000000e+02 5.802018803854783018e-03
3.980000000000000000e+02 5.794359284142652777e-03
3.990000000000000000e+02 5.786102376878261670e-03
4.000000000000000000e+02 5.790550708770752369e-03
4.010000000000000000e+02 5.802794372042020463e-03
4.020000000000000000e+02 5.801953226327895979e-03
4.030000000000000000e+02 5.825570474068324060e-03
4.040000000000000000e+02 5.813062948485215632e-03
4.050000000000000000e+02 5.786136090755462924e-03
4.060000000000000000e+02 5.807626346747080462e-03
4.070000000000000000e+02 5.782440615197022467e-03
4.080000000000000000e+02 5.789292107025782036e-03
4.090000000000000000e+02 5.828007931510606997e-03
4.100000000000000000e+02 5.804003191490968334e-03
4.110000000000000000e+02 5.808355323970317875e-03
4.120000000000000000e+02 5.831287329395612451e-03
4.130000000000000000e+02 5.792236117025215993e-03
4.140000000000000000e+02 5.793989437321822242e-03
4.150000000000000000e+02 5.790124349296092710e-03
4.160000000000000000e+02 5.800708544751008097e-03
4.170000000000000000e+02 5.846224427223205289e-03
4.180000000000000000e+02 5.797125548124313493e-03
4.190000000000000000e+02 5.813506742318470984e-03
4.200000000000000000e+02 5.788233590622742820e-03
4.210000000000000000e+02 5.784389277299245222e-03
4.220000000000000000e+02 5.815041400492191453e-03
4.230000000000000000e+02 5.824141502380371371e-03
4.240000000000000000e+02 5.796724632382392606e-03
4.250000000000000000e+02 5.794074299434820441e-03
4.260000000000000000e+02 5.796331291397412329e-03
4.270000000000000000e+02 5.818456672132015471e-03
4.280000000000000000e+02 5.810850833853085755e-03
4.290000000000000000e+02 5.791686450441678631e-03
4.300000000000000000e+02 5.807923438648382800e-03
4.310000000000000000e+02 5.786045106748740133e-03
4.320000000000000000e+02 5.795659820238749198e-03
4.330000000000000000e+02 5.791935833791892092e-03
4.340000000000000000e+02 5.782140009105205154e-03
4.350000000000000000e+02 5.783869028091430733e-03
4.360000000000000000e+02 5.799957215785979912e-03
4.370000000000000000e+02 5.792551375925540647e-03
4.380000000000000000e+02 5.800519747038682290e-03
4.390000000000000000e+02 5.819421646495659926e-03
4.400000000000000000e+02 5.847734026610850941e-03
4.410000000000000000e+02 5.794807982941468580e-03
4.420000000000000000e+02 5.796150801082452023e-03
4.430000000000000000e+02 5.794959875444571570e-03
4.440000000000000000e+02 5.799161866307258294e-03
4.450000000000000000e+02 5.778226753075917620e-03
4.460000000000000000e+02 5.802460896472135844e-03
4.470000000000000000e+02 5.798371868828932491e-03
4.480000000000000000e+02 5.778245727221170865e-03
4.490000000000000000e+02 5.776404117544492109e-03
4.500000000000000000e+02 5.782819961508115121e-03
4.510000000000000000e+02 5.826068421204884558e-03
4.520000000000000000e+02 5.817390270531177729e-03
4.530000000000000000e+02 5.855408062537511074e-03
4.540000000000000000e+02 5.837793884178002490e-03
4.550000000000000000e+02 5.799341189364592107e-03
4.560000000000000000e+02 5.795769169926643163e-03
4.570000000000000000e+02 5.795975687603155922e-03
4.580000000000000000e+02 5.794173460453748599e-03
4.590000000000000000e+02 5.791718214750289986e-03
4.600000000000000000e+02 5.798446163535118242e-03
4.610000000000000000e+02 5.795016959309578011e-03
4.620000000000000000e+02 5.784176060309012372e-03
4.630000000000000000e+02 5.783389111359914236e-03
4.640000000000000000e+02 5.803960847357909035e-03
4.650000000000000000e+02 5.802144880096117910e-03
4.660000000000000000e+02 5.804758282999198001e-03
4.670000000000000000e+02 5.782421131928761580e-03
4.680000000000000000e+02 5.779493749141693254e-03
4.690000000000000000e+02 5.798414573073387354e-03
4.700000000000000000e+02 5.785463092227776868e-03
4.710000000000000000e+02 5.778577489157517462e-03
4.720000000000000000e+02 5.786959417164326026e-03
4.730000000000000000e+02 5.788252508888641970e-03
4.740000000000000000e+02 5.776730167369048194e-03
4.750000000000000000e+02 5.806140589217344619e-03
4.760000000000000000e+02 5.804269885023434668e-03
4.770000000000000000e+02 5.786060864726702557e-03
4.780000000000000000e+02 5.799834815164406701e-03
4.790000000000000000e+02 5.783416194220384124e-03
4.800000000000000000e+02 5.781538585821787909e-03
4.810000000000000000e+02 5.795499539623658221e-03
4.820000000000000000e+02 5.776589252054691731e-03
4.830000000000000000e+02 5.781009631852309337e-03
4.840000000000000000e+02 5.782615033288796696e-03
4.850000000000000000e+02 5.798674734930197618e-03
4.860000000000000000e+02 5.785867534577846492e-03
4.870000000000000000e+02 5.785120675961176288e-03
4.880000000000000000e+02 5.779828925927480397e-03
4.890000000000000000e+02 5.783060019214947799e-03
4.900000000000000000e+02 5.775614070395628658e-03
4.910000000000000000e+02 5.804105233401060139e-03
4.920000000000000000e+02 5.793874549369017364e-03
4.930000000000000000e+02 5.782424273590247230e-03
4.940000000000000000e+02 5.780123732984065663e-03
4.950000000000000000e+02 5.800697927673658001e-03
4.960000000000000000e+02 5.807401674489180016e-03
4.970000000000000000e+02 5.797113341589769063e-03
4.980000000000000000e+02 5.787813204030195675e-03
4.990000000000000000e+02 5.788167044520378147e-03
5.000000000000000000e+02 5.806013730665048056e-03
5.010000000000000000e+02 5.780368223786354169e-03
5.020000000000000000e+02 5.774553641676902563e-03
5.030000000000000000e+02 5.781065796812375791e-03
5.040000000000000000e+02 5.792695879936218123e-03
5.050000000000000000e+02 5.790412649512291163e-03
5.060000000000000000e+02 5.782345856229464433e-03
5.070000000000000000e+02 5.781209059059619869e-03
5.080000000000000000e+02 5.785547917087872916e-03
5.090000000000000000e+02 5.776631794869899889e-03
5.100000000000000000e+02 5.774765809377034424e-03
5.110000000000000000e+02 5.778409590323766408e-03
5.120000000000000000e+02 5.776272515455881801e-03
5.130000000000000000e+02 5.777814015746116257e-03
5.140000000000000000e+02 5.783270647128422974e-03
5.150000000000000000e+02 5.789652181168397291e-03
5.160000000000000000e+02 5.778597307701905522e-03
5.170000000000000000e+02 5.776175943513711317e-03
5.180000000000000000e+02 5.783466200033823834e-03
5.190000000000000000e+02 5.779194422066211492e-03
5.200000000000000000e+02 5.775210683544476468e-03
5.210000000000000000e+02 5.817863320310910115e-03
5.220000000000000000e+02 5.799515483280022650e-03
5.230000000000000000e+02 5.787308191259702209e-03
5.240000000000000000e+02 5.780634159843127222e-03
5.250000000000000000e+02 5.786648398886123923e-03
5.260000000000000000e+02 5.799387109776337791e-03
5.270000000000000000e+02 5.777903981506824632e-03
5.280000000000000000e+02 5.779332990447680340e-03
5.290000000000000000e+02 5.775755215436220551e-03
5.300000000000000000e+02 5.786423360308011465e-03
5.310000000000000000e+02 5.774299179514249050e-03
5.320000000000000000e+02 5.799963176250457798e-03
5.330000000000000000e+02 5.786349748571713823e-03
5.340000000000000000e+02 5.777237067619959282e-03
5.350000000000000000e+02 5.771057916184266050e-03
5.360000000000000000e+02 5.777101727823416751e-03
5.370000000000000000e+02 5.779710685213407251e-03
5.380000000000000000e+02 5.777192910512288400e-03
5.390000000000000000e+02 5.780990632871786834e-03
5.400000000000000000e+02 5.809797458350658000e-03
5.410000000000000000e+02 5.786318952838580103e-03
5.420000000000000000e+02 5.777053348720073526e-03
5.430000000000000000e+02 5.779407496253649579e-03
5.440000000000000000e+02 5.787037660678227488e-03
5.450000000000000000e+02 5.778569492201010745e-03
5.460000000000000000e+02 5.785495415329933513e-03
5.470000000000000000e+02 5.773726354042689121e-03
5.480000000000000000e+02 5.786092616617679284e-03
5.490000000000000000e+02 5.778709289928277495e-03
5.500000000000000000e+02 5.775308795273303639e-03
5.510000000000000000e+02 5.786719700942436970e-03
5.520000000000000000e+02 5.775726884603499950e-03
5.530000000000000000e+02 5.776614584028720578e-03
5.540000000000000000e+02 5.772510195771853383e-03
5.550000000000000000e+02 5.778521957496802336e-03
5.560000000000000000e+02 5.778454306224981712e-03
5.570000000000000000e+02 5.776685886085033625e-03
5.580000000000000000e+02 5.772490600744883439e-03
5.590000000000000000e+02 5.771631660560766833e-03
5.600000000000000000e+02 5.773641100774208786e-03
5.610000000000000000e+02 5.783262290060519825e-03
5.620000000000000000e+02 5.787622071802616015e-03
5.630000000000000000e+02 5.774769019335507930e-03
5.640000000000000000e+02 5.773890204727650036e-03
5.650000000000000000e+02 5.771492309868335446e-03
5.660000000000000000e+02 5.772202573716640750e-03
5.670000000000000000e+02 5.771784434715906791e-03
5.680000000000000000e+02 5.775902693470318788e-03
5.690000000000000000e+02 5.773287626604239192e-03
5.700000000000000000e+02 5.773508325219154670e-03
5.710000000000000000e+02 5.786499232053756922e-03
5.720000000000000000e+02 5.789384581148624732e-03
5.730000000000000000e+02 5.781766021003325630e-03
5.740000000000000000e+02 5.778254208465416833e-03
5.750000000000000000e+02 5.778893617292245322e-03
5.760000000000000000e+02 5.777144034703572163e-03
5.770000000000000000e+02 5.773023528357346980e-03
5.780000000000000000e+02 5.771006532013416360e-03
5.790000000000000000e+02 5.771022054056326907e-03
5.800000000000000000e+02 5.777253806591033970e-03
5.810000000000000000e+02 5.787292532622814213e-03
5.820000000000000000e+02 5.777626962711413308e-03
5.830000000000000000e+02 5.772619470953941311e-03
5.840000000000000000e+02 5.779973765214284180e-03
5.850000000000000000e+02 5.773242625097433495e-03
5.860000000000000000e+02 5.771442676583925929e-03
5.870000000000000000e+02 5.773330591619014324e-03
5.880000000000000000e+02 5.774005502462387258e-03
5.890000000000000000e+02 5.780940527717272695e-03
5.900000000000000000e+02 5.778564450641472845e-03
5.910000000000000000e+02 5.770653250316779177e-03
5.920000000000000000e+02 5.771147366613149469e-03
5.930000000000000000e+02 5.769688834746678277e-03
5.940000000000000000e+02 5.780134958525498697e-03
5.950000000000000000e+02 5.784940800319115367e-03
5.960000000000000000e+02 5.770861531297365871e-03
5.970000000000000000e+02 5.779831794401010282e-03
5.980000000000000000e+02 5.772374011576176037e-03
5.990000000000000000e+02 5.769389445583025973e-03
6.000000000000000000e+02 5.769694559276104286e-03
6.010000000000000000e+02 5.785693526268005475e-03
6.020000000000000000e+02 5.772016855577627448e-03
6.030000000000000000e+02 5.774456138412157463e-03
6.040000000000000000e+02 5.785673496623833928e-03
6.050000000000000000e+02 5.781648506720860926e-03
6.060000000000000000e+02 5.770165870587031128e-03
6.070000000000000000e+02 5.789897752304871623e-03
6.080000000000000000e+02 5.768762566149234459e-03
6.090000000000000000e+02 5.773150411744912801e-03
6.100000000000000000e+02 5.773850642144679954e-03
6.110000000000000000e+02 5.764915173252423489e-03
6.120000000000000000e+02 5.798045955598354721e-03
6.130000000000000000e+02 5.775297619402408253e-03
6.140000000000000000e+02 5.770415713389714582e-03
6.150000000000000000e+02 5.781790775557358979e-03
6.160000000000000000e+02 5.775332239766915732e-03
6.170000000000000000e+02 5.780712800721327267e-03
6.180000000000000000e+02 5.769196848074594798e-03
6.190000000000000000e+02 5.771497525274753813e-03
6.200000000000000000e+02 5.771209672093391592e-03
6.210000000000000000e+02 5.769355520606041232e-03
6.220000000000000000e+02 5.767384966214497699e-03
6.230000000000000000e+02 5.772034674882888829e-03
6.240000000000000000e+02 5.798866779853899950e-03
6.250000000000000000e+02 5.787989795207977052e-03
6.260000000000000000e+02 5.776517825822035865e-03
6.270000000000000000e+02 5.770131958027681016e-03
6.280000000000000000e+02 5.765761584043503120e-03
6.290000000000000000e+02 5.780385049680868657e-03
6.300000000000000000e+02 5.770249571651220148e-03
6.310000000000000000e+02 5.768962539732456520e-03
6.320000000000000000e+02 5.775303480525811710e-03
6.330000000000000000e+02 5.772157410780589214e-03
6.340000000000000000e+02 5.775568187236785993e-03
6.350000000000000000e+02 5.769290626049041436e-03
6.360000000000000000e+02 5.773123924930890355e-03
6.370000000000000000e+02 5.775787271559238746e-03
6.380000000000000000e+02 5.774051286280155494e-03
6.390000000000000000e+02 5.770292505621910442e-03
6.400000000000000000e+02 5.767716119686762226e-03
6.410000000000000000e+02 5.769176756342251841e-03
6.420000000000000000e+02 5.768567534784475870e-03
6.430000000000000000e+02 5.772074994941552191e-03
6.440000000000000000e+02 5.771483418842157133e-03
6.450000000000000000e+02 5.766420091191927673e-03
6.460000000000000000e+02 5.767093077301979100e-03
6.470000000000000000e+02 5.770479726294676544e-03
6.480000000000000000e+02 5.773485961059729270e-03
6.490000000000000000e+02 5.767860325674215548e-03
6.500000000000000000e+02 5.775470808148383713e-03
6.510000000000000000e+02 5.771564543247223109e-03
6.520000000000000000e+02 5.774710848927497482e-03
6.530000000000000000e+02 5.778237084547679057e-03
6.540000000000000000e+02 5.769966989755630389e-03
6.550000000000000000e+02 5.774559254447619513e-03
6.560000000000000000e+02 5.769952833652496060e-03
6.570000000000000000e+02 5.770529744525750883e-03
6.580000000000000000e+02 5.766973569989204164e-03
6.590000000000000000e+02 5.776682887226342739e-03
6.600000000000000000e+02 5.772305813928444752e-03
6.610000000000000000e+02 5.768892193833987346e-03
6.620000000000000000e+02 5.769229133923848424e-03
6.630000000000000000e+02 5.767871017257372550e-03
6.640000000000000000e+02 5.778170016904672114e-03
6.650000000000000000e+02 5.769070337216059170e-03
6.660000000000000000e+02 5.780213934679825916e-03
6.670000000000000000e+02 5.771646462380886251e-03
6.680000000000000000e+02 5.769959514339765075e-03
6.690000000000000000e+02 5.773394418259462056e-03
6.700000000000000000e+02 5.766453954080741004e-03
6.710000000000000000e+02 5.772338422636190923e-03
6.720000000000000000e+02 5.766965746879577914e-03
6.730000000000000000e+02 5.766413149734338391e-03
6.740000000000000000e+02 5.768139933546384546e-03
6.750000000000000000e+02 5.770440002282460623e-03
6.760000000000000000e+02 5.770603815714518518e-03
6.770000000000000000e+02 5.772641872366269730e-03
6.780000000000000000e+02 5.773394480347633466e-03
6.790000000000000000e+02 5.768838425477346155e-03
6.800000000000000000e+02 5.765768811106681928e-03
6.810000000000000000e+02 5.767256915569305385e-03
6.820000000000000000e+02 5.769217026730378423e-03
6.830000000000000000e+02 5.766340817014376299e-03
6.840000000000000000e+02 5.764563009142876018e-03
6.850000000000000000e+02 5.784586220979690691e-03
6.860000000000000000e+02 5.772586589058240243e-03
6.870000000000000000e+02 5.768018315235773873e-03
6.880000000000000000e+02 5.770967540641625329e-03
6.890000000000000000e+02 5.769575287898381227e-03
6.900000000000000000e+02 5.770363199214140551e-03
6.910000000000000000e+02 5.768074952065944949e-03
6.920000000000000000e+02 5.768112714091936342e-03
6.930000000000000000e+02 5.771530506511529310e-03
6.940000000000000000e+02 5.766195009152094882e-03
6.950000000000000000e+02 5.776426084339618926e-03
6.960000000000000000e+02 5.769386328756809582e-03
6.970000000000000000e+02 5.774833907683690412e-03
6.980000000000000000e+02 5.771444750328858647e-03
6.990000000000000000e+02 5.775415909787019048e-03
7.000000000000000000e+02 5.769872094194094039e-03
7.010000000000000000e+02 5.766302396853765187e-03
7.020000000000000000e+02 5.773761471112568745e-03
7.030000000000000000e+02 5.769091335435708352e-03
7.040000000000000000e+02 5.767021588981151824e-03
7.050000000000000000e+02 5.779250015815098895e-03
7.060000000000000000e+02 5.769737400114536598e-03
7.070000000000000000e+02 5.776570203403631580e-03
7.080000000000000000e+02 5.769057497382164279e-03
7.090000000000000000e+02 5.766440381606419488e-03
7.100000000000000000e+02 5.765656009316444397e-03
7.110000000000000000e+02 5.766788690040509230e-03
7.120000000000000000e+02 5.766713855167230132e-03
7.130000000000000000e+02 5.767528377473354721e-03
7.140000000000000000e+02 5.770869577924410236e-03
7.150000000000000000e+02 5.765068903565406452e-03
7.160000000000000000e+02 5.768307211498419768e-03
7.170000000000000000e+02 5.767568883796533180e-03
7.180000000000000000e+02 5.770072527229786093e-03
7.190000000000000000e+02 5.768847428262233526e-03
7.200000000000000000e+02 5.763871607681115769e-03
7.210000000000000000e+02 5.769320533921320875e-03
7.220000000000000000e+02 5.771767633656660693e-03
7.230000000000000000e+02 5.770694042245547162e-03
7.240000000000000000e+02 5.764994186659653727e-03
7.250000000000000000e+02 5.768127826352914544e-03
7.260000000000000000e+02 5.767310224473476583e-03
7.270000000000000000e+02 5.769458847741285902e-03
7.280000000000000000e+02 5.765934449930986035e-03
7.290000000000000000e+02 5.765868412951628136e-03
7.300000000000000000e+02 5.764477029442787240e-03
7.310000000000000000e+02 5.767108139892418786e-03
7.320000000000000000e+02 5.766214057803154165e-03
7.330000000000000000e+02 5.769449199239412573e-03
7.340000000000000000e+02 5.767062008380889615e-03
7.350000000000000000e+02 5.767920017242431606e-03
7.360000000000000000e+02 5.767610743641853228e-03
7.370000000000000000e+02 5.774197975794473879e-03
7.380000000000000000e+02 5.771053321659565249e-03
7.390000000000000000e+02 5.767201942702134682e-03
7.400000000000000000e+02 5.769744627177715406e-03
7.410000000000000000e+02 5.770795543988545620e-03
7.420000000000000000e+02 5.771171400944391690e-03
7.430000000000000000e+02 5.764654663701852290e-03
7.440000000000000000e+02 5.765981376171112373e-03
7.450000000000000000e+02 5.766412019729614050e-03
7.460000000000000000e+02 5.768529474735260322e-03
7.470000000000000000e+02 5.773310239116351099e-03
7.480000000000000000e+02 5.766134386261304208e-03
7.490000000000000000e+02 5.766225233674049551e-03
7.500000000000000000e+02 5.765786245465278487e-03
7.510000000000000000e+02 5.765405123432477269e-03
7.520000000000000000e+02 5.771085408826669150e-03
7.530000000000000000e+02 5.766078184048334734e-03
7.540000000000000000e+02 5.767173531154791595e-03
7.550000000000000000e+02 5.770745066305001288e-03
7.560000000000000000e+02 5.765311866998672902e-03
7.570000000000000000e+02 5.767299036184946569e-03
7.580000000000000000e+02 5.767421548565228838e-03
7.590000000000000000e+02 5.764990746974944791e-03
7.600000000000000000e+02 5.768113384644190690e-03
7.610000000000000000e+02 5.764679002265135112e-03
7.620000000000000000e+02 5.766687939564386738e-03
7.630000000000000000e+02 5.766061134636402130e-03
7.640000000000000000e+02 5.766781667868296594e-03
7.650000000000000000e+02 5.765756877760092394e-03
7.660000000000000000e+02 5.769542704025904314e-03
7.670000000000000000e+02 5.766622684895992244e-03
7.680000000000000000e+02 5.765418273707230944e-03
7.690000000000000000e+02 5.766380392014980143e-03
7.700000000000000000e+02 5.769232735037804066e-03
7.710000000000000000e+02 5.764741227030753881e-03
7.720000000000000000e+02 5.766382155319054945e-03
7.730000000000000000e+02 5.764920103053252330e-03
7.740000000000000000e+02 5.764729293684164348e-03
7.750000000000000000e+02 5.765899655719598088e-03
7.760000000000000000e+02 5.765858975549539162e-03
7.770000000000000000e+02 5.767322046061357059e-03
7.780000000000000000e+02 5.764412805438041791e-03
7.790000000000000000e+02 5.766188502311706335e-03
7.800000000000000000e+02 5.767861232161521773e-03
7.810000000000000000e+02 5.772621991733710260e-03
7.820000000000000000e+02 5.765355850259463316e-03
7.830000000000000000e+02 5.764846615493297508e-03
7.840000000000000000e+02 5.764521447320779257e-03
7.850000000000000000e+02 5.764175467193126921e-03
7.860000000000000000e+02 5.764731479187806124e-03
7.870000000000000000e+02 5.765803356965382501e-03
7.880000000000000000e+02 5.764735837777455914e-03
7.890000000000000000e+02 5.766147350271542786e-03
7.900000000000000000e+02 5.764939946432908781e-03
7.910000000000000000e+02 5.765149729947249141e-03
7.920000000000000000e+02 5.765545566876729110e-03
7.930000000000000000e+02 5.765129650632540813e-03
7.940000000000000000e+02 5.764077740410963706e-03
7.950000000000000000e+02 5.769691281020641188e-03
7.960000000000000000e+02 5.769459133346875428e-03
7.970000000000000000e+02 5.768067849179108961e-03
7.980000000000000000e+02 5.765136964619159421e-03
7.990000000000000000e+02 5.763204606870810619e-03
8.000000000000000000e+02 5.766578751305739478e-03
8.010000000000000000e+02 5.764661977688471765e-03
8.020000000000000000e+02 5.765786779423554519e-03
8.030000000000000000e+02 5.765135927746693062e-03
8.040000000000000000e+02 5.764546133577823882e-03
8.050000000000000000e+02 5.765781439840793332e-03
8.060000000000000000e+02 5.763966801265875406e-03
8.070000000000000000e+02 5.765676957865555931e-03
8.080000000000000000e+02 5.765700489282607824e-03
8.090000000000000000e+02 5.764311924576759165e-03
8.100000000000000000e+02 5.765908956527709614e-03
8.110000000000000000e+02 5.764507291217644928e-03
8.120000000000000000e+02 5.766280119617780454e-03
8.130000000000000000e+02 5.764357994000116926e-03
8.140000000000000000e+02 5.764339156448841130e-03
8.150000000000000000e+02 5.765653029084205454e-03
8.160000000000000000e+02 5.763934987286726402e-03
8.170000000000000000e+02 5.765970001618067262e-03
8.180000000000000000e+02 5.767240884403388064e-03
8.190000000000000000e+02 5.764455255120992834e-03
8.200000000000000000e+02 5.767884093026320186e-03
8.210000000000000000e+02 5.768528295059999200e-03
8.220000000000000000e+02 5.765310140947501119e-03
8.230000000000000000e+02 5.766245201230048821e-03
8.240000000000000000e+02 5.764187214275201358e-03
8.250000000000000000e+02 5.765069462358951742e-03
8.260000000000000000e+02 5.765256186326344831e-03
8.270000000000000000e+02 5.764383176962534563e-03
8.280000000000000000e+02 5.766780326763788767e-03
8.290000000000000000e+02 5.765715080002943756e-03
8.300000000000000000e+02 5.763903533418972963e-03
8.310000000000000000e+02 5.764051179091136089e-03
8.320000000000000000e+02 5.765652532378832441e-03
8.330000000000000000e+02 5.764025586346785239e-03
8.340000000000000000e+02 5.763860195875167639e-03
8.350000000000000000e+02 5.765717489024003647e-03
8.360000000000000000e+02 5.765156894922256539e-03
8.370000000000000000e+02 5.766402694086234133e-03
8.380000000000000000e+02 5.764398748675981891e-03
8.390000000000000000e+02 5.763977269331614292e-03
8.400000000000000000e+02 5.765289478003979111e-03
8.410000000000000000e+02 5.765284635126590937e-03
8.420000000000000000e+02 5.764449338118235282e-03
8.430000000000000000e+02 5.768599510192870712e-03
8.440000000000000000e+02 5.764610605935255837e-03
8.450000000000000000e+02 5.764369828005632031e-03
8.460000000000000000e+02 5.764595729609330380e-03
8.470000000000000000e+02 5.763957090675830668e-03
8.480000000000000000e+02 5.764006885389486891e-03
8.490000000000000000e+02 5.764918091396491022e-03
8.500000000000000000e+02 5.764181800186634133e-03
8.510000000000000000e+02 5.764903078476588116e-03
8.520000000000000000e+02 5.765821685393651523e-03
8.530000000000000000e+02 5.764140288035075020e-03
8.540000000000000000e+02 5.766537959376970626e-03
8.550000000000000000e+02 5.763662705818812376e-03
8.560000000000000000e+02 5.764370597898959940e-03
8.570000000000000000e+02 5.764382419486840416e-03
8.580000000000000000e+02 5.764273057381311821e-03
8.590000000000000000e+02 5.765680298209190438e-03
8.600000000000000000e+02 5.763801510135333102e-03
8.610000000000000000e+02 5.770771577954292124e-03
8.620000000000000000e+02 5.764637974401315250e-03
8.630000000000000000e+02 5.765516882141431126e-03
8.640000000000000000e+02 5.764063944419224941e-03
8.650000000000000000e+02 5.765474115808804853e-03
8.660000000000000000e+02 5.763940736651420801e-03
8.670000000000000000e+02 5.764269468684990808e-03
8.680000000000000000e+02 5.764078373710314167e-03
8.690000000000000000e+02 5.764113379021485600e-03
8.700000000000000000e+02 5.765292694171269931e-03
8.710000000000000000e+02 5.766015325983365504e-03
8.720000000000000000e+02 5.763910052676995271e-03
8.730000000000000000e+02 5.764196875194708448e-03
8.740000000000000000e+02 5.763520188629626950e-03
8.750000000000000000e+02 5.764923033614953625e-03
8.760000000000000000e+02 5.764420405030250792e-03
8.770000000000000000e+02 5.764818005263805563e-03
8.780000000000000000e+02 5.763696072002251827e-03
8.790000000000000000e+02 5.763768392304579290e-03
8.800000000000000000e+02 5.765826863547166004e-03
8.810000000000000000e+02 5.763736901183922831e-03
8.820000000000000000e+02 5.763465774556000669e-03
8.830000000000000000e+02 5.763683728873729949e-03
8.840000000000000000e+02 5.763627650837103295e-03
8.850000000000000000e+02 5.764430910348891830e-03
8.860000000000000000e+02 5.763787341614564144e-03
8.870000000000000000e+02 5.763735386232535403e-03
8.880000000000000000e+02 5.763743743300437684e-03
8.890000000000000000e+02 5.763900615274906297e-03
8.900000000000000000e+02 5.764063956836859570e-03
8.910000000000000000e+02 5.763583642741044490e-03
8.920000000000000000e+02 5.764862423141797580e-03
8.930000000000000000e+02 5.764573141932487731e-03
8.940000000000000000e+02 5.763570020596186193e-03
8.950000000000000000e+02 5.764439851045608659e-03
8.960000000000000000e+02 5.763652746876081132e-03
8.970000000000000000e+02 5.764537838598092143e-03
8.980000000000000000e+02 5.764367915689945152e-03
8.990000000000000000e+02 5.764114893972873896e-03
9.000000000000000000e+02 5.763724253823359484e-03
9.010000000000000000e+02 5.764709785580635071e-03
9.020000000000000000e+02 5.764016434550284923e-03
9.030000000000000000e+02 5.764154630402723578e-03
9.040000000000000000e+02 5.765266132851441447e-03
9.050000000000000000e+02 5.764728970825671803e-03
9.060000000000000000e+02 5.765331635872523314e-03
9.070000000000000000e+02 5.763262261946996111e-03
9.080000000000000000e+02 5.763463030258814471e-03
9.090000000000000000e+02 5.763629687329132993e-03
9.100000000000000000e+02 5.764755054066578351e-03
9.110000000000000000e+02 5.765037549038728310e-03
9.120000000000000000e+02 5.763572690387567220e-03
9.130000000000000000e+02 5.764293620983759400e-03
9.140000000000000000e+02 5.763744202752907678e-03
9.150000000000000000e+02 5.764333928624789001e-03
9.160000000000000000e+02 5.764093858500321695e-03
9.170000000000000000e+02 5.763736478984355857e-03
9.180000000000000000e+02 5.764770880341529499e-03
9.190000000000000000e+02 5.764167246719201221e-03
9.200000000000000000e+02 5.764018508295218508e-03
9.210000000000000000e+02 5.765079967677593648e-03
9.220000000000000000e+02 5.764461817840735476e-03
9.230000000000000000e+02 5.763925847907860715e-03
9.240000000000000000e+02 5.764302822450796497e-03
9.250000000000000000e+02 5.764191088577111897e-03
9.260000000000000000e+02 5.764208274583021950e-03
9.270000000000000000e+02 5.763799510896205555e-03
9.280000000000000000e+02 5.764616653323173523e-03
9.290000000000000000e+02 5.764365680515765727e-03
9.300000000000000000e+02 5.763699052234490770e-03
9.310000000000000000e+02 5.763680730015039062e-03
9.320000000000000000e+02 5.763733362158139466e-03
9.330000000000000000e+02 5.763473672171433825e-03
9.340000000000000000e+02 5.763786124686400003e-03
9.350000000000000000e+02 5.764043269058068304e-03
9.360000000000000000e+02 5.763682102163632595e-03
9.370000000000000000e+02 5.763191990554332976e-03
9.380000000000000000e+02 5.763616959253947160e-03
9.390000000000000000e+02 5.763658521076043054e-03
9.400000000000000000e+02 5.763439672688643045e-03
9.410000000000000000e+02 5.764397419989108692e-03
9.420000000000000000e+02 5.764694549143314049e-03
9.430000000000000000e+02 5.763871433834235301e-03
9.440000000000000000e+02 5.763684026896953236e-03
9.450000000000000000e+02 5.763536679248015132e-03
9.460000000000000000e+02 5.763773818810781144e-03
9.470000000000000000e+02 5.763531252741813278e-03
9.480000000000000000e+02 5.763593825201193850e-03
9.490000000000000000e+02 5.764145031571387898e-03
9.500000000000000000e+02 5.763432954748471879e-03
9.510000000000000000e+02 5.763863374789555440e-03
9.520000000000000000e+02 5.763531836370626958e-03
9.530000000000000000e+02 5.765120449165502849e-03
9.540000000000000000e+02 5.763231577972571448e-03
9.550000000000000000e+02 5.763230646649996833e-03
9.560000000000000000e+02 5.763520697752634592e-03
9.570000000000000000e+02 5.763622385760148147e-03
9.580000000000000000e+02 5.763811189681291268e-03
9.590000000000000000e+02 5.763547929624716556e-03
9.600000000000000000e+02 5.763759333640336956e-03
9.610000000000000000e+02 5.763461627066135233e-03
9.620000000000000000e+02 5.763917341828346357e-03
9.630000000000000000e+02 5.763413806756337299e-03
9.640000000000000000e+02 5.763163740436235728e-03
9.650000000000000000e+02 5.763780723015467407e-03
9.660000000000000000e+02 5.763041749596595729e-03
9.670000000000000000e+02 5.763476938009262293e-03
9.680000000000000000e+02 5.764177652696768697e-03
9.690000000000000000e+02 5.764208808541297982e-03
9.700000000000000000e+02 5.763488138715426069e-03
9.710000000000000000e+02 5.763688224057356320e-03
9.720000000000000000e+02 5.763360609610875158e-03
9.730000000000000000e+02 5.763616822659969711e-03
9.740000000000000000e+02 5.763488654047251025e-03
9.750000000000000000e+02 5.763174717624982256e-03
