0.000000000000000000e+00 3.582783073745129552e-04
1.000000000000000000e+00 3.891050526803814286e-04
2.000000000000000000e+00 3.891050584855157424e-04
3.000000000000000000e+00 3.891050591484639001e-04
4.000000000000000000e+00 3.891050538830912353e-04
5.000000000000000000e+00 3.891050597718048515e-04
6.000000000000000000e+00 3.891050580162473465e-04
7.000000000000000000e+00 3.891050571735789635e-04
8.000000000000000000e+00 3.891050583386361094e-04
9.000000000000000000e+00 3.891050588798576366e-04
1.000000000000000000e+01 3.891050572994377054e-04
1.100000000000000000e+01 3.891050573251027224e-04
1.200000000000000000e+01 3.891050598869008267e-04
1.300000000000000000e+01 3.891050586767387021e-04
1.400000000000000000e+01 3.891050591413577680e-04
1.500000000000000000e+01 3.891050594856286038e-04
1.600000000000000000e+01 3.891050571400251289e-04
1.700000000000000000e+01 3.891050518255752396e-04
1.800000000000000000e+01 3.891050623676314542e-04
1.900000000000000000e+01 3.891050551653473292e-04
2.000000000000000000e+01 3.891050598845758094e-04
2.100000000000000000e+01 3.891050624500670858e-04
2.200000000000000000e+01 3.891050569132977464e-04
2.300000000000000000e+01 3.891050570232955862e-04
2.400000000000000000e+01 3.891050518769716268e-04
2.500000000000000000e+01 3.891050507055466364e-04
2.600000000000000000e+01 3.891050608260629320e-04
2.700000000000000000e+01 3.891050592719613580e-04
2.800000000000000000e+01 3.891050571647994196e-04
2.900000000000000000e+01 3.891050565159105451e-04
3.000000000000000000e+01 3.891050592070804774e-04
3.100000000000000000e+01 3.891050524652776149e-04
3.200000000000000000e+01 3.891050590380314036e-04
3.300000000000000000e+01 3.891050599054742399e-04
3.400000000000000000e+01 3.891050523008107590e-04
3.500000000000000000e+01 3.891050578227709810e-04
3.600000000000000000e+01 3.891050598407821731e-04
3.700000000000000000e+01 3.891050559427086859e-04
3.800000000000000000e+01 3.891050570953480305e-04
3.900000000000000000e+01 3.891050558112123096e-04
4.000000000000000000e+01 3.891050597753900370e-04
4.100000000000000000e+01 3.891050566720382600e-04
4.200000000000000000e+01 3.891050549867603120e-04
4.300000000000000000e+01 3.891050594896619443e-04
4.400000000000000000e+01 3.891050558536615894e-04
4.500000000000000000e+01 3.891050547299171542e-04
4.600000000000000000e+01 3.891050560921709969e-04
4.700000000000000000e+01 3.891050587319933854e-04
4.800000000000000000e+01 3.891050546617997132e-04
4.900000000000000000e+01 3.891050620253362516e-04
5.000000000000000000e+01 3.891050639390729988e-04
5.100000000000000000e+01 3.891050641834873508e-04
