0.000000000000000000e+00 7.299963568039828654e-02
1.000000000000000000e+00 4.051927620540978284e-03
2.000000000000000000e+00 2.267812619543241488e-03
3.000000000000000000e+00 2.141556316090532843e-03
4.000000000000000000e+00 2.127321459004451795e-03
5.000000000000000000e+00 2.116796109432356621e-03
6.000000000000000000e+00 2.114204228547573398e-03
7.000000000000000000e+00 2.100202202382202375e-03
8.000000000000000000e+00 2.090906619088513975e-03
9.000000000000000000e+00 2.082651826738640688e-03
1.000000000000000000e+01 2.070743227028582888e-03
1.100000000000000000e+01 2.062530680779100112e-03
1.200000000000000000e+01 2.050285984205470376e-03
1.300000000000000000e+01 2.039157172763330760e-03
1.400000000000000000e+01 2.028499992061941724e-03
1.500000000000000000e+01 2.016943639536626556e-03
1.600000000000000000e+01 2.008889057403040468e-03
1.700000000000000000e+01 1.998217037937705977e-03
1.800000000000000000e+01 1.985717229582367998e-03
1.900000000000000000e+01 1.971391729367010220e-03
2.000000000000000000e+01 1.964082672496749934e-03
2.100000000000000000e+01 1.950456448770681792e-03
2.200000000000000000e+01 1.943043655133011192e-03
2.300000000000000000e+01 1.923333577604622495e-03
2.400000000000000000e+01 1.910441376519082324e-03
2.500000000000000000e+01 1.905242391197941578e-03
2.600000000000000000e+01 1.880586832093067038e-03
2.700000000000000000e+01 1.865259050167806512e-03
2.800000000000000000e+01 1.848793511310278239e-03
2.900000000000000000e+01 1.836076929904483998e-03
3.000000000000000000e+01 1.823058225719181207e-03
3.100000000000000000e+01 1.804886348274666171e-03
3.200000000000000000e+01 1.780589820028677947e-03
3.300000000000000000e+01 1.760765390314955126e-03
3.400000000000000000e+01 1.745502150519217220e-03
3.500000000000000000e+01 1.718096870658797131e-03
3.600000000000000000e+01 1.696665162001377136e-03
3.700000000000000000e+01 1.661909457685657862e-03
3.800000000000000000e+01 1.643394787673119499e-03
3.900000000000000000e+01 1.598162962431313224e-03
4.000000000000000000e+01 1.559898189155208741e-03
4.100000000000000000e+01 1.518796093909534654e-03
4.200000000000000000e+01 1.465058406740055684e-03
4.300000000000000000e+01 1.396343562891364572e-03
4.400000000000000000e+01 1.320379045982930785e-03
4.500000000000000000e+01 1.202365632022373617e-03
4.600000000000000000e+01 1.061260288981150709e-03
4.700000000000000000e+01 8.550548363417737789e-04
4.800000000000000000e+01 6.046289193615240424e-04
4.900000000000000000e+01 3.599989746581488850e-04
5.000000000000000000e+01 2.180877321910941057e-04
5.100000000000000000e+01 1.478294817737839904e-04
5.200000000000000000e+01 1.211003321644918917e-04
5.300000000000000000e+01 1.053536002692574019e-04
5.400000000000000000e+01 9.815934978197040305e-05
5.500000000000000000e+01 8.885593021818290671e-05
5.600000000000000000e+01 8.434093439256463325e-05
5.700000000000000000e+01 7.639930963629872258e-05
5.800000000000000000e+01 7.250346920290193459e-05
5.900000000000000000e+01 6.708867624546528403e-05
6.000000000000000000e+01 6.358207077322446837e-05
6.100000000000000000e+01 6.057107857352615765e-05
6.200000000000000000e+01 5.711103836028542328e-05
6.300000000000000000e+01 5.480060309547064878e-05
6.400000000000000000e+01 5.138434967555621877e-05
6.500000000000000000e+01 4.907368580472654134e-05
6.600000000000000000e+01 4.764625579107610262e-05
6.700000000000000000e+01 4.491467877368989436e-05
6.800000000000000000e+01 4.281231213768951142e-05
6.900000000000000000e+01 4.109103887897908698e-05
7.000000000000000000e+01 3.987907638166604286e-05
7.100000000000000000e+01 3.861558658443274881e-05
7.200000000000000000e+01 3.704787278279267923e-05
7.300000000000000000e+01 3.677850232452571085e-05
7.400000000000000000e+01 3.560705095969283871e-05
7.500000000000000000e+01 3.350046298196673053e-05
7.600000000000000000e+01 3.279910464252245970e-05
7.700000000000000000e+01 3.111344111388000675e-05
7.800000000000000000e+01 3.067691099816782140e-05
7.900000000000000000e+01 2.989447544632643878e-05
8.000000000000000000e+01 2.948877592007125955e-05
8.100000000000000000e+01 2.844218554079746102e-05
8.200000000000000000e+01 2.746537897458342002e-05
8.300000000000000000e+01 2.680114429566958313e-05
8.400000000000000000e+01 2.646831255555875061e-05
8.500000000000000000e+01 2.553999915899287843e-05
8.600000000000000000e+01 2.557847354971755767e-05
8.700000000000000000e+01 2.477469820234825610e-05
8.800000000000000000e+01 2.470560634685850027e-05
8.900000000000000000e+01 2.350692208184073032e-05
9.000000000000000000e+01 2.319935800427889056e-05
9.100000000000000000e+01 2.275342623568744527e-05
9.200000000000000000e+01 2.234922516614381969e-05
9.300000000000000000e+01 2.184568385993910025e-05
9.400000000000000000e+01 2.217906702915393776e-05
9.500000000000000000e+01 2.118222696386922257e-05
9.600000000000000000e+01 2.082442145508733381e-05
9.700000000000000000e+01 2.050004819145857541e-05
9.800000000000000000e+01 2.065797638759160956e-05
9.900000000000000000e+01 1.989191174262909444e-05
1.000000000000000000e+02 1.962004908583101328e-05
1.010000000000000000e+02 1.887252542585625751e-05
1.020000000000000000e+02 1.914002855991479862e-05
1.030000000000000000e+02 1.842367168461583836e-05
1.040000000000000000e+02 1.805273814122452063e-05
1.050000000000000000e+02 1.772138242154164701e-05
1.060000000000000000e+02 1.739810085272589161e-05
1.070000000000000000e+02 1.729374317641873586e-05
1.080000000000000000e+02 1.689333132494877878e-05
1.090000000000000000e+02 1.662817242235897384e-05
1.100000000000000000e+02 1.656300983886403117e-05
1.110000000000000000e+02 1.605848122454340651e-05
1.120000000000000000e+02 1.617068919413294903e-05
1.130000000000000000e+02 1.579957817687976137e-05
1.140000000000000000e+02 1.533253445692985901e-05
1.150000000000000000e+02 1.510516282145010436e-05
1.160000000000000000e+02 1.556606852526128086e-05
1.170000000000000000e+02 1.482744170702301421e-05
1.180000000000000000e+02 1.449340250656549740e-05
1.190000000000000000e+02 1.440904231961389508e-05
1.200000000000000000e+02 1.406672303130947507e-05
1.210000000000000000e+02 1.411630156804332026e-05
1.220000000000000000e+02 1.385906105260588157e-05
1.230000000000000000e+02 1.350828662277105312e-05
1.240000000000000000e+02 1.355910080300403947e-05
1.250000000000000000e+02 1.318068812582412990e-05
1.260000000000000000e+02 1.306700041698506398e-05
1.270000000000000000e+02 1.297436685529156861e-05
1.280000000000000000e+02 1.278569811500034504e-05
1.290000000000000000e+02 1.262819073424255987e-05
1.300000000000000000e+02 1.234687691516859229e-05
1.310000000000000000e+02 1.217395404514258348e-05
1.320000000000000000e+02 1.211093750983447988e-05
1.330000000000000000e+02 1.192365642769805879e-05
1.340000000000000000e+02 1.176077170738624203e-05
1.350000000000000000e+02 1.169004256773748345e-05
1.360000000000000000e+02 1.155168407666542752e-05
1.370000000000000000e+02 1.129908484830526987e-05
1.380000000000000000e+02 1.111289066921274998e-05
1.390000000000000000e+02 1.112492466958700697e-05
1.400000000000000000e+02 1.090625292228335220e-05
1.410000000000000000e+02 1.074219195677882253e-05
1.420000000000000000e+02 1.065976189148616719e-05
1.430000000000000000e+02 1.047842404138046664e-05
1.440000000000000000e+02 1.039141213804913123e-05
1.450000000000000000e+02 1.027868328051318747e-05
1.460000000000000000e+02 1.014594122397978827e-05
1.470000000000000000e+02 1.010937998926335808e-05
1.480000000000000000e+02 9.955490000518454419e-06
1.490000000000000000e+02 9.830963623790849517e-06
1.500000000000000000e+02 9.768067132546751625e-06
1.510000000000000000e+02 9.581207851356279479e-06
1.520000000000000000e+02 9.599007291945509208e-06
1.530000000000000000e+02 9.501279363559581075e-06
1.540000000000000000e+02 9.321602403583046837e-06
1.550000000000000000e+02 9.156816248368747967e-06
1.560000000000000000e+02 9.029876732035775727e-06
1.570000000000000000e+02 9.071677673722237581e-06
1.580000000000000000e+02 8.853725615043922780e-06
1.590000000000000000e+02 8.805744629296158538e-06
1.600000000000000000e+02 8.624557597049102291e-06
1.610000000000000000e+02 8.576235825038820349e-06
1.620000000000000000e+02 8.484713100722362332e-06
1.630000000000000000e+02 8.366796976047428895e-06
1.640000000000000000e+02 8.262028817338050508e-06
1.650000000000000000e+02 8.295865168349643678e-06
1.660000000000000000e+02 8.225590676883557983e-06
1.670000000000000000e+02 8.074927786999375391e-06
1.680000000000000000e+02 8.041817642276364052e-06
1.690000000000000000e+02 7.835337975895686918e-06
1.700000000000000000e+02 7.988417934604823535e-06
1.710000000000000000e+02 7.646149443107507371e-06
1.720000000000000000e+02 7.659024291114584906e-06
1.730000000000000000e+02 7.536384882674129347e-06
1.740000000000000000e+02 7.511523312385810658e-06
1.750000000000000000e+02 7.364558619946430249e-06
1.760000000000000000e+02 7.332325456386948467e-06
1.770000000000000000e+02 7.254312435925071415e-06
1.780000000000000000e+02 7.133189750884307516e-06
1.790000000000000000e+02 7.085704638401246995e-06
1.800000000000000000e+02 7.025196548187798917e-06
1.810000000000000000e+02 7.042437084540256208e-06
1.820000000000000000e+02 6.898202914199444560e-06
1.830000000000000000e+02 6.848264762079122204e-06
1.840000000000000000e+02 6.764668119039352175e-06
1.850000000000000000e+02 6.663960597808737912e-06
1.860000000000000000e+02 6.594403491952537657e-06
1.870000000000000000e+02 6.606552230301230457e-06
1.880000000000000000e+02 6.491893141429930258e-06
1.890000000000000000e+02 6.427085886875725017e-06
1.900000000000000000e+02 6.381830917516050439e-06
1.910000000000000000e+02 6.295219471973070073e-06
1.920000000000000000e+02 6.226201439744164633e-06
1.930000000000000000e+02 6.189476012284809328e-06
1.940000000000000000e+02 6.138162328241081335e-06
1.950000000000000000e+02 6.133897379204483669e-06
1.960000000000000000e+02 6.077013281244544139e-06
1.970000000000000000e+02 6.029297220646609386e-06
1.980000000000000000e+02 5.882023345841547617e-06
1.990000000000000000e+02 5.834939884837028719e-06
2.000000000000000000e+02 5.781285333079032489e-06
2.010000000000000000e+02 5.747368519729587661e-06
2.020000000000000000e+02 5.716681609398115155e-06
2.030000000000000000e+02 5.643103359765437657e-06
2.040000000000000000e+02 5.576725803412126432e-06
2.050000000000000000e+02 5.520810196111628644e-06
2.060000000000000000e+02 5.471536675858224152e-06
2.070000000000000000e+02 5.478318873495005933e-06
2.080000000000000000e+02 5.382336281854794220e-06
2.090000000000000000e+02 5.326113442537510992e-06
2.100000000000000000e+02 5.407124577635500842e-06
2.110000000000000000e+02 5.315473223428041465e-06
2.120000000000000000e+02 5.267150027164065449e-06
2.130000000000000000e+02 5.167815647394598346e-06
2.140000000000000000e+02 5.184264476653227527e-06
2.150000000000000000e+02 5.087956280348925103e-06
2.160000000000000000e+02 5.062853239716263494e-06
2.170000000000000000e+02 5.116360298289868676e-06
2.180000000000000000e+02 4.979120505518615885e-06
2.190000000000000000e+02 4.893695112380003011e-06
2.200000000000000000e+02 4.882266179432339234e-06
2.210000000000000000e+02 4.887468660016244007e-06
2.220000000000000000e+02 4.783740468860131766e-06
2.230000000000000000e+02 4.762552103938633994e-06
2.240000000000000000e+02 4.721910131040749974e-06
2.250000000000000000e+02 4.699910324497727849e-06
2.260000000000000000e+02 4.638751323955559981e-06
2.270000000000000000e+02 4.605941235988320580e-06
2.280000000000000000e+02 4.588114502223378305e-06
2.290000000000000000e+02 4.592661385182443366e-06
2.300000000000000000e+02 4.499333042271339871e-06
2.310000000000000000e+02 4.467924067007589611e-06
2.320000000000000000e+02 4.500848888566853568e-06
2.330000000000000000e+02 4.452452605594509618e-06
2.340000000000000000e+02 4.392773803945550977e-06
2.350000000000000000e+02 4.355959317075274978e-06
2.360000000000000000e+02 4.302844671538624504e-06
2.370000000000000000e+02 4.274719008833489149e-06
2.380000000000000000e+02 4.233795135367917073e-06
2.390000000000000000e+02 4.291493406466327553e-06
2.400000000000000000e+02 4.191117931967935383e-06
2.410000000000000000e+02 4.170377091174033859e-06
2.420000000000000000e+02 4.131262436579863773e-06
2.430000000000000000e+02 4.117640170258130748e-06
2.440000000000000000e+02 4.068815224817170874e-06
2.450000000000000000e+02 4.035361386458681731e-06
2.460000000000000000e+02 4.015660091151677038e-06
2.470000000000000000e+02 4.050359343936299009e-06
2.480000000000000000e+02 3.995287169762945483e-06
2.490000000000000000e+02 3.947063566760394235e-06
2.500000000000000000e+02 3.902812120926526202e-06
2.510000000000000000e+02 3.880900595272672735e-06
2.520000000000000000e+02 3.864345890100847555e-06
2.530000000000000000e+02 3.825103199897856913e-06
2.540000000000000000e+02 3.813163261992992610e-06
2.550000000000000000e+02 3.791904539502597708e-06
2.560000000000000000e+02 3.755416049568166998e-06
2.570000000000000000e+02 3.759773521270276743e-06
2.580000000000000000e+02 3.733748313643147201e-06
2.590000000000000000e+02 3.701984516033414639e-06
2.600000000000000000e+02 3.665614041947415358e-06
2.610000000000000000e+02 3.655778743727664276e-06
2.620000000000000000e+02 3.636847038666160298e-06
2.630000000000000000e+02 3.590723378987022168e-06
2.640000000000000000e+02 3.567309851406838793e-06
2.650000000000000000e+02 3.554068597125871531e-06
2.660000000000000000e+02 3.539056577422886762e-06
2.670000000000000000e+02 3.512643456752422891e-06
2.680000000000000000e+02 3.485933294243611988e-06
2.690000000000000000e+02 3.490388347121696448e-06
2.700000000000000000e+02 3.460241335824819554e-06
2.710000000000000000e+02 3.414929329361268547e-06
2.720000000000000000e+02 3.405549219884845528e-06
2.730000000000000000e+02 3.404319985849795259e-06
2.740000000000000000e+02 3.360030184638826985e-06
2.750000000000000000e+02 3.396972175440325219e-06
2.760000000000000000e+02 3.332741944522066621e-06
2.770000000000000000e+02 3.309394415855427246e-06
2.780000000000000000e+02 3.294188581727331654e-06
2.790000000000000000e+02 3.291921772159652557e-06
2.800000000000000000e+02 3.264335098344918459e-06
2.810000000000000000e+02 3.239387541789810656e-06
2.820000000000000000e+02 3.215011516712664704e-06
2.830000000000000000e+02 3.225630825195613353e-06
2.840000000000000000e+02 3.184428184014522503e-06
2.850000000000000000e+02 3.181949107777593952e-06
2.860000000000000000e+02 3.149930122111019664e-06
2.870000000000000000e+02 3.126534938817983897e-06
2.880000000000000000e+02 3.122717278769209226e-06
2.890000000000000000e+02 3.103987078581879214e-06
2.900000000000000000e+02 3.109558208090010238e-06
2.910000000000000000e+02 3.089225388211859650e-06
2.920000000000000000e+02 3.055186508163693102e-06
2.930000000000000000e+02 3.042834232978130767e-06
2.940000000000000000e+02 3.032468114406232697e-06
2.950000000000000000e+02 3.015701927593880727e-06
2.960000000000000000e+02 2.994477504716195589e-06
2.970000000000000000e+02 2.995219704138891845e-06
2.980000000000000000e+02 2.982231731849099730e-06
2.990000000000000000e+02 2.958516083520717876e-06
3.000000000000000000e+02 2.943509615694435414e-06
3.010000000000000000e+02 2.928822550736650660e-06
3.020000000000000000e+02 2.926751370565197205e-06
3.030000000000000000e+02 2.918546964771886080e-06
3.040000000000000000e+02 2.907151219616043314e-06
3.050000000000000000e+02 2.865785458134981611e-06
3.060000000000000000e+02 2.865488743078543100e-06
3.070000000000000000e+02 2.845911945949772286e-06
3.080000000000000000e+02 2.828139809082730092e-06
3.090000000000000000e+02 2.820484790768128042e-06
3.100000000000000000e+02 2.804916147322835860e-06
3.110000000000000000e+02 2.798603493460291307e-06
3.120000000000000000e+02 2.785281861232679095e-06
3.130000000000000000e+02 2.779308288070635143e-06
3.140000000000000000e+02 2.759471810695143026e-06
3.150000000000000000e+02 2.754889858803894759e-06
3.160000000000000000e+02 2.732370704073655352e-06
3.170000000000000000e+02 2.720559914777067082e-06
3.180000000000000000e+02 2.712685764451007259e-06
3.190000000000000000e+02 2.713679191336809907e-06
3.200000000000000000e+02 2.681477378661664411e-06
3.210000000000000000e+02 2.669465335617440597e-06
3.220000000000000000e+02 2.687101091619123388e-06
3.230000000000000000e+02 2.659742792370701781e-06
3.240000000000000000e+02 2.655365252357308748e-06
3.250000000000000000e+02 2.642220177539751958e-06
3.260000000000000000e+02 2.624377980604315210e-06
3.270000000000000000e+02 2.620148843896671148e-06
3.280000000000000000e+02 2.608929461263410047e-06
3.290000000000000000e+02 2.603288921302373891e-06
3.300000000000000000e+02 2.578274666962716211e-06
3.310000000000000000e+02 2.571550824742157556e-06
3.320000000000000000e+02 2.577147874760300250e-06
3.330000000000000000e+02 2.555866576162532755e-06
3.340000000000000000e+02 2.551784938254439026e-06
3.350000000000000000e+02 2.565581312267957202e-06
3.360000000000000000e+02 2.520774347168718248e-06
3.370000000000000000e+02 2.506931212789524722e-06
3.380000000000000000e+02 2.501657849944775469e-06
3.390000000000000000e+02 2.498273560187934257e-06
3.400000000000000000e+02 2.484950003083929038e-06
3.410000000000000000e+02 2.505746421891376117e-06
3.420000000000000000e+02 2.472699848209009546e-06
3.430000000000000000e+02 2.473441605596762184e-06
3.440000000000000000e+02 2.454545235577691550e-06
3.450000000000000000e+02 2.450527957000379220e-06
3.460000000000000000e+02 2.446059863613804073e-06
3.470000000000000000e+02 2.428508180045640406e-06
3.480000000000000000e+02 2.440506064791860341e-06
3.490000000000000000e+02 2.417768127729616458e-06
3.500000000000000000e+02 2.403944690769638790e-06
3.510000000000000000e+02 2.397914753219770314e-06
3.520000000000000000e+02 2.386461517422605483e-06
3.530000000000000000e+02 2.391099398019137443e-06
3.540000000000000000e+02 2.383369374883270703e-06
3.550000000000000000e+02 2.371849231629628670e-06
3.560000000000000000e+02 2.368434508260387544e-06
3.570000000000000000e+02 2.355051803247479612e-06
3.580000000000000000e+02 2.357406071649632527e-06
3.590000000000000000e+02 2.337747709850917685e-06
3.600000000000000000e+02 2.330740829899956586e-06
3.610000000000000000e+02 2.321103171496675411e-06
3.620000000000000000e+02 2.315830551939041788e-06
3.630000000000000000e+02 2.302561357416631888e-06
3.640000000000000000e+02 2.299475446510005147e-06
3.650000000000000000e+02 2.293947678957420946e-06
3.660000000000000000e+02 2.287565659159766896e-06
3.670000000000000000e+02 2.284921888230003030e-06
3.680000000000000000e+02 2.283345910995024540e-06
3.690000000000000000e+02 2.270338081558578484e-06
3.700000000000000000e+02 2.266613147222141563e-06
3.710000000000000000e+02 2.271064033007924867e-06
3.720000000000000000e+02 2.247881189005200737e-06
3.730000000000000000e+02 2.246690225115135103e-06
3.740000000000000000e+02 2.234985944162609185e-06
3.750000000000000000e+02 2.228806739091705439e-06
3.760000000000000000e+02 2.225024116601290587e-06
3.770000000000000000e+02 2.226380232827523505e-06
3.780000000000000000e+02 2.212097965934748389e-06
3.790000000000000000e+02 2.207985221063611263e-06
3.800000000000000000e+02 2.199628287545295555e-06
3.810000000000000000e+02 2.208662221750813594e-06
3.820000000000000000e+02 2.190690703467203356e-06
3.830000000000000000e+02 2.179104224410084749e-06
3.840000000000000000e+02 2.177850424194187054e-06
3.850000000000000000e+02 2.172788609015867732e-06
3.860000000000000000e+02 2.169259993119317890e-06
3.870000000000000000e+02 2.164485897179524154e-06
3.880000000000000000e+02 2.159827187998875142e-06
3.890000000000000000e+02 2.152075805565048388e-06
3.900000000000000000e+02 2.145407027053816669e-06
3.910000000000000000e+02 2.144318219592703759e-06
3.920000000000000000e+02 2.137361783841809327e-06
3.930000000000000000e+02 2.138496786434123370e-06
3.940000000000000000e+02 2.123374117871455336e-06
3.950000000000000000e+02 2.120330061275665964e-06
3.960000000000000000e+02 2.112891278394080007e-06
3.970000000000000000e+02 2.111556643551048919e-06
3.980000000000000000e+02 2.115212148784845174e-06
3.990000000000000000e+02 2.102817382717631894e-06
4.000000000000000000e+02 2.094475807939166874e-06
4.010000000000000000e+02 2.089380467030641667e-06
4.020000000000000000e+02 2.083968411664770249e-06
4.030000000000000000e+02 2.080119512409620313e-06
4.040000000000000000e+02 2.075496343998666501e-06
4.050000000000000000e+02 2.079253004058605288e-06
4.060000000000000000e+02 2.067144217725135447e-06
4.070000000000000000e+02 2.071251102066004032e-06
4.080000000000000000e+02 2.058521358521121393e-06
4.090000000000000000e+02 2.055156476575452495e-06
4.100000000000000000e+02 2.049807454071733935e-06
4.110000000000000000e+02 2.046413664270704552e-06
4.120000000000000000e+02 2.061420622761664227e-06
4.130000000000000000e+02 2.037566691137842927e-06
4.140000000000000000e+02 2.037868131631636406e-06
4.150000000000000000e+02 2.031031000442239208e-06
4.160000000000000000e+02 2.026384362865614321e-06
4.170000000000000000e+02 2.020972907258375841e-06
4.180000000000000000e+02 2.020135513631980505e-06
4.190000000000000000e+02 2.019727074490282649e-06
4.200000000000000000e+02 2.009818859347260344e-06
4.210000000000000000e+02 2.007399605021287406e-06
4.220000000000000000e+02 2.007870878428943309e-06
4.230000000000000000e+02 2.000278620343945867e-06
4.240000000000000000e+02 1.994894433741640640e-06
4.250000000000000000e+02 1.988134490216439402e-06
4.260000000000000000e+02 1.987165338694686927e-06
4.270000000000000000e+02 1.982371365156146352e-06
4.280000000000000000e+02 1.982157995020558802e-06
4.290000000000000000e+02 1.980758402154496093e-06
4.300000000000000000e+02 1.976489513085377128e-06
4.310000000000000000e+02 1.976106939077068449e-06
4.320000000000000000e+02 1.971855932029209868e-06
4.330000000000000000e+02 1.960858684474884563e-06
4.340000000000000000e+02 1.957591584702256882e-06
4.350000000000000000e+02 1.956679610399852262e-06
4.360000000000000000e+02 1.954593151601301201e-06
4.370000000000000000e+02 1.947055875747062398e-06
4.380000000000000000e+02 1.947545109603242503e-06
4.390000000000000000e+02 1.944320932360927385e-06
4.400000000000000000e+02 1.940289129424999346e-06
4.410000000000000000e+02 1.935903454678142624e-06
4.420000000000000000e+02 1.933132577322953841e-06
4.430000000000000000e+02 1.929407518572219950e-06
4.440000000000000000e+02 1.930465645054362342e-06
4.450000000000000000e+02 1.925548571692851495e-06
4.460000000000000000e+02 1.921068506662662266e-06
4.470000000000000000e+02 1.918954694681776761e-06
4.480000000000000000e+02 1.913771090186158943e-06
4.490000000000000000e+02 1.912963319676980675e-06
4.500000000000000000e+02 1.908336331121545184e-06
4.510000000000000000e+02 1.906417165153916243e-06
4.520000000000000000e+02 1.906182172015645311e-06
4.530000000000000000e+02 1.900692630322453180e-06
4.540000000000000000e+02 1.900037660796302921e-06
4.550000000000000000e+02 1.892331677496929772e-06
4.560000000000000000e+02 1.896050038147705360e-06
4.570000000000000000e+02 1.895455206150172835e-06
4.580000000000000000e+02 1.889845685725316340e-06
4.590000000000000000e+02 1.883892060798567917e-06
4.600000000000000000e+02 1.881820790431408868e-06
4.610000000000000000e+02 1.879020649304943903e-06
4.620000000000000000e+02 1.873662372859510628e-06
4.630000000000000000e+02 1.872826582691499445e-06
4.640000000000000000e+02 1.873141406050822369e-06
4.650000000000000000e+02 1.870107075196584951e-06
4.660000000000000000e+02 1.865881408658236611e-06
4.670000000000000000e+02 1.865170440490006945e-06
4.680000000000000000e+02 1.862349702750965675e-06
4.690000000000000000e+02 1.857534337033108341e-06
4.700000000000000000e+02 1.857140772752796998e-06
4.710000000000000000e+02 1.855628883878297064e-06
4.720000000000000000e+02 1.853113650177251445e-06
4.730000000000000000e+02 1.851974253291932131e-06
4.740000000000000000e+02 1.844031271691825681e-06
4.750000000000000000e+02 1.843647591301032933e-06
4.760000000000000000e+02 1.842150242669559473e-06
4.770000000000000000e+02 1.839356968474466234e-06
4.780000000000000000e+02 1.836349044583221494e-06
4.790000000000000000e+02 1.834931546722222302e-06
4.800000000000000000e+02 1.834549135018091788e-06
4.810000000000000000e+02 1.833647769891852285e-06
4.820000000000000000e+02 1.829478379420428659e-06
4.830000000000000000e+02 1.827807390010156999e-06
4.840000000000000000e+02 1.828329800178831978e-06
4.850000000000000000e+02 1.827250398021017132e-06
4.860000000000000000e+02 1.821842692796110529e-06
4.870000000000000000e+02 1.823599201602035825e-06
4.880000000000000000e+02 1.816551800317680728e-06
4.890000000000000000e+02 1.815132168216076415e-06
4.900000000000000000e+02 1.813813668286427928e-06
4.910000000000000000e+02 1.809193570959708601e-06
4.920000000000000000e+02 1.809820641953639705e-06
4.930000000000000000e+02 1.807656043651949157e-06
4.940000000000000000e+02 1.810400419239804553e-06
4.950000000000000000e+02 1.803448438680749915e-06
4.960000000000000000e+02 1.802266920119326351e-06
4.970000000000000000e+02 1.798982894417714770e-06
4.980000000000000000e+02 1.798879355835485785e-06
4.990000000000000000e+02 1.796427162395623601e-06
5.000000000000000000e+02 1.794509546188877588e-06
5.010000000000000000e+02 1.792031120929368123e-06
5.020000000000000000e+02 1.793980996265231203e-06
5.030000000000000000e+02 1.788362759833928511e-06
5.040000000000000000e+02 1.786131656131459505e-06
5.050000000000000000e+02 1.786094583510322398e-06
5.060000000000000000e+02 1.782629603341356618e-06
5.070000000000000000e+02 1.783769603957405714e-06
5.080000000000000000e+02 1.780600739822026818e-06
5.090000000000000000e+02 1.780119107387811359e-06
5.100000000000000000e+02 1.777259028993222935e-06
5.110000000000000000e+02 1.778132516717920955e-06
5.120000000000000000e+02 1.776359104519658880e-06
5.130000000000000000e+02 1.774360737340709144e-06
5.140000000000000000e+02 1.770947603262333144e-06
5.150000000000000000e+02 1.768633337104527476e-06
5.160000000000000000e+02 1.766195904958930332e-06
5.170000000000000000e+02 1.765713360887054260e-06
5.180000000000000000e+02 1.763693653711568135e-06
5.190000000000000000e+02 1.763675042829775116e-06
5.200000000000000000e+02 1.763219420267028668e-06
5.210000000000000000e+02 1.758998552906401119e-06
5.220000000000000000e+02 1.758154323511527606e-06
5.230000000000000000e+02 1.757160427641290980e-06
5.240000000000000000e+02 1.754913636803629540e-06
5.250000000000000000e+02 1.753448062816821273e-06
5.260000000000000000e+02 1.752613855486810723e-06
5.270000000000000000e+02 1.751636057223794917e-06
5.280000000000000000e+02 1.749589635182310009e-06
5.290000000000000000e+02 1.749318292343233204e-06
5.300000000000000000e+02 1.748916698329679523e-06
5.310000000000000000e+02 1.745842248761829503e-06
5.320000000000000000e+02 1.745565246302624113e-06
5.330000000000000000e+02 1.746816349662916425e-06
5.340000000000000000e+02 1.741785982183462854e-06
5.350000000000000000e+02 1.739731829495547513e-06
5.360000000000000000e+02 1.739558919450433477e-06
5.370000000000000000e+02 1.739412060277161824e-06
5.380000000000000000e+02 1.737232222859305038e-06
5.390000000000000000e+02 1.735611315123113930e-06
5.400000000000000000e+02 1.736629650723744557e-06
5.410000000000000000e+02 1.733744409449396789e-06
5.420000000000000000e+02 1.733957201828854675e-06
5.430000000000000000e+02 1.730122961305901851e-06
5.440000000000000000e+02 1.729565971754292413e-06
5.450000000000000000e+02 1.729608995281337383e-06
5.460000000000000000e+02 1.726997956098829412e-06
5.470000000000000000e+02 1.726412117515456727e-06
5.480000000000000000e+02 1.724798814162457027e-06
5.490000000000000000e+02 1.723729884430141429e-06
5.500000000000000000e+02 1.723693659926449575e-06
5.510000000000000000e+02 1.723730242716818276e-06
5.520000000000000000e+02 1.720322546181399424e-06
5.530000000000000000e+02 1.719321864990187979e-06
5.540000000000000000e+02 1.720213233623160761e-06
5.550000000000000000e+02 1.717495120100998461e-06
5.560000000000000000e+02 1.715848893499215765e-06
5.570000000000000000e+02 1.715851047046524702e-06
5.580000000000000000e+02 1.715561563077682182e-06
5.590000000000000000e+02 1.713587184229966993e-06
5.600000000000000000e+02 1.717341314586369780e-06
5.610000000000000000e+02 1.712024729821645149e-06
5.620000000000000000e+02 1.710861809204237067e-06
5.630000000000000000e+02 1.709697614815287149e-06
5.640000000000000000e+02 1.707533985074239573e-06
5.650000000000000000e+02 1.709547281795707610e-06
5.660000000000000000e+02 1.706298388432435468e-06
5.670000000000000000e+02 1.706152873320107840e-06
5.680000000000000000e+02 1.704197996294300602e-06
5.690000000000000000e+02 1.706477335445721375e-06
5.700000000000000000e+02 1.703893242405890513e-06
5.710000000000000000e+02 1.702614456045619012e-06
5.720000000000000000e+02 1.701231983358976574e-06
5.730000000000000000e+02 1.699831231612482444e-06
5.740000000000000000e+02 1.699521194434030910e-06
5.750000000000000000e+02 1.698030054997187592e-06
5.760000000000000000e+02 1.702431536506748305e-06
5.770000000000000000e+02 1.696412039019264196e-06
5.780000000000000000e+02 1.695178286186594681e-06
5.790000000000000000e+02 1.696090759647624652e-06
5.800000000000000000e+02 1.694246201322419919e-06
5.810000000000000000e+02 1.694488398078170858e-06
5.820000000000000000e+02 1.692912577428298942e-06
5.830000000000000000e+02 1.693405234288647749e-06
5.840000000000000000e+02 1.691731743956463772e-06
5.850000000000000000e+02 1.689893865541423875e-06
5.860000000000000000e+02 1.689414176264307148e-06
5.870000000000000000e+02 1.689060797662447148e-06
5.880000000000000000e+02 1.688571700667707031e-06
5.890000000000000000e+02 1.687154995015204484e-06
5.900000000000000000e+02 1.686452987631462956e-06
5.910000000000000000e+02 1.685755281774904608e-06
5.920000000000000000e+02 1.685038861677460978e-06
5.930000000000000000e+02 1.684767516901883472e-06
5.940000000000000000e+02 1.684514039399049002e-06
5.950000000000000000e+02 1.682263962053621318e-06
5.960000000000000000e+02 1.683133085228064129e-06
5.970000000000000000e+02 1.682388740714253546e-06
5.980000000000000000e+02 1.680467259024828410e-06
5.990000000000000000e+02 1.680303010888295249e-06
6.000000000000000000e+02 1.679001535926883480e-06
6.010000000000000000e+02 1.678724728449519364e-06
6.020000000000000000e+02 1.678190346878537496e-06
6.030000000000000000e+02 1.679160804690195547e-06
6.040000000000000000e+02 1.676485430618766718e-06
6.050000000000000000e+02 1.676078848218166320e-06
6.060000000000000000e+02 1.675367521515059037e-06
6.070000000000000000e+02 1.675524037634638738e-06
6.080000000000000000e+02 1.674068281172543383e-06
6.090000000000000000e+02 1.673584960553140706e-06
6.100000000000000000e+02 1.673003679162746175e-06
6.110000000000000000e+02 1.671669706435321180e-06
6.120000000000000000e+02 1.670842593003359737e-06
6.130000000000000000e+02 1.670395062604762899e-06
6.140000000000000000e+02 1.670367569764210824e-06
6.150000000000000000e+02 1.669570550552083764e-06
6.160000000000000000e+02 1.669559745069194390e-06
6.170000000000000000e+02 1.669450928076509457e-06
6.180000000000000000e+02 1.667994068729722943e-06
6.190000000000000000e+02 1.667125555669844609e-06
6.200000000000000000e+02 1.666342708740305480e-06
6.210000000000000000e+02 1.668256701554460920e-06
6.220000000000000000e+02 1.665681890132094521e-06
6.230000000000000000e+02 1.665570728686675950e-06
6.240000000000000000e+02 1.665440146594364623e-06
6.250000000000000000e+02 1.665188536031237603e-06
6.260000000000000000e+02 1.664208400362093738e-06
6.270000000000000000e+02 1.662848727405654698e-06
6.280000000000000000e+02 1.662215905325967857e-06
6.290000000000000000e+02 1.662282783144025952e-06
6.300000000000000000e+02 1.661391109129795864e-06
6.310000000000000000e+02 1.661994744992403414e-06
6.320000000000000000e+02 1.659984290792543281e-06
6.330000000000000000e+02 1.660973878461458430e-06
6.340000000000000000e+02 1.661608142166500205e-06
6.350000000000000000e+02 1.659948579621287568e-06
6.360000000000000000e+02 1.658605016986425639e-06
6.370000000000000000e+02 1.658070711585567014e-06
6.380000000000000000e+02 1.658071835973198567e-06
6.390000000000000000e+02 1.657804153938532370e-06
6.400000000000000000e+02 1.656675504931057165e-06
6.410000000000000000e+02 1.656307298877869319e-06
6.420000000000000000e+02 1.656127978926989434e-06
6.430000000000000000e+02 1.655101894971259361e-06
6.440000000000000000e+02 1.655086099644148773e-06
6.450000000000000000e+02 1.654226236448742029e-06
6.460000000000000000e+02 1.654077110387622762e-06
6.470000000000000000e+02 1.653239351550920209e-06
6.480000000000000000e+02 1.653290875824272485e-06
6.490000000000000000e+02 1.652655741032276759e-06
6.500000000000000000e+02 1.652727721670921399e-06
6.510000000000000000e+02 1.652925191820896148e-06
6.520000000000000000e+02 1.651619041616126397e-06
6.530000000000000000e+02 1.651862441212786148e-06
6.540000000000000000e+02 1.650302545566472469e-06
6.550000000000000000e+02 1.650107334329333836e-06
6.560000000000000000e+02 1.649615896662845116e-06
6.570000000000000000e+02 1.649523435878634512e-06
6.580000000000000000e+02 1.649506431956648304e-06
6.590000000000000000e+02 1.649248024299829712e-06
6.600000000000000000e+02 1.649270501590178532e-06
6.610000000000000000e+02 1.648474357093078988e-06
6.620000000000000000e+02 1.647769508390336346e-06
6.630000000000000000e+02 1.647789436658861963e-06
6.640000000000000000e+02 1.647771894395038411e-06
6.650000000000000000e+02 1.647612739452732391e-06
6.660000000000000000e+02 1.646071020142093711e-06
6.670000000000000000e+02 1.645880589500368181e-06
6.680000000000000000e+02 1.645010001073274585e-06
6.690000000000000000e+02 1.645299139669169259e-06
6.700000000000000000e+02 1.644909121674499395e-06
6.710000000000000000e+02 1.644771223219693685e-06
6.720000000000000000e+02 1.644225741445019208e-06
6.730000000000000000e+02 1.643439756392812395e-06
6.740000000000000000e+02 1.642988766651079598e-06
6.750000000000000000e+02 1.643237634521279464e-06
6.760000000000000000e+02 1.642896186337817395e-06
6.770000000000000000e+02 1.642261207459469132e-06
6.780000000000000000e+02 1.642202738141722066e-06
6.790000000000000000e+02 1.641671480425341807e-06
6.800000000000000000e+02 1.641228335929971695e-06
6.810000000000000000e+02 1.641120318632326675e-06
6.820000000000000000e+02 1.640656391555295861e-06
6.830000000000000000e+02 1.640526722397844342e-06
6.840000000000000000e+02 1.639899863518708994e-06
6.850000000000000000e+02 1.640276924497325793e-06
6.860000000000000000e+02 1.640032406297592104e-06
6.870000000000000000e+02 1.639507034946600012e-06
6.880000000000000000e+02 1.638841061366037308e-06
6.890000000000000000e+02 1.639075633116170487e-06
6.900000000000000000e+02 1.638342948313858521e-06
6.910000000000000000e+02 1.638134032230061805e-06
6.920000000000000000e+02 1.638163618314433659e-06
6.930000000000000000e+02 1.637599077544961874e-06
6.940000000000000000e+02 1.637802447940294554e-06
6.950000000000000000e+02 1.636847811988592531e-06
6.960000000000000000e+02 1.636927427184999849e-06
6.970000000000000000e+02 1.636622119025053551e-06
6.980000000000000000e+02 1.636204192546673436e-06
6.990000000000000000e+02 1.635796592034693195e-06
7.000000000000000000e+02 1.635744617632189420e-06
7.010000000000000000e+02 1.635408483485009802e-06
7.020000000000000000e+02 1.634939146383142145e-06
7.030000000000000000e+02 1.635339775491520946e-06
7.040000000000000000e+02 1.634829816516025127e-06
7.050000000000000000e+02 1.634688196576708896e-06
7.060000000000000000e+02 1.634101349887976903e-06
7.070000000000000000e+02 1.633966240793599653e-06
7.080000000000000000e+02 1.633537500662589603e-06
7.090000000000000000e+02 1.634520220109005787e-06
7.100000000000000000e+02 1.633906233016152063e-06
7.110000000000000000e+02 1.633166140686915006e-06
7.120000000000000000e+02 1.632923062129261969e-06
7.130000000000000000e+02 1.632466830647230152e-06
7.140000000000000000e+02 1.632204230842004228e-06
7.150000000000000000e+02 1.632577461763789646e-06
7.160000000000000000e+02 1.631641642824334203e-06
7.170000000000000000e+02 1.631559056866995922e-06
7.180000000000000000e+02 1.631249893946940465e-06
7.190000000000000000e+02 1.631277484513523477e-06
7.200000000000000000e+02 1.631369444627067673e-06
7.210000000000000000e+02 1.630533831358578167e-06
7.220000000000000000e+02 1.630511207323847369e-06
7.230000000000000000e+02 1.630172694047111890e-06
7.240000000000000000e+02 1.630169946113317028e-06
7.250000000000000000e+02 1.629733750539881509e-06
7.260000000000000000e+02 1.629549831069189939e-06
7.270000000000000000e+02 1.629406581411709962e-06
7.280000000000000000e+02 1.629153308572615060e-06
7.290000000000000000e+02 1.629144733479046212e-06
7.300000000000000000e+02 1.629138403261312912e-06
7.310000000000000000e+02 1.628651508053052671e-06
7.320000000000000000e+02 1.628327146701463500e-06
7.330000000000000000e+02 1.628362296161564092e-06
7.340000000000000000e+02 1.628324837352929124e-06
7.350000000000000000e+02 1.628234349054309545e-06
7.360000000000000000e+02 1.627877205413093430e-06
7.370000000000000000e+02 1.627385365971047714e-06
7.380000000000000000e+02 1.627647058138796634e-06
7.390000000000000000e+02 1.627134492010075485e-06
7.400000000000000000e+02 1.627262607415895356e-06
7.410000000000000000e+02 1.627074914392084254e-06
7.420000000000000000e+02 1.627489876420536609e-06
7.430000000000000000e+02 1.626579396154575284e-06
7.440000000000000000e+02 1.626306513643185164e-06
7.450000000000000000e+02 1.626154142447622902e-06
7.460000000000000000e+02 1.625894906366781484e-06
7.470000000000000000e+02 1.626025178914659039e-06
7.480000000000000000e+02 1.625639035056660559e-06
7.490000000000000000e+02 1.625624548610960261e-06
7.500000000000000000e+02 1.625351079955911862e-06
7.510000000000000000e+02 1.625413819693154355e-06
7.520000000000000000e+02 1.625004059144766096e-06
7.530000000000000000e+02 1.624860441215764985e-06
7.540000000000000000e+02 1.625326649870519613e-06
7.550000000000000000e+02 1.624673519367068566e-06
7.560000000000000000e+02 1.624674925835961671e-06
7.570000000000000000e+02 1.624179339241729399e-06
7.580000000000000000e+02 1.624587325515026686e-06
7.590000000000000000e+02 1.624013572827487591e-06
7.600000000000000000e+02 1.623786510024980699e-06
7.610000000000000000e+02 1.623800370521949419e-06
7.620000000000000000e+02 1.623479011937363282e-06
7.630000000000000000e+02 1.623445986126407537e-06
7.640000000000000000e+02 1.623352732307538656e-06
7.650000000000000000e+02 1.623620365864307632e-06
7.660000000000000000e+02 1.622838249394531528e-06
7.670000000000000000e+02 1.622932715697445595e-06
7.680000000000000000e+02 1.622847968770611402e-06
7.690000000000000000e+02 1.622719475402845868e-06
7.700000000000000000e+02 1.622696775170660615e-06
7.710000000000000000e+02 1.622524768792944584e-06
7.720000000000000000e+02 1.622561619790350920e-06
7.730000000000000000e+02 1.622393658643086676e-06
7.740000000000000000e+02 1.622069729799776650e-06
7.750000000000000000e+02 1.621831235727984152e-06
7.760000000000000000e+02 1.621672746672040914e-06
7.770000000000000000e+02 1.621565196083594553e-06
7.780000000000000000e+02 1.621595122374319055e-06
7.790000000000000000e+02 1.621216434224973158e-06
7.800000000000000000e+02 1.621193002711086129e-06
7.810000000000000000e+02 1.621163573423987143e-06
7.820000000000000000e+02 1.621071881370440533e-06
7.830000000000000000e+02 1.620868994207278476e-06
7.840000000000000000e+02 1.620859009710531763e-06
7.850000000000000000e+02 1.620689508046914036e-06
7.860000000000000000e+02 1.620596445753228827e-06
7.870000000000000000e+02 1.620396901207691697e-06
7.880000000000000000e+02 1.620273895269329832e-06
7.890000000000000000e+02 1.620397248983114879e-06
7.900000000000000000e+02 1.620156503799317507e-06
7.910000000000000000e+02 1.619877431442733238e-06
7.920000000000000000e+02 1.619782553487022623e-06
7.930000000000000000e+02 1.619876305923491713e-06
7.940000000000000000e+02 1.619533412613421247e-06
7.950000000000000000e+02 1.619537035703790888e-06
7.960000000000000000e+02 1.619566763965168580e-06
7.970000000000000000e+02 1.619574546443214559e-06
7.980000000000000000e+02 1.619243530775663466e-06
7.990000000000000000e+02 1.619180776666469485e-06
8.000000000000000000e+02 1.619409243620299459e-06
8.010000000000000000e+02 1.619184452484514519e-06
8.020000000000000000e+02 1.618832382625687365e-06
8.030000000000000000e+02 1.618783774589724110e-06
8.040000000000000000e+02 1.618824068308860743e-06
8.050000000000000000e+02 1.618581612573182381e-06
8.060000000000000000e+02 1.618478804261635799e-06
8.070000000000000000e+02 1.618335359620136191e-06
8.080000000000000000e+02 1.618264574316332351e-06
8.090000000000000000e+02 1.618220678037087409e-06
8.100000000000000000e+02 1.618068305231719973e-06
8.110000000000000000e+02 1.618102712420137349e-06
8.120000000000000000e+02 1.617993554905787096e-06
8.130000000000000000e+02 1.617836882482574528e-06
8.140000000000000000e+02 1.617925068965417116e-06
8.150000000000000000e+02 1.618043081907529636e-06
8.160000000000000000e+02 1.617667590151705029e-06
8.170000000000000000e+02 1.617590776934987555e-06
8.180000000000000000e+02 1.617434004967379882e-06
8.190000000000000000e+02 1.617437945089902456e-06
8.200000000000000000e+02 1.617263761887192581e-06
8.210000000000000000e+02 1.617272435819895091e-06
8.220000000000000000e+02 1.617261255413352836e-06
8.230000000000000000e+02 1.617507327224055859e-06
