0.000000000000000000e+00 1.492701901950329972e-02
1.000000000000000000e+00 1.598208610757780338e-03
2.000000000000000000e+00 1.464720259200841864e-03
3.000000000000000000e+00 1.453760834790746416e-03
4.000000000000000000e+00 1.455631369242063990e-03
5.000000000000000000e+00 1.463579339545545768e-03
6.000000000000000000e+00 1.459536238893725541e-03
7.000000000000000000e+00 1.455824062191946131e-03
8.000000000000000000e+00 1.447982838156045221e-03
9.000000000000000000e+00 1.455410315714402618e-03
1.000000000000000000e+01 1.448053395090463094e-03
1.100000000000000000e+01 1.440726274023922072e-03
1.200000000000000000e+01 1.473540062704237165e-03
1.300000000000000000e+01 1.440363848825202461e-03
1.400000000000000000e+01 1.441454094016846607e-03
1.500000000000000000e+01 1.467756691961763678e-03
1.600000000000000000e+01 1.477485615132689096e-03
1.700000000000000000e+01 1.419146125606329193e-03
1.800000000000000000e+01 1.396398410597307106e-03
1.900000000000000000e+01 1.376539836144048939e-03
2.000000000000000000e+01 1.349565886893242493e-03
2.100000000000000000e+01 1.328819066758355535e-03
2.200000000000000000e+01 1.289947828182951960e-03
2.300000000000000000e+01 1.185939710844890549e-03
2.400000000000000000e+01 1.125710438893246651e-03
2.500000000000000000e+01 1.038253160334986006e-03
2.600000000000000000e+01 9.898582957936926351e-04
2.700000000000000000e+01 9.392524272917242593e-04
2.800000000000000000e+01 8.840038681997266969e-04
2.900000000000000000e+01 8.685118829986893368e-04
3.000000000000000000e+01 8.543038774596835219e-04
3.100000000000000000e+01 9.221992557605077816e-04
3.200000000000000000e+01 9.020249213407500804e-04
3.300000000000000000e+01 8.708539940702653311e-04
3.400000000000000000e+01 8.496057997431867353e-04
3.500000000000000000e+01 8.628612224854539199e-04
3.600000000000000000e+01 9.070245585389173550e-04
3.700000000000000000e+01 8.812057244880821876e-04
3.800000000000000000e+01 8.425260530447243375e-04
3.900000000000000000e+01 8.597277565968956120e-04
4.000000000000000000e+01 8.614398824827711881e-04
4.100000000000000000e+01 8.485083428107057001e-04
4.200000000000000000e+01 8.286267010529428613e-04
4.300000000000000000e+01 8.602200321842252018e-04
4.400000000000000000e+01 8.566359915885420843e-04
4.500000000000000000e+01 8.288267547946558773e-04
4.600000000000000000e+01 9.086596810334969868e-04
4.700000000000000000e+01 8.343401085063894586e-04
4.800000000000000000e+01 8.265631952029164333e-04
4.900000000000000000e+01 8.129945156175856719e-04
5.000000000000000000e+01 8.321732841252304667e-04
5.100000000000000000e+01 8.137482097791615869e-04
5.200000000000000000e+01 8.344127983387412311e-04
5.300000000000000000e+01 8.052750724792379338e-04
5.400000000000000000e+01 8.286783812597025298e-04
5.500000000000000000e+01 8.176386793828992021e-04
5.600000000000000000e+01 8.132915180516566431e-04
5.700000000000000000e+01 8.315891612440779682e-04
5.800000000000000000e+01 8.000031823877604706e-04
5.900000000000000000e+01 8.619056659330455190e-04
6.000000000000000000e+01 8.235868474037976979e-04
6.100000000000000000e+01 8.465116052808562387e-04
6.200000000000000000e+01 8.001498217856840975e-04
6.300000000000000000e+01 7.816250222510679434e-04
6.400000000000000000e+01 7.899143967226977293e-04
6.500000000000000000e+01 7.969845901297916433e-04
6.600000000000000000e+01 7.913666857913947538e-04
6.700000000000000000e+01 7.802981001876935522e-04
6.800000000000000000e+01 7.916770601261760272e-04
6.900000000000000000e+01 8.243844830252262078e-04
7.000000000000000000e+01 7.757062519253514867e-04
7.100000000000000000e+01 7.855132845178786028e-04
7.200000000000000000e+01 7.710832126335872682e-04
7.300000000000000000e+01 7.684147303234698098e-04
7.400000000000000000e+01 8.005936719332319793e-04
7.500000000000000000e+01 7.708521180641994064e-04
7.600000000000000000e+01 7.643825310524742130e-04
7.700000000000000000e+01 7.827135259651231110e-04
7.800000000000000000e+01 7.947091756372943105e-04
7.900000000000000000e+01 7.835462086794080456e-04
8.000000000000000000e+01 8.193896873800505685e-04
8.100000000000000000e+01 7.622140149784475092e-04
8.200000000000000000e+01 7.526524141705136705e-04
8.300000000000000000e+01 7.529579832084472291e-04
8.400000000000000000e+01 7.569724374793092509e-04
8.500000000000000000e+01 7.722187186283433272e-04
8.600000000000000000e+01 7.638833605625258314e-04
8.700000000000000000e+01 7.559486824788135819e-04
8.800000000000000000e+01 7.460802487659005510e-04
8.900000000000000000e+01 7.596947433943450996e-04
9.000000000000000000e+01 7.671911931514930304e-04
9.100000000000000000e+01 7.492351184040122944e-04
9.200000000000000000e+01 8.221810371390466743e-04
9.300000000000000000e+01 7.392614478087677779e-04
9.400000000000000000e+01 7.417439953621478505e-04
9.500000000000000000e+01 7.464646078866345440e-04
9.600000000000000000e+01 7.642011981698443009e-04
9.700000000000000000e+01 8.092840494906330126e-04
9.800000000000000000e+01 7.352413029572154972e-04
9.900000000000000000e+01 7.320646713180493708e-04
1.000000000000000000e+02 7.421021261317232477e-04
1.010000000000000000e+02 7.391982706455527824e-04
1.020000000000000000e+02 7.435706750200647306e-04
1.030000000000000000e+02 7.391711613265294478e-04
1.040000000000000000e+02 7.425733094161017425e-04
1.050000000000000000e+02 7.403865599255335600e-04
1.060000000000000000e+02 7.437345181780921416e-04
1.070000000000000000e+02 7.551751515465863346e-04
1.080000000000000000e+02 7.399022204850249501e-04
1.090000000000000000e+02 7.323912385347524853e-04
1.100000000000000000e+02 7.249304710826732362e-04
1.110000000000000000e+02 7.941207298619939146e-04
1.120000000000000000e+02 7.624839576750025568e-04
1.130000000000000000e+02 7.702508454997352132e-04
1.140000000000000000e+02 7.193203189118400421e-04
1.150000000000000000e+02 7.266102114266560601e-04
1.160000000000000000e+02 7.375507668622558908e-04
1.170000000000000000e+02 7.293479754197444145e-04
1.180000000000000000e+02 7.431343618964842464e-04
1.190000000000000000e+02 7.300446804142815636e-04
1.200000000000000000e+02 7.240137895900566629e-04
1.210000000000000000e+02 7.248008264697089129e-04
1.220000000000000000e+02 7.374305355554298296e-04
1.230000000000000000e+02 7.380323748228022557e-04
1.240000000000000000e+02 7.215170591115844124e-04
1.250000000000000000e+02 7.254500901136075363e-04
1.260000000000000000e+02 7.058940761332250374e-04
1.270000000000000000e+02 7.219029715926282521e-04
1.280000000000000000e+02 7.163203314748859503e-04
1.290000000000000000e+02 7.131604700746706042e-04
1.300000000000000000e+02 7.148545148366600762e-04
1.310000000000000000e+02 7.235964680225407146e-04
1.320000000000000000e+02 7.440210036410541301e-04
1.330000000000000000e+02 7.136321108668318425e-04
1.340000000000000000e+02 7.038908381816490721e-04
1.350000000000000000e+02 7.591063145443100379e-04
1.360000000000000000e+02 7.262017954122538524e-04
1.370000000000000000e+02 7.029326651085326732e-04
1.380000000000000000e+02 7.057842962854979710e-04
1.390000000000000000e+02 7.240881311177851509e-04
1.400000000000000000e+02 7.157047364133232829e-04
1.410000000000000000e+02 7.306699650630112553e-04
1.420000000000000000e+02 7.341276093539173681e-04
1.430000000000000000e+02 6.984311319411756584e-04
1.440000000000000000e+02 7.023112104642463506e-04
1.450000000000000000e+02 6.991365998232178377e-04
1.460000000000000000e+02 7.490348685323019442e-04
1.470000000000000000e+02 7.521306865403185700e-04
1.480000000000000000e+02 7.300415330011982571e-04
1.490000000000000000e+02 7.029739941877250582e-04
1.500000000000000000e+02 7.200677399820848467e-04
1.510000000000000000e+02 7.041914099656231430e-04
1.520000000000000000e+02 7.154038266596569407e-04
1.530000000000000000e+02 7.390715122024417005e-04
1.540000000000000000e+02 7.116899385013463484e-04
1.550000000000000000e+02 6.945051010403220431e-04
1.560000000000000000e+02 6.966601475920013251e-04
1.570000000000000000e+02 6.904605060726346985e-04
1.580000000000000000e+02 6.940395258315423983e-04
1.590000000000000000e+02 6.890644398104999509e-04
1.600000000000000000e+02 7.200538484904403557e-04
1.610000000000000000e+02 7.117500688073766062e-04
1.620000000000000000e+02 6.821083012243971599e-04
1.630000000000000000e+02 6.874814445645976860e-04
1.640000000000000000e+02 6.937813218341970728e-04
1.650000000000000000e+02 6.878566343912372776e-04
1.660000000000000000e+02 8.125308420068367600e-04
1.670000000000000000e+02 7.282000775333338392e-04
1.680000000000000000e+02 6.960100426618390668e-04
1.690000000000000000e+02 6.937857473676130402e-04
1.700000000000000000e+02 6.883689295220556462e-04
1.710000000000000000e+02 6.966407076918632252e-04
1.720000000000000000e+02 6.853113103509871767e-04
1.730000000000000000e+02 6.813109140853557686e-04
1.740000000000000000e+02 6.872623606625554923e-04
1.750000000000000000e+02 6.705392765633211251e-04
1.760000000000000000e+02 6.616031028935052136e-04
1.770000000000000000e+02 6.718745106105785975e-04
1.780000000000000000e+02 6.742934748111581271e-04
1.790000000000000000e+02 6.607902519013084813e-04
1.800000000000000000e+02 6.623688408766992015e-04
1.810000000000000000e+02 6.605131146533278980e-04
1.820000000000000000e+02 6.598301855252126273e-04
1.830000000000000000e+02 6.652251094341236296e-04
1.840000000000000000e+02 6.623250134504955582e-04
1.850000000000000000e+02 6.719449372704051167e-04
1.860000000000000000e+02 7.032679614088625016e-04
1.870000000000000000e+02 6.628520437041048041e-04
1.880000000000000000e+02 6.951763343956440279e-04
1.890000000000000000e+02 6.765680370958395340e-04
1.900000000000000000e+02 6.642394544285463954e-04
1.910000000000000000e+02 6.558287856697506222e-04
1.920000000000000000e+02 6.573737166969367655e-04
1.930000000000000000e+02 6.492830326869661545e-04
1.940000000000000000e+02 6.473139960220493979e-04
1.950000000000000000e+02 6.396465425917504007e-04
1.960000000000000000e+02 6.425527541089241877e-04
1.970000000000000000e+02 6.604051037162435777e-04
1.980000000000000000e+02 6.748721687638269953e-04
1.990000000000000000e+02 6.453547593569310689e-04
2.000000000000000000e+02 7.028972177436492450e-04
2.010000000000000000e+02 6.408372481106312194e-04
2.020000000000000000e+02 6.352526085434160663e-04
2.030000000000000000e+02 6.377343435780828034e-04
2.040000000000000000e+02 6.312188783368100900e-04
2.050000000000000000e+02 6.434756247381418761e-04
2.060000000000000000e+02 6.451587040323201322e-04
2.070000000000000000e+02 6.363094720446945069e-04
2.080000000000000000e+02 6.394865639980431291e-04
2.090000000000000000e+02 6.315244803350119522e-04
2.100000000000000000e+02 6.377861654791303937e-04
2.110000000000000000e+02 6.475423697221824228e-04
2.120000000000000000e+02 6.463831263608851288e-04
2.130000000000000000e+02 6.437303433846228379e-04
2.140000000000000000e+02 6.398866978855902382e-04
2.150000000000000000e+02 6.359550917400396157e-04
2.160000000000000000e+02 6.384904223631501178e-04
2.170000000000000000e+02 6.336780398152753579e-04
2.180000000000000000e+02 6.445984474908884442e-04
2.190000000000000000e+02 6.345905960169498589e-04
2.200000000000000000e+02 6.328902612240211402e-04
2.210000000000000000e+02 6.365285145447872319e-04
2.220000000000000000e+02 6.361902613115436034e-04
2.230000000000000000e+02 6.317166487569078354e-04
2.240000000000000000e+02 6.342065036765557641e-04
2.250000000000000000e+02 6.333134205388502025e-04
2.260000000000000000e+02 6.536821695104987843e-04
2.270000000000000000e+02 6.683803300854407456e-04
2.280000000000000000e+02 6.479203311948299876e-04
2.290000000000000000e+02 6.399079145739149706e-04
2.300000000000000000e+02 6.304637704085141623e-04
2.310000000000000000e+02 6.357142913652167899e-04
2.320000000000000000e+02 6.371818273637223570e-04
2.330000000000000000e+02 6.369191763567391132e-04
2.340000000000000000e+02 6.485711723623975968e-04
2.350000000000000000e+02 6.547976206750387483e-04
2.360000000000000000e+02 6.410618575154659231e-04
2.370000000000000000e+02 6.680703362919570556e-04
2.380000000000000000e+02 6.409752730965241358e-04
2.390000000000000000e+02 6.430322792818366764e-04
2.400000000000000000e+02 6.291576045406347632e-04
2.410000000000000000e+02 6.354434003467881314e-04
2.420000000000000000e+02 6.478003138097299628e-04
2.430000000000000000e+02 6.345755185759128581e-04
2.440000000000000000e+02 6.426397316170915329e-04
2.450000000000000000e+02 6.338823668143641482e-04
2.460000000000000000e+02 6.291985243692775750e-04
2.470000000000000000e+02 6.387201077630652460e-04
2.480000000000000000e+02 6.364293753255760534e-04
2.490000000000000000e+02 6.384016373176984276e-04
2.500000000000000000e+02 6.365817563446238628e-04
2.510000000000000000e+02 6.387895588274312281e-04
2.520000000000000000e+02 6.355274855336648029e-04
2.530000000000000000e+02 6.309101841559427081e-04
2.540000000000000000e+02 6.330402330137981136e-04
2.550000000000000000e+02 6.320641609298195988e-04
2.560000000000000000e+02 6.322556910119218063e-04
2.570000000000000000e+02 6.343651785109658990e-04
2.580000000000000000e+02 6.432769227684639879e-04
2.590000000000000000e+02 6.451266544481693661e-04
2.600000000000000000e+02 6.365589472335688847e-04
2.610000000000000000e+02 6.508445109645607336e-04
2.620000000000000000e+02 6.416999063598735707e-04
2.630000000000000000e+02 6.322150349010081808e-04
2.640000000000000000e+02 6.335802323269698524e-04
2.650000000000000000e+02 6.434885323189646266e-04
2.660000000000000000e+02 6.479719920573355930e-04
2.670000000000000000e+02 6.284207099560569195e-04
2.680000000000000000e+02 6.330691173189783097e-04
2.690000000000000000e+02 6.384696153548116097e-04
2.700000000000000000e+02 6.290503717870730548e-04
2.710000000000000000e+02 6.368406190850025086e-04
2.720000000000000000e+02 6.437261662565046125e-04
2.730000000000000000e+02 6.609452676664784136e-04
2.740000000000000000e+02 6.306878213585085519e-04
2.750000000000000000e+02 6.286370115815581193e-04
2.760000000000000000e+02 6.312221887844379200e-04
2.770000000000000000e+02 6.432973354515255293e-04
2.780000000000000000e+02 6.400577972943613655e-04
2.790000000000000000e+02 6.317705496553820046e-04
2.800000000000000000e+02 6.418530638870397105e-04
2.810000000000000000e+02 6.321464852451977442e-04
2.820000000000000000e+02 6.348771786875525474e-04
2.830000000000000000e+02 6.340301004903746472e-04
2.840000000000000000e+02 6.480769744594430757e-04
2.850000000000000000e+02 6.454613095692910514e-04
2.860000000000000000e+02 6.332939772091020995e-04
2.870000000000000000e+02 6.302247857150614562e-04
2.880000000000000000e+02 6.283876785966828601e-04
2.890000000000000000e+02 6.300079383688903228e-04
2.900000000000000000e+02 6.339233928849937394e-04
2.910000000000000000e+02 6.534423113091809713e-04
2.920000000000000000e+02 6.353676394238878247e-04
2.930000000000000000e+02 6.312263484652095181e-04
2.940000000000000000e+02 6.419068262252545847e-04
2.950000000000000000e+02 6.410629651290939085e-04
2.960000000000000000e+02 6.379933746980154556e-04
2.970000000000000000e+02 6.358761566599448450e-04
2.980000000000000000e+02 6.392042394253684076e-04
2.990000000000000000e+02 6.404932780019617373e-04
3.000000000000000000e+02 6.319856232905394621e-04
3.010000000000000000e+02 6.359131331990577896e-04
3.020000000000000000e+02 6.342839867391337864e-04
3.030000000000000000e+02 6.375135518868218663e-04
3.040000000000000000e+02 6.317121943386578902e-04
3.050000000000000000e+02 6.329434093244625231e-04
3.060000000000000000e+02 6.382846526056579119e-04
3.070000000000000000e+02 6.460628675906929545e-04
3.080000000000000000e+02 6.330584045028113827e-04
3.090000000000000000e+02 6.342858520673522790e-04
3.100000000000000000e+02 6.360882468936223397e-04
3.110000000000000000e+02 6.373959981905331787e-04
3.120000000000000000e+02 6.333832114503875309e-04
3.130000000000000000e+02 6.403176903276312695e-04
3.140000000000000000e+02 6.396596784962578714e-04
3.150000000000000000e+02 6.405076326713150889e-04
3.160000000000000000e+02 6.296921739536406101e-04
3.170000000000000000e+02 6.297138802976917898e-04
3.180000000000000000e+02 6.330246311913022847e-04
3.190000000000000000e+02 6.301991352157368430e-04
3.200000000000000000e+02 6.370706205336265420e-04
3.210000000000000000e+02 6.335170263676494912e-04
3.220000000000000000e+02 6.345541479685803780e-04
3.230000000000000000e+02 6.405171963745451584e-04
3.240000000000000000e+02 6.349988981018755366e-04
3.250000000000000000e+02 6.312243126481216927e-04
3.260000000000000000e+02 6.293513983315479751e-04
3.270000000000000000e+02 6.273555980648241317e-04
3.280000000000000000e+02 6.318966494557062916e-04
3.290000000000000000e+02 6.307158186389123095e-04
3.300000000000000000e+02 6.322378004213594126e-04
3.310000000000000000e+02 6.316766920230370338e-04
3.320000000000000000e+02 6.304294634067649514e-04
3.330000000000000000e+02 6.312868487898424478e-04
3.340000000000000000e+02 6.389034090864850832e-04
3.350000000000000000e+02 6.283157902781295618e-04
3.360000000000000000e+02 6.310867796715589721e-04
3.370000000000000000e+02 6.315771147731755837e-04
3.380000000000000000e+02 6.289060932306068680e-04
3.390000000000000000e+02 6.437093885397224356e-04
3.400000000000000000e+02 6.413641389908420094e-04
3.410000000000000000e+02 6.392816131739296071e-04
3.420000000000000000e+02 6.464508391086396877e-04
3.430000000000000000e+02 6.454489301935353342e-04
3.440000000000000000e+02 6.410860810385120767e-04
3.450000000000000000e+02 6.321182181194112942e-04
3.460000000000000000e+02 6.320276313870130513e-04
3.470000000000000000e+02 6.402602116866389472e-04
3.480000000000000000e+02 6.281263865490398571e-04
3.490000000000000000e+02 6.281286978639294459e-04
3.500000000000000000e+02 6.268730790539374549e-04
3.510000000000000000e+02 6.345322801029635446e-04
3.520000000000000000e+02 6.316998222530591494e-04
3.530000000000000000e+02 6.295225063488216850e-04
3.540000000000000000e+02 6.273185509952839854e-04
3.550000000000000000e+02 6.294887125581082087e-04
3.560000000000000000e+02 6.319551550467962736e-04
3.570000000000000000e+02 6.365363370280633813e-04
3.580000000000000000e+02 6.326667064998605034e-04
3.590000000000000000e+02 6.326598287076657919e-04
3.600000000000000000e+02 6.395682031712140916e-04
3.610000000000000000e+02 6.364733161122122828e-04
3.620000000000000000e+02 6.296205938902184763e-04
3.630000000000000000e+02 6.339187765320314100e-04
3.640000000000000000e+02 6.392899495999172788e-04
3.650000000000000000e+02 6.381522653735708945e-04
3.660000000000000000e+02 6.393484240288434825e-04
3.670000000000000000e+02 6.337374272559902384e-04
3.680000000000000000e+02 6.357238867251499429e-04
3.690000000000000000e+02 6.332997146526498115e-04
3.700000000000000000e+02 6.336622740989249864e-04
3.710000000000000000e+02 6.306514477405767956e-04
3.720000000000000000e+02 6.349593490872277018e-04
3.730000000000000000e+02 6.280082618208781241e-04
3.740000000000000000e+02 6.333540437190714753e-04
3.750000000000000000e+02 6.354224729640491802e-04
3.760000000000000000e+02 6.352087690219901384e-04
3.770000000000000000e+02 6.329580568612345592e-04
3.780000000000000000e+02 6.306813649626387928e-04
3.790000000000000000e+02 6.270426686760148050e-04
3.800000000000000000e+02 6.301283926683469297e-04
3.810000000000000000e+02 6.311999418748260021e-04
3.820000000000000000e+02 6.366573864905348884e-04
3.830000000000000000e+02 6.273555663032355468e-04
3.840000000000000000e+02 6.264677781015608486e-04
3.850000000000000000e+02 6.282047343544502329e-04
3.860000000000000000e+02 6.286044847973495638e-04
3.870000000000000000e+02 6.483215138012048042e-04
3.880000000000000000e+02 6.313521756224604311e-04
3.890000000000000000e+02 6.259721476527741520e-04
3.900000000000000000e+02 6.295584090696868754e-04
3.910000000000000000e+02 6.441902040559801179e-04
3.920000000000000000e+02 6.326867542876895255e-04
3.930000000000000000e+02 6.303433505058667410e-04
3.940000000000000000e+02 6.289018532484425645e-04
3.950000000000000000e+02 6.255925195280770358e-04
3.960000000000000000e+02 6.287030867914048882e-04
3.970000000000000000e+02 6.295514733022226136e-04
3.980000000000000000e+02 6.281609986622170528e-04
3.990000000000000000e+02 6.330825616167591553e-04
4.000000000000000000e+02 6.302789949240387296e-04
4.010000000000000000e+02 6.298683418258770733e-04
4.020000000000000000e+02 6.300099266114256693e-04
4.030000000000000000e+02 6.290398290160454471e-04
4.040000000000000000e+02 6.298748582258471536e-04
4.050000000000000000e+02 6.301584895606580916e-04
4.060000000000000000e+02 6.318065257863176437e-04
4.070000000000000000e+02 6.285590403653293487e-04
4.080000000000000000e+02 6.277439092368379981e-04
4.090000000000000000e+02 6.288110902775785518e-04
4.100000000000000000e+02 6.330653206505326399e-04
4.110000000000000000e+02 6.303591431738996432e-04
4.120000000000000000e+02 6.305451949098990266e-04
4.130000000000000000e+02 6.264149698236656533e-04
4.140000000000000000e+02 6.324394168271630029e-04
4.150000000000000000e+02 6.357805070659450740e-04
4.160000000000000000e+02 6.266638608604150305e-04
4.170000000000000000e+02 6.311212457648184395e-04
4.180000000000000000e+02 6.396056489795824349e-04
4.190000000000000000e+02 6.377059711158579967e-04
4.200000000000000000e+02 6.479382812773190657e-04
4.210000000000000000e+02 6.296248087023728233e-04
4.220000000000000000e+02 6.298503872322540158e-04
4.230000000000000000e+02 6.291212616969734002e-04
4.240000000000000000e+02 6.312022464201508644e-04
4.250000000000000000e+02 6.270370642499542005e-04
4.260000000000000000e+02 6.254757429362616753e-04
4.270000000000000000e+02 6.313542996766148899e-04
4.280000000000000000e+02 6.313248350140563282e-04
4.290000000000000000e+02 6.373662945615482175e-04
4.300000000000000000e+02 6.277400852906411984e-04
4.310000000000000000e+02 6.360115053191974215e-04
4.320000000000000000e+02 6.304581471530089354e-04
4.330000000000000000e+02 6.283607970751514411e-04
4.340000000000000000e+02 6.334031736596348969e-04
4.350000000000000000e+02 6.293873413541595891e-04
4.360000000000000000e+02 6.260994978121992016e-04
4.370000000000000000e+02 6.270187091903399370e-04
4.380000000000000000e+02 6.265561118260280478e-04
4.390000000000000000e+02 6.285177069237749296e-04
4.400000000000000000e+02 6.299574764166809534e-04
4.410000000000000000e+02 6.330858702820626972e-04
4.420000000000000000e+02 6.365256849916153857e-04
4.430000000000000000e+02 6.262398236516703107e-04
4.440000000000000000e+02 6.385731293274771398e-04
4.450000000000000000e+02 6.331268267470575558e-04
4.460000000000000000e+02 6.335120887769141260e-04
4.470000000000000000e+02 6.292535707359953306e-04
4.480000000000000000e+02 6.382607557295457605e-04
4.490000000000000000e+02 6.330477362696468931e-04
4.500000000000000000e+02 6.340441233895836555e-04
4.510000000000000000e+02 6.310299983661236782e-04
4.520000000000000000e+02 6.276659363948281205e-04
4.530000000000000000e+02 6.313463482325209130e-04
4.540000000000000000e+02 6.283288897292102753e-04
4.550000000000000000e+02 6.265992971021715685e-04
4.560000000000000000e+02 6.376147452910716938e-04
4.570000000000000000e+02 6.259789880705435858e-04
4.580000000000000000e+02 6.244325362362387498e-04
4.590000000000000000e+02 6.270745835973796575e-04
4.600000000000000000e+02 6.263165140346023440e-04
4.610000000000000000e+02 6.355946248502433379e-04
4.620000000000000000e+02 6.264079385986997877e-04
4.630000000000000000e+02 6.247663209729404071e-04
4.640000000000000000e+02 6.297727931647976356e-04
4.650000000000000000e+02 6.298008713054071856e-04
4.660000000000000000e+02 6.315183250667098444e-04
4.670000000000000000e+02 6.274761059107188555e-04
4.680000000000000000e+02 6.290650193647349085e-04
4.690000000000000000e+02 6.308505734502026533e-04
4.700000000000000000e+02 6.277021195577059138e-04
4.710000000000000000e+02 6.274967765338061807e-04
4.720000000000000000e+02 6.329928917048042612e-04
4.730000000000000000e+02 6.282018880297032641e-04
4.740000000000000000e+02 6.284633585083382540e-04
4.750000000000000000e+02 6.312945242341553437e-04
4.760000000000000000e+02 6.338534842895902867e-04
4.770000000000000000e+02 6.293370998057802807e-04
4.780000000000000000e+02 6.287355716976854520e-04
4.790000000000000000e+02 6.264151766512220370e-04
4.800000000000000000e+02 6.265310700780906241e-04
4.810000000000000000e+02 6.249995178877900499e-04
4.820000000000000000e+02 6.280624089287618157e-04
4.830000000000000000e+02 6.263143517422317978e-04
4.840000000000000000e+02 6.256280698566979350e-04
4.850000000000000000e+02 6.278674716472766246e-04
4.860000000000000000e+02 6.261130679571395635e-04
4.870000000000000000e+02 6.258516044346947547e-04
4.880000000000000000e+02 6.263450960392910431e-04
4.890000000000000000e+02 6.305966206628706855e-04
4.900000000000000000e+02 6.248079375192286010e-04
4.910000000000000000e+02 6.256177886686002318e-04
4.920000000000000000e+02 6.306425759770228553e-04
4.930000000000000000e+02 6.305378634078550020e-04
4.940000000000000000e+02 6.257159510641004075e-04
4.950000000000000000e+02 6.295153198574979974e-04
4.960000000000000000e+02 6.366432400407536548e-04
4.970000000000000000e+02 6.298832488564096816e-04
4.980000000000000000e+02 6.281985166069267842e-04
4.990000000000000000e+02 6.270970606768650792e-04
5.000000000000000000e+02 6.308506571105267644e-04
5.010000000000000000e+02 6.277838707151388005e-04
5.020000000000000000e+02 6.298675001641957510e-04
5.030000000000000000e+02 6.293277372582773777e-04
5.040000000000000000e+02 6.284952665426998776e-04
5.050000000000000000e+02 6.271474358748730781e-04
5.060000000000000000e+02 6.277887304064482150e-04
5.070000000000000000e+02 6.292915277633609299e-04
5.080000000000000000e+02 6.249884099419826360e-04
5.090000000000000000e+02 6.250743369461555328e-04
5.100000000000000000e+02 6.250458983538725909e-04
5.110000000000000000e+02 6.281625475532867089e-04
5.120000000000000000e+02 6.388710485944179346e-04
5.130000000000000000e+02 6.282913351330636671e-04
5.140000000000000000e+02 6.346999926660056718e-04
5.150000000000000000e+02 6.264546658983385615e-04
5.160000000000000000e+02 6.258453464151451408e-04
5.170000000000000000e+02 6.247789067497232533e-04
5.180000000000000000e+02 6.274729643065382785e-04
5.190000000000000000e+02 6.271515842266188511e-04
5.200000000000000000e+02 6.358207341093173289e-04
5.210000000000000000e+02 6.275448444822012434e-04
5.220000000000000000e+02 6.253165887427011849e-04
5.230000000000000000e+02 6.354434773302413807e-04
5.240000000000000000e+02 6.262815969385530750e-04
5.250000000000000000e+02 6.272598451393873124e-04
5.260000000000000000e+02 6.273502480877694463e-04
5.270000000000000000e+02 6.280158122994656438e-04
5.280000000000000000e+02 6.287454845359486885e-04
5.290000000000000000e+02 6.302251555725221950e-04
5.300000000000000000e+02 6.254541017447852371e-04
5.310000000000000000e+02 6.252148283395866143e-04
5.320000000000000000e+02 6.307435781813051489e-04
5.330000000000000000e+02 6.288716951889852932e-04
5.340000000000000000e+02 6.259782852641386074e-04
5.350000000000000000e+02 6.339498635009114787e-04
5.360000000000000000e+02 6.279756175753080762e-04
5.370000000000000000e+02 6.285270233972507520e-04
5.380000000000000000e+02 6.306283658721105424e-04
5.390000000000000000e+02 6.275997034216058545e-04
5.400000000000000000e+02 6.268207800113401781e-04
5.410000000000000000e+02 6.329790458255485277e-04
5.420000000000000000e+02 6.282019996924007987e-04
5.430000000000000000e+02 6.314313492457362866e-04
5.440000000000000000e+02 6.269415693306546692e-04
5.450000000000000000e+02 6.262843661119830247e-04
5.460000000000000000e+02 6.287500850366391572e-04
5.470000000000000000e+02 6.309212667818115934e-04
5.480000000000000000e+02 6.283196701424180247e-04
5.490000000000000000e+02 6.268731150554652772e-04
5.500000000000000000e+02 6.308783897006128979e-04
5.510000000000000000e+02 6.258712309040948473e-04
5.520000000000000000e+02 6.247279580017227069e-04
5.530000000000000000e+02 6.243544054355421600e-04
5.540000000000000000e+02 6.250393645081241817e-04
5.550000000000000000e+02 6.260934872328335985e-04
5.560000000000000000e+02 6.312375448559651289e-04
5.570000000000000000e+02 6.254971012991445605e-04
5.580000000000000000e+02 6.265882825534266993e-04
5.590000000000000000e+02 6.264743598321897804e-04
5.600000000000000000e+02 6.261074721246840617e-04
5.610000000000000000e+02 6.287912028843726771e-04
5.620000000000000000e+02 6.252863575732682663e-04
5.630000000000000000e+02 6.265825053993632956e-04
5.640000000000000000e+02 6.296782168349201883e-04
5.650000000000000000e+02 6.267823821585840650e-04
5.660000000000000000e+02 6.260427114831660506e-04
5.670000000000000000e+02 6.268884257461211163e-04
5.680000000000000000e+02 6.264417654586380314e-04
5.690000000000000000e+02 6.243331088503699345e-04
5.700000000000000000e+02 6.254895585571426100e-04
5.710000000000000000e+02 6.253774279582303627e-04
5.720000000000000000e+02 6.269049382112353323e-04
5.730000000000000000e+02 6.265414039471835271e-04
5.740000000000000000e+02 6.241514233049398012e-04
5.750000000000000000e+02 6.251324205793902479e-04
5.760000000000000000e+02 6.246882760031567238e-04
5.770000000000000000e+02 6.271773408466304635e-04
5.780000000000000000e+02 6.269623557823409852e-04
5.790000000000000000e+02 6.268186728027618686e-04
5.800000000000000000e+02 6.255161802996944513e-04
5.810000000000000000e+02 6.264423762023525310e-04
5.820000000000000000e+02 6.257231234795286980e-04
5.830000000000000000e+02 6.241541221561992467e-04
5.840000000000000000e+02 6.279875107968542394e-04
5.850000000000000000e+02 6.251120008656245626e-04
5.860000000000000000e+02 6.285776262370390685e-04
5.870000000000000000e+02 6.237667115814903365e-04
5.880000000000000000e+02 6.249319382496175499e-04
5.890000000000000000e+02 6.248603556375999669e-04
5.900000000000000000e+02 6.265667431881175508e-04
5.910000000000000000e+02 6.282671327756867742e-04
5.920000000000000000e+02 6.307245664652269806e-04
5.930000000000000000e+02 6.284898796561918339e-04
5.940000000000000000e+02 6.260890787053736278e-04
5.950000000000000000e+02 6.264888108155434185e-04
5.960000000000000000e+02 6.237623173716041851e-04
5.970000000000000000e+02 6.258646912088322058e-04
5.980000000000000000e+02 6.245842028163766171e-04
5.990000000000000000e+02 6.264678209355180414e-04
6.000000000000000000e+02 6.263206482081084799e-04
6.010000000000000000e+02 6.271943592936187004e-04
6.020000000000000000e+02 6.243750329455360947e-04
6.030000000000000000e+02 6.249233986412344906e-04
6.040000000000000000e+02 6.234314921283015719e-04
6.050000000000000000e+02 6.320378806303884964e-04
6.060000000000000000e+02 6.310120922222988305e-04
6.070000000000000000e+02 6.274078157495931651e-04
6.080000000000000000e+02 6.244861157373879324e-04
6.090000000000000000e+02 6.241346954484405189e-04
6.100000000000000000e+02 6.246358275589057466e-04
6.110000000000000000e+02 6.276720146369166959e-04
6.120000000000000000e+02 6.286920796942949228e-04
6.130000000000000000e+02 6.247916755226093962e-04
6.140000000000000000e+02 6.253058011940221955e-04
6.150000000000000000e+02 6.300459629602092691e-04
6.160000000000000000e+02 6.272913998024528441e-04
6.170000000000000000e+02 6.253686570513512137e-04
6.180000000000000000e+02 6.246132396830117103e-04
6.190000000000000000e+02 6.248267056875116653e-04
6.200000000000000000e+02 6.283017682565584681e-04
6.210000000000000000e+02 6.253639074894741740e-04
6.220000000000000000e+02 6.255511352103895577e-04
6.230000000000000000e+02 6.280355208356647309e-04
6.240000000000000000e+02 6.257720870156790842e-04
6.250000000000000000e+02 6.267266150515604390e-04
6.260000000000000000e+02 6.245508228493738996e-04
6.270000000000000000e+02 6.243998709969977075e-04
