0.000000000000000000e+00 2.111463159610509435e-04
1.000000000000000000e+00 1.051658695307287650e-04
2.000000000000000000e+00 7.801006912812605482e-05
3.000000000000000000e+00 6.900153928914079516e-05
4.000000000000000000e+00 3.997869962802555975e-05
5.000000000000000000e+00 3.342174823327273493e-05
6.000000000000000000e+00 4.242030537582461362e-05
7.000000000000000000e+00 2.877703206461115819e-05
8.000000000000000000e+00 2.345060658265923128e-05
9.000000000000000000e+00 2.552596731961392248e-05
1.000000000000000000e+01 2.931794967105012952e-05
1.100000000000000000e+01 4.540020882800528180e-05
1.200000000000000000e+01 2.280498348822383397e-05
1.300000000000000000e+01 2.357978140711545139e-05
1.400000000000000000e+01 2.338892936710726246e-05
1.500000000000000000e+01 1.756223074044645612e-05
1.600000000000000000e+01 1.660776314040316413e-05
1.700000000000000000e+01 1.556907677987448050e-05
1.800000000000000000e+01 2.656079273581605048e-05
1.900000000000000000e+01 1.814079718715087868e-05
2.000000000000000000e+01 1.311015757751895847e-05
2.100000000000000000e+01 1.843581061353521134e-05
2.200000000000000000e+01 1.514298918921207182e-05
2.300000000000000000e+01 1.415397205349788817e-05
2.400000000000000000e+01 1.407951354582083332e-05
2.500000000000000000e+01 1.698392222563668732e-05
2.600000000000000000e+01 2.264688391571648585e-05
2.700000000000000000e+01 4.610944439847104742e-05
2.800000000000000000e+01 1.984346589283562869e-05
2.900000000000000000e+01 1.861974660799258538e-05
3.000000000000000000e+01 2.030814936941309823e-05
3.100000000000000000e+01 1.602101161879232479e-05
3.200000000000000000e+01 1.977739072130774598e-05
3.300000000000000000e+01 2.195350355155532986e-05
3.400000000000000000e+01 2.321107546458001125e-05
3.500000000000000000e+01 1.304120392690747449e-05
3.600000000000000000e+01 1.516649007958966758e-05
3.700000000000000000e+01 1.172009528633463548e-05
3.800000000000000000e+01 2.730443868852685830e-05
3.900000000000000000e+01 3.762381980327324227e-05
4.000000000000000000e+01 1.261667634743817322e-05
4.100000000000000000e+01 4.741891207287235232e-05
4.200000000000000000e+01 2.013389001790883432e-05
4.300000000000000000e+01 1.105064967096435685e-05
4.400000000000000000e+01 1.328572518035511262e-05
4.500000000000000000e+01 1.208002005897215081e-05
4.600000000000000000e+01 1.114177608532652798e-05
4.700000000000000000e+01 9.087505887461176928e-06
4.800000000000000000e+01 9.781523882681268059e-06
4.900000000000000000e+01 1.244901629490570244e-05
5.000000000000000000e+01 2.858956540975770658e-05
5.100000000000000000e+01 2.028528838671680968e-05
5.200000000000000000e+01 1.723521294120590778e-05
5.300000000000000000e+01 1.628807139003831102e-05
5.400000000000000000e+01 1.090163149148711927e-05
5.500000000000000000e+01 1.149344901202925849e-05
5.600000000000000000e+01 1.169803004415248604e-05
5.700000000000000000e+01 1.083724314736415058e-05
5.800000000000000000e+01 8.873674105241109448e-06
5.900000000000000000e+01 9.052366674277218591e-06
6.000000000000000000e+01 1.089457659741014052e-05
6.100000000000000000e+01 1.364756676844129500e-05
6.200000000000000000e+01 9.149073769932769014e-06
6.300000000000000000e+01 9.564998417965929673e-06
6.400000000000000000e+01 8.540043306557409242e-06
6.500000000000000000e+01 1.220982373917129146e-05
6.600000000000000000e+01 1.355673584352626226e-05
6.700000000000000000e+01 1.539460157114459852e-05
6.800000000000000000e+01 1.720060430140771290e-05
6.900000000000000000e+01 1.121456459598644330e-05
7.000000000000000000e+01 1.332559550988252412e-05
7.100000000000000000e+01 9.814381784517240239e-06
7.200000000000000000e+01 1.549538141508951099e-05
7.300000000000000000e+01 1.847359138561287156e-05
7.400000000000000000e+01 1.484099614781679342e-05
7.500000000000000000e+01 1.439219639501276286e-05
7.600000000000000000e+01 1.189261086525774979e-05
7.700000000000000000e+01 1.296029561105084875e-05
7.800000000000000000e+01 1.319250509766620546e-05
7.900000000000000000e+01 1.317349692243595326e-05
8.000000000000000000e+01 1.389023539472988307e-05
8.100000000000000000e+01 9.191081910019149507e-06
8.200000000000000000e+01 1.174482672888400694e-05
8.300000000000000000e+01 7.148178998137994227e-06
8.400000000000000000e+01 1.032477319942951908e-05
8.500000000000000000e+01 1.014364080570435645e-05
8.600000000000000000e+01 9.867643646071171427e-06
8.700000000000000000e+01 1.089190530106657205e-05
8.800000000000000000e+01 1.236075048324027227e-05
8.900000000000000000e+01 2.045082217102612079e-05
9.000000000000000000e+01 1.133925872659484201e-05
9.100000000000000000e+01 8.011089499257656801e-06
9.200000000000000000e+01 9.440111836345103875e-06
9.300000000000000000e+01 1.103837098495387074e-05
9.400000000000000000e+01 6.932901137193549077e-06
9.500000000000000000e+01 7.727742361306998164e-06
9.600000000000000000e+01 1.324949938360806032e-05
9.700000000000000000e+01 1.263791516318272767e-05
9.800000000000000000e+01 1.187001761786976024e-05
9.900000000000000000e+01 1.559743454268056227e-05
1.000000000000000000e+02 1.434583867557481323e-05
1.010000000000000000e+02 9.911272768044646027e-06
1.020000000000000000e+02 7.633889000414724053e-06
1.030000000000000000e+02 8.459841931520076157e-06
1.040000000000000000e+02 1.226412158627362995e-05
1.050000000000000000e+02 1.025936980155904896e-05
1.060000000000000000e+02 7.292017708604017595e-06
1.070000000000000000e+02 1.072242246514372084e-05
1.080000000000000000e+02 1.071680657860361725e-05
1.090000000000000000e+02 5.990351626396833167e-06
1.100000000000000000e+02 7.388728858768451532e-06
1.110000000000000000e+02 6.551122822752036337e-06
1.120000000000000000e+02 1.077720455963081936e-05
1.130000000000000000e+02 1.723686861477614386e-05
1.140000000000000000e+02 9.268766028878892501e-06
1.150000000000000000e+02 7.180079265743016180e-06
1.160000000000000000e+02 1.212659685067899630e-05
1.170000000000000000e+02 1.005701135495447306e-05
1.180000000000000000e+02 8.014066014137264887e-06
1.190000000000000000e+02 8.288049862595395472e-06
1.200000000000000000e+02 7.912301724840211306e-06
1.210000000000000000e+02 6.401913022927254247e-06
1.220000000000000000e+02 1.169344833504643713e-05
1.230000000000000000e+02 1.111052013705733001e-05
1.240000000000000000e+02 7.876431329596446851e-06
1.250000000000000000e+02 6.222058946335907908e-06
1.260000000000000000e+02 6.519512671870784511e-06
1.270000000000000000e+02 8.310352753182734771e-06
1.280000000000000000e+02 7.912564491190900368e-06
1.290000000000000000e+02 7.230258254137274837e-06
1.300000000000000000e+02 9.765441734712558536e-06
1.310000000000000000e+02 7.508922986248359761e-06
1.320000000000000000e+02 8.610601267424667407e-06
1.330000000000000000e+02 7.282928959277714882e-06
1.340000000000000000e+02 6.607506390806802633e-06
1.350000000000000000e+02 6.872004405731342869e-06
1.360000000000000000e+02 9.878661821788113612e-06
1.370000000000000000e+02 7.889640477673091345e-06
1.380000000000000000e+02 7.354971411141493087e-06
1.390000000000000000e+02 6.722874637816926689e-06
1.400000000000000000e+02 1.172131593238657366e-05
1.410000000000000000e+02 1.358410730190686079e-05
1.420000000000000000e+02 8.114362616520541234e-06
1.430000000000000000e+02 6.127093739637064080e-06
1.440000000000000000e+02 8.069914036963632227e-06
1.450000000000000000e+02 7.095018148134783290e-06
1.460000000000000000e+02 6.810078201250809252e-06
1.470000000000000000e+02 8.923552954508618521e-06
1.480000000000000000e+02 1.250428963877220751e-05
1.490000000000000000e+02 7.213029649062769053e-06
1.500000000000000000e+02 8.777411644787696927e-06
1.510000000000000000e+02 8.180403520232811790e-06
1.520000000000000000e+02 6.893474700241294556e-06
1.530000000000000000e+02 6.792793370363360071e-06
1.540000000000000000e+02 5.195123350763880389e-06
1.550000000000000000e+02 8.028724823338658002e-06
1.560000000000000000e+02 6.834244691931517020e-06
1.570000000000000000e+02 6.223784117698102011e-06
1.580000000000000000e+02 5.907537914624480838e-06
1.590000000000000000e+02 4.866821751576869624e-06
1.600000000000000000e+02 6.377693157694016868e-06
1.610000000000000000e+02 9.468191575716278878e-06
1.620000000000000000e+02 5.031937599502525766e-06
1.630000000000000000e+02 6.661448968525294304e-06
1.640000000000000000e+02 5.197783659356140653e-06
1.650000000000000000e+02 5.579043192442076077e-06
1.660000000000000000e+02 9.920770859956997532e-06
1.670000000000000000e+02 1.115628340430485538e-05
1.680000000000000000e+02 8.187627871640704359e-06
1.690000000000000000e+02 9.133837517266685089e-06
1.700000000000000000e+02 6.384281709718212414e-06
1.710000000000000000e+02 1.337737893644433554e-05
1.720000000000000000e+02 5.599069864678460949e-06
1.730000000000000000e+02 7.193129760524456715e-06
1.740000000000000000e+02 5.314565246976116787e-06
1.750000000000000000e+02 5.753689887432497478e-06
1.760000000000000000e+02 6.302846870465391251e-06
1.770000000000000000e+02 1.360451667461622501e-05
1.780000000000000000e+02 8.803093328336754873e-06
1.790000000000000000e+02 4.743787201121529595e-06
1.800000000000000000e+02 5.578658047723086209e-06
1.810000000000000000e+02 5.672985142795853772e-06
1.820000000000000000e+02 1.114122630453682732e-05
1.830000000000000000e+02 7.534364042023140120e-06
1.840000000000000000e+02 7.183937912099683326e-06
1.850000000000000000e+02 6.209295973915237415e-06
1.860000000000000000e+02 4.799315797297803620e-06
1.870000000000000000e+02 4.509409283475212884e-06
1.880000000000000000e+02 4.286467695576008428e-06
1.890000000000000000e+02 4.163886566789126210e-06
1.900000000000000000e+02 7.472419669715099845e-06
1.910000000000000000e+02 6.539379735348561987e-06
1.920000000000000000e+02 5.440822689556128056e-06
1.930000000000000000e+02 4.399003962408459103e-06
1.940000000000000000e+02 1.023410967412586245e-05
1.950000000000000000e+02 6.151683673608122508e-06
1.960000000000000000e+02 4.560748223008253839e-06
1.970000000000000000e+02 8.721626148239743407e-06
1.980000000000000000e+02 9.862036140164614923e-06
1.990000000000000000e+02 1.013022144891141496e-05
2.000000000000000000e+02 5.794459415943250823e-06
2.010000000000000000e+02 6.970914258439856041e-06
2.020000000000000000e+02 6.660615393637945041e-06
2.030000000000000000e+02 7.509451289903772790e-06
2.040000000000000000e+02 1.093830590957837707e-05
2.050000000000000000e+02 9.118177428828893810e-06
2.060000000000000000e+02 4.945388891885598095e-06
2.070000000000000000e+02 4.273704457557747288e-06
2.080000000000000000e+02 4.418250330784014265e-06
2.090000000000000000e+02 4.092176234138649497e-06
2.100000000000000000e+02 4.909374089411598174e-06
2.110000000000000000e+02 7.639401632782383223e-06
2.120000000000000000e+02 6.865753901529306590e-06
2.130000000000000000e+02 5.166732670933322041e-06
2.140000000000000000e+02 4.911010340034114143e-06
2.150000000000000000e+02 5.336820398619829033e-06
2.160000000000000000e+02 3.686701133428381810e-06
2.170000000000000000e+02 4.681122848853776004e-06
2.180000000000000000e+02 4.056924804978953931e-06
2.190000000000000000e+02 3.627712711992114085e-06
2.200000000000000000e+02 5.722700260054071151e-06
2.210000000000000000e+02 1.103576805876962201e-05
2.220000000000000000e+02 4.748004864711592347e-06
2.230000000000000000e+02 3.953938311681300061e-06
2.240000000000000000e+02 3.750334796517022478e-06
2.250000000000000000e+02 4.195988561882465655e-06
2.260000000000000000e+02 4.073812654100710755e-06
2.270000000000000000e+02 3.760551560995486571e-06
2.280000000000000000e+02 4.284665207856208355e-06
2.290000000000000000e+02 4.113724087100316569e-06
2.300000000000000000e+02 5.145219274034067372e-06
2.310000000000000000e+02 7.747614913946906964e-06
2.320000000000000000e+02 3.616116242430212094e-06
2.330000000000000000e+02 4.539092067808775437e-06
2.340000000000000000e+02 5.064597186601931607e-06
2.350000000000000000e+02 5.550420530173166546e-06
2.360000000000000000e+02 5.075923775164177354e-06
2.370000000000000000e+02 4.079912288515069086e-06
2.380000000000000000e+02 4.962731978792093224e-06
2.390000000000000000e+02 4.670455802136706015e-06
2.400000000000000000e+02 4.625849819418154985e-06
2.410000000000000000e+02 4.729211468290072427e-06
2.420000000000000000e+02 4.765000335885710334e-06
2.430000000000000000e+02 4.106558554557779662e-06
2.440000000000000000e+02 4.262401028785616251e-06
2.450000000000000000e+02 5.617744409547833874e-06
2.460000000000000000e+02 5.216027788956758566e-06
2.470000000000000000e+02 5.030262288762551080e-06
2.480000000000000000e+02 4.843091590974681278e-06
2.490000000000000000e+02 4.938435780125498731e-06
2.500000000000000000e+02 7.619248058632449313e-06
2.510000000000000000e+02 5.234006517804045197e-06
2.520000000000000000e+02 4.318768214047463649e-06
2.530000000000000000e+02 3.867789913185578767e-06
2.540000000000000000e+02 3.193071926458074560e-06
2.550000000000000000e+02 4.924513804663428098e-06
2.560000000000000000e+02 8.606201757528288723e-06
2.570000000000000000e+02 5.181695470831993622e-06
2.580000000000000000e+02 3.302568237284571541e-06
2.590000000000000000e+02 5.077323183969492310e-06
2.600000000000000000e+02 3.240131191908920426e-06
2.610000000000000000e+02 4.850080768818924222e-06
2.620000000000000000e+02 5.825844935265412939e-06
2.630000000000000000e+02 7.795551792597844314e-06
2.640000000000000000e+02 4.631944170901464551e-06
2.650000000000000000e+02 4.668604251603042497e-06
2.660000000000000000e+02 4.073073802823839978e-06
2.670000000000000000e+02 2.833186767845364503e-06
2.680000000000000000e+02 3.526226411238447817e-06
2.690000000000000000e+02 4.519643667296795267e-06
2.700000000000000000e+02 5.434337814749352215e-06
2.710000000000000000e+02 5.011898818744431826e-06
2.720000000000000000e+02 4.262912696000082777e-06
2.730000000000000000e+02 3.401334823705052176e-06
2.740000000000000000e+02 3.253014956224231289e-06
2.750000000000000000e+02 5.205313451330571271e-06
2.760000000000000000e+02 4.524377661887540185e-06
2.770000000000000000e+02 4.524213931501655743e-06
2.780000000000000000e+02 3.898453792743757730e-06
2.790000000000000000e+02 3.461892310963282820e-06
2.800000000000000000e+02 4.413134641261913518e-06
2.810000000000000000e+02 4.153375138607416787e-06
2.820000000000000000e+02 3.804595798659597439e-06
2.830000000000000000e+02 5.576710426019020789e-06
2.840000000000000000e+02 3.604415213567382245e-06
2.850000000000000000e+02 2.723819554274436628e-06
2.860000000000000000e+02 3.027884458857057586e-06
2.870000000000000000e+02 4.141791580904513708e-06
2.880000000000000000e+02 4.386934287477383377e-06
2.890000000000000000e+02 3.127587428586128221e-06
2.900000000000000000e+02 3.976633922488313846e-06
2.910000000000000000e+02 4.235678001205164174e-06
2.920000000000000000e+02 3.114640961465750424e-06
2.930000000000000000e+02 2.974710502124997348e-06
2.940000000000000000e+02 3.191159619975573363e-06
2.950000000000000000e+02 2.887134305560872281e-06
2.960000000000000000e+02 3.278357937138862174e-06
2.970000000000000000e+02 3.532055391676010743e-06
2.980000000000000000e+02 3.840600163904636245e-06
2.990000000000000000e+02 4.426342975700404782e-06
3.000000000000000000e+02 5.312283081356734576e-06
3.010000000000000000e+02 3.317881386385236997e-06
3.020000000000000000e+02 3.704182943233844305e-06
3.030000000000000000e+02 2.825931482029173909e-06
3.040000000000000000e+02 3.013129637529922700e-06
3.050000000000000000e+02 3.543766445936604137e-06
3.060000000000000000e+02 3.216891656964919049e-06
3.070000000000000000e+02 2.935722173676971152e-06
3.080000000000000000e+02 2.581129923736610308e-06
3.090000000000000000e+02 3.674697758071893049e-06
3.100000000000000000e+02 3.837049751927426976e-06
3.110000000000000000e+02 3.146322422485518938e-06
3.120000000000000000e+02 3.143313581665167000e-06
3.130000000000000000e+02 2.992710232259646101e-06
3.140000000000000000e+02 3.582926617243939903e-06
3.150000000000000000e+02 3.296383959016533073e-06
3.160000000000000000e+02 2.610400962543059846e-06
3.170000000000000000e+02 3.098175269832401946e-06
3.180000000000000000e+02 3.290194041011233931e-06
3.190000000000000000e+02 3.053854531027672160e-06
3.200000000000000000e+02 2.578230729211378048e-06
3.210000000000000000e+02 3.708826577023333768e-06
3.220000000000000000e+02 2.724712843345857992e-06
3.230000000000000000e+02 2.456926524296776001e-06
3.240000000000000000e+02 2.261308865728257040e-06
3.250000000000000000e+02 3.018223089684589782e-06
3.260000000000000000e+02 4.975993727504382806e-06
3.270000000000000000e+02 6.474478330718003963e-06
3.280000000000000000e+02 2.270908031895326691e-06
3.290000000000000000e+02 2.842822336767464199e-06
3.300000000000000000e+02 2.472410040041085156e-06
3.310000000000000000e+02 3.147116953259521887e-06
3.320000000000000000e+02 3.035349757871187730e-06
3.330000000000000000e+02 3.912063560894141686e-06
3.340000000000000000e+02 3.328944847118272649e-06
3.350000000000000000e+02 3.236423953471525465e-06
3.360000000000000000e+02 3.292415864806620127e-06
3.370000000000000000e+02 2.563117547850730127e-06
3.380000000000000000e+02 2.811125185721200119e-06
3.390000000000000000e+02 4.241040924789786584e-06
3.400000000000000000e+02 3.240515223366033845e-06
3.410000000000000000e+02 2.485285032197966072e-06
3.420000000000000000e+02 2.617067573422589296e-06
3.430000000000000000e+02 2.712804712278248456e-06
3.440000000000000000e+02 3.434689602092767993e-06
3.450000000000000000e+02 3.044963539874608154e-06
3.460000000000000000e+02 2.983036541052478305e-06
3.470000000000000000e+02 2.534591969263415635e-06
3.480000000000000000e+02 3.361433447362607189e-06
3.490000000000000000e+02 2.552586121050033680e-06
3.500000000000000000e+02 3.733539351143478951e-06
3.510000000000000000e+02 2.628437666953650838e-06
3.520000000000000000e+02 2.239635577513917659e-06
3.530000000000000000e+02 3.172457653422920722e-06
3.540000000000000000e+02 3.117422821175114415e-06
3.550000000000000000e+02 2.577716764000933580e-06
3.560000000000000000e+02 3.426629129578514228e-06
3.570000000000000000e+02 2.590835151686426147e-06
3.580000000000000000e+02 2.135049969855318826e-06
3.590000000000000000e+02 2.336654030231399988e-06
3.600000000000000000e+02 4.859593238356550321e-06
3.610000000000000000e+02 2.793099418884278041e-06
3.620000000000000000e+02 3.248603166883783122e-06
3.630000000000000000e+02 1.945950590166775494e-06
3.640000000000000000e+02 2.133290519946270470e-06
3.650000000000000000e+02 2.185385190685677543e-06
3.660000000000000000e+02 2.417484226741337102e-06
3.670000000000000000e+02 2.611216739207323524e-06
3.680000000000000000e+02 2.659682046285414965e-06
3.690000000000000000e+02 2.502471549919484541e-06
3.700000000000000000e+02 2.824258888745960902e-06
3.710000000000000000e+02 2.803412639026519250e-06
3.720000000000000000e+02 2.601161574772293644e-06
3.730000000000000000e+02 2.430922305045607016e-06
3.740000000000000000e+02 1.980305200097403423e-06
3.750000000000000000e+02 2.629087370305326666e-06
3.760000000000000000e+02 2.486537526533979948e-06
3.770000000000000000e+02 2.494181314624009132e-06
3.780000000000000000e+02 2.031376624384697012e-06
3.790000000000000000e+02 2.005089942063095290e-06
3.800000000000000000e+02 3.252853070982270261e-06
3.810000000000000000e+02 2.610044478120198404e-06
3.820000000000000000e+02 2.358411833786998837e-06
3.830000000000000000e+02 2.687720473726438065e-06
3.840000000000000000e+02 2.726854438850779580e-06
3.850000000000000000e+02 3.021027650765237615e-06
3.860000000000000000e+02 2.657332914022092441e-06
3.870000000000000000e+02 2.760940627022441923e-06
3.880000000000000000e+02 1.974901087941145674e-06
3.890000000000000000e+02 2.653699111828956791e-06
3.900000000000000000e+02 1.952943042210861692e-06
3.910000000000000000e+02 1.992707895133879852e-06
3.920000000000000000e+02 2.266591080953933451e-06
3.930000000000000000e+02 1.945961063805269545e-06
3.940000000000000000e+02 2.184585906156200209e-06
3.950000000000000000e+02 1.952814985012663783e-06
3.960000000000000000e+02 2.308347574526515662e-06
3.970000000000000000e+02 2.352668967550573237e-06
3.980000000000000000e+02 2.742018508863104947e-06
3.990000000000000000e+02 2.389929708398946549e-06
4.000000000000000000e+02 2.428735993866190872e-06
4.010000000000000000e+02 2.694561705187986998e-06
4.020000000000000000e+02 3.184261688725124672e-06
4.030000000000000000e+02 2.333492106849616962e-06
4.040000000000000000e+02 1.905297049403144891e-06
4.050000000000000000e+02 2.545776730502096904e-06
4.060000000000000000e+02 1.894239181779360673e-06
4.070000000000000000e+02 2.586720868790183103e-06
4.080000000000000000e+02 2.083670220926579956e-06
4.090000000000000000e+02 2.208407120582117353e-06
4.100000000000000000e+02 1.591863621190614410e-06
4.110000000000000000e+02 2.394708862224998085e-06
4.120000000000000000e+02 3.492248786691435897e-06
4.130000000000000000e+02 2.674039565596231989e-06
4.140000000000000000e+02 1.959901899262390770e-06
4.150000000000000000e+02 1.583074328589964778e-06
4.160000000000000000e+02 1.874444143101056896e-06
4.170000000000000000e+02 1.868954696430512970e-06
4.180000000000000000e+02 1.783185535575981634e-06
4.190000000000000000e+02 1.965395466952624631e-06
4.200000000000000000e+02 1.808934001020254617e-06
4.210000000000000000e+02 1.926250253853898942e-06
4.220000000000000000e+02 1.599639607924576590e-06
4.230000000000000000e+02 1.827663428742613892e-06
4.240000000000000000e+02 1.627440138794018840e-06
4.250000000000000000e+02 2.080196470596462508e-06
4.260000000000000000e+02 1.932857687436773054e-06
4.270000000000000000e+02 2.248875513328963649e-06
4.280000000000000000e+02 2.043303547075899911e-06
4.290000000000000000e+02 2.334238940235922646e-06
4.300000000000000000e+02 1.757299180454794948e-06
4.310000000000000000e+02 2.231001106215058589e-06
4.320000000000000000e+02 1.702863759350288960e-06
4.330000000000000000e+02 1.662778289132580884e-06
4.340000000000000000e+02 1.775484233690631771e-06
4.350000000000000000e+02 2.332881535427987298e-06
4.360000000000000000e+02 2.550531316452765016e-06
4.370000000000000000e+02 2.083381380771589458e-06
4.380000000000000000e+02 2.737309753124770649e-06
4.390000000000000000e+02 1.707217451316408974e-06
4.400000000000000000e+02 1.565548875427099458e-06
4.410000000000000000e+02 1.873731515148600099e-06
4.420000000000000000e+02 2.424904584214876980e-06
4.430000000000000000e+02 2.594455290949857367e-06
4.440000000000000000e+02 2.159742287483282721e-06
4.450000000000000000e+02 1.753104860626387689e-06
4.460000000000000000e+02 1.468190980848764152e-06
4.470000000000000000e+02 1.351435076525553307e-06
4.480000000000000000e+02 1.742271627843480619e-06
4.490000000000000000e+02 3.521508945427337251e-06
4.500000000000000000e+02 2.892257016751573354e-06
4.510000000000000000e+02 2.503379276788525240e-06
4.520000000000000000e+02 2.726611319396594327e-06
4.530000000000000000e+02 1.721089722731848443e-06
4.540000000000000000e+02 1.524936624430224423e-06
4.550000000000000000e+02 1.634058622674651141e-06
4.560000000000000000e+02 1.931817943256159968e-06
4.570000000000000000e+02 1.594953280746016339e-06
4.580000000000000000e+02 1.674625351741215640e-06
4.590000000000000000e+02 4.615126912297902628e-06
4.600000000000000000e+02 2.233271297837724723e-06
4.610000000000000000e+02 1.803233431057660484e-06
4.620000000000000000e+02 1.798350738819341783e-06
4.630000000000000000e+02 2.323952331174394859e-06
4.640000000000000000e+02 1.777084995491990818e-06
4.650000000000000000e+02 3.099253831821107852e-06
4.660000000000000000e+02 1.842644951649710959e-06
4.670000000000000000e+02 2.298504443170902256e-06
4.680000000000000000e+02 2.328782195438559296e-06
4.690000000000000000e+02 1.544560448417620164e-06
4.700000000000000000e+02 1.843431473158930837e-06
4.710000000000000000e+02 2.479098394604292795e-06
4.720000000000000000e+02 2.546816932931244883e-06
4.730000000000000000e+02 1.787430640063149275e-06
4.740000000000000000e+02 1.943347284562122922e-06
4.750000000000000000e+02 1.690561372894148962e-06
4.760000000000000000e+02 1.437854735379339945e-06
4.770000000000000000e+02 1.535152557087711416e-06
4.780000000000000000e+02 1.539417604472897800e-06
4.790000000000000000e+02 2.404379189367572075e-06
4.800000000000000000e+02 2.440909734270187998e-06
4.810000000000000000e+02 2.076629015740304315e-06
4.820000000000000000e+02 2.742187014060678781e-06
4.830000000000000000e+02 2.527278306309854187e-06
4.840000000000000000e+02 1.900658267000162406e-06
4.850000000000000000e+02 1.502513175949209739e-06
4.860000000000000000e+02 1.741803054749492505e-06
4.870000000000000000e+02 1.893370285066911415e-06
4.880000000000000000e+02 1.549223287190204647e-06
4.890000000000000000e+02 1.646785051463444692e-06
4.900000000000000000e+02 1.307958192654138319e-06
4.910000000000000000e+02 1.312941575091694809e-06
4.920000000000000000e+02 1.564455525291462489e-06
4.930000000000000000e+02 1.474892980971211793e-06
4.940000000000000000e+02 1.333740757767619344e-06
4.950000000000000000e+02 1.466227403638245914e-06
4.960000000000000000e+02 1.618468103423708817e-06
4.970000000000000000e+02 1.599220987552881357e-06
4.980000000000000000e+02 1.721898009020205187e-06
4.990000000000000000e+02 1.423683036814664538e-06
5.000000000000000000e+02 1.366125231583039542e-06
5.010000000000000000e+02 1.513944103203378140e-06
5.020000000000000000e+02 1.352204867257127358e-06
5.030000000000000000e+02 1.942960598615525159e-06
5.040000000000000000e+02 2.114591212095280976e-06
5.050000000000000000e+02 1.437722222217385235e-06
5.060000000000000000e+02 1.405438328387425710e-06
5.070000000000000000e+02 1.437205982135602219e-06
5.080000000000000000e+02 1.590473814880461889e-06
5.090000000000000000e+02 1.469188336335570831e-06
5.100000000000000000e+02 1.300662114166902436e-06
5.110000000000000000e+02 1.631358061487627734e-06
5.120000000000000000e+02 1.590031281590653113e-06
5.130000000000000000e+02 1.357407303482168463e-06
5.140000000000000000e+02 1.776523474108241789e-06
5.150000000000000000e+02 1.657198949979640920e-06
5.160000000000000000e+02 1.450645510740497009e-06
5.170000000000000000e+02 1.410885072811465578e-06
5.180000000000000000e+02 1.566931968394621753e-06
5.190000000000000000e+02 1.433864798746621999e-06
5.200000000000000000e+02 1.408925807992559866e-06
5.210000000000000000e+02 1.390387263983484789e-06
5.220000000000000000e+02 1.295443523257988587e-06
5.230000000000000000e+02 1.525756615740359234e-06
5.240000000000000000e+02 1.450913710322803751e-06
5.250000000000000000e+02 1.740677823050179540e-06
5.260000000000000000e+02 1.538066464944504038e-06
5.270000000000000000e+02 1.190409764102549135e-06
5.280000000000000000e+02 1.566698789057516417e-06
5.290000000000000000e+02 1.603143290899644351e-06
5.300000000000000000e+02 1.397404249412459955e-06
5.310000000000000000e+02 1.458878210582534485e-06
5.320000000000000000e+02 1.261084804395556151e-06
5.330000000000000000e+02 1.397011465564927255e-06
5.340000000000000000e+02 1.473558741858414853e-06
5.350000000000000000e+02 1.507321281456780478e-06
5.360000000000000000e+02 1.365524091591904220e-06
5.370000000000000000e+02 1.283357656974658994e-06
5.380000000000000000e+02 1.321985405851943941e-06
5.390000000000000000e+02 1.303291320011340014e-06
5.400000000000000000e+02 1.419739658243554593e-06
5.410000000000000000e+02 1.513745210507003959e-06
5.420000000000000000e+02 1.430502140737651809e-06
5.430000000000000000e+02 1.189098147928602354e-06
5.440000000000000000e+02 1.374057233183627510e-06
5.450000000000000000e+02 1.333722007866274501e-06
5.460000000000000000e+02 1.549446669905863337e-06
5.470000000000000000e+02 1.815706288662002602e-06
5.480000000000000000e+02 1.615903426916639783e-06
5.490000000000000000e+02 1.378136317023548269e-06
5.500000000000000000e+02 1.407132261560677019e-06
5.510000000000000000e+02 1.379705445778178967e-06
5.520000000000000000e+02 1.297746555485208935e-06
5.530000000000000000e+02 1.294407234228248307e-06
5.540000000000000000e+02 1.401433756219367864e-06
5.550000000000000000e+02 1.370229615730174152e-06
5.560000000000000000e+02 1.453812986476574245e-06
5.570000000000000000e+02 1.395125063123382588e-06
5.580000000000000000e+02 1.473540287689502270e-06
5.590000000000000000e+02 1.245181207654296180e-06
5.600000000000000000e+02 1.714649725046864983e-06
5.610000000000000000e+02 1.572268501973034337e-06
5.620000000000000000e+02 1.433823326633606114e-06
5.630000000000000000e+02 1.454891420775835635e-06
5.640000000000000000e+02 1.354338844146479292e-06
5.650000000000000000e+02 1.409336614392751223e-06
5.660000000000000000e+02 1.222439512529323498e-06
5.670000000000000000e+02 1.557865502571677308e-06
5.680000000000000000e+02 1.521128249999503977e-06
5.690000000000000000e+02 1.550109011941015237e-06
5.700000000000000000e+02 1.339378113060944607e-06
5.710000000000000000e+02 1.610363428367599351e-06
5.720000000000000000e+02 1.692833048273353775e-06
5.730000000000000000e+02 1.280351084445876941e-06
5.740000000000000000e+02 1.247131674973580949e-06
5.750000000000000000e+02 1.450509807639794926e-06
5.760000000000000000e+02 1.496177461966338010e-06
5.770000000000000000e+02 1.375315656031115995e-06
5.780000000000000000e+02 1.231007721992087658e-06
