0.000000000000000000e+00 2.360150635734841330e-04
1.000000000000000000e+00 1.688739630330490251e-04
2.000000000000000000e+00 1.323339432395164090e-04
3.000000000000000000e+00 7.923841365412690493e-05
4.000000000000000000e+00 6.480159051866263330e-05
5.000000000000000000e+00 6.294668709709547757e-05
6.000000000000000000e+00 8.347006972968427853e-05
7.000000000000000000e+00 1.464825278863037591e-04
8.000000000000000000e+00 9.070434583292964000e-05
9.000000000000000000e+00 6.346597191282225294e-05
1.000000000000000000e+01 7.558370683671304592e-05
1.100000000000000000e+01 6.137522491930574257e-05
1.200000000000000000e+01 6.121259276929082898e-05
1.300000000000000000e+01 5.908780489922552971e-05
1.400000000000000000e+01 5.751993179168200327e-05
1.500000000000000000e+01 5.991291046171758598e-05
1.600000000000000000e+01 6.314283593704283939e-05
1.700000000000000000e+01 6.730132086610969479e-05
1.800000000000000000e+01 5.644157114464124934e-05
1.900000000000000000e+01 5.519900086521929814e-05
2.000000000000000000e+01 6.037486996832752874e-05
2.100000000000000000e+01 5.706749793452768361e-05
2.200000000000000000e+01 6.035701698337017992e-05
2.300000000000000000e+01 5.833962517385253799e-05
2.400000000000000000e+01 6.225154506438897975e-05
2.500000000000000000e+01 5.130298645128391613e-05
2.600000000000000000e+01 5.442035581257604861e-05
2.700000000000000000e+01 5.347640628812815532e-05
2.800000000000000000e+01 5.410385541188453512e-05
2.900000000000000000e+01 5.098619289306149818e-05
3.000000000000000000e+01 5.387188870400120416e-05
3.100000000000000000e+01 5.485570262945339463e-05
3.200000000000000000e+01 6.015503907372801360e-05
3.300000000000000000e+01 5.835798724151810624e-05
3.400000000000000000e+01 5.367525833928016104e-05
3.500000000000000000e+01 5.323770774340116923e-05
3.600000000000000000e+01 5.505093198222285800e-05
3.700000000000000000e+01 5.030627638035343389e-05
3.800000000000000000e+01 5.417263474730527691e-05
3.900000000000000000e+01 7.661635238465197540e-05
4.000000000000000000e+01 5.762829778772211154e-05
4.100000000000000000e+01 5.195030252802941101e-05
4.200000000000000000e+01 5.369117634501496393e-05
4.300000000000000000e+01 5.185387893206167356e-05
4.400000000000000000e+01 6.340157723301118454e-05
4.500000000000000000e+01 6.057829253002756042e-05
4.600000000000000000e+01 5.368176653980607951e-05
4.700000000000000000e+01 5.314981539256075836e-05
4.800000000000000000e+01 5.073491267937640296e-05
4.900000000000000000e+01 5.210881053420321441e-05
5.000000000000000000e+01 5.090209148223204244e-05
5.100000000000000000e+01 5.294683751602625494e-05
5.200000000000000000e+01 5.171573697641721845e-05
5.300000000000000000e+01 5.737615934929390633e-05
5.400000000000000000e+01 5.417562252833557808e-05
5.500000000000000000e+01 5.379423728898748418e-05
5.600000000000000000e+01 5.597961234469204969e-05
5.700000000000000000e+01 5.485577444381786765e-05
5.800000000000000000e+01 5.125325714096477662e-05
5.900000000000000000e+01 5.328712849100404397e-05
6.000000000000000000e+01 5.306385515958651858e-05
6.100000000000000000e+01 5.464913031107087834e-05
6.200000000000000000e+01 5.540764584669795350e-05
6.300000000000000000e+01 5.402881113900099018e-05
6.400000000000000000e+01 5.762033733764914805e-05
6.500000000000000000e+01 5.390538753577946087e-05
6.600000000000000000e+01 5.014611540045215126e-05
6.700000000000000000e+01 4.994994694354920075e-05
6.800000000000000000e+01 5.062107012853865259e-05
6.900000000000000000e+01 6.139367341315874556e-05
7.000000000000000000e+01 5.390724846391451315e-05
7.100000000000000000e+01 5.160464060693357752e-05
7.200000000000000000e+01 5.344743103902283233e-05
7.300000000000000000e+01 5.428967173624093981e-05
7.400000000000000000e+01 5.512497101179491236e-05
7.500000000000000000e+01 5.365656754957804286e-05
7.600000000000000000e+01 5.316493044992116575e-05
7.700000000000000000e+01 5.129100677812846747e-05
7.800000000000000000e+01 4.998202183734218659e-05
7.900000000000000000e+01 5.352456621496446602e-05
8.000000000000000000e+01 5.134733297913406748e-05
8.100000000000000000e+01 4.891909724067702826e-05
8.200000000000000000e+01 5.564797653929549713e-05
8.300000000000000000e+01 5.205938610270657347e-05
8.400000000000000000e+01 4.970756431001166644e-05
8.500000000000000000e+01 5.511858165118570848e-05
8.600000000000000000e+01 5.064622484405170504e-05
8.700000000000000000e+01 4.966801749386893567e-05
8.800000000000000000e+01 5.156670224970547642e-05
8.900000000000000000e+01 5.017552885881965217e-05
9.000000000000000000e+01 5.339731677357579192e-05
9.100000000000000000e+01 6.022475713181704482e-05
9.200000000000000000e+01 5.392617621096726371e-05
9.300000000000000000e+01 5.387583638452827405e-05
9.400000000000000000e+01 5.404081926278452952e-05
9.500000000000000000e+01 5.029203724752446067e-05
9.600000000000000000e+01 5.387829592897543817e-05
9.700000000000000000e+01 6.095905332951742119e-05
9.800000000000000000e+01 5.043545215810426685e-05
9.900000000000000000e+01 5.719581797367549812e-05
1.000000000000000000e+02 5.532659577178367132e-05
1.010000000000000000e+02 5.120301490723433929e-05
1.020000000000000000e+02 5.186208305485720744e-05
1.030000000000000000e+02 5.079755811142034163e-05
1.040000000000000000e+02 5.019369248296881326e-05
1.050000000000000000e+02 5.130359148943441049e-05
1.060000000000000000e+02 5.361721196191772230e-05
1.070000000000000000e+02 5.314688110262453900e-05
1.080000000000000000e+02 5.354711953409049878e-05
1.090000000000000000e+02 5.235327441574672295e-05
1.100000000000000000e+02 5.041439515457706456e-05
1.110000000000000000e+02 5.302510309660995872e-05
1.120000000000000000e+02 5.438731249807978076e-05
1.130000000000000000e+02 5.366870732840959749e-05
1.140000000000000000e+02 5.260037370486257842e-05
1.150000000000000000e+02 5.067058328307064792e-05
1.160000000000000000e+02 5.801359994062965452e-05
1.170000000000000000e+02 5.002899215071967014e-05
1.180000000000000000e+02 4.932206159370210971e-05
1.190000000000000000e+02 5.012347186174061334e-05
1.200000000000000000e+02 4.920464842656234765e-05
1.210000000000000000e+02 5.091067102851007967e-05
1.220000000000000000e+02 5.122222307040099622e-05
1.230000000000000000e+02 4.970132647793413491e-05
1.240000000000000000e+02 4.887367991661260613e-05
1.250000000000000000e+02 5.057756178892492348e-05
1.260000000000000000e+02 4.927750575732584004e-05
1.270000000000000000e+02 4.885967217844556859e-05
1.280000000000000000e+02 5.002048420033295784e-05
1.290000000000000000e+02 5.055834551088401546e-05
1.300000000000000000e+02 4.881163919302661686e-05
1.310000000000000000e+02 5.100207610402460260e-05
1.320000000000000000e+02 5.086696079852819839e-05
1.330000000000000000e+02 4.960809111399667456e-05
1.340000000000000000e+02 4.949508094611365568e-05
1.350000000000000000e+02 4.919064890563179879e-05
1.360000000000000000e+02 5.149522444975626026e-05
1.370000000000000000e+02 5.041107777562139479e-05
1.380000000000000000e+02 4.901465467207881816e-05
1.390000000000000000e+02 5.288629430018810287e-05
1.400000000000000000e+02 4.877898595395071846e-05
1.410000000000000000e+02 4.825017533676076984e-05
1.420000000000000000e+02 5.352970085165270912e-05
1.430000000000000000e+02 4.900572661906938641e-05
1.440000000000000000e+02 4.974319808812861083e-05
1.450000000000000000e+02 5.020088835285964443e-05
1.460000000000000000e+02 5.020699222938918732e-05
1.470000000000000000e+02 4.988711086059787446e-05
1.480000000000000000e+02 4.970721574230446390e-05
1.490000000000000000e+02 4.931379722264456905e-05
1.500000000000000000e+02 4.977598560049416012e-05
1.510000000000000000e+02 5.064257834114403918e-05
1.520000000000000000e+02 5.251969342293130819e-05
1.530000000000000000e+02 4.886534380677637709e-05
1.540000000000000000e+02 5.136210746025864180e-05
1.550000000000000000e+02 4.776042535936133020e-05
1.560000000000000000e+02 4.757756068093278197e-05
1.570000000000000000e+02 4.672593823311530853e-05
1.580000000000000000e+02 4.813055249456440966e-05
1.590000000000000000e+02 4.635768818188398669e-05
1.600000000000000000e+02 4.434569646635426406e-05
1.610000000000000000e+02 4.407939034678416159e-05
1.620000000000000000e+02 4.352005483571041165e-05
1.630000000000000000e+02 4.056441048744829258e-05
1.640000000000000000e+02 4.362224096716323910e-05
1.650000000000000000e+02 4.385176814639683607e-05
1.660000000000000000e+02 3.944520577095489422e-05
1.670000000000000000e+02 3.876082272658528581e-05
1.680000000000000000e+02 3.649752548970161813e-05
1.690000000000000000e+02 3.580981209386221802e-05
1.700000000000000000e+02 3.287204713550483597e-05
1.710000000000000000e+02 3.583169640231801745e-05
1.720000000000000000e+02 3.061909133988997633e-05
1.730000000000000000e+02 2.965937906668663141e-05
1.740000000000000000e+02 2.949675174318941624e-05
1.750000000000000000e+02 2.851493602800271492e-05
1.760000000000000000e+02 2.725934803310459513e-05
1.770000000000000000e+02 2.656238977764180075e-05
1.780000000000000000e+02 2.491756441588198435e-05
1.790000000000000000e+02 2.403726679003172418e-05
1.800000000000000000e+02 2.536337932156777886e-05
1.810000000000000000e+02 2.333767326628302292e-05
1.820000000000000000e+02 2.418631581721089605e-05
1.830000000000000000e+02 2.408491682415665158e-05
1.840000000000000000e+02 2.235345625212231289e-05
1.850000000000000000e+02 2.191817147101479175e-05
1.860000000000000000e+02 2.239636980586513323e-05
1.870000000000000000e+02 2.195242044790387842e-05
1.880000000000000000e+02 2.180660211484071787e-05
1.890000000000000000e+02 2.152254367865422244e-05
1.900000000000000000e+02 2.285148766043574361e-05
1.910000000000000000e+02 2.204967186324182800e-05
1.920000000000000000e+02 2.167435346294565587e-05
1.930000000000000000e+02 2.192995992056873220e-05
1.940000000000000000e+02 2.222259252094706291e-05
1.950000000000000000e+02 2.186113657508608567e-05
1.960000000000000000e+02 2.121471531259908777e-05
1.970000000000000000e+02 2.097122556611714196e-05
1.980000000000000000e+02 2.062375643821485707e-05
1.990000000000000000e+02 2.146756002617076494e-05
2.000000000000000000e+02 2.480490417356623060e-05
2.010000000000000000e+02 2.276635773077696556e-05
2.020000000000000000e+02 2.179522682207027178e-05
2.030000000000000000e+02 2.256953768999607718e-05
2.040000000000000000e+02 2.173287325684828685e-05
2.050000000000000000e+02 2.233480448918312227e-05
2.060000000000000000e+02 2.109587963023041744e-05
2.070000000000000000e+02 2.140087667615363996e-05
2.080000000000000000e+02 2.114195202959212656e-05
2.090000000000000000e+02 2.142093565374442234e-05
2.100000000000000000e+02 2.141556835431704080e-05
2.110000000000000000e+02 2.127857921671987706e-05
2.120000000000000000e+02 2.170072877841567932e-05
2.130000000000000000e+02 2.127541991194564745e-05
2.140000000000000000e+02 2.124393072999968945e-05
2.150000000000000000e+02 2.188138337452131689e-05
2.160000000000000000e+02 2.148522070562825087e-05
2.170000000000000000e+02 2.106537633597360695e-05
2.180000000000000000e+02 2.063098562723168720e-05
2.190000000000000000e+02 2.160037460077129728e-05
2.200000000000000000e+02 2.124511800443884245e-05
2.210000000000000000e+02 2.140736408648017595e-05
2.220000000000000000e+02 2.192654864005466188e-05
2.230000000000000000e+02 2.126314291998485719e-05
2.240000000000000000e+02 2.083664157783553114e-05
2.250000000000000000e+02 2.110028886767498677e-05
2.260000000000000000e+02 2.094170372171264864e-05
2.270000000000000000e+02 2.172429065865966110e-05
2.280000000000000000e+02 2.104669926178742828e-05
2.290000000000000000e+02 2.119463806830776173e-05
2.300000000000000000e+02 2.218195924950122186e-05
2.310000000000000000e+02 2.056306301171959035e-05
2.320000000000000000e+02 2.087470802427089268e-05
2.330000000000000000e+02 2.424546882694089139e-05
2.340000000000000000e+02 2.063674103382777587e-05
2.350000000000000000e+02 2.127808529945169786e-05
2.360000000000000000e+02 2.044304412028007201e-05
2.370000000000000000e+02 2.094537417272038219e-05
2.380000000000000000e+02 2.159896228568970218e-05
2.390000000000000000e+02 2.112940046302669273e-05
2.400000000000000000e+02 2.051350715182788278e-05
2.410000000000000000e+02 2.044009143210469626e-05
2.420000000000000000e+02 2.072798706601028371e-05
2.430000000000000000e+02 2.043079240706109246e-05
2.440000000000000000e+02 2.042276966666343964e-05
2.450000000000000000e+02 2.047776605402421132e-05
2.460000000000000000e+02 2.078221671950564143e-05
2.470000000000000000e+02 2.175857999888253041e-05
2.480000000000000000e+02 2.178204515787276094e-05
2.490000000000000000e+02 2.083665785599869168e-05
2.500000000000000000e+02 2.168229002182106972e-05
2.510000000000000000e+02 2.172242450439185323e-05
2.520000000000000000e+02 2.237260436090046509e-05
2.530000000000000000e+02 2.055783574374000746e-05
2.540000000000000000e+02 2.047239461332216190e-05
2.550000000000000000e+02 2.098524043040604617e-05
2.560000000000000000e+02 2.056817681439862961e-05
2.570000000000000000e+02 2.226925907908086440e-05
2.580000000000000000e+02 2.036208881539695777e-05
2.590000000000000000e+02 2.030081363032422916e-05
2.600000000000000000e+02 2.039200127205489040e-05
2.610000000000000000e+02 2.057702027404198673e-05
2.620000000000000000e+02 2.048133575969069662e-05
2.630000000000000000e+02 2.108061611563267213e-05
2.640000000000000000e+02 2.025181806368709004e-05
2.650000000000000000e+02 2.051054395091748655e-05
2.660000000000000000e+02 2.030469095742901614e-05
2.670000000000000000e+02 2.031507790397010736e-05
2.680000000000000000e+02 1.998157920069437154e-05
2.690000000000000000e+02 2.030069827510032435e-05
2.700000000000000000e+02 2.022306305788793755e-05
2.710000000000000000e+02 2.033918542455102847e-05
2.720000000000000000e+02 2.020548025921651051e-05
2.730000000000000000e+02 2.135369372718532997e-05
2.740000000000000000e+02 2.102812152858041795e-05
2.750000000000000000e+02 2.029487949064861230e-05
2.760000000000000000e+02 2.012185178204483282e-05
2.770000000000000000e+02 2.053650186122497925e-05
2.780000000000000000e+02 2.162134570200168471e-05
2.790000000000000000e+02 2.067106796628391635e-05
2.800000000000000000e+02 2.149941587108425862e-05
2.810000000000000000e+02 2.050779920044139992e-05
2.820000000000000000e+02 2.017368154642398091e-05
2.830000000000000000e+02 2.071341931272866298e-05
2.840000000000000000e+02 2.051116133267139150e-05
2.850000000000000000e+02 2.034099825716519818e-05
2.860000000000000000e+02 2.089458612702717281e-05
2.870000000000000000e+02 2.023665243537381436e-05
2.880000000000000000e+02 2.062294890101966279e-05
2.890000000000000000e+02 2.007581791818624064e-05
2.900000000000000000e+02 2.064953319485651395e-05
2.910000000000000000e+02 2.078466538311024613e-05
2.920000000000000000e+02 2.020200914956816844e-05
2.930000000000000000e+02 2.089138954461745629e-05
2.940000000000000000e+02 2.060392006305563210e-05
2.950000000000000000e+02 2.044735375466246770e-05
2.960000000000000000e+02 2.020802750679839371e-05
2.970000000000000000e+02 2.058566701067474441e-05
2.980000000000000000e+02 2.003530905994452410e-05
2.990000000000000000e+02 2.044119436925726112e-05
3.000000000000000000e+02 2.056677380058205733e-05
3.010000000000000000e+02 2.025548284938141747e-05
3.020000000000000000e+02 2.033573064376691152e-05
3.030000000000000000e+02 1.984384327381017539e-05
3.040000000000000000e+02 2.023873150814073138e-05
3.050000000000000000e+02 2.091735200902468479e-05
3.060000000000000000e+02 2.104043757527289941e-05
3.070000000000000000e+02 2.061178567709912084e-05
3.080000000000000000e+02 2.039405182750601660e-05
3.090000000000000000e+02 2.051743952816971627e-05
3.100000000000000000e+02 1.981045434564446606e-05
3.110000000000000000e+02 2.036299838050275403e-05
3.120000000000000000e+02 2.032033279579776076e-05
3.130000000000000000e+02 2.032060253070844773e-05
3.140000000000000000e+02 2.025434444202082372e-05
3.150000000000000000e+02 2.042476089007297347e-05
3.160000000000000000e+02 2.019140876765825520e-05
3.170000000000000000e+02 2.035380067409402527e-05
3.180000000000000000e+02 2.050356198364985589e-05
3.190000000000000000e+02 2.016547058177029875e-05
3.200000000000000000e+02 2.012422386768169532e-05
3.210000000000000000e+02 2.054070483208322805e-05
3.220000000000000000e+02 2.012046124187650737e-05
3.230000000000000000e+02 2.003388247350298341e-05
3.240000000000000000e+02 2.053144175019814185e-05
3.250000000000000000e+02 2.090123564396685222e-05
3.260000000000000000e+02 2.002049969115192197e-05
3.270000000000000000e+02 2.061825455247119163e-05
3.280000000000000000e+02 2.028007527235671617e-05
3.290000000000000000e+02 2.012505691244626037e-05
3.300000000000000000e+02 2.015637608113133986e-05
3.310000000000000000e+02 2.015232335510928278e-05
3.320000000000000000e+02 2.028662454175595643e-05
3.330000000000000000e+02 2.010538681933284283e-05
3.340000000000000000e+02 1.996038345103413091e-05
3.350000000000000000e+02 2.050884164733838546e-05
3.360000000000000000e+02 2.004598764522778662e-05
3.370000000000000000e+02 1.986434079656155562e-05
3.380000000000000000e+02 1.995231936331183899e-05
3.390000000000000000e+02 2.036578281102702492e-05
3.400000000000000000e+02 2.109017670471835540e-05
3.410000000000000000e+02 2.025578776253308735e-05
3.420000000000000000e+02 2.011123442814146783e-05
3.430000000000000000e+02 2.009618678372424196e-05
3.440000000000000000e+02 1.992356288047233707e-05
3.450000000000000000e+02 2.000786237915701737e-05
3.460000000000000000e+02 1.998599743645219803e-05
3.470000000000000000e+02 2.004916973898824642e-05
3.480000000000000000e+02 2.005739314733997471e-05
3.490000000000000000e+02 2.012462211528200464e-05
3.500000000000000000e+02 2.041480653273541535e-05
3.510000000000000000e+02 2.002929480139418702e-05
3.520000000000000000e+02 2.000995178088027629e-05
3.530000000000000000e+02 2.035668044381279222e-05
3.540000000000000000e+02 1.986540642293188637e-05
3.550000000000000000e+02 2.045032064054268725e-05
3.560000000000000000e+02 2.090967150013367138e-05
3.570000000000000000e+02 2.029883666640171572e-05
3.580000000000000000e+02 1.995777738132150126e-05
3.590000000000000000e+02 2.023098742670388677e-05
3.600000000000000000e+02 2.021017247298476490e-05
3.610000000000000000e+02 1.999758137876037531e-05
3.620000000000000000e+02 1.991080421841643429e-05
3.630000000000000000e+02 2.005546202469514805e-05
3.640000000000000000e+02 2.037717037524635626e-05
3.650000000000000000e+02 2.033656611704518587e-05
3.660000000000000000e+02 2.011204324385557543e-05
3.670000000000000000e+02 2.014021376595467533e-05
3.680000000000000000e+02 2.008316727894328505e-05
3.690000000000000000e+02 2.031217202930460424e-05
3.700000000000000000e+02 2.031152926428912592e-05
3.710000000000000000e+02 2.033241199862726605e-05
3.720000000000000000e+02 2.020585710901341627e-05
3.730000000000000000e+02 1.996919519611011100e-05
3.740000000000000000e+02 1.996104688404157514e-05
3.750000000000000000e+02 2.009276043107862357e-05
3.760000000000000000e+02 2.027272453468391912e-05
3.770000000000000000e+02 1.978594688730277287e-05
3.780000000000000000e+02 2.017319005900585117e-05
3.790000000000000000e+02 2.007188418008676312e-05
3.800000000000000000e+02 2.014318562613832796e-05
3.810000000000000000e+02 2.041792333691182647e-05
3.820000000000000000e+02 2.020239773087868226e-05
3.830000000000000000e+02 2.002595896930594736e-05
3.840000000000000000e+02 1.994887938482259296e-05
3.850000000000000000e+02 2.071019433430630355e-05
3.860000000000000000e+02 2.037913510752761579e-05
3.870000000000000000e+02 1.986338877665211986e-05
3.880000000000000000e+02 1.970222267051998112e-05
3.890000000000000000e+02 2.026542499767900016e-05
3.900000000000000000e+02 2.032028352350881070e-05
3.910000000000000000e+02 1.998656090464399814e-05
3.920000000000000000e+02 2.004866172646634190e-05
3.930000000000000000e+02 2.013233665843953908e-05
3.940000000000000000e+02 2.003201146761945722e-05
3.950000000000000000e+02 2.033605852880893881e-05
3.960000000000000000e+02 1.990727251770218873e-05
3.970000000000000000e+02 2.017483847551719775e-05
