0.000000000000000000e+00 5.466253966940157888e-02
1.000000000000000000e+00 3.764520011822998675e-03
2.000000000000000000e+00 2.620696460861876489e-03
3.000000000000000000e+00 2.524753935269299313e-03
4.000000000000000000e+00 2.504964903651589903e-03
5.000000000000000000e+00 2.474068772885226145e-03
6.000000000000000000e+00 2.476652725106369673e-03
7.000000000000000000e+00 2.416327424751695853e-03
8.000000000000000000e+00 2.414960470002443065e-03
9.000000000000000000e+00 2.361799111970019124e-03
1.000000000000000000e+01 2.334087794449286185e-03
1.100000000000000000e+01 2.277838370596715987e-03
1.200000000000000000e+01 2.244326242796826527e-03
1.300000000000000000e+01 2.259769264117691707e-03
1.400000000000000000e+01 2.165136442011948974e-03
1.500000000000000000e+01 2.155204629405216288e-03
1.600000000000000000e+01 2.150060985747541831e-03
1.700000000000000000e+01 2.150117217416295037e-03
1.800000000000000000e+01 2.177981246041388926e-03
1.900000000000000000e+01 2.137577428990248152e-03
2.000000000000000000e+01 2.183590594496221792e-03
2.100000000000000000e+01 2.213665921558705292e-03
2.200000000000000000e+01 2.142406834496392038e-03
2.300000000000000000e+01 2.122550555901933818e-03
2.400000000000000000e+01 2.123261212686543709e-03
2.500000000000000000e+01 2.165177487587743952e-03
2.600000000000000000e+01 2.099552903064461507e-03
2.700000000000000000e+01 2.084906178235391809e-03
2.800000000000000000e+01 2.112807241829174707e-03
2.900000000000000000e+01 2.176208030961896463e-03
3.000000000000000000e+01 2.064595373409971145e-03
3.100000000000000000e+01 2.153059428976487714e-03
3.200000000000000000e+01 2.151458337325458554e-03
3.300000000000000000e+01 2.066608303893136076e-03
3.400000000000000000e+01 2.013512994583879084e-03
3.500000000000000000e+01 2.025523616978056312e-03
3.600000000000000000e+01 2.080209335307434126e-03
3.700000000000000000e+01 2.259007698497722712e-03
3.800000000000000000e+01 2.013105893319891426e-03
3.900000000000000000e+01 1.981144311816193312e-03
4.000000000000000000e+01 1.959803116722008340e-03
4.100000000000000000e+01 1.902305611652305162e-03
4.200000000000000000e+01 1.931629658361429854e-03
4.300000000000000000e+01 1.910292433829886578e-03
4.400000000000000000e+01 1.955280069848980111e-03
4.500000000000000000e+01 1.906882197973955957e-03
4.600000000000000000e+01 1.850419669804339012e-03
4.700000000000000000e+01 1.812512529604810591e-03
4.800000000000000000e+01 1.702219870047359720e-03
4.900000000000000000e+01 1.626510490742764633e-03
5.000000000000000000e+01 1.546155417612356817e-03
5.100000000000000000e+01 1.406095841134241469e-03
5.200000000000000000e+01 1.205416441887848097e-03
5.300000000000000000e+01 1.019118158700238344e-03
5.400000000000000000e+01 7.932488215986147496e-04
5.500000000000000000e+01 6.024136977602344593e-04
5.600000000000000000e+01 4.212300883707150194e-04
5.700000000000000000e+01 2.828257244070678635e-04
5.800000000000000000e+01 2.142013041471018092e-04
5.900000000000000000e+01 1.623748964810556100e-04
6.000000000000000000e+01 1.361659564828687872e-04
6.100000000000000000e+01 1.185975347956021609e-04
6.200000000000000000e+01 1.041549923577049947e-04
6.300000000000000000e+01 9.181173388348069786e-05
6.400000000000000000e+01 8.522238409103349247e-05
6.500000000000000000e+01 8.482344395623033688e-05
6.600000000000000000e+01 8.504718195560367466e-05
6.700000000000000000e+01 7.117092748983578601e-05
6.800000000000000000e+01 7.030221164342044602e-05
6.900000000000000000e+01 6.796943981595124959e-05
7.000000000000000000e+01 6.882289641125258553e-05
7.100000000000000000e+01 6.168012066867000821e-05
7.200000000000000000e+01 6.046543408002348359e-05
7.300000000000000000e+01 6.076182939054429742e-05
7.400000000000000000e+01 6.085380757809916912e-05
7.500000000000000000e+01 5.387586823036503948e-05
7.600000000000000000e+01 5.028137229671774154e-05
7.700000000000000000e+01 4.758524737328059779e-05
7.800000000000000000e+01 4.620712440586059272e-05
7.900000000000000000e+01 4.365259338680471413e-05
8.000000000000000000e+01 4.808044414822907340e-05
8.100000000000000000e+01 4.441003806080467411e-05
8.200000000000000000e+01 4.214942310900651610e-05
8.300000000000000000e+01 4.678306107238436198e-05
8.400000000000000000e+01 3.845114369205264297e-05
8.500000000000000000e+01 3.496631123221814253e-05
8.600000000000000000e+01 3.878271941201477842e-05
8.700000000000000000e+01 4.064424420666016907e-05
8.800000000000000000e+01 3.588872728267689159e-05
8.900000000000000000e+01 3.228276197916469511e-05
9.000000000000000000e+01 3.414326234304319190e-05
9.100000000000000000e+01 2.964698110324467714e-05
9.200000000000000000e+01 3.024153664072816626e-05
9.300000000000000000e+01 2.993407384889532340e-05
9.400000000000000000e+01 3.161230179883097033e-05
9.500000000000000000e+01 3.121094105558262907e-05
9.600000000000000000e+01 2.436248589191556793e-05
9.700000000000000000e+01 2.606528580130994775e-05
9.800000000000000000e+01 2.673666074737251935e-05
9.900000000000000000e+01 2.319005136293881455e-05
1.000000000000000000e+02 2.261111895416595933e-05
1.010000000000000000e+02 2.277997396982609548e-05
1.020000000000000000e+02 2.200083695207686370e-05
1.030000000000000000e+02 2.030776262533603071e-05
1.040000000000000000e+02 2.098472271528508963e-05
1.050000000000000000e+02 2.173709387118502091e-05
1.060000000000000000e+02 2.106337941634331567e-05
1.070000000000000000e+02 2.023112795313276247e-05
1.080000000000000000e+02 1.988276733369482156e-05
1.090000000000000000e+02 1.836902445100382317e-05
1.100000000000000000e+02 1.973036004023419435e-05
1.110000000000000000e+02 1.803561948836619958e-05
1.120000000000000000e+02 1.973597113842033812e-05
1.130000000000000000e+02 1.655441054289809270e-05
1.140000000000000000e+02 1.697567019621223325e-05
1.150000000000000000e+02 1.560412347316742214e-05
1.160000000000000000e+02 1.840269668340605821e-05
1.170000000000000000e+02 1.641620222469478732e-05
1.180000000000000000e+02 1.413108223871128263e-05
1.190000000000000000e+02 1.627251626177659375e-05
1.200000000000000000e+02 1.590375044895696758e-05
1.210000000000000000e+02 1.552260524138461659e-05
1.220000000000000000e+02 1.354440196010570441e-05
1.230000000000000000e+02 1.511148961612266445e-05
1.240000000000000000e+02 1.306376667832835551e-05
1.250000000000000000e+02 1.283450197736499198e-05
1.260000000000000000e+02 1.230956506446119352e-05
1.270000000000000000e+02 1.443472802783398628e-05
1.280000000000000000e+02 1.277155026273671965e-05
1.290000000000000000e+02 1.249724129113809044e-05
1.300000000000000000e+02 1.338011041302859625e-05
1.310000000000000000e+02 1.172734204275432368e-05
1.320000000000000000e+02 1.276639566903582582e-05
1.330000000000000000e+02 1.194223392157976557e-05
1.340000000000000000e+02 1.195127748491998143e-05
1.350000000000000000e+02 1.045291064167515584e-05
1.360000000000000000e+02 1.029253654538121992e-05
1.370000000000000000e+02 1.062549503269853276e-05
1.380000000000000000e+02 1.039952820633809930e-05
1.390000000000000000e+02 1.021500299046976074e-05
1.400000000000000000e+02 9.933274795207404896e-06
1.410000000000000000e+02 1.135886306284857015e-05
1.420000000000000000e+02 9.443872687659521915e-06
1.430000000000000000e+02 9.543517837902527572e-06
1.440000000000000000e+02 1.012929580451136075e-05
1.450000000000000000e+02 8.808844963459236694e-06
1.460000000000000000e+02 8.835393360284103095e-06
1.470000000000000000e+02 9.552723071140835720e-06
1.480000000000000000e+02 8.655226794227919782e-06
1.490000000000000000e+02 8.447045238943680004e-06
1.500000000000000000e+02 8.309380288502966552e-06
1.510000000000000000e+02 8.169909149831887531e-06
1.520000000000000000e+02 1.198178926092940669e-05
1.530000000000000000e+02 8.871793429287828684e-06
1.540000000000000000e+02 8.507066825043784489e-06
1.550000000000000000e+02 8.199310726762896898e-06
1.560000000000000000e+02 7.350079809106135841e-06
1.570000000000000000e+02 7.436024722972889483e-06
1.580000000000000000e+02 9.581491156199643312e-06
1.590000000000000000e+02 8.305853072707891253e-06
1.600000000000000000e+02 7.499101167443648344e-06
1.610000000000000000e+02 8.080508463681514096e-06
1.620000000000000000e+02 7.361526220786633128e-06
1.630000000000000000e+02 7.382838984407503978e-06
1.640000000000000000e+02 7.344435031696653319e-06
1.650000000000000000e+02 7.527416502185723896e-06
1.660000000000000000e+02 7.176968186025240378e-06
1.670000000000000000e+02 6.488249354420629865e-06
1.680000000000000000e+02 6.922268674489909735e-06
1.690000000000000000e+02 6.552048073239259187e-06
1.700000000000000000e+02 6.869192895761062891e-06
1.710000000000000000e+02 6.374299257887811080e-06
1.720000000000000000e+02 6.432608979241560776e-06
1.730000000000000000e+02 7.040280089485013018e-06
1.740000000000000000e+02 6.762923545249826697e-06
1.750000000000000000e+02 6.879525661025707203e-06
1.760000000000000000e+02 5.923218703864850361e-06
1.770000000000000000e+02 6.073379867471927874e-06
1.780000000000000000e+02 7.110095904172622223e-06
1.790000000000000000e+02 5.933138811407317250e-06
1.800000000000000000e+02 6.181525676547325999e-06
1.810000000000000000e+02 6.452197538693591230e-06
1.820000000000000000e+02 6.398788306775481720e-06
1.830000000000000000e+02 6.083941143679910971e-06
1.840000000000000000e+02 5.427185116330936731e-06
1.850000000000000000e+02 6.295221951580786771e-06
1.860000000000000000e+02 6.216711464556997216e-06
1.870000000000000000e+02 7.810039693629249413e-06
1.880000000000000000e+02 6.128186973663724968e-06
1.890000000000000000e+02 5.506709030316781934e-06
1.900000000000000000e+02 5.462474685441461897e-06
1.910000000000000000e+02 5.502803239114678584e-06
1.920000000000000000e+02 5.013534933983201887e-06
1.930000000000000000e+02 7.423231954558798654e-06
1.940000000000000000e+02 5.585299606268950926e-06
1.950000000000000000e+02 5.761144913790761549e-06
1.960000000000000000e+02 6.480172694027808584e-06
1.970000000000000000e+02 5.326754713156657810e-06
1.980000000000000000e+02 6.574632392989264489e-06
1.990000000000000000e+02 4.948845707139996598e-06
2.000000000000000000e+02 5.665258600711052348e-06
2.010000000000000000e+02 5.202132423988300372e-06
2.020000000000000000e+02 4.781168567868628125e-06
2.030000000000000000e+02 4.756010145921192937e-06
2.040000000000000000e+02 5.382979836180151287e-06
2.050000000000000000e+02 9.805553830986798674e-06
2.060000000000000000e+02 4.650610535181769657e-06
2.070000000000000000e+02 4.652310722298169202e-06
2.080000000000000000e+02 5.491848545298172434e-06
2.090000000000000000e+02 4.854239120318984634e-06
2.100000000000000000e+02 4.788708111430092712e-06
2.110000000000000000e+02 5.363558842596003908e-06
2.120000000000000000e+02 5.944416249406738623e-06
2.130000000000000000e+02 5.976847765211602852e-06
2.140000000000000000e+02 1.964697640182243294e-05
2.150000000000000000e+02 4.913894091407919561e-06
2.160000000000000000e+02 4.489475076666790023e-06
2.170000000000000000e+02 4.212369237489786430e-06
2.180000000000000000e+02 6.748773933698734280e-06
2.190000000000000000e+02 5.544744238247781912e-06
2.200000000000000000e+02 4.392614899785558718e-06
2.210000000000000000e+02 4.352721324291571307e-06
2.220000000000000000e+02 4.587709549958853945e-06
2.230000000000000000e+02 4.557051247067614223e-06
2.240000000000000000e+02 4.410260135562998938e-06
2.250000000000000000e+02 4.289019925072211359e-06
2.260000000000000000e+02 4.363890438886884249e-06
2.270000000000000000e+02 4.140399805527632306e-06
2.280000000000000000e+02 4.259234857420588645e-06
2.290000000000000000e+02 4.712869359050379546e-06
2.300000000000000000e+02 4.250859957217245890e-06
2.310000000000000000e+02 4.845232328578098462e-06
2.320000000000000000e+02 4.502350671423805919e-06
2.330000000000000000e+02 5.898691252961716110e-06
2.340000000000000000e+02 4.777219904543355510e-06
2.350000000000000000e+02 5.997019893314102248e-06
2.360000000000000000e+02 4.768436058672284216e-06
2.370000000000000000e+02 4.055144148577938196e-06
2.380000000000000000e+02 3.729119766936745517e-06
2.390000000000000000e+02 3.828289497460813623e-06
2.400000000000000000e+02 3.784428168935291913e-06
2.410000000000000000e+02 4.056040841354495175e-06
2.420000000000000000e+02 4.462144910345860158e-06
2.430000000000000000e+02 4.545583928759554222e-06
2.440000000000000000e+02 3.982634050169965051e-06
2.450000000000000000e+02 4.308666626005902752e-06
2.460000000000000000e+02 4.102124475202588287e-06
2.470000000000000000e+02 3.627363263896500123e-06
2.480000000000000000e+02 4.900906966561187301e-06
2.490000000000000000e+02 4.636387771491240134e-06
2.500000000000000000e+02 3.751218655851768484e-06
2.510000000000000000e+02 6.643769966597242431e-06
2.520000000000000000e+02 5.308203808289474041e-06
2.530000000000000000e+02 5.115437434471238549e-06
2.540000000000000000e+02 3.692483925320766121e-06
2.550000000000000000e+02 3.868409646650925909e-06
2.560000000000000000e+02 3.616720154034382846e-06
2.570000000000000000e+02 3.959352471829616055e-06
2.580000000000000000e+02 3.900633937166642029e-06
2.590000000000000000e+02 4.265850821380005562e-06
2.600000000000000000e+02 3.506865542507140632e-06
2.610000000000000000e+02 4.332758232383226021e-06
2.620000000000000000e+02 3.853811646597484711e-06
2.630000000000000000e+02 3.558637608006327078e-06
2.640000000000000000e+02 3.730096626853527062e-06
2.650000000000000000e+02 7.242445168578732561e-06
2.660000000000000000e+02 6.571480335345256582e-06
2.670000000000000000e+02 4.882774055870465776e-06
2.680000000000000000e+02 4.095743134742944033e-06
2.690000000000000000e+02 3.710210338976109423e-06
2.700000000000000000e+02 3.830380870140029850e-06
2.710000000000000000e+02 3.791432027543776575e-06
2.720000000000000000e+02 3.978882601017791950e-06
2.730000000000000000e+02 3.329328536862165831e-06
2.740000000000000000e+02 4.485762962055914768e-06
2.750000000000000000e+02 5.439320351755203122e-06
2.760000000000000000e+02 3.531857114525882611e-06
2.770000000000000000e+02 3.422363011469674493e-06
2.780000000000000000e+02 3.549962717250413077e-06
2.790000000000000000e+02 4.024824515004336045e-06
2.800000000000000000e+02 4.018868249901197410e-06
2.810000000000000000e+02 3.782602042700970161e-06
2.820000000000000000e+02 8.043196432542739854e-06
2.830000000000000000e+02 5.502321785051153553e-06
2.840000000000000000e+02 8.384835141053957754e-06
2.850000000000000000e+02 7.690351488891729483e-06
2.860000000000000000e+02 5.608925840141160076e-06
2.870000000000000000e+02 4.154307947034444917e-06
2.880000000000000000e+02 2.994367332999096274e-06
2.890000000000000000e+02 3.027828561878481794e-06
2.900000000000000000e+02 2.962745863280092678e-06
2.910000000000000000e+02 3.055817097454339269e-06
2.920000000000000000e+02 3.908529103967031412e-06
2.930000000000000000e+02 3.270198469524312441e-06
2.940000000000000000e+02 3.026002628165622174e-06
2.950000000000000000e+02 3.334847946701817084e-06
2.960000000000000000e+02 3.307559840304136822e-06
2.970000000000000000e+02 3.193149653573830928e-06
2.980000000000000000e+02 2.985073924930982675e-06
2.990000000000000000e+02 3.039124108927964449e-06
3.000000000000000000e+02 3.248517550720571174e-06
3.010000000000000000e+02 3.148462949440999837e-06
3.020000000000000000e+02 3.041363043291855464e-06
3.030000000000000000e+02 3.171872512439809887e-06
3.040000000000000000e+02 4.105133248748165776e-06
3.050000000000000000e+02 3.170774069203193939e-06
3.060000000000000000e+02 3.071072913263503495e-06
3.070000000000000000e+02 3.715872762180884257e-06
3.080000000000000000e+02 3.767925902998955614e-06
3.090000000000000000e+02 3.157711951230539611e-06
3.100000000000000000e+02 4.585813394042564554e-06
3.110000000000000000e+02 3.379624215428758411e-06
3.120000000000000000e+02 2.999070722571253948e-06
3.130000000000000000e+02 2.979338698531922275e-06
3.140000000000000000e+02 3.101053811340214699e-06
3.150000000000000000e+02 2.908637513736267728e-06
3.160000000000000000e+02 3.016752561491743108e-06
3.170000000000000000e+02 3.009984114517768111e-06
3.180000000000000000e+02 3.051432373016610455e-06
3.190000000000000000e+02 3.201501042093571242e-06
3.200000000000000000e+02 3.659064846609066664e-06
3.210000000000000000e+02 3.438087562893250183e-06
3.220000000000000000e+02 2.994523455872554410e-06
3.230000000000000000e+02 2.870221865346573772e-06
3.240000000000000000e+02 2.962278890440322319e-06
3.250000000000000000e+02 3.417789068515833603e-06
3.260000000000000000e+02 2.920148263682998722e-06
3.270000000000000000e+02 2.795032927049299897e-06
3.280000000000000000e+02 4.372356895078214041e-06
3.290000000000000000e+02 3.411422269442900673e-06
3.300000000000000000e+02 3.935414738231158191e-06
3.310000000000000000e+02 3.225765424450854498e-06
3.320000000000000000e+02 3.040265947705476551e-06
3.330000000000000000e+02 3.791557160478075421e-06
3.340000000000000000e+02 3.184722790624513218e-06
3.350000000000000000e+02 2.889080389429278324e-06
3.360000000000000000e+02 2.682123384955856595e-06
3.370000000000000000e+02 2.692711752543384690e-06
3.380000000000000000e+02 2.716422118294685649e-06
3.390000000000000000e+02 2.713399062063111919e-06
3.400000000000000000e+02 3.484698206195920752e-06
3.410000000000000000e+02 3.233987444564122734e-06
3.420000000000000000e+02 2.723364923534390512e-06
3.430000000000000000e+02 2.711043694328507185e-06
3.440000000000000000e+02 2.784681962490158692e-06
3.450000000000000000e+02 2.863505579656331738e-06
3.460000000000000000e+02 3.847721188018720078e-06
3.470000000000000000e+02 3.061680290462973939e-06
3.480000000000000000e+02 3.027765601343964083e-06
3.490000000000000000e+02 3.094419058489321896e-06
3.500000000000000000e+02 3.442581410902414912e-06
3.510000000000000000e+02 2.874681895757599240e-06
3.520000000000000000e+02 2.714515403779439808e-06
3.530000000000000000e+02 2.632710447376088665e-06
3.540000000000000000e+02 2.804505542517478248e-06
3.550000000000000000e+02 2.906874847389006646e-06
3.560000000000000000e+02 2.899669358646376743e-06
3.570000000000000000e+02 3.183026183204056232e-06
3.580000000000000000e+02 2.915118207303128450e-06
3.590000000000000000e+02 2.955219290852161712e-06
3.600000000000000000e+02 2.735692969203303291e-06
3.610000000000000000e+02 2.921931451614897833e-06
3.620000000000000000e+02 3.311824846473698009e-06
3.630000000000000000e+02 2.525415649343984643e-06
3.640000000000000000e+02 2.582875147789177661e-06
3.650000000000000000e+02 3.420881901744955344e-06
3.660000000000000000e+02 2.886883924096745529e-06
3.670000000000000000e+02 2.812637252015969115e-06
3.680000000000000000e+02 2.676905999176724105e-06
3.690000000000000000e+02 2.736852219140576131e-06
3.700000000000000000e+02 2.491343543847940815e-06
3.710000000000000000e+02 2.573055253684213070e-06
3.720000000000000000e+02 2.622643957342904552e-06
3.730000000000000000e+02 2.558342516855445036e-06
3.740000000000000000e+02 2.556869276445503297e-06
3.750000000000000000e+02 2.639930952792789766e-06
3.760000000000000000e+02 2.751846759260009003e-06
3.770000000000000000e+02 2.934406704007039252e-06
3.780000000000000000e+02 2.477177531874765330e-06
3.790000000000000000e+02 2.442733914102848772e-06
3.800000000000000000e+02 2.810638716795724854e-06
3.810000000000000000e+02 3.032257782839219197e-06
3.820000000000000000e+02 2.517673332552192089e-06
3.830000000000000000e+02 3.246470716678433828e-06
3.840000000000000000e+02 2.621277145203924662e-06
3.850000000000000000e+02 3.271972332197874286e-06
3.860000000000000000e+02 3.238867550789924977e-06
3.870000000000000000e+02 2.766191473264410830e-06
3.880000000000000000e+02 2.851573893564538986e-06
3.890000000000000000e+02 2.622331868019676844e-06
3.900000000000000000e+02 2.486555210196771671e-06
3.910000000000000000e+02 2.502249866647005898e-06
3.920000000000000000e+02 2.621117286210836675e-06
3.930000000000000000e+02 2.441995828929874658e-06
3.940000000000000000e+02 2.790489456633187708e-06
3.950000000000000000e+02 2.492668067444433286e-06
3.960000000000000000e+02 3.012676623430902158e-06
3.970000000000000000e+02 2.520539032569689346e-06
3.980000000000000000e+02 2.344190961264978661e-06
3.990000000000000000e+02 2.368344156461399524e-06
4.000000000000000000e+02 2.376368661586782448e-06
4.010000000000000000e+02 2.829110699895894573e-06
4.020000000000000000e+02 2.581454754520679369e-06
4.030000000000000000e+02 2.322310885024625129e-06
4.040000000000000000e+02 2.591152337334029632e-06
4.050000000000000000e+02 2.506311335516684777e-06
4.060000000000000000e+02 2.402892193061513921e-06
4.070000000000000000e+02 2.513271888828708896e-06
4.080000000000000000e+02 2.521102145814772363e-06
4.090000000000000000e+02 2.894507804091355810e-06
4.100000000000000000e+02 2.961326131804121784e-06
4.110000000000000000e+02 3.161904894210186490e-06
4.120000000000000000e+02 2.848048602984087113e-06
4.130000000000000000e+02 2.529263281015539423e-06
4.140000000000000000e+02 2.345305762809607386e-06
4.150000000000000000e+02 2.341075284161078180e-06
4.160000000000000000e+02 2.347593832260493810e-06
4.170000000000000000e+02 2.508118955625427962e-06
4.180000000000000000e+02 2.671901957259467786e-06
4.190000000000000000e+02 2.545156818152783203e-06
4.200000000000000000e+02 2.437177672500912457e-06
4.210000000000000000e+02 2.528559482711769414e-06
4.220000000000000000e+02 2.312021587496426223e-06
4.230000000000000000e+02 2.427499492241199734e-06
4.240000000000000000e+02 2.316990951485258299e-06
4.250000000000000000e+02 2.367595602933904573e-06
4.260000000000000000e+02 2.496614215958103058e-06
4.270000000000000000e+02 3.073198801431159949e-06
4.280000000000000000e+02 2.506884682480756210e-06
4.290000000000000000e+02 2.450096680847711291e-06
4.300000000000000000e+02 2.466173961671979277e-06
4.310000000000000000e+02 2.903725021790703416e-06
4.320000000000000000e+02 2.437305801550470321e-06
4.330000000000000000e+02 2.456231256922856129e-06
4.340000000000000000e+02 2.709710777999510838e-06
4.350000000000000000e+02 2.284211062077789155e-06
4.360000000000000000e+02 2.333959305865896890e-06
4.370000000000000000e+02 2.252070127339018326e-06
4.380000000000000000e+02 2.299921186424271793e-06
4.390000000000000000e+02 2.266593501260576203e-06
4.400000000000000000e+02 2.948525060901962266e-06
4.410000000000000000e+02 2.480195787102369071e-06
4.420000000000000000e+02 2.896971380920450279e-06
4.430000000000000000e+02 2.684404601845938306e-06
4.440000000000000000e+02 2.534968456017570645e-06
4.450000000000000000e+02 2.288738095974044284e-06
4.460000000000000000e+02 2.651989733131280052e-06
4.470000000000000000e+02 2.542082027794471063e-06
4.480000000000000000e+02 2.713171014374540831e-06
4.490000000000000000e+02 2.555517577241326517e-06
4.500000000000000000e+02 3.089640278715726985e-06
4.510000000000000000e+02 2.454117299069575820e-06
4.520000000000000000e+02 2.382642412630393227e-06
4.530000000000000000e+02 2.403470545583609227e-06
4.540000000000000000e+02 2.491611726245137657e-06
4.550000000000000000e+02 2.245536977689934721e-06
4.560000000000000000e+02 2.201786734048248038e-06
4.570000000000000000e+02 2.334201413637523127e-06
4.580000000000000000e+02 2.291559167110026625e-06
4.590000000000000000e+02 2.274834599047514368e-06
4.600000000000000000e+02 2.578716371352820738e-06
4.610000000000000000e+02 2.247626166453811592e-06
4.620000000000000000e+02 2.210562349626799048e-06
4.630000000000000000e+02 2.398824346918391474e-06
4.640000000000000000e+02 2.285050575979997120e-06
4.650000000000000000e+02 2.569350942208862699e-06
4.660000000000000000e+02 2.197452011044096339e-06
4.670000000000000000e+02 2.292372895168857605e-06
4.680000000000000000e+02 2.301822390012654925e-06
4.690000000000000000e+02 2.244617158272700410e-06
4.700000000000000000e+02 2.205632620994049768e-06
4.710000000000000000e+02 2.368201467976243553e-06
4.720000000000000000e+02 2.288345472516554532e-06
4.730000000000000000e+02 2.168712683878742936e-06
4.740000000000000000e+02 2.151059031303616179e-06
4.750000000000000000e+02 2.148561847446732211e-06
4.760000000000000000e+02 2.192950732909739658e-06
4.770000000000000000e+02 2.227898028941502457e-06
4.780000000000000000e+02 2.222993279968506378e-06
4.790000000000000000e+02 2.168503052071314380e-06
4.800000000000000000e+02 2.274966355923380535e-06
4.810000000000000000e+02 2.117951879475159989e-06
4.820000000000000000e+02 2.459589583264996097e-06
4.830000000000000000e+02 2.494204575219973986e-06
4.840000000000000000e+02 2.396403070664375332e-06
4.850000000000000000e+02 2.456333594112741131e-06
4.860000000000000000e+02 2.205529904777535534e-06
4.870000000000000000e+02 2.241343727879207016e-06
4.880000000000000000e+02 2.152400159876244756e-06
4.890000000000000000e+02 2.148549850953102692e-06
4.900000000000000000e+02 2.120787907122256876e-06
4.910000000000000000e+02 2.344382538169006288e-06
4.920000000000000000e+02 2.250259715669068737e-06
4.930000000000000000e+02 2.157794490928258784e-06
4.940000000000000000e+02 2.172681495778320226e-06
4.950000000000000000e+02 2.156759766279419013e-06
4.960000000000000000e+02 2.205643071299683399e-06
4.970000000000000000e+02 2.252066294958656139e-06
4.980000000000000000e+02 2.236825170943595499e-06
4.990000000000000000e+02 2.308643359248105334e-06
5.000000000000000000e+02 2.191449456561828627e-06
5.010000000000000000e+02 2.274620418920535452e-06
5.020000000000000000e+02 2.225962003033598272e-06
5.030000000000000000e+02 2.245221254524103681e-06
5.040000000000000000e+02 2.165718529931719358e-06
5.050000000000000000e+02 2.133218927708398971e-06
5.060000000000000000e+02 2.601816329758527810e-06
5.070000000000000000e+02 3.052054590350666760e-06
5.080000000000000000e+02 2.352753997051207418e-06
5.090000000000000000e+02 2.335902340758293505e-06
5.100000000000000000e+02 2.182709132573863091e-06
5.110000000000000000e+02 2.124357387394637358e-06
5.120000000000000000e+02 2.119189299142483870e-06
5.130000000000000000e+02 2.112966403846438888e-06
5.140000000000000000e+02 2.102248318907287173e-06
5.150000000000000000e+02 2.059668028192926590e-06
5.160000000000000000e+02 2.276973999815316845e-06
5.170000000000000000e+02 2.217389238897219934e-06
5.180000000000000000e+02 2.672128416645973541e-06
5.190000000000000000e+02 2.152000413124644302e-06
5.200000000000000000e+02 2.141607394658548946e-06
5.210000000000000000e+02 2.209384870313550778e-06
5.220000000000000000e+02 2.068816557844248561e-06
5.230000000000000000e+02 2.134410834098740292e-06
5.240000000000000000e+02 2.232853134309521799e-06
5.250000000000000000e+02 2.148339027919125665e-06
5.260000000000000000e+02 2.065591360093395301e-06
5.270000000000000000e+02 2.094495756363914873e-06
5.280000000000000000e+02 2.146681267720014473e-06
5.290000000000000000e+02 2.133671804367341037e-06
5.300000000000000000e+02 2.100587111370738903e-06
5.310000000000000000e+02 2.076186580241727685e-06
5.320000000000000000e+02 2.068951870350874625e-06
5.330000000000000000e+02 2.132798653355864611e-06
5.340000000000000000e+02 2.072724039625443763e-06
5.350000000000000000e+02 2.052950909245730384e-06
5.360000000000000000e+02 2.105091199115188349e-06
5.370000000000000000e+02 2.086617441207786620e-06
5.380000000000000000e+02 2.074755784797961083e-06
5.390000000000000000e+02 2.121634430008957270e-06
5.400000000000000000e+02 2.148822888500930720e-06
5.410000000000000000e+02 2.091781197727034539e-06
5.420000000000000000e+02 2.164680511360982922e-06
5.430000000000000000e+02 2.188429480673653650e-06
5.440000000000000000e+02 2.030726433166083631e-06
5.450000000000000000e+02 2.052659645330074229e-06
5.460000000000000000e+02 2.030288007649417700e-06
5.470000000000000000e+02 2.104914073353436010e-06
5.480000000000000000e+02 2.162183342544838434e-06
5.490000000000000000e+02 2.111381266352742038e-06
5.500000000000000000e+02 2.245222698435071780e-06
5.510000000000000000e+02 2.112766729008396881e-06
5.520000000000000000e+02 2.121072604251154212e-06
5.530000000000000000e+02 2.084762893992570043e-06
5.540000000000000000e+02 2.079481031572402913e-06
5.550000000000000000e+02 2.185504484045720975e-06
5.560000000000000000e+02 2.114670760255759137e-06
5.570000000000000000e+02 2.101637502453585940e-06
5.580000000000000000e+02 2.090704617708998201e-06
5.590000000000000000e+02 2.146934048400214586e-06
5.600000000000000000e+02 2.204212871469191244e-06
5.610000000000000000e+02 2.243228904055840434e-06
5.620000000000000000e+02 2.221995705945624249e-06
5.630000000000000000e+02 2.164316775147304689e-06
5.640000000000000000e+02 2.044236560614457084e-06
5.650000000000000000e+02 2.050957713487921635e-06
5.660000000000000000e+02 2.161658805787794376e-06
5.670000000000000000e+02 2.106252714187792554e-06
5.680000000000000000e+02 2.055110678182630900e-06
5.690000000000000000e+02 2.307673075142526212e-06
5.700000000000000000e+02 2.121753143555742257e-06
5.710000000000000000e+02 2.083412759025275511e-06
5.720000000000000000e+02 2.033785527008910392e-06
5.730000000000000000e+02 2.066049464913301909e-06
5.740000000000000000e+02 2.113103316687721191e-06
5.750000000000000000e+02 2.147333127342992187e-06
5.760000000000000000e+02 2.007151915371726108e-06
5.770000000000000000e+02 2.043478332883473750e-06
5.780000000000000000e+02 2.048536088288754375e-06
5.790000000000000000e+02 2.106651435160975857e-06
5.800000000000000000e+02 2.012468184987011068e-06
5.810000000000000000e+02 2.065444568494570731e-06
5.820000000000000000e+02 2.005892199312531342e-06
5.830000000000000000e+02 2.010037396969490137e-06
5.840000000000000000e+02 2.019664360503894614e-06
5.850000000000000000e+02 2.057203687294278204e-06
5.860000000000000000e+02 2.061030634941210514e-06
5.870000000000000000e+02 2.045353305422597290e-06
5.880000000000000000e+02 2.011268722129268616e-06
5.890000000000000000e+02 2.053156248426175513e-06
5.900000000000000000e+02 1.992710772179818003e-06
5.910000000000000000e+02 2.038393034876471337e-06
5.920000000000000000e+02 2.022408976554100850e-06
5.930000000000000000e+02 2.061486236982105609e-06
5.940000000000000000e+02 2.031363955956404753e-06
5.950000000000000000e+02 2.091131558117170172e-06
5.960000000000000000e+02 2.018281382578364924e-06
5.970000000000000000e+02 2.046232755495673425e-06
5.980000000000000000e+02 1.993815358054345520e-06
5.990000000000000000e+02 1.999432568796922745e-06
6.000000000000000000e+02 2.086685413316623658e-06
6.010000000000000000e+02 2.073449974889248791e-06
6.020000000000000000e+02 1.977371793115169769e-06
6.030000000000000000e+02 2.023106668317734127e-06
6.040000000000000000e+02 2.146135294901385359e-06
6.050000000000000000e+02 2.283036290097606283e-06
6.060000000000000000e+02 2.011208968280359683e-06
6.070000000000000000e+02 1.995453721716114624e-06
6.080000000000000000e+02 1.993387015849274894e-06
6.090000000000000000e+02 1.984820066462692365e-06
6.100000000000000000e+02 1.999083762021027824e-06
6.110000000000000000e+02 2.209283543861343869e-06
6.120000000000000000e+02 2.374723758211585335e-06
6.130000000000000000e+02 2.139192393400949006e-06
6.140000000000000000e+02 2.038818928449190801e-06
6.150000000000000000e+02 1.981645354457218850e-06
6.160000000000000000e+02 2.006487812586994699e-06
6.170000000000000000e+02 2.083224328643900013e-06
6.180000000000000000e+02 2.005062985308564743e-06
6.190000000000000000e+02 1.999925273333408891e-06
6.200000000000000000e+02 2.033596663454244463e-06
6.210000000000000000e+02 1.994443838352227120e-06
6.220000000000000000e+02 2.120685509769414376e-06
6.230000000000000000e+02 1.958862358574257458e-06
6.240000000000000000e+02 1.996318801866907057e-06
6.250000000000000000e+02 1.978466130229969390e-06
6.260000000000000000e+02 1.991650375997219519e-06
6.270000000000000000e+02 1.969472703689983434e-06
6.280000000000000000e+02 1.989292746135430724e-06
6.290000000000000000e+02 2.052716938514041092e-06
6.300000000000000000e+02 1.978972837694701761e-06
6.310000000000000000e+02 1.957530070948161821e-06
6.320000000000000000e+02 1.959401719483910159e-06
6.330000000000000000e+02 1.969908656509116390e-06
6.340000000000000000e+02 1.977209434351217149e-06
6.350000000000000000e+02 1.948381508207213162e-06
6.360000000000000000e+02 1.985281188454892925e-06
6.370000000000000000e+02 2.051225246125182409e-06
6.380000000000000000e+02 1.977119917887472234e-06
6.390000000000000000e+02 1.958019120585009701e-06
6.400000000000000000e+02 2.001355978532739881e-06
6.410000000000000000e+02 2.014938969338355974e-06
6.420000000000000000e+02 1.964058073656272469e-06
6.430000000000000000e+02 1.994849297576596017e-06
6.440000000000000000e+02 2.002729787623620446e-06
6.450000000000000000e+02 1.949495256900094350e-06
6.460000000000000000e+02 1.949401586184167364e-06
6.470000000000000000e+02 2.055436574904493704e-06
6.480000000000000000e+02 2.024088070537769732e-06
6.490000000000000000e+02 1.988718562906256546e-06
6.500000000000000000e+02 2.124250507901497449e-06
6.510000000000000000e+02 1.999718499266438843e-06
6.520000000000000000e+02 1.995134533163958875e-06
6.530000000000000000e+02 1.965084339393355835e-06
6.540000000000000000e+02 2.016043483017334662e-06
6.550000000000000000e+02 1.995155415726339776e-06
6.560000000000000000e+02 1.959766577736737031e-06
6.570000000000000000e+02 2.011557787088845935e-06
6.580000000000000000e+02 1.982528793334344889e-06
6.590000000000000000e+02 1.930486915021826824e-06
6.600000000000000000e+02 1.990395003703521651e-06
6.610000000000000000e+02 1.951938823529685078e-06
6.620000000000000000e+02 1.932044894956726149e-06
6.630000000000000000e+02 1.944084501360815016e-06
6.640000000000000000e+02 2.017183354466152623e-06
6.650000000000000000e+02 1.938270708156186290e-06
6.660000000000000000e+02 1.993635368535839219e-06
6.670000000000000000e+02 1.965527541848809518e-06
6.680000000000000000e+02 1.987186043934766596e-06
6.690000000000000000e+02 2.006628623987892141e-06
6.700000000000000000e+02 2.136215109147073341e-06
6.710000000000000000e+02 2.048959400870618043e-06
6.720000000000000000e+02 2.015874064130376565e-06
6.730000000000000000e+02 1.977744090517631774e-06
6.740000000000000000e+02 1.943309903289227573e-06
6.750000000000000000e+02 2.027510864496500312e-06
6.760000000000000000e+02 1.968412915153250728e-06
6.770000000000000000e+02 2.016371533573059133e-06
6.780000000000000000e+02 1.966291599370327718e-06
6.790000000000000000e+02 1.948674357416786924e-06
6.800000000000000000e+02 1.945435448528029209e-06
6.810000000000000000e+02 1.947077782944961434e-06
6.820000000000000000e+02 1.926805092459809470e-06
6.830000000000000000e+02 1.949729465275463791e-06
6.840000000000000000e+02 2.055518974090423371e-06
6.850000000000000000e+02 1.927752520658018097e-06
6.860000000000000000e+02 1.951141357518135810e-06
6.870000000000000000e+02 1.943161649730547273e-06
6.880000000000000000e+02 1.962128749901779886e-06
6.890000000000000000e+02 2.032198187550987402e-06
6.900000000000000000e+02 1.924876851638543385e-06
6.910000000000000000e+02 1.937253960198903590e-06
6.920000000000000000e+02 1.976012838258376808e-06
6.930000000000000000e+02 1.927847734553791974e-06
6.940000000000000000e+02 2.026615263677613858e-06
6.950000000000000000e+02 1.959560110500847810e-06
6.960000000000000000e+02 1.940145807037519856e-06
6.970000000000000000e+02 1.925719680519683372e-06
6.980000000000000000e+02 1.938155086985392233e-06
6.990000000000000000e+02 1.999830534724994888e-06
7.000000000000000000e+02 1.938611359843257483e-06
7.010000000000000000e+02 1.917260305508393567e-06
7.020000000000000000e+02 1.934619460408924579e-06
7.030000000000000000e+02 1.929044532192538473e-06
7.040000000000000000e+02 1.932408781577796645e-06
7.050000000000000000e+02 1.951946073166005382e-06
7.060000000000000000e+02 1.929701878677196658e-06
7.070000000000000000e+02 1.932001649823222681e-06
7.080000000000000000e+02 2.023436589941420826e-06
7.090000000000000000e+02 1.964238544478434944e-06
7.100000000000000000e+02 2.009683464309658039e-06
7.110000000000000000e+02 1.949697657120089386e-06
7.120000000000000000e+02 1.927730055809868164e-06
7.130000000000000000e+02 1.926914823677111586e-06
7.140000000000000000e+02 1.931306102869007042e-06
7.150000000000000000e+02 1.941962845657184492e-06
7.160000000000000000e+02 1.917847189137794107e-06
7.170000000000000000e+02 1.908902208818945774e-06
7.180000000000000000e+02 1.903276743718665816e-06
7.190000000000000000e+02 1.926519595163583379e-06
7.200000000000000000e+02 2.009918960172307439e-06
7.210000000000000000e+02 1.939950957268630498e-06
7.220000000000000000e+02 1.926062711651704202e-06
7.230000000000000000e+02 1.909859584962097347e-06
7.240000000000000000e+02 1.914891184521815358e-06
7.250000000000000000e+02 1.924406711219085540e-06
7.260000000000000000e+02 2.009944598616440311e-06
7.270000000000000000e+02 1.913037569832432169e-06
7.280000000000000000e+02 2.006161236023718136e-06
7.290000000000000000e+02 1.933950646864659640e-06
7.300000000000000000e+02 1.905183837260540677e-06
7.310000000000000000e+02 1.909587723600079155e-06
7.320000000000000000e+02 1.912339468960691123e-06
7.330000000000000000e+02 1.977714306845760434e-06
7.340000000000000000e+02 1.936155107854179450e-06
7.350000000000000000e+02 1.917655708494497546e-06
7.360000000000000000e+02 1.960359742378849650e-06
7.370000000000000000e+02 1.955897374636943565e-06
7.380000000000000000e+02 1.918156556087216513e-06
7.390000000000000000e+02 1.902153874321501460e-06
7.400000000000000000e+02 1.914070176745185113e-06
7.410000000000000000e+02 1.955497928700128485e-06
7.420000000000000000e+02 1.989835042997385792e-06
7.430000000000000000e+02 1.930800327930108482e-06
7.440000000000000000e+02 1.909436949213500134e-06
7.450000000000000000e+02 1.918773831034353323e-06
7.460000000000000000e+02 1.916860685099002716e-06
7.470000000000000000e+02 1.911503973944011599e-06
7.480000000000000000e+02 1.910823043580202992e-06
7.490000000000000000e+02 1.947197501213128637e-06
7.500000000000000000e+02 1.915581611608388427e-06
7.510000000000000000e+02 1.940616275345093461e-06
7.520000000000000000e+02 1.933379014544862720e-06
7.530000000000000000e+02 1.933380067396610257e-06
7.540000000000000000e+02 1.935046521143010699e-06
7.550000000000000000e+02 1.934963366911970719e-06
7.560000000000000000e+02 1.897537552580737962e-06
7.570000000000000000e+02 1.929245753218576369e-06
7.580000000000000000e+02 1.897884458207190846e-06
7.590000000000000000e+02 1.913044687110247418e-06
7.600000000000000000e+02 1.891834489298498327e-06
7.610000000000000000e+02 1.898954161599239811e-06
7.620000000000000000e+02 1.892123626453624051e-06
7.630000000000000000e+02 1.896841515298422757e-06
7.640000000000000000e+02 1.893464613643303968e-06
7.650000000000000000e+02 1.974307398915829638e-06
7.660000000000000000e+02 1.935376150976356052e-06
7.670000000000000000e+02 1.923077741580069653e-06
7.680000000000000000e+02 1.922926139952831489e-06
7.690000000000000000e+02 1.909490199446755049e-06
7.700000000000000000e+02 1.908327273552808585e-06
7.710000000000000000e+02 1.896059721737176208e-06
7.720000000000000000e+02 1.964903958815628549e-06
7.730000000000000000e+02 1.938758004042837517e-06
7.740000000000000000e+02 1.893561027790070554e-06
7.750000000000000000e+02 1.884891437390670135e-06
7.760000000000000000e+02 1.912604252150816207e-06
7.770000000000000000e+02 1.916389867846278840e-06
7.780000000000000000e+02 1.880836177338155353e-06
7.790000000000000000e+02 1.912959724982348740e-06
7.800000000000000000e+02 1.896292967505233300e-06
7.810000000000000000e+02 1.896143949876998871e-06
7.820000000000000000e+02 1.923201944996682414e-06
7.830000000000000000e+02 1.951315541311289906e-06
7.840000000000000000e+02 1.902629709164840540e-06
7.850000000000000000e+02 1.887300488531820636e-06
7.860000000000000000e+02 1.890205499025432443e-06
7.870000000000000000e+02 1.891418721151444460e-06
7.880000000000000000e+02 1.883851556776413803e-06
7.890000000000000000e+02 1.918666012999084150e-06
7.900000000000000000e+02 1.880672323524720951e-06
7.910000000000000000e+02 1.890370092843237891e-06
7.920000000000000000e+02 1.900698652717186026e-06
7.930000000000000000e+02 1.894906981431852627e-06
7.940000000000000000e+02 1.898259062859054295e-06
7.950000000000000000e+02 1.920585746778228509e-06
7.960000000000000000e+02 1.912915210410452097e-06
7.970000000000000000e+02 1.892055040682625146e-06
7.980000000000000000e+02 1.927752033338066046e-06
7.990000000000000000e+02 1.880491202942622619e-06
8.000000000000000000e+02 1.930785657193040253e-06
8.010000000000000000e+02 1.886359431590759700e-06
8.020000000000000000e+02 1.904293064518954599e-06
8.030000000000000000e+02 1.905623646525218480e-06
8.040000000000000000e+02 1.889817923240036432e-06
8.050000000000000000e+02 1.890387431807450224e-06
8.060000000000000000e+02 1.894976499728685131e-06
8.070000000000000000e+02 1.881837698051017518e-06
8.080000000000000000e+02 1.881108886997867621e-06
8.090000000000000000e+02 1.893635578718257954e-06
8.100000000000000000e+02 1.893132291517632062e-06
8.110000000000000000e+02 1.873960297371835869e-06
8.120000000000000000e+02 1.885191638513590931e-06
8.130000000000000000e+02 1.873837432581016961e-06
8.140000000000000000e+02 1.902241862646138117e-06
8.150000000000000000e+02 1.882449723780155063e-06
8.160000000000000000e+02 1.917196087568074010e-06
8.170000000000000000e+02 1.906962031667007456e-06
8.180000000000000000e+02 1.868422411488085010e-06
8.190000000000000000e+02 1.899109105278740172e-06
8.200000000000000000e+02 1.876647656335849232e-06
8.210000000000000000e+02 1.880813125901174577e-06
8.220000000000000000e+02 1.879342415343575375e-06
8.230000000000000000e+02 1.899830459133368153e-06
8.240000000000000000e+02 1.899179640329546434e-06
8.250000000000000000e+02 1.917385594866380554e-06
8.260000000000000000e+02 1.879506930949536964e-06
8.270000000000000000e+02 1.894488698473195493e-06
8.280000000000000000e+02 1.901606295151920017e-06
8.290000000000000000e+02 1.865989698255940016e-06
8.300000000000000000e+02 1.916619070663624408e-06
8.310000000000000000e+02 1.878032782078944499e-06
8.320000000000000000e+02 1.874265341612796733e-06
8.330000000000000000e+02 1.868801468198767541e-06
8.340000000000000000e+02 1.883783313934270139e-06
8.350000000000000000e+02 1.878334297762476065e-06
8.360000000000000000e+02 1.878169544512834327e-06
8.370000000000000000e+02 1.863432128839098466e-06
8.380000000000000000e+02 1.881663014905320253e-06
8.390000000000000000e+02 1.876341120053554312e-06
8.400000000000000000e+02 1.890343759516951992e-06
8.410000000000000000e+02 1.884731819049409599e-06
8.420000000000000000e+02 1.871511797379769672e-06
8.430000000000000000e+02 1.882795480294128922e-06
8.440000000000000000e+02 1.874733228929514120e-06
8.450000000000000000e+02 1.880704095582321365e-06
8.460000000000000000e+02 1.919394863158156611e-06
8.470000000000000000e+02 1.873601305007318700e-06
8.480000000000000000e+02 1.868704972832008735e-06
8.490000000000000000e+02 1.867501828001297205e-06
8.500000000000000000e+02 1.876518233782715320e-06
8.510000000000000000e+02 1.861409017050913110e-06
8.520000000000000000e+02 1.877826838260781108e-06
8.530000000000000000e+02 1.873184441894446793e-06
8.540000000000000000e+02 1.902447415405080522e-06
8.550000000000000000e+02 1.894481069810245533e-06
8.560000000000000000e+02 1.880663654042614784e-06
8.570000000000000000e+02 1.860823523185819895e-06
8.580000000000000000e+02 1.868226135857114548e-06
8.590000000000000000e+02 1.875319613206371067e-06
8.600000000000000000e+02 1.873474114499889889e-06
8.610000000000000000e+02 1.869624765175912023e-06
8.620000000000000000e+02 1.892787993955365995e-06
8.630000000000000000e+02 1.872215303893198758e-06
8.640000000000000000e+02 1.865430218853460543e-06
8.650000000000000000e+02 1.855948386420267111e-06
8.660000000000000000e+02 1.869782930581760644e-06
8.670000000000000000e+02 1.901259563998042480e-06
8.680000000000000000e+02 1.899223505141507010e-06
8.690000000000000000e+02 1.870619138529480826e-06
8.700000000000000000e+02 1.858223635145013023e-06
8.710000000000000000e+02 1.903320482188417001e-06
8.720000000000000000e+02 1.875601458611106407e-06
8.730000000000000000e+02 1.878720246139885026e-06
8.740000000000000000e+02 1.872999789746771860e-06
8.750000000000000000e+02 1.868164763624661957e-06
8.760000000000000000e+02 1.909344707367802191e-06
8.770000000000000000e+02 1.891270422470546565e-06
8.780000000000000000e+02 1.857929047225981877e-06
8.790000000000000000e+02 1.857162691479505413e-06
8.800000000000000000e+02 1.863290228488679285e-06
8.810000000000000000e+02 1.860735191932328209e-06
8.820000000000000000e+02 1.862794997107997906e-06
8.830000000000000000e+02 1.852816140438004090e-06
8.840000000000000000e+02 1.854261862311406277e-06
8.850000000000000000e+02 1.868264303237045737e-06
8.860000000000000000e+02 1.869705260204252350e-06
8.870000000000000000e+02 1.865115181545339562e-06
8.880000000000000000e+02 1.861298269079637235e-06
8.890000000000000000e+02 1.861293606450468391e-06
8.900000000000000000e+02 1.861153510988759757e-06
8.910000000000000000e+02 1.867331205855198249e-06
8.920000000000000000e+02 1.861422319080709372e-06
8.930000000000000000e+02 1.853667067253158245e-06
8.940000000000000000e+02 1.853250571134324452e-06
8.950000000000000000e+02 1.882971860035214339e-06
8.960000000000000000e+02 1.903768148735281097e-06
8.970000000000000000e+02 1.894687901032025141e-06
8.980000000000000000e+02 1.893121477226108257e-06
8.990000000000000000e+02 1.849036414696033609e-06
9.000000000000000000e+02 1.864052610471844690e-06
9.010000000000000000e+02 1.861549590808129980e-06
9.020000000000000000e+02 1.854407354390359346e-06
9.030000000000000000e+02 1.856685680450356497e-06
9.040000000000000000e+02 1.852515175245528952e-06
9.050000000000000000e+02 1.868740219300377038e-06
9.060000000000000000e+02 1.879723114502984436e-06
9.070000000000000000e+02 1.865627481156926437e-06
9.080000000000000000e+02 1.872772208321117677e-06
9.090000000000000000e+02 1.883727464661271799e-06
9.100000000000000000e+02 1.863512711103726466e-06
9.110000000000000000e+02 1.850873610914446522e-06
9.120000000000000000e+02 1.857691120779868522e-06
9.130000000000000000e+02 1.861545382409286711e-06
9.140000000000000000e+02 1.847673483067781650e-06
9.150000000000000000e+02 1.847601113046786515e-06
9.160000000000000000e+02 1.865242041156504674e-06
9.170000000000000000e+02 1.867466006976689389e-06
9.180000000000000000e+02 1.858042983833979536e-06
9.190000000000000000e+02 1.848606688742951746e-06
9.200000000000000000e+02 1.873866665761831236e-06
9.210000000000000000e+02 1.858066209743535871e-06
9.220000000000000000e+02 1.864155820024606429e-06
9.230000000000000000e+02 1.854774044605226941e-06
9.240000000000000000e+02 1.856198853834770537e-06
9.250000000000000000e+02 1.870427817318020554e-06
9.260000000000000000e+02 1.851777216414764441e-06
9.270000000000000000e+02 1.853729414125514515e-06
9.280000000000000000e+02 1.850663193980429114e-06
9.290000000000000000e+02 1.900450504584676009e-06
9.300000000000000000e+02 1.849470418235359418e-06
9.310000000000000000e+02 1.860727581318265668e-06
9.320000000000000000e+02 1.853616801102571018e-06
9.330000000000000000e+02 1.854130815358433041e-06
9.340000000000000000e+02 1.848231680999276618e-06
9.350000000000000000e+02 1.866433676813538947e-06
9.360000000000000000e+02 1.919908197572604028e-06
9.370000000000000000e+02 1.858878045677368630e-06
9.380000000000000000e+02 1.862893748585644897e-06
9.390000000000000000e+02 1.855682739891708681e-06
9.400000000000000000e+02 1.851644797746371300e-06
9.410000000000000000e+02 1.851276558335360513e-06
9.420000000000000000e+02 1.895817698193689918e-06
9.430000000000000000e+02 1.866200801047667483e-06
9.440000000000000000e+02 1.873488349055519962e-06
9.450000000000000000e+02 1.849715681554080540e-06
9.460000000000000000e+02 1.850259347123308211e-06
9.470000000000000000e+02 1.847732990248566619e-06
9.480000000000000000e+02 1.876893331770826061e-06
9.490000000000000000e+02 1.854635540453731579e-06
9.500000000000000000e+02 1.859687448019590131e-06
9.510000000000000000e+02 1.853985359377254174e-06
9.520000000000000000e+02 1.857763045594981686e-06
9.530000000000000000e+02 1.883351659758416065e-06
9.540000000000000000e+02 1.849209088398966653e-06
9.550000000000000000e+02 1.849015658475862734e-06
9.560000000000000000e+02 1.851715705807510917e-06
9.570000000000000000e+02 1.861298067533731077e-06
9.580000000000000000e+02 1.874374823153827371e-06
9.590000000000000000e+02 1.866386737674474860e-06
9.600000000000000000e+02 1.869879516192954850e-06
9.610000000000000000e+02 1.885016437966463077e-06
9.620000000000000000e+02 1.880730386794537608e-06
9.630000000000000000e+02 1.867467715604668659e-06
9.640000000000000000e+02 1.847058512361898346e-06
9.650000000000000000e+02 1.858380501030989931e-06
9.660000000000000000e+02 1.877135806536489776e-06
9.670000000000000000e+02 1.886725619444936399e-06
9.680000000000000000e+02 1.842044351035271884e-06
9.690000000000000000e+02 1.843454399283311215e-06
9.700000000000000000e+02 1.855393383141790016e-06
9.710000000000000000e+02 1.862281704807620356e-06
9.720000000000000000e+02 1.848142928605085832e-06
9.730000000000000000e+02 1.873500887015762306e-06
9.740000000000000000e+02 1.845728035640809134e-06
9.750000000000000000e+02 1.841524064791140962e-06
9.760000000000000000e+02 1.852145016636189133e-06
9.770000000000000000e+02 1.861015310660197283e-06
9.780000000000000000e+02 1.853590341434075093e-06
9.790000000000000000e+02 1.852650220026996118e-06
9.800000000000000000e+02 1.841297740771288414e-06
9.810000000000000000e+02 1.837934432936307656e-06
9.820000000000000000e+02 1.840686617486506142e-06
9.830000000000000000e+02 1.871029552173360336e-06
9.840000000000000000e+02 1.857788542656165474e-06
9.850000000000000000e+02 1.842361575266880584e-06
9.860000000000000000e+02 1.846868268067368485e-06
9.870000000000000000e+02 1.845914345277949867e-06
9.880000000000000000e+02 1.875829996627777061e-06
9.890000000000000000e+02 1.842532359852963346e-06
9.900000000000000000e+02 1.847904232073122894e-06
9.910000000000000000e+02 1.844250343172048102e-06
9.920000000000000000e+02 1.842118092771686926e-06
9.930000000000000000e+02 1.845376383157047459e-06
9.940000000000000000e+02 1.845094513687129458e-06
9.950000000000000000e+02 1.844302889498706386e-06
9.960000000000000000e+02 1.841082567955518823e-06
9.970000000000000000e+02 1.843439045696680654e-06
9.980000000000000000e+02 1.846456344333267923e-06
9.990000000000000000e+02 1.879130449213414987e-06
1.000000000000000000e+03 1.886942997233080703e-06
1.001000000000000000e+03 1.863509606695144418e-06
1.002000000000000000e+03 1.845457946077874803e-06
1.003000000000000000e+03 1.843282874692856985e-06
1.004000000000000000e+03 1.835914121733771460e-06
1.005000000000000000e+03 1.841628315163059119e-06
1.006000000000000000e+03 1.859130080336902244e-06
1.007000000000000000e+03 1.844564986412800795e-06
1.008000000000000000e+03 1.845709201627115019e-06
1.009000000000000000e+03 1.844068500634465721e-06
1.010000000000000000e+03 1.838472906442344564e-06
1.011000000000000000e+03 1.845026066290931698e-06
1.012000000000000000e+03 1.866202813498579642e-06
1.013000000000000000e+03 1.859851656794470893e-06
1.014000000000000000e+03 1.848878709536806229e-06
1.015000000000000000e+03 1.843791907455878007e-06
1.016000000000000000e+03 1.840487294601762556e-06
1.017000000000000000e+03 1.834061680222050381e-06
1.018000000000000000e+03 1.840948654237643688e-06
1.019000000000000000e+03 1.834647300429353411e-06
1.020000000000000000e+03 1.843071263524142957e-06
1.021000000000000000e+03 1.840079991382760971e-06
1.022000000000000000e+03 1.840293220935018658e-06
1.023000000000000000e+03 1.849534630159383098e-06
1.024000000000000000e+03 1.855618079753655091e-06
1.025000000000000000e+03 1.869759295564096751e-06
1.026000000000000000e+03 1.843231588780148273e-06
1.027000000000000000e+03 1.837367297797548048e-06
1.028000000000000000e+03 1.846491768282359300e-06
1.029000000000000000e+03 1.832818888002664937e-06
1.030000000000000000e+03 1.833566090871774916e-06
1.031000000000000000e+03 1.833632333295597751e-06
1.032000000000000000e+03 1.847648473326549913e-06
1.033000000000000000e+03 1.856474433267532432e-06
1.034000000000000000e+03 1.914244763630151101e-06
1.035000000000000000e+03 1.855794531690288913e-06
1.036000000000000000e+03 1.835632763648988171e-06
1.037000000000000000e+03 1.839294293245603830e-06
1.038000000000000000e+03 1.844719205128669167e-06
1.039000000000000000e+03 1.879193373650158285e-06
1.040000000000000000e+03 1.855811121625686174e-06
1.041000000000000000e+03 1.832879772915165477e-06
1.042000000000000000e+03 1.830536846880071811e-06
1.043000000000000000e+03 1.834636368820063606e-06
1.044000000000000000e+03 1.839235053789977548e-06
1.045000000000000000e+03 1.833281294473997941e-06
1.046000000000000000e+03 1.844081616159095305e-06
1.047000000000000000e+03 1.856395373125717025e-06
1.048000000000000000e+03 1.844893100139629643e-06
1.049000000000000000e+03 1.841091062965049642e-06
1.050000000000000000e+03 1.830161399946810375e-06
1.051000000000000000e+03 1.831243060726566506e-06
1.052000000000000000e+03 1.838116880111608088e-06
1.053000000000000000e+03 1.855263870344220492e-06
1.054000000000000000e+03 1.841244770295783303e-06
1.055000000000000000e+03 1.837489609089162588e-06
1.056000000000000000e+03 1.869520469681776060e-06
1.057000000000000000e+03 1.836878422633275515e-06
1.058000000000000000e+03 1.831345665641610406e-06
1.059000000000000000e+03 1.828575341959871467e-06
1.060000000000000000e+03 1.848650475343068463e-06
1.061000000000000000e+03 1.835338368251419156e-06
1.062000000000000000e+03 1.829849734772429917e-06
1.063000000000000000e+03 1.840333873045075000e-06
1.064000000000000000e+03 1.826613999479654929e-06
1.065000000000000000e+03 1.834456039380850003e-06
1.066000000000000000e+03 1.839924455098133890e-06
1.067000000000000000e+03 1.848190487422607238e-06
1.068000000000000000e+03 1.830842246082479035e-06
1.069000000000000000e+03 1.835520788353388989e-06
1.070000000000000000e+03 1.840907935948334817e-06
1.071000000000000000e+03 1.839371470286864620e-06
1.072000000000000000e+03 1.836211128203674808e-06
1.073000000000000000e+03 1.847177704204191569e-06
1.074000000000000000e+03 1.831947466676202928e-06
1.075000000000000000e+03 1.835309754749062200e-06
1.076000000000000000e+03 1.835362842542333522e-06
1.077000000000000000e+03 1.837704156210179195e-06
1.078000000000000000e+03 1.844223435289522478e-06
1.079000000000000000e+03 1.842990885813569053e-06
1.080000000000000000e+03 1.842574762705068615e-06
1.081000000000000000e+03 1.846452262276634469e-06
1.082000000000000000e+03 1.827071081529292114e-06
1.083000000000000000e+03 1.878806946977241300e-06
1.084000000000000000e+03 1.825831219245913159e-06
1.085000000000000000e+03 1.833496265743861585e-06
1.086000000000000000e+03 1.838051645417314984e-06
1.087000000000000000e+03 1.834707920624843203e-06
1.088000000000000000e+03 1.835382130786353001e-06
1.089000000000000000e+03 1.822946104642186821e-06
1.090000000000000000e+03 1.835301518440246463e-06
1.091000000000000000e+03 1.848839242637003326e-06
1.092000000000000000e+03 1.829729032839915643e-06
1.093000000000000000e+03 1.836651969263065425e-06
1.094000000000000000e+03 1.845537884598862612e-06
1.095000000000000000e+03 1.829999585657618730e-06
1.096000000000000000e+03 1.841821203619549789e-06
1.097000000000000000e+03 1.844684166222502687e-06
1.098000000000000000e+03 1.824916748315557963e-06
1.099000000000000000e+03 1.858488243862562972e-06
1.100000000000000000e+03 1.832873290356547028e-06
1.101000000000000000e+03 1.836020038619599020e-06
1.102000000000000000e+03 1.823853223659194347e-06
1.103000000000000000e+03 1.835480515269962090e-06
1.104000000000000000e+03 1.824739135233853785e-06
1.105000000000000000e+03 1.826831759302576192e-06
1.106000000000000000e+03 1.851265374041650867e-06
1.107000000000000000e+03 1.853934828509656200e-06
1.108000000000000000e+03 1.831534210332604178e-06
1.109000000000000000e+03 1.828300710093682441e-06
1.110000000000000000e+03 1.831002264507403736e-06
1.111000000000000000e+03 1.826044599205563533e-06
1.112000000000000000e+03 1.827969573178263552e-06
1.113000000000000000e+03 1.825844746886798240e-06
1.114000000000000000e+03 1.832311028417305814e-06
1.115000000000000000e+03 1.833461169682885969e-06
1.116000000000000000e+03 1.841633413973666332e-06
1.117000000000000000e+03 1.833550319152592982e-06
1.118000000000000000e+03 1.828131351369680995e-06
1.119000000000000000e+03 1.839431524950558714e-06
1.120000000000000000e+03 1.834967740371014917e-06
1.121000000000000000e+03 1.825658744080738122e-06
1.122000000000000000e+03 1.843773738242859016e-06
1.123000000000000000e+03 1.831454852384151759e-06
1.124000000000000000e+03 1.832874493615687464e-06
1.125000000000000000e+03 1.832934822020835698e-06
1.126000000000000000e+03 1.829451428923649836e-06
1.127000000000000000e+03 1.832072328877194938e-06
1.128000000000000000e+03 1.824089880666914526e-06
1.129000000000000000e+03 1.821945660846254854e-06
1.130000000000000000e+03 1.857639855924194744e-06
1.131000000000000000e+03 1.830983250004838608e-06
1.132000000000000000e+03 1.826726353801883132e-06
1.133000000000000000e+03 1.834685518947798071e-06
1.134000000000000000e+03 1.821290158356229357e-06
1.135000000000000000e+03 1.831368506508241633e-06
1.136000000000000000e+03 1.826603495027359889e-06
1.137000000000000000e+03 1.846659141628779186e-06
1.138000000000000000e+03 1.845218927674091769e-06
1.139000000000000000e+03 1.824896686977540963e-06
1.140000000000000000e+03 1.824170832933728155e-06
1.141000000000000000e+03 1.823181714814454705e-06
1.142000000000000000e+03 1.831517719666086132e-06
1.143000000000000000e+03 1.824445729516927929e-06
1.144000000000000000e+03 1.824385786154704592e-06
1.145000000000000000e+03 1.835659563238190976e-06
1.146000000000000000e+03 1.819834139592733741e-06
1.147000000000000000e+03 1.828576719691587038e-06
1.148000000000000000e+03 1.850018496757484031e-06
1.149000000000000000e+03 1.820835133879722137e-06
1.150000000000000000e+03 1.823788572545584360e-06
1.151000000000000000e+03 1.834317842060435255e-06
1.152000000000000000e+03 1.818856452435293689e-06
1.153000000000000000e+03 1.825233906367913923e-06
1.154000000000000000e+03 1.833962260935580751e-06
1.155000000000000000e+03 1.827654758473083239e-06
1.156000000000000000e+03 1.824870248366079760e-06
1.157000000000000000e+03 1.836648663308577430e-06
1.158000000000000000e+03 1.827424896871358212e-06
1.159000000000000000e+03 1.823763935814686189e-06
1.160000000000000000e+03 1.849833014361002017e-06
1.161000000000000000e+03 1.844321600178338414e-06
1.162000000000000000e+03 1.820754040229959849e-06
1.163000000000000000e+03 1.828663631099293074e-06
1.164000000000000000e+03 1.822042502150016628e-06
1.165000000000000000e+03 1.818550367375176406e-06
1.166000000000000000e+03 1.820080708447622241e-06
1.167000000000000000e+03 1.839151568662673445e-06
1.168000000000000000e+03 1.840316678471959477e-06
1.169000000000000000e+03 1.823229035988295962e-06
1.170000000000000000e+03 1.837617004150645072e-06
1.171000000000000000e+03 1.823523693094727998e-06
1.172000000000000000e+03 1.843178058789142918e-06
1.173000000000000000e+03 1.829690348058554077e-06
1.174000000000000000e+03 1.824495541437189793e-06
1.175000000000000000e+03 1.822315079451223416e-06
1.176000000000000000e+03 1.820450509087367762e-06
1.177000000000000000e+03 1.818953579513100933e-06
1.178000000000000000e+03 1.824610359432508003e-06
1.179000000000000000e+03 1.825639810798165003e-06
1.180000000000000000e+03 1.823363268569843466e-06
1.181000000000000000e+03 1.829621353179447403e-06
1.182000000000000000e+03 1.821224358130140556e-06
1.183000000000000000e+03 1.819129309494250494e-06
1.184000000000000000e+03 1.826713644377213590e-06
1.185000000000000000e+03 1.833106707589031953e-06
1.186000000000000000e+03 1.823860205570356177e-06
1.187000000000000000e+03 1.829104568419414757e-06
1.188000000000000000e+03 1.832812606989952435e-06
1.189000000000000000e+03 1.824869616655031110e-06
1.190000000000000000e+03 1.820829941816531798e-06
1.191000000000000000e+03 1.825799660766810233e-06
1.192000000000000000e+03 1.833718492666341199e-06
1.193000000000000000e+03 1.825544533731285901e-06
1.194000000000000000e+03 1.834960256099161767e-06
1.195000000000000000e+03 1.815682687996393254e-06
1.196000000000000000e+03 1.831381643089906363e-06
1.197000000000000000e+03 1.824770841112201459e-06
1.198000000000000000e+03 1.817737487614039290e-06
1.199000000000000000e+03 1.834581831099528097e-06
1.200000000000000000e+03 1.818000492988784849e-06
1.201000000000000000e+03 1.820437980151569233e-06
1.202000000000000000e+03 1.821574665971812713e-06
1.203000000000000000e+03 1.815055444047278565e-06
1.204000000000000000e+03 1.828902478038648698e-06
1.205000000000000000e+03 1.826547393069941919e-06
1.206000000000000000e+03 1.825357487097921639e-06
1.207000000000000000e+03 1.821516500424969113e-06
1.208000000000000000e+03 1.821535367528289492e-06
1.209000000000000000e+03 1.819397242215175645e-06
1.210000000000000000e+03 1.819097426135179534e-06
1.211000000000000000e+03 1.819953424687610515e-06
1.212000000000000000e+03 1.818180064374739777e-06
1.213000000000000000e+03 1.828699307732803868e-06
1.214000000000000000e+03 1.851729209383213337e-06
1.215000000000000000e+03 1.865257491003866301e-06
1.216000000000000000e+03 1.825418302823021712e-06
1.217000000000000000e+03 1.823788392056713347e-06
1.218000000000000000e+03 1.837649167267466049e-06
1.219000000000000000e+03 1.816910424435785572e-06
1.220000000000000000e+03 1.819574638710234608e-06
1.221000000000000000e+03 1.820603966741829944e-06
1.222000000000000000e+03 1.839617076534440982e-06
1.223000000000000000e+03 1.817366886806965437e-06
1.224000000000000000e+03 1.825714009773053558e-06
1.225000000000000000e+03 1.835794138748593298e-06
1.226000000000000000e+03 1.820801830674865738e-06
1.227000000000000000e+03 1.817380315178971514e-06
1.228000000000000000e+03 1.816268190885930285e-06
1.229000000000000000e+03 1.820504005988746852e-06
1.230000000000000000e+03 1.831625179731761219e-06
1.231000000000000000e+03 1.818808322069680285e-06
1.232000000000000000e+03 1.819202043501135592e-06
1.233000000000000000e+03 1.813925752170788246e-06
1.234000000000000000e+03 1.813269572847496294e-06
1.235000000000000000e+03 1.813590355718012617e-06
1.236000000000000000e+03 1.815842859836858369e-06
1.237000000000000000e+03 1.818380647673432935e-06
1.238000000000000000e+03 1.821002215435800465e-06
1.239000000000000000e+03 1.813933693681114486e-06
1.240000000000000000e+03 1.817032007755620186e-06
1.241000000000000000e+03 1.816389873474643902e-06
1.242000000000000000e+03 1.821915329691475024e-06
1.243000000000000000e+03 1.817698005673497119e-06
1.244000000000000000e+03 1.813004386565559105e-06
1.245000000000000000e+03 1.816051068790353125e-06
1.246000000000000000e+03 1.820620195699484969e-06
1.247000000000000000e+03 1.819005214370960340e-06
1.248000000000000000e+03 1.825919216594993419e-06
1.249000000000000000e+03 1.817092814456276867e-06
1.250000000000000000e+03 1.827099737145718937e-06
1.251000000000000000e+03 1.829477305011462644e-06
1.252000000000000000e+03 1.827293762682097091e-06
1.253000000000000000e+03 1.826152116426047756e-06
1.254000000000000000e+03 1.818544014166915498e-06
1.255000000000000000e+03 1.826946240385335038e-06
1.256000000000000000e+03 1.817864115597819706e-06
1.257000000000000000e+03 1.833219302563088243e-06
1.258000000000000000e+03 1.823297564604485519e-06
1.259000000000000000e+03 1.814658897964991438e-06
1.260000000000000000e+03 1.830744634692867679e-06
1.261000000000000000e+03 1.819894140109766426e-06
1.262000000000000000e+03 1.812442545767016778e-06
1.263000000000000000e+03 1.813582191604745497e-06
1.264000000000000000e+03 1.817860223054500868e-06
1.265000000000000000e+03 1.816644158228769824e-06
1.266000000000000000e+03 1.830587910189839431e-06
1.267000000000000000e+03 1.826076130611335860e-06
1.268000000000000000e+03 1.840176528863589433e-06
1.269000000000000000e+03 1.819601645861639236e-06
1.270000000000000000e+03 1.844727182736769398e-06
1.271000000000000000e+03 1.812468087950418161e-06
1.272000000000000000e+03 1.811186737291880542e-06
1.273000000000000000e+03 1.810499682339047784e-06
1.274000000000000000e+03 1.812075705144756496e-06
1.275000000000000000e+03 1.823108165599502006e-06
1.276000000000000000e+03 1.814341911377062887e-06
1.277000000000000000e+03 1.822669036176238597e-06
1.278000000000000000e+03 1.810265654452549356e-06
1.279000000000000000e+03 1.816773168665648239e-06
1.280000000000000000e+03 1.818308443100569543e-06
1.281000000000000000e+03 1.812090078075187714e-06
1.282000000000000000e+03 1.815083215268237322e-06
1.283000000000000000e+03 1.837913842164268737e-06
1.284000000000000000e+03 1.839975674831589862e-06
1.285000000000000000e+03 1.821802427886337907e-06
1.286000000000000000e+03 1.815661104535563661e-06
1.287000000000000000e+03 1.834420540228062494e-06
1.288000000000000000e+03 1.809984786695865633e-06
1.289000000000000000e+03 1.832568670264433413e-06
1.290000000000000000e+03 1.821512240887612373e-06
1.291000000000000000e+03 1.818659779728806577e-06
1.292000000000000000e+03 1.821311531246709612e-06
1.293000000000000000e+03 1.820362981009352346e-06
1.294000000000000000e+03 1.813373113296521731e-06
1.295000000000000000e+03 1.812845778961976451e-06
1.296000000000000000e+03 1.822253647055813750e-06
1.297000000000000000e+03 1.809980018781522332e-06
1.298000000000000000e+03 1.811010342510056068e-06
1.299000000000000000e+03 1.813627355936577785e-06
1.300000000000000000e+03 1.814960831781074377e-06
1.301000000000000000e+03 1.809634755603795978e-06
1.302000000000000000e+03 1.807382765878232665e-06
1.303000000000000000e+03 1.809795279397559301e-06
1.304000000000000000e+03 1.810264228590468252e-06
1.305000000000000000e+03 1.809073203587447271e-06
1.306000000000000000e+03 1.810618058973273619e-06
1.307000000000000000e+03 1.816596500142368990e-06
1.308000000000000000e+03 1.819391003316533222e-06
1.309000000000000000e+03 1.809354501509273697e-06
1.310000000000000000e+03 1.825863977976008583e-06
1.311000000000000000e+03 1.811589407963192032e-06
1.312000000000000000e+03 1.816549711410697379e-06
1.313000000000000000e+03 1.816562920187910302e-06
1.314000000000000000e+03 1.823403105471831997e-06
1.315000000000000000e+03 1.814336999071622352e-06
1.316000000000000000e+03 1.807661455735872273e-06
1.317000000000000000e+03 1.812091212146927471e-06
1.318000000000000000e+03 1.807974883684893200e-06
1.319000000000000000e+03 1.816492995791117967e-06
1.320000000000000000e+03 1.808689246603915747e-06
1.321000000000000000e+03 1.810642406921978170e-06
1.322000000000000000e+03 1.824522975745589185e-06
1.323000000000000000e+03 1.818077946779647928e-06
1.324000000000000000e+03 1.826117775410182665e-06
1.325000000000000000e+03 1.820442450259275522e-06
1.326000000000000000e+03 1.816425348562248539e-06
1.327000000000000000e+03 1.839385548418806552e-06
1.328000000000000000e+03 1.825449792114724171e-06
1.329000000000000000e+03 1.810635446067851273e-06
1.330000000000000000e+03 1.810931760663748897e-06
1.331000000000000000e+03 1.806640439216788594e-06
1.332000000000000000e+03 1.806716133241158932e-06
1.333000000000000000e+03 1.809791422952014666e-06
1.334000000000000000e+03 1.809416700982385218e-06
1.335000000000000000e+03 1.805136639032830481e-06
1.336000000000000000e+03 1.814094695770386258e-06
1.337000000000000000e+03 1.811586802907153365e-06
1.338000000000000000e+03 1.813700062870132073e-06
1.339000000000000000e+03 1.831519948703643506e-06
1.340000000000000000e+03 1.816799050769756713e-06
1.341000000000000000e+03 1.809670874435040594e-06
1.342000000000000000e+03 1.807065285954056609e-06
1.343000000000000000e+03 1.809469265357930497e-06
1.344000000000000000e+03 1.811474517772325629e-06
1.345000000000000000e+03 1.822056324589390993e-06
1.346000000000000000e+03 1.820486179704583103e-06
1.347000000000000000e+03 1.809430724967665741e-06
1.348000000000000000e+03 1.809647287547742233e-06
1.349000000000000000e+03 1.816228802197971452e-06
1.350000000000000000e+03 1.808849740316200957e-06
1.351000000000000000e+03 1.805935323344259665e-06
1.352000000000000000e+03 1.819683696102418419e-06
1.353000000000000000e+03 1.815385768762777580e-06
1.354000000000000000e+03 1.806813807801875301e-06
1.355000000000000000e+03 1.809543458316523388e-06
1.356000000000000000e+03 1.817604747073825841e-06
1.357000000000000000e+03 1.813499205829984776e-06
1.358000000000000000e+03 1.807349808610379022e-06
1.359000000000000000e+03 1.823808889576168927e-06
1.360000000000000000e+03 1.810724980580483183e-06
1.361000000000000000e+03 1.812218658346923427e-06
1.362000000000000000e+03 1.812986172230322308e-06
1.363000000000000000e+03 1.809770621609626197e-06
1.364000000000000000e+03 1.806913801644584657e-06
1.365000000000000000e+03 1.806887002055381641e-06
1.366000000000000000e+03 1.806496433162874127e-06
1.367000000000000000e+03 1.812103109371677563e-06
1.368000000000000000e+03 1.803793055811555288e-06
1.369000000000000000e+03 1.822644212940173537e-06
1.370000000000000000e+03 1.805494003989360600e-06
1.371000000000000000e+03 1.807812964110527097e-06
1.372000000000000000e+03 1.804409109450664878e-06
1.373000000000000000e+03 1.806112602521552418e-06
1.374000000000000000e+03 1.813642297406952851e-06
1.375000000000000000e+03 1.803248641213512969e-06
1.376000000000000000e+03 1.817821493150921496e-06
1.377000000000000000e+03 1.815982356677144829e-06
1.378000000000000000e+03 1.808552445064103990e-06
1.379000000000000000e+03 1.811344207815575712e-06
1.380000000000000000e+03 1.812056687634043641e-06
1.381000000000000000e+03 1.812462053605829411e-06
1.382000000000000000e+03 1.814069938713573937e-06
1.383000000000000000e+03 1.813282628209168803e-06
1.384000000000000000e+03 1.816087894536342945e-06
1.385000000000000000e+03 1.805875382990184055e-06
1.386000000000000000e+03 1.809949419901583604e-06
1.387000000000000000e+03 1.805729108792789861e-06
1.388000000000000000e+03 1.820819972814554130e-06
1.389000000000000000e+03 1.804834696192303938e-06
1.390000000000000000e+03 1.810291563629988429e-06
1.391000000000000000e+03 1.809846114088090588e-06
1.392000000000000000e+03 1.803510046253601654e-06
1.393000000000000000e+03 1.802862410070206054e-06
1.394000000000000000e+03 1.806607499997822159e-06
1.395000000000000000e+03 1.804955061212259059e-06
1.396000000000000000e+03 1.801015786316428722e-06
1.397000000000000000e+03 1.809189670047787677e-06
1.398000000000000000e+03 1.808283964860269925e-06
1.399000000000000000e+03 1.802974024388062999e-06
1.400000000000000000e+03 1.805702306195438906e-06
1.401000000000000000e+03 1.807615271641918500e-06
1.402000000000000000e+03 1.802462882913398965e-06
1.403000000000000000e+03 1.805828678486652179e-06
1.404000000000000000e+03 1.803155250255336000e-06
1.405000000000000000e+03 1.805494578545600113e-06
1.406000000000000000e+03 1.805960296987717200e-06
1.407000000000000000e+03 1.802076080222000475e-06
1.408000000000000000e+03 1.817021665743309163e-06
1.409000000000000000e+03 1.811784988712009255e-06
1.410000000000000000e+03 1.804282270896534912e-06
1.411000000000000000e+03 1.806682306618576491e-06
1.412000000000000000e+03 1.803242381257835188e-06
1.413000000000000000e+03 1.805715584160052508e-06
1.414000000000000000e+03 1.806270045971916565e-06
1.415000000000000000e+03 1.824201416772927402e-06
1.416000000000000000e+03 1.802863348612335530e-06
1.417000000000000000e+03 1.801121898731866563e-06
1.418000000000000000e+03 1.807188304160415930e-06
1.419000000000000000e+03 1.803070859675529108e-06
1.420000000000000000e+03 1.802805468839537823e-06
1.421000000000000000e+03 1.802253765499253058e-06
1.422000000000000000e+03 1.803494740797336836e-06
1.423000000000000000e+03 1.802858764195010968e-06
1.424000000000000000e+03 1.807149231327981741e-06
1.425000000000000000e+03 1.805669598603856954e-06
1.426000000000000000e+03 1.803032499774135365e-06
1.427000000000000000e+03 1.802758361244194054e-06
1.428000000000000000e+03 1.818472841388764922e-06
1.429000000000000000e+03 1.825744073202674702e-06
1.430000000000000000e+03 1.835674008364170599e-06
1.431000000000000000e+03 1.805493793419011262e-06
1.432000000000000000e+03 1.799506839191497864e-06
1.433000000000000000e+03 1.806422342481308179e-06
1.434000000000000000e+03 1.802876981538395491e-06
1.435000000000000000e+03 1.824997781802363388e-06
1.436000000000000000e+03 1.829945818022933227e-06
1.437000000000000000e+03 1.803709564667955521e-06
1.438000000000000000e+03 1.799244979921083392e-06
1.439000000000000000e+03 1.810144817153381876e-06
1.440000000000000000e+03 1.805014306684181007e-06
1.441000000000000000e+03 1.801952908600100529e-06
1.442000000000000000e+03 1.806587962077531200e-06
1.443000000000000000e+03 1.800477357932609620e-06
1.444000000000000000e+03 1.799811170501417859e-06
1.445000000000000000e+03 1.813748457952756225e-06
1.446000000000000000e+03 1.804185892847542317e-06
1.447000000000000000e+03 1.810926887464230714e-06
1.448000000000000000e+03 1.828903199994132960e-06
1.449000000000000000e+03 1.800429708870652390e-06
1.450000000000000000e+03 1.803953290823124992e-06
1.451000000000000000e+03 1.799118318847676711e-06
1.452000000000000000e+03 1.803843637817666946e-06
1.453000000000000000e+03 1.807725634570269689e-06
1.454000000000000000e+03 1.800468510969780167e-06
1.455000000000000000e+03 1.809980749761449773e-06
1.456000000000000000e+03 1.804044555020771318e-06
1.457000000000000000e+03 1.800364401980811093e-06
1.458000000000000000e+03 1.811207255868371268e-06
1.459000000000000000e+03 1.805741959600408486e-06
1.460000000000000000e+03 1.802015923281279650e-06
1.461000000000000000e+03 1.802986050963170632e-06
1.462000000000000000e+03 1.809199299129058254e-06
1.463000000000000000e+03 1.812948450056272879e-06
1.464000000000000000e+03 1.805087242236972264e-06
1.465000000000000000e+03 1.800545077357027241e-06
1.466000000000000000e+03 1.798961296538011240e-06
1.467000000000000000e+03 1.799910920684151189e-06
1.468000000000000000e+03 1.799638593059216091e-06
1.469000000000000000e+03 1.802487354196165180e-06
1.470000000000000000e+03 1.802497049456688497e-06
1.471000000000000000e+03 1.797900229538441754e-06
1.472000000000000000e+03 1.808680643301062532e-06
1.473000000000000000e+03 1.814052966743399717e-06
1.474000000000000000e+03 1.807306569493171219e-06
1.475000000000000000e+03 1.807946173921804967e-06
1.476000000000000000e+03 1.816735428442711603e-06
1.477000000000000000e+03 1.798915196672197414e-06
1.478000000000000000e+03 1.800419439053889560e-06
1.479000000000000000e+03 1.798156779427899464e-06
1.480000000000000000e+03 1.807260713287333207e-06
1.481000000000000000e+03 1.801978724524956263e-06
1.482000000000000000e+03 1.804573766439575551e-06
1.483000000000000000e+03 1.797668620202815527e-06
1.484000000000000000e+03 1.799100781345706370e-06
1.485000000000000000e+03 1.808935734238812450e-06
1.486000000000000000e+03 1.805373220836854529e-06
1.487000000000000000e+03 1.797870797819869472e-06
1.488000000000000000e+03 1.811226787772366561e-06
1.489000000000000000e+03 1.806607842926677188e-06
1.490000000000000000e+03 1.796552807920508921e-06
1.491000000000000000e+03 1.802066571466644048e-06
1.492000000000000000e+03 1.799042549619610030e-06
1.493000000000000000e+03 1.799962122368720166e-06
1.494000000000000000e+03 1.802007452336931915e-06
1.495000000000000000e+03 1.811980545395643605e-06
1.496000000000000000e+03 1.800026268113491106e-06
1.497000000000000000e+03 1.796962042370430868e-06
1.498000000000000000e+03 1.796424811229456113e-06
1.499000000000000000e+03 1.800822615094040097e-06
1.500000000000000000e+03 1.802898823699940378e-06
1.501000000000000000e+03 1.800159520038839055e-06
1.502000000000000000e+03 1.798347339577953544e-06
1.503000000000000000e+03 1.798991633709086947e-06
1.504000000000000000e+03 1.801959279857248643e-06
1.505000000000000000e+03 1.807077306512868365e-06
1.506000000000000000e+03 1.800157844500486260e-06
1.507000000000000000e+03 1.816541781932962681e-06
1.508000000000000000e+03 1.796894467337109845e-06
1.509000000000000000e+03 1.799053673750362389e-06
1.510000000000000000e+03 1.796962547739269703e-06
1.511000000000000000e+03 1.802040553995882156e-06
1.512000000000000000e+03 1.809193815275526144e-06
1.513000000000000000e+03 1.796774114349746266e-06
1.514000000000000000e+03 1.798653385532148687e-06
1.515000000000000000e+03 1.804281043572211816e-06
1.516000000000000000e+03 1.798794648155223342e-06
1.517000000000000000e+03 1.803910900003611266e-06
1.518000000000000000e+03 1.796750891448337869e-06
1.519000000000000000e+03 1.799697730237815432e-06
1.520000000000000000e+03 1.800557019703994927e-06
1.521000000000000000e+03 1.797569742382958934e-06
1.522000000000000000e+03 1.796515576074559058e-06
1.523000000000000000e+03 1.805255906078820047e-06
1.524000000000000000e+03 1.799259846187762326e-06
1.525000000000000000e+03 1.794837306323401168e-06
1.526000000000000000e+03 1.808695449404784391e-06
1.527000000000000000e+03 1.809797018107017109e-06
1.528000000000000000e+03 1.801910764448710554e-06
1.529000000000000000e+03 1.805389070767880322e-06
1.530000000000000000e+03 1.802871563864116121e-06
1.531000000000000000e+03 1.806879710304991257e-06
1.532000000000000000e+03 1.806679749692903356e-06
1.533000000000000000e+03 1.798004326494819710e-06
1.534000000000000000e+03 1.816665371687413788e-06
1.535000000000000000e+03 1.801258958972393826e-06
1.536000000000000000e+03 1.799347660039823423e-06
1.537000000000000000e+03 1.797112046671160095e-06
1.538000000000000000e+03 1.797866658608426669e-06
1.539000000000000000e+03 1.799378625913799841e-06
1.540000000000000000e+03 1.798353515305491378e-06
1.541000000000000000e+03 1.800654237026237995e-06
1.542000000000000000e+03 1.807409658720018808e-06
1.543000000000000000e+03 1.794881303493867223e-06
1.544000000000000000e+03 1.802928739730316774e-06
1.545000000000000000e+03 1.802580317997347173e-06
1.546000000000000000e+03 1.796283214701970032e-06
1.547000000000000000e+03 1.807294175924025684e-06
1.548000000000000000e+03 1.798873094634877307e-06
1.549000000000000000e+03 1.795622330635439368e-06
1.550000000000000000e+03 1.797662134636049140e-06
1.551000000000000000e+03 1.793831432820598501e-06
1.552000000000000000e+03 1.796709782099808648e-06
1.553000000000000000e+03 1.802292089302872388e-06
1.554000000000000000e+03 1.798251605272601140e-06
1.555000000000000000e+03 1.799290044984036676e-06
1.556000000000000000e+03 1.805533272351405494e-06
1.557000000000000000e+03 1.806914782300784001e-06
1.558000000000000000e+03 1.803558414262895206e-06
1.559000000000000000e+03 1.802690428241278945e-06
1.560000000000000000e+03 1.799655754542704927e-06
1.561000000000000000e+03 1.799660387090395234e-06
1.562000000000000000e+03 1.797979295696553038e-06
1.563000000000000000e+03 1.800936100479860330e-06
1.564000000000000000e+03 1.811465998697611937e-06
1.565000000000000000e+03 1.800992587480202985e-06
1.566000000000000000e+03 1.799841420436205892e-06
1.567000000000000000e+03 1.796433757461164570e-06
1.568000000000000000e+03 1.795023372300566086e-06
1.569000000000000000e+03 1.802424128944636721e-06
1.570000000000000000e+03 1.794987668593724481e-06
1.571000000000000000e+03 1.799024982036161152e-06
1.572000000000000000e+03 1.799379735920356726e-06
1.573000000000000000e+03 1.797404495797069479e-06
1.574000000000000000e+03 1.796080739278278865e-06
1.575000000000000000e+03 1.798658583611635115e-06
1.576000000000000000e+03 1.793383748224847410e-06
1.577000000000000000e+03 1.796336666481131317e-06
1.578000000000000000e+03 1.795547352550257627e-06
1.579000000000000000e+03 1.796276677996690386e-06
1.580000000000000000e+03 1.796513578664386379e-06
1.581000000000000000e+03 1.795614915550987320e-06
1.582000000000000000e+03 1.796426549938914133e-06
1.583000000000000000e+03 1.794902315406605241e-06
1.584000000000000000e+03 1.812769600625802001e-06
1.585000000000000000e+03 1.811624961262640950e-06
1.586000000000000000e+03 1.806640364013092463e-06
1.587000000000000000e+03 1.795837816298585451e-06
1.588000000000000000e+03 1.802310595428450955e-06
1.589000000000000000e+03 1.796460782661456405e-06
1.590000000000000000e+03 1.795388257626723346e-06
1.591000000000000000e+03 1.799839269610492588e-06
1.592000000000000000e+03 1.810491103101377441e-06
1.593000000000000000e+03 1.797518624926529904e-06
1.594000000000000000e+03 1.792166055991128892e-06
1.595000000000000000e+03 1.800451168997420319e-06
1.596000000000000000e+03 1.800502054826464653e-06
1.597000000000000000e+03 1.804452658407101447e-06
1.598000000000000000e+03 1.808718606126939837e-06
1.599000000000000000e+03 1.795002625104838816e-06
1.600000000000000000e+03 1.793679620623011000e-06
1.601000000000000000e+03 1.794984961260658660e-06
1.602000000000000000e+03 1.796198087125939611e-06
1.603000000000000000e+03 1.813004374532967563e-06
1.604000000000000000e+03 1.804687423289823405e-06
1.605000000000000000e+03 1.793041833115679130e-06
1.606000000000000000e+03 1.794973680706218160e-06
1.607000000000000000e+03 1.793881079292728621e-06
1.608000000000000000e+03 1.795755826220763342e-06
1.609000000000000000e+03 1.796396871552217674e-06
1.610000000000000000e+03 1.798455536639851949e-06
1.611000000000000000e+03 1.794907188606123635e-06
1.612000000000000000e+03 1.793943197545848134e-06
1.613000000000000000e+03 1.791381819813827481e-06
1.614000000000000000e+03 1.793482207912152842e-06
1.615000000000000000e+03 1.793817071922758825e-06
1.616000000000000000e+03 1.792221147210868980e-06
1.617000000000000000e+03 1.793486885582060955e-06
1.618000000000000000e+03 1.804201120091963276e-06
1.619000000000000000e+03 1.796558505352538307e-06
1.620000000000000000e+03 1.793473312818957857e-06
1.621000000000000000e+03 1.808298614540303432e-06
1.622000000000000000e+03 1.792337069196448410e-06
1.623000000000000000e+03 1.798399052647657233e-06
1.624000000000000000e+03 1.802430042963311321e-06
1.625000000000000000e+03 1.808524496362421947e-06
1.626000000000000000e+03 1.798077956929764417e-06
1.627000000000000000e+03 1.792927908540272590e-06
1.628000000000000000e+03 1.790929695191848637e-06
1.629000000000000000e+03 1.799109631316683337e-06
1.630000000000000000e+03 1.790466386276160148e-06
1.631000000000000000e+03 1.802959699587997526e-06
1.632000000000000000e+03 1.802516340708855915e-06
1.633000000000000000e+03 1.790901406569459292e-06
1.634000000000000000e+03 1.798776779756989725e-06
1.635000000000000000e+03 1.796548707814988260e-06
1.636000000000000000e+03 1.793436144144113007e-06
1.637000000000000000e+03 1.801837434828551008e-06
1.638000000000000000e+03 1.794846778980983393e-06
1.639000000000000000e+03 1.803564162833438063e-06
1.640000000000000000e+03 1.817556351991201901e-06
1.641000000000000000e+03 1.802504903730727063e-06
1.642000000000000000e+03 1.793819583726214366e-06
1.643000000000000000e+03 1.793277951664933999e-06
1.644000000000000000e+03 1.794536684059781060e-06
1.645000000000000000e+03 1.789506829225816733e-06
1.646000000000000000e+03 1.793425050094839397e-06
1.647000000000000000e+03 1.791482030243182051e-06
1.648000000000000000e+03 1.792075468626749233e-06
1.649000000000000000e+03 1.792864544913942986e-06
1.650000000000000000e+03 1.792356495815269246e-06
1.651000000000000000e+03 1.794993498384259559e-06
1.652000000000000000e+03 1.794997607514223612e-06
1.653000000000000000e+03 1.793011279357958208e-06
1.654000000000000000e+03 1.794040920236930036e-06
1.655000000000000000e+03 1.790427331492612741e-06
1.656000000000000000e+03 1.793148144068874979e-06
1.657000000000000000e+03 1.797748949783023898e-06
1.658000000000000000e+03 1.793657026424503525e-06
1.659000000000000000e+03 1.799715538473092397e-06
1.660000000000000000e+03 1.792928705699453195e-06
1.661000000000000000e+03 1.791360443915199499e-06
1.662000000000000000e+03 1.792295887652370573e-06
1.663000000000000000e+03 1.797090192477023878e-06
1.664000000000000000e+03 1.792386571277481720e-06
1.665000000000000000e+03 1.793317505801024363e-06
1.666000000000000000e+03 1.803372462595348560e-06
1.667000000000000000e+03 1.789580685271850259e-06
1.668000000000000000e+03 1.791689827080421311e-06
1.669000000000000000e+03 1.792221387862697279e-06
1.670000000000000000e+03 1.792916267008089854e-06
1.671000000000000000e+03 1.790043747519414996e-06
1.672000000000000000e+03 1.792742411103051519e-06
1.673000000000000000e+03 1.795472912923541196e-06
1.674000000000000000e+03 1.791444004246199733e-06
1.675000000000000000e+03 1.795388344863010808e-06
1.676000000000000000e+03 1.790711475122306134e-06
1.677000000000000000e+03 1.792314219305373580e-06
1.678000000000000000e+03 1.791000819839633469e-06
1.679000000000000000e+03 1.790770666447566884e-06
1.680000000000000000e+03 1.791449021836814937e-06
1.681000000000000000e+03 1.790123072378241151e-06
1.682000000000000000e+03 1.789541492113501920e-06
1.683000000000000000e+03 1.793851701720817324e-06
1.684000000000000000e+03 1.790664277282526541e-06
1.685000000000000000e+03 1.804020465772781850e-06
1.686000000000000000e+03 1.792220052245051364e-06
1.687000000000000000e+03 1.791956697925155110e-06
1.688000000000000000e+03 1.790400640196732332e-06
1.689000000000000000e+03 1.792588724829352792e-06
1.690000000000000000e+03 1.790968145337677781e-06
1.691000000000000000e+03 1.792259648495211595e-06
1.692000000000000000e+03 1.790368098053282336e-06
1.693000000000000000e+03 1.791867539431004493e-06
1.694000000000000000e+03 1.791341444453373851e-06
1.695000000000000000e+03 1.788806123298037019e-06
1.696000000000000000e+03 1.790795300170317327e-06
1.697000000000000000e+03 1.796756868638117483e-06
1.698000000000000000e+03 1.794665162054489830e-06
1.699000000000000000e+03 1.790746643378830155e-06
1.700000000000000000e+03 1.793735448838974406e-06
1.701000000000000000e+03 1.796043314910866871e-06
1.702000000000000000e+03 1.795157105529570209e-06
1.703000000000000000e+03 1.793769248388226248e-06
1.704000000000000000e+03 1.793624400052913370e-06
1.705000000000000000e+03 1.792585397817829652e-06
1.706000000000000000e+03 1.791894128449857960e-06
1.707000000000000000e+03 1.794918824122010494e-06
1.708000000000000000e+03 1.793810005783457048e-06
1.709000000000000000e+03 1.793980372236988649e-06
1.710000000000000000e+03 1.801119826117997329e-06
1.711000000000000000e+03 1.793118237062942187e-06
1.712000000000000000e+03 1.789720792766150435e-06
1.713000000000000000e+03 1.796352272752181508e-06
1.714000000000000000e+03 1.789934365247263151e-06
1.715000000000000000e+03 1.788968433931623896e-06
1.716000000000000000e+03 1.792645326139313931e-06
1.717000000000000000e+03 1.790748508430497566e-06
1.718000000000000000e+03 1.793613227791795478e-06
1.719000000000000000e+03 1.793588909924569465e-06
1.720000000000000000e+03 1.790889948534295507e-06
1.721000000000000000e+03 1.794566588057566125e-06
1.722000000000000000e+03 1.790694103068467536e-06
1.723000000000000000e+03 1.790026285221140787e-06
1.724000000000000000e+03 1.791038878926242051e-06
1.725000000000000000e+03 1.790548589932479533e-06
1.726000000000000000e+03 1.795635115263805465e-06
1.727000000000000000e+03 1.790485491023160676e-06
1.728000000000000000e+03 1.789105391895124216e-06
1.729000000000000000e+03 1.790288273841912800e-06
1.730000000000000000e+03 1.789972634904221494e-06
1.731000000000000000e+03 1.792134151575023209e-06
1.732000000000000000e+03 1.790503359421394717e-06
1.733000000000000000e+03 1.789834272135674792e-06
1.734000000000000000e+03 1.795474717812251744e-06
1.735000000000000000e+03 1.807129281291434863e-06
1.736000000000000000e+03 1.793681690228732507e-06
1.737000000000000000e+03 1.789581780237667876e-06
1.738000000000000000e+03 1.791531430047188207e-06
1.739000000000000000e+03 1.790200977391281867e-06
1.740000000000000000e+03 1.789445499107434010e-06
1.741000000000000000e+03 1.791991974475001738e-06
1.742000000000000000e+03 1.791781199571390244e-06
1.743000000000000000e+03 1.789203968900195648e-06
1.744000000000000000e+03 1.796106137070583438e-06
1.745000000000000000e+03 1.794121388191939764e-06
1.746000000000000000e+03 1.789380790839014887e-06
