0.000000000000000000e+00 1.032229631276049405e-03
1.000000000000000000e+00 3.032388440768930154e-04
2.000000000000000000e+00 2.738970011433532583e-04
3.000000000000000000e+00 2.358381329201247910e-04
4.000000000000000000e+00 1.268237970109221057e-04
5.000000000000000000e+00 5.354513820780933597e-05
6.000000000000000000e+00 4.686898138994094416e-05
7.000000000000000000e+00 4.659601776566788960e-05
8.000000000000000000e+00 4.965278351575517693e-05
9.000000000000000000e+00 4.286949456056427372e-05
1.000000000000000000e+01 4.176860204489664662e-05
1.100000000000000000e+01 3.952895868268882870e-05
1.200000000000000000e+01 4.021345714789594330e-05
1.300000000000000000e+01 4.045629173337251286e-05
1.400000000000000000e+01 3.729630791893496849e-05
1.500000000000000000e+01 3.692222744261517347e-05
1.600000000000000000e+01 3.675013310083056079e-05
1.700000000000000000e+01 3.882649073127488121e-05
1.800000000000000000e+01 3.675307331356733310e-05
1.900000000000000000e+01 3.577605370387552529e-05
2.000000000000000000e+01 3.503778735111132104e-05
2.100000000000000000e+01 3.502467704675870627e-05
2.200000000000000000e+01 3.489356035985948586e-05
2.300000000000000000e+01 3.503696675184340205e-05
2.400000000000000000e+01 3.543885189789334187e-05
2.500000000000000000e+01 3.508665357645420363e-05
2.600000000000000000e+01 3.471185618066218191e-05
2.700000000000000000e+01 3.525590301076424096e-05
2.800000000000000000e+01 3.516329572530172472e-05
2.900000000000000000e+01 3.470043177738881630e-05
3.000000000000000000e+01 3.487712578905156359e-05
3.100000000000000000e+01 3.497845560508067012e-05
3.200000000000000000e+01 3.493617822011381620e-05
3.300000000000000000e+01 3.538232634274314698e-05
3.400000000000000000e+01 3.462061887386243237e-05
3.500000000000000000e+01 3.520839914538451533e-05
3.600000000000000000e+01 3.588338672975642225e-05
3.700000000000000000e+01 3.581630590846375929e-05
3.800000000000000000e+01 3.505789030728964959e-05
3.900000000000000000e+01 3.451353205603640824e-05
4.000000000000000000e+01 3.463590153398468196e-05
4.100000000000000000e+01 3.514390251567257363e-05
4.200000000000000000e+01 3.476993629638274976e-05
4.300000000000000000e+01 3.496861330028931220e-05
4.400000000000000000e+01 3.459564376223186652e-05
4.500000000000000000e+01 3.468668722432471485e-05
4.600000000000000000e+01 3.460983912182641293e-05
4.700000000000000000e+01 3.438402320557294918e-05
4.800000000000000000e+01 3.481436249104923075e-05
4.900000000000000000e+01 3.499863414572603544e-05
5.000000000000000000e+01 3.514714555654609889e-05
5.100000000000000000e+01 3.538222563306084740e-05
5.200000000000000000e+01 3.554621020123775824e-05
5.300000000000000000e+01 3.506974888642907845e-05
5.400000000000000000e+01 3.552029474191294281e-05
5.500000000000000000e+01 3.583328789797413794e-05
5.600000000000000000e+01 3.552252218628088607e-05
5.700000000000000000e+01 3.555018660292318718e-05
5.800000000000000000e+01 3.529712091915109348e-05
5.900000000000000000e+01 3.451129459495787304e-05
6.000000000000000000e+01 3.511371926671963070e-05
6.100000000000000000e+01 3.466116407427160384e-05
6.200000000000000000e+01 3.486718699845743266e-05
6.300000000000000000e+01 3.475329930076135069e-05
6.400000000000000000e+01 3.465485403967487419e-05
6.500000000000000000e+01 3.453979478378692270e-05
6.600000000000000000e+01 3.451082144126917198e-05
6.700000000000000000e+01 3.641418967227888059e-05
6.800000000000000000e+01 3.485273075694540420e-05
6.900000000000000000e+01 3.525308702511515107e-05
7.000000000000000000e+01 3.547798836526059885e-05
7.100000000000000000e+01 3.483952165914289427e-05
7.200000000000000000e+01 3.467301115093625167e-05
7.300000000000000000e+01 3.506900358533818191e-05
7.400000000000000000e+01 3.480222567854377445e-05
7.500000000000000000e+01 3.495710065004473338e-05
7.600000000000000000e+01 3.456516695398034972e-05
7.700000000000000000e+01 3.538998908753372805e-05
7.800000000000000000e+01 3.520192053722876358e-05
7.900000000000000000e+01 3.536491652714629394e-05
8.000000000000000000e+01 3.536128476492553675e-05
8.100000000000000000e+01 3.482116193363817442e-05
8.200000000000000000e+01 3.521033019797539738e-05
8.300000000000000000e+01 3.478844711380039680e-05
8.400000000000000000e+01 3.455292618117871800e-05
8.500000000000000000e+01 3.524270275130899428e-05
8.600000000000000000e+01 3.596960788079785009e-05
8.700000000000000000e+01 3.489002573542163984e-05
8.800000000000000000e+01 3.474707253368430432e-05
8.900000000000000000e+01 3.451020944043119132e-05
9.000000000000000000e+01 3.449542506811495082e-05
9.100000000000000000e+01 3.484669681936977480e-05
9.200000000000000000e+01 3.530348404275030302e-05
9.300000000000000000e+01 3.473582056978717305e-05
9.400000000000000000e+01 3.492427548442472767e-05
9.500000000000000000e+01 3.491035106454589906e-05
9.600000000000000000e+01 3.509823494277805692e-05
9.700000000000000000e+01 3.459099471459985917e-05
9.800000000000000000e+01 3.550875838226029028e-05
9.900000000000000000e+01 3.512245808530167914e-05
1.000000000000000000e+02 3.485788231953501517e-05
1.010000000000000000e+02 3.449480340017744504e-05
1.020000000000000000e+02 3.482823885100146973e-05
1.030000000000000000e+02 3.495339492851322067e-05
1.040000000000000000e+02 3.499624279797134579e-05
1.050000000000000000e+02 3.472367742774876321e-05
1.060000000000000000e+02 3.498904188036695861e-05
1.070000000000000000e+02 3.497568370750822809e-05
1.080000000000000000e+02 3.449625369230155104e-05
1.090000000000000000e+02 3.473101305482396924e-05
1.100000000000000000e+02 3.489621553893998039e-05
1.110000000000000000e+02 3.475747256040031548e-05
1.120000000000000000e+02 3.471929066166301641e-05
1.130000000000000000e+02 3.445768046561504692e-05
1.140000000000000000e+02 3.457043807817066579e-05
1.150000000000000000e+02 3.466248130973900027e-05
1.160000000000000000e+02 3.497797001823924935e-05
1.170000000000000000e+02 3.490747133055322339e-05
1.180000000000000000e+02 3.475516089397778270e-05
1.190000000000000000e+02 3.473746100291891351e-05
1.200000000000000000e+02 3.462654584419063775e-05
1.210000000000000000e+02 3.443067469914921875e-05
1.220000000000000000e+02 3.604885197641831315e-05
1.230000000000000000e+02 3.463337586307484774e-05
1.240000000000000000e+02 3.487231429893292953e-05
1.250000000000000000e+02 3.465959299123817956e-05
1.260000000000000000e+02 3.459418649601097082e-05
1.270000000000000000e+02 3.493746152464170649e-05
1.280000000000000000e+02 3.477396319166967299e-05
1.290000000000000000e+02 3.514149511864015957e-05
1.300000000000000000e+02 3.498731832475366406e-05
1.310000000000000000e+02 3.487693047093907701e-05
1.320000000000000000e+02 3.500824866046775319e-05
1.330000000000000000e+02 3.473516802047268965e-05
1.340000000000000000e+02 3.487916167077528059e-05
1.350000000000000000e+02 3.448628840822442131e-05
1.360000000000000000e+02 3.458603533419741816e-05
1.370000000000000000e+02 3.491517702741953169e-05
1.380000000000000000e+02 3.439341903124715422e-05
1.390000000000000000e+02 3.461227437320761867e-05
1.400000000000000000e+02 3.469374056153647301e-05
1.410000000000000000e+02 3.460316942769525598e-05
1.420000000000000000e+02 3.466261900247352029e-05
1.430000000000000000e+02 3.470770004682137899e-05
1.440000000000000000e+02 3.486532324059967748e-05
1.450000000000000000e+02 3.499735632095018003e-05
