0.000000000000000000e+00 3.808572111117392023e-02
1.000000000000000000e+00 3.434510484589058110e-03
2.000000000000000000e+00 2.596434272835381352e-03
3.000000000000000000e+00 2.430965263401333072e-03
4.000000000000000000e+00 2.406751654955199826e-03
5.000000000000000000e+00 2.380451005720442791e-03
6.000000000000000000e+00 2.327267588653762504e-03
7.000000000000000000e+00 2.324989027550248069e-03
8.000000000000000000e+00 2.258424545540420325e-03
9.000000000000000000e+00 2.251981377756239605e-03
1.000000000000000000e+01 2.222334636633807592e-03
1.100000000000000000e+01 2.323922452295800606e-03
1.200000000000000000e+01 2.243068827420047814e-03
1.300000000000000000e+01 2.248490286553725750e-03
1.400000000000000000e+01 2.200247619866397154e-03
1.500000000000000000e+01 2.189297926565088748e-03
1.600000000000000000e+01 2.193620974915500618e-03
1.700000000000000000e+01 2.171424737081762736e-03
1.800000000000000000e+01 2.285164302425161855e-03
1.900000000000000000e+01 2.389016800817348515e-03
2.000000000000000000e+01 2.227366737509206638e-03
2.100000000000000000e+01 2.261638591880155407e-03
2.200000000000000000e+01 2.344157470030234277e-03
2.300000000000000000e+01 2.185888012095648248e-03
2.400000000000000000e+01 2.154525056114147200e-03
2.500000000000000000e+01 2.128468796746121883e-03
2.600000000000000000e+01 2.139213681994090593e-03
2.700000000000000000e+01 2.199572527300368199e-03
2.800000000000000000e+01 2.148164973030139684e-03
2.900000000000000000e+01 2.185329129259874249e-03
3.000000000000000000e+01 2.114313514625361465e-03
3.100000000000000000e+01 2.153357037001237418e-03
3.200000000000000000e+01 2.158866086358689901e-03
3.300000000000000000e+01 2.105867491621915468e-03
3.400000000000000000e+01 2.133980490045015582e-03
3.500000000000000000e+01 2.115571718426220542e-03
3.600000000000000000e+01 2.075740267485187175e-03
3.700000000000000000e+01 2.130750035806698150e-03
3.800000000000000000e+01 2.074921390889683439e-03
3.900000000000000000e+01 2.070773000383191453e-03
4.000000000000000000e+01 2.036091032040567537e-03
4.100000000000000000e+01 2.121706287220758141e-03
4.200000000000000000e+01 1.927547544511530424e-03
4.300000000000000000e+01 2.135229617859757487e-03
4.400000000000000000e+01 1.942614114392747070e-03
4.500000000000000000e+01 1.854910596953910328e-03
4.600000000000000000e+01 1.924332137546959885e-03
4.700000000000000000e+01 1.774018188085692022e-03
4.800000000000000000e+01 1.798694047173328165e-03
4.900000000000000000e+01 1.674050743632434120e-03
5.000000000000000000e+01 1.654944837325278114e-03
5.100000000000000000e+01 1.614719856573913932e-03
5.200000000000000000e+01 1.535444998710226673e-03
5.300000000000000000e+01 1.279397051003501812e-03
5.400000000000000000e+01 1.097403463222637382e-03
5.500000000000000000e+01 9.451960852483212413e-04
5.600000000000000000e+01 7.640207370431507071e-04
5.700000000000000000e+01 5.558975429386481086e-04
5.800000000000000000e+01 3.935566494282427205e-04
5.900000000000000000e+01 3.015015592216363093e-04
6.000000000000000000e+01 2.318173007201282355e-04
6.100000000000000000e+01 1.816782732186150544e-04
6.200000000000000000e+01 1.385936421256430285e-04
6.300000000000000000e+01 1.168762308807533827e-04
6.400000000000000000e+01 8.667350878356803946e-05
6.500000000000000000e+01 8.446337290388445545e-05
6.600000000000000000e+01 8.318816660752401831e-05
6.700000000000000000e+01 7.314276906882741952e-05
6.800000000000000000e+01 6.082857059056348027e-05
6.900000000000000000e+01 5.615591278104002925e-05
7.000000000000000000e+01 5.236622197348165527e-05
7.100000000000000000e+01 5.170253150155417458e-05
7.200000000000000000e+01 5.037531104475144288e-05
7.300000000000000000e+01 5.862259217833885161e-05
7.400000000000000000e+01 5.886164504730284169e-05
7.500000000000000000e+01 5.469573978165554151e-05
7.600000000000000000e+01 4.089380741293328198e-05
7.700000000000000000e+01 5.123763000918733361e-05
7.800000000000000000e+01 4.207840457500650473e-05
7.900000000000000000e+01 4.083841386820091801e-05
8.000000000000000000e+01 3.358593691338515618e-05
8.100000000000000000e+01 3.923328214079798391e-05
8.200000000000000000e+01 3.562095866148419520e-05
8.300000000000000000e+01 3.181206159071389938e-05
8.400000000000000000e+01 3.127497025365650387e-05
8.500000000000000000e+01 3.028962664528424780e-05
8.600000000000000000e+01 3.858690651377660050e-05
8.700000000000000000e+01 2.619121047328727402e-05
8.800000000000000000e+01 3.241735992496579263e-05
8.900000000000000000e+01 2.539241988448626711e-05
9.000000000000000000e+01 2.524936545142558256e-05
9.100000000000000000e+01 2.855660550866454602e-05
9.200000000000000000e+01 2.530630119869681056e-05
9.300000000000000000e+01 3.731822739953197520e-05
9.400000000000000000e+01 2.342232962014533017e-05
9.500000000000000000e+01 2.470485696958042135e-05
9.600000000000000000e+01 2.235825354747966802e-05
9.700000000000000000e+01 2.733521227484469671e-05
9.800000000000000000e+01 2.308026686958224527e-05
9.900000000000000000e+01 2.199032603631378269e-05
1.000000000000000000e+02 1.716817361961001738e-05
1.010000000000000000e+02 1.972420537305558387e-05
1.020000000000000000e+02 2.044038406190318836e-05
1.030000000000000000e+02 1.828790812640802583e-05
1.040000000000000000e+02 1.915578952665535951e-05
1.050000000000000000e+02 1.844717379316359115e-05
1.060000000000000000e+02 1.867211032441386040e-05
1.070000000000000000e+02 1.741889211918129480e-05
1.080000000000000000e+02 2.414749198425295302e-05
1.090000000000000000e+02 1.596192216884765336e-05
1.100000000000000000e+02 1.651223582226478566e-05
1.110000000000000000e+02 1.287151692162150725e-05
1.120000000000000000e+02 1.877050849230991241e-05
1.130000000000000000e+02 1.388203014466239787e-05
1.140000000000000000e+02 1.344900622954241782e-05
1.150000000000000000e+02 1.673806205647967337e-05
1.160000000000000000e+02 1.225555728729597003e-05
1.170000000000000000e+02 1.683059664281271091e-05
1.180000000000000000e+02 1.612612701005431684e-05
1.190000000000000000e+02 1.336116939251602180e-05
1.200000000000000000e+02 1.482710788864763177e-05
1.210000000000000000e+02 1.410908244511574017e-05
1.220000000000000000e+02 1.180280213172990872e-05
1.230000000000000000e+02 1.196701564595354464e-05
1.240000000000000000e+02 1.034088783695733346e-05
1.250000000000000000e+02 1.062695501703194060e-05
1.260000000000000000e+02 1.644291913791543934e-05
1.270000000000000000e+02 9.944642738145612868e-06
1.280000000000000000e+02 1.184419335630733158e-05
1.290000000000000000e+02 1.440585026790505101e-05
1.300000000000000000e+02 1.084256298772401142e-05
1.310000000000000000e+02 1.120630971212833845e-05
1.320000000000000000e+02 1.294471612792032043e-05
1.330000000000000000e+02 1.168529144288964700e-05
1.340000000000000000e+02 9.186633834772382212e-06
1.350000000000000000e+02 1.019406367948546974e-05
1.360000000000000000e+02 9.841098855992467948e-06
1.370000000000000000e+02 8.487868154162948780e-06
1.380000000000000000e+02 1.454177224373229942e-05
1.390000000000000000e+02 1.299038229826668675e-05
1.400000000000000000e+02 1.338914521739138033e-05
1.410000000000000000e+02 9.777821925373315819e-06
1.420000000000000000e+02 9.863880757682130972e-06
1.430000000000000000e+02 7.692149281018594015e-06
1.440000000000000000e+02 8.546585336704430507e-06
1.450000000000000000e+02 7.867169030126663115e-06
1.460000000000000000e+02 1.121986832532514812e-05
1.470000000000000000e+02 1.267878634036167169e-05
1.480000000000000000e+02 2.060277947984471474e-05
1.490000000000000000e+02 6.736579970800923000e-06
1.500000000000000000e+02 8.370027510176295893e-06
1.510000000000000000e+02 9.282125080373965849e-06
1.520000000000000000e+02 7.117975638495654255e-06
1.530000000000000000e+02 9.164895195557449910e-06
1.540000000000000000e+02 6.252599985190170243e-06
1.550000000000000000e+02 7.366877714783224242e-06
1.560000000000000000e+02 9.253759108648071393e-06
1.570000000000000000e+02 4.905985116272507358e-06
1.580000000000000000e+02 8.707777029277826258e-06
1.590000000000000000e+02 6.655170328567232741e-06
1.600000000000000000e+02 7.081806110689264631e-06
1.610000000000000000e+02 6.499732699578606438e-06
1.620000000000000000e+02 7.314176694882596205e-06
1.630000000000000000e+02 5.858664949884790426e-06
1.640000000000000000e+02 4.267008677994695357e-06
1.650000000000000000e+02 8.224839403205846272e-06
1.660000000000000000e+02 9.448626570901249067e-06
1.670000000000000000e+02 5.467862362493839941e-06
1.680000000000000000e+02 8.936015301385239051e-06
1.690000000000000000e+02 5.445565986682584963e-06
1.700000000000000000e+02 4.820225608744084312e-06
1.710000000000000000e+02 5.916604109654437776e-06
1.720000000000000000e+02 7.936826837037710562e-06
1.730000000000000000e+02 6.667398476197677880e-06
1.740000000000000000e+02 6.518507896935816598e-06
1.750000000000000000e+02 7.220205471001749091e-06
1.760000000000000000e+02 8.087695773144950524e-06
1.770000000000000000e+02 4.153783939266637730e-06
1.780000000000000000e+02 1.135121849178301600e-05
1.790000000000000000e+02 5.364089370155574756e-06
1.800000000000000000e+02 7.883314449151666099e-06
1.810000000000000000e+02 8.163921107403963038e-06
1.820000000000000000e+02 4.312642819783257731e-06
1.830000000000000000e+02 4.894348403774733834e-06
1.840000000000000000e+02 3.983989981849872485e-06
1.850000000000000000e+02 3.969010518895203568e-06
1.860000000000000000e+02 4.335444866910325729e-06
1.870000000000000000e+02 4.858615371518214244e-06
1.880000000000000000e+02 4.212571179371051117e-06
1.890000000000000000e+02 9.176626402266257397e-06
1.900000000000000000e+02 3.227847338389562119e-06
1.910000000000000000e+02 3.957166765295886848e-06
1.920000000000000000e+02 5.461777622017879474e-06
1.930000000000000000e+02 5.102877404864505196e-06
1.940000000000000000e+02 4.659574820108026309e-06
1.950000000000000000e+02 2.514825168702311726e-06
1.960000000000000000e+02 7.076029651876823710e-06
1.970000000000000000e+02 5.140769190907517262e-06
1.980000000000000000e+02 3.795828679322848403e-06
1.990000000000000000e+02 3.242643580840835413e-06
2.000000000000000000e+02 3.450729632955503323e-06
2.010000000000000000e+02 6.048081011780756430e-06
2.020000000000000000e+02 1.058405982729061879e-05
2.030000000000000000e+02 2.837067306278474047e-06
2.040000000000000000e+02 2.150054617595270594e-06
2.050000000000000000e+02 7.928868371572939173e-06
2.060000000000000000e+02 7.971780297337957308e-06
2.070000000000000000e+02 8.454793911963584224e-06
2.080000000000000000e+02 2.651197978340079699e-06
2.090000000000000000e+02 1.124849353026690601e-05
2.100000000000000000e+02 4.833902370658172891e-06
2.110000000000000000e+02 4.043044913777581175e-06
2.120000000000000000e+02 2.900957762252843715e-06
2.130000000000000000e+02 5.210592749983980797e-06
2.140000000000000000e+02 2.595122840772497640e-06
2.150000000000000000e+02 4.493028457589380143e-06
2.160000000000000000e+02 2.551588542993758958e-06
2.170000000000000000e+02 2.605656059833313394e-06
2.180000000000000000e+02 3.983031252602021144e-06
2.190000000000000000e+02 4.021354176976202032e-06
2.200000000000000000e+02 2.587025439434342849e-06
2.210000000000000000e+02 2.339004699609468336e-06
2.220000000000000000e+02 3.189155323087840419e-06
2.230000000000000000e+02 1.896608928303039765e-06
2.240000000000000000e+02 3.738491986207808752e-06
2.250000000000000000e+02 1.486222902324954238e-05
2.260000000000000000e+02 1.284162490356873035e-05
2.270000000000000000e+02 4.034878640168681238e-06
2.280000000000000000e+02 3.103252312158815098e-06
2.290000000000000000e+02 7.663515623509110854e-06
2.300000000000000000e+02 5.228845822357907219e-06
2.310000000000000000e+02 2.505206012247968853e-06
2.320000000000000000e+02 2.591698486345848119e-06
2.330000000000000000e+02 1.764020906101752791e-06
2.340000000000000000e+02 2.634401023073844051e-06
2.350000000000000000e+02 3.120670277485200910e-06
2.360000000000000000e+02 2.461633816827692352e-06
2.370000000000000000e+02 2.637384217788118597e-06
2.380000000000000000e+02 3.083040626736505046e-06
2.390000000000000000e+02 4.370754296878103762e-06
2.400000000000000000e+02 3.141171886886430112e-06
2.410000000000000000e+02 1.945991767268391258e-06
2.420000000000000000e+02 2.185665123858011659e-06
2.430000000000000000e+02 3.226063503846333059e-06
2.440000000000000000e+02 2.996546796724760724e-06
2.450000000000000000e+02 4.325560529640212915e-06
2.460000000000000000e+02 2.007094832758108583e-06
2.470000000000000000e+02 2.869914763579302053e-06
2.480000000000000000e+02 1.783555034721987700e-06
2.490000000000000000e+02 2.968057601419114704e-06
2.500000000000000000e+02 4.428667519132856341e-06
2.510000000000000000e+02 3.116736215709596693e-06
2.520000000000000000e+02 3.728288100203728767e-06
2.530000000000000000e+02 1.701710492930581412e-06
2.540000000000000000e+02 1.444131741119034087e-06
2.550000000000000000e+02 3.358455659911017281e-06
2.560000000000000000e+02 1.404803648202084675e-06
2.570000000000000000e+02 1.751052357024487643e-06
2.580000000000000000e+02 1.583029516041278721e-06
2.590000000000000000e+02 7.038591378253682662e-06
2.600000000000000000e+02 3.143268104053154665e-06
2.610000000000000000e+02 3.127344413183329870e-06
2.620000000000000000e+02 3.234001225942864532e-06
2.630000000000000000e+02 2.487029979336431831e-06
2.640000000000000000e+02 1.778495291141665164e-06
2.650000000000000000e+02 2.448804887620449308e-06
2.660000000000000000e+02 1.622224102780010282e-06
2.670000000000000000e+02 1.536039135753431963e-06
2.680000000000000000e+02 1.545215616529341112e-06
2.690000000000000000e+02 2.149776966297750110e-06
2.700000000000000000e+02 2.472479053109826478e-06
2.710000000000000000e+02 2.563252982269156152e-06
2.720000000000000000e+02 1.797660260887674020e-06
2.730000000000000000e+02 2.401307357798889813e-06
2.740000000000000000e+02 2.338712032094366003e-06
2.750000000000000000e+02 2.227853683165326538e-06
2.760000000000000000e+02 2.923040879085833620e-06
2.770000000000000000e+02 1.629782682369268580e-06
2.780000000000000000e+02 1.615363001961130576e-06
2.790000000000000000e+02 6.355077602650521519e-06
2.800000000000000000e+02 4.144242299411411823e-06
2.810000000000000000e+02 1.088912259357294131e-06
2.820000000000000000e+02 2.410481406083444326e-06
2.830000000000000000e+02 3.725420493371639575e-06
2.840000000000000000e+02 1.597387319667465352e-06
2.850000000000000000e+02 4.275760620327523585e-06
2.860000000000000000e+02 2.308744386360339133e-06
2.870000000000000000e+02 1.472335158703527275e-06
2.880000000000000000e+02 1.484325110921986629e-06
2.890000000000000000e+02 1.424798995906296197e-06
2.900000000000000000e+02 1.537177327297985446e-06
2.910000000000000000e+02 2.967048247360495028e-06
2.920000000000000000e+02 1.050870543969106433e-05
2.930000000000000000e+02 5.789749033207945860e-06
2.940000000000000000e+02 1.235868413081023124e-06
2.950000000000000000e+02 1.082230447193585996e-06
2.960000000000000000e+02 1.184290687791548930e-06
2.970000000000000000e+02 1.128528805584894316e-06
2.980000000000000000e+02 1.126867021408642229e-06
2.990000000000000000e+02 1.097061766743969213e-06
3.000000000000000000e+02 1.047236557105307428e-06
3.010000000000000000e+02 1.676124674612330140e-06
3.020000000000000000e+02 1.269405616819375536e-06
3.030000000000000000e+02 3.267932479691373974e-06
3.040000000000000000e+02 4.016013668630218974e-06
3.050000000000000000e+02 3.305760951502546009e-06
3.060000000000000000e+02 1.620443716908571959e-06
3.070000000000000000e+02 1.454621365586182282e-06
3.080000000000000000e+02 1.125434608634769058e-06
3.090000000000000000e+02 1.277174107880173339e-06
3.100000000000000000e+02 1.223860689029387451e-06
3.110000000000000000e+02 1.744044079154188655e-06
3.120000000000000000e+02 2.549319733695239347e-06
3.130000000000000000e+02 1.382356682905852483e-06
3.140000000000000000e+02 1.157464511781911620e-06
3.150000000000000000e+02 1.213881833389420850e-06
3.160000000000000000e+02 1.940937497171098420e-06
3.170000000000000000e+02 1.509412735079725530e-06
3.180000000000000000e+02 1.058606376530827247e-06
3.190000000000000000e+02 1.337262628184469643e-06
3.200000000000000000e+02 1.289432475176650684e-06
3.210000000000000000e+02 1.519403103908135091e-06
3.220000000000000000e+02 1.525567912758749580e-06
3.230000000000000000e+02 1.364190100623360008e-06
3.240000000000000000e+02 2.722228115035556732e-06
3.250000000000000000e+02 1.856169967468823118e-06
3.260000000000000000e+02 1.294646546819601289e-06
3.270000000000000000e+02 1.127605804214411034e-06
3.280000000000000000e+02 1.036603590799676663e-06
3.290000000000000000e+02 9.712960855520768132e-07
3.300000000000000000e+02 1.123244599372766917e-06
3.310000000000000000e+02 1.452178245859677254e-06
3.320000000000000000e+02 1.116497659555668969e-06
3.330000000000000000e+02 1.613554803246267363e-06
3.340000000000000000e+02 2.847398071394008318e-06
3.350000000000000000e+02 4.779160559967392614e-06
3.360000000000000000e+02 2.705037028223140666e-06
3.370000000000000000e+02 1.069724320611601225e-06
3.380000000000000000e+02 1.091628491542701812e-06
3.390000000000000000e+02 1.984597508398146867e-06
3.400000000000000000e+02 1.835640244748825118e-06
3.410000000000000000e+02 1.095660867643012330e-06
3.420000000000000000e+02 8.477530446406042237e-07
3.430000000000000000e+02 1.270047554458780191e-06
3.440000000000000000e+02 1.013238194680032301e-06
3.450000000000000000e+02 1.171764442950835060e-06
3.460000000000000000e+02 1.428756161065030624e-06
3.470000000000000000e+02 1.220577834331069252e-06
3.480000000000000000e+02 2.770177289498087832e-06
3.490000000000000000e+02 1.042452735956830800e-06
3.500000000000000000e+02 8.083445994828461067e-07
3.510000000000000000e+02 8.685209824016315904e-07
3.520000000000000000e+02 1.181939569387667001e-06
3.530000000000000000e+02 9.735479338478717203e-07
3.540000000000000000e+02 1.419826279951189284e-06
3.550000000000000000e+02 1.341362648985400450e-06
3.560000000000000000e+02 1.236129751134224165e-06
3.570000000000000000e+02 9.990222290056803559e-07
3.580000000000000000e+02 1.557868808428195143e-06
3.590000000000000000e+02 1.260982450380457712e-06
3.600000000000000000e+02 1.182370740937216390e-06
3.610000000000000000e+02 2.051658830853075396e-06
3.620000000000000000e+02 3.294845243937658374e-06
3.630000000000000000e+02 1.016690253235409354e-06
3.640000000000000000e+02 9.591572092974076220e-07
3.650000000000000000e+02 1.074737082833445801e-06
3.660000000000000000e+02 9.409785113658577211e-07
3.670000000000000000e+02 8.928352404004095052e-07
3.680000000000000000e+02 8.066590505757219877e-07
3.690000000000000000e+02 1.265619165444053385e-06
3.700000000000000000e+02 1.350130013706000613e-06
3.710000000000000000e+02 7.938995085241111095e-07
3.720000000000000000e+02 7.695396567891737846e-07
3.730000000000000000e+02 1.215756571538813941e-06
3.740000000000000000e+02 2.189186788508342243e-06
3.750000000000000000e+02 1.552178904634022228e-06
3.760000000000000000e+02 1.072878174751938837e-06
3.770000000000000000e+02 1.547672600399620770e-06
3.780000000000000000e+02 8.781056974358595710e-07
3.790000000000000000e+02 1.090998471752002495e-06
3.800000000000000000e+02 1.755520676041623626e-06
3.810000000000000000e+02 7.782278545611524970e-07
3.820000000000000000e+02 8.034762722861635383e-07
3.830000000000000000e+02 1.116741339020170150e-06
3.840000000000000000e+02 1.814783949117464921e-06
3.850000000000000000e+02 8.917719517724562298e-07
3.860000000000000000e+02 7.935925404965181704e-07
3.870000000000000000e+02 1.323517259746674093e-06
3.880000000000000000e+02 6.778916629724658587e-07
3.890000000000000000e+02 7.965256675628488983e-07
3.900000000000000000e+02 7.227931265875059031e-07
3.910000000000000000e+02 7.150666431877785838e-07
3.920000000000000000e+02 7.139858024209332562e-07
3.930000000000000000e+02 3.322081952313524262e-06
3.940000000000000000e+02 4.039829383675497151e-06
3.950000000000000000e+02 8.021301804919728438e-07
3.960000000000000000e+02 7.181388933583611160e-07
3.970000000000000000e+02 7.990147207589427136e-07
3.980000000000000000e+02 7.337755306192641281e-07
3.990000000000000000e+02 6.799851652916071065e-07
4.000000000000000000e+02 7.855372434547206741e-07
4.010000000000000000e+02 1.264654270411938873e-06
4.020000000000000000e+02 1.330726934613807402e-06
4.030000000000000000e+02 9.497223816324030221e-07
4.040000000000000000e+02 1.841413902647880350e-06
4.050000000000000000e+02 9.107206547669050946e-07
4.060000000000000000e+02 7.979484756951897931e-07
4.070000000000000000e+02 6.844112350594557361e-07
4.080000000000000000e+02 6.779211306951736986e-07
4.090000000000000000e+02 1.005352072051729928e-06
4.100000000000000000e+02 8.671753662342420237e-07
4.110000000000000000e+02 9.319950882635342939e-07
4.120000000000000000e+02 7.822688115729278489e-07
4.130000000000000000e+02 7.395425674912608034e-07
4.140000000000000000e+02 1.094918459504069554e-06
4.150000000000000000e+02 2.868379194146908601e-06
4.160000000000000000e+02 9.435532000350697212e-07
4.170000000000000000e+02 6.663822508555983278e-07
4.180000000000000000e+02 7.437355235042642041e-07
4.190000000000000000e+02 6.625594389437663841e-07
4.200000000000000000e+02 7.618277381390488096e-07
4.210000000000000000e+02 7.254038730529940251e-07
4.220000000000000000e+02 7.264557179491169703e-07
4.230000000000000000e+02 7.003399011366137036e-07
4.240000000000000000e+02 7.165580261353736972e-07
4.250000000000000000e+02 6.967409826143512424e-07
4.260000000000000000e+02 1.246731169793595279e-06
4.270000000000000000e+02 9.655126599394433735e-07
4.280000000000000000e+02 1.107071003612087301e-06
4.290000000000000000e+02 6.892502107977596926e-07
4.300000000000000000e+02 5.986325695854642590e-07
4.310000000000000000e+02 6.936336742187385141e-07
4.320000000000000000e+02 1.644280069627244722e-06
4.330000000000000000e+02 8.753859290029327539e-07
4.340000000000000000e+02 1.055454797094540446e-06
4.350000000000000000e+02 9.310445095981372414e-07
4.360000000000000000e+02 8.930742541924796233e-07
4.370000000000000000e+02 6.963619020140588286e-07
4.380000000000000000e+02 6.234255150061984293e-07
4.390000000000000000e+02 6.733953046229523862e-07
4.400000000000000000e+02 8.546478251217539896e-07
4.410000000000000000e+02 9.845010181297046148e-07
4.420000000000000000e+02 7.679688781391148585e-07
4.430000000000000000e+02 7.529075356531313711e-07
4.440000000000000000e+02 6.897651892996135332e-07
4.450000000000000000e+02 8.431847571744432671e-07
4.460000000000000000e+02 7.480388234252286304e-07
4.470000000000000000e+02 6.504478455483720639e-07
4.480000000000000000e+02 1.699118486161062360e-06
4.490000000000000000e+02 8.353135103405719971e-07
4.500000000000000000e+02 6.166861519995405006e-07
4.510000000000000000e+02 7.053676916554512050e-07
4.520000000000000000e+02 1.781958130571203652e-06
4.530000000000000000e+02 7.280431480669983844e-07
4.540000000000000000e+02 7.426553599393881859e-07
4.550000000000000000e+02 8.953668674799564167e-07
4.560000000000000000e+02 6.651362573640993493e-07
4.570000000000000000e+02 7.338997552801895375e-07
4.580000000000000000e+02 7.617873159006488575e-07
4.590000000000000000e+02 6.295424289928915220e-07
4.600000000000000000e+02 5.817783171439062342e-07
4.610000000000000000e+02 7.989387110663256596e-07
4.620000000000000000e+02 1.126069080443320920e-06
4.630000000000000000e+02 8.346580143174792576e-07
4.640000000000000000e+02 8.524929027733828743e-07
4.650000000000000000e+02 6.790188909417692397e-07
4.660000000000000000e+02 9.420291362414873608e-07
4.670000000000000000e+02 8.755844707290331297e-07
4.680000000000000000e+02 1.885628209349091652e-06
4.690000000000000000e+02 1.412004429602997954e-06
4.700000000000000000e+02 9.151604188118134543e-07
4.710000000000000000e+02 6.122307164290129501e-07
4.720000000000000000e+02 9.014229299246916990e-07
4.730000000000000000e+02 9.097236745547498913e-07
4.740000000000000000e+02 6.858616242615261772e-07
4.750000000000000000e+02 6.172243924267908526e-07
4.760000000000000000e+02 5.959221272126574598e-07
4.770000000000000000e+02 7.452727742396516736e-07
4.780000000000000000e+02 5.807803298108733413e-07
4.790000000000000000e+02 6.014259620273700924e-07
4.800000000000000000e+02 6.813813398330050402e-07
4.810000000000000000e+02 6.250411920713311591e-07
4.820000000000000000e+02 5.975628924591106715e-07
4.830000000000000000e+02 5.629363644326978105e-07
4.840000000000000000e+02 5.495417118736877992e-07
4.850000000000000000e+02 6.046260704966466708e-07
4.860000000000000000e+02 7.404567418322837060e-07
4.870000000000000000e+02 8.080983033159750811e-07
4.880000000000000000e+02 6.136046603247136854e-07
4.890000000000000000e+02 6.875684095278441000e-07
4.900000000000000000e+02 6.818471551328009331e-07
4.910000000000000000e+02 7.223626156307360706e-07
4.920000000000000000e+02 7.743335627357628114e-07
4.930000000000000000e+02 6.788950950999281487e-07
4.940000000000000000e+02 2.285917386190359397e-06
4.950000000000000000e+02 5.923377319170227472e-07
4.960000000000000000e+02 5.733418052209161524e-07
4.970000000000000000e+02 5.919359118258519707e-07
4.980000000000000000e+02 5.760221155034196739e-07
4.990000000000000000e+02 5.480975994354672251e-07
5.000000000000000000e+02 5.820192817608245334e-07
5.010000000000000000e+02 5.811437419053993333e-07
5.020000000000000000e+02 5.676263572476640442e-07
5.030000000000000000e+02 6.194331323252036501e-07
5.040000000000000000e+02 7.823644457783564720e-07
5.050000000000000000e+02 5.582300636581545593e-07
5.060000000000000000e+02 6.538516453475765090e-07
5.070000000000000000e+02 5.899216836601030939e-07
5.080000000000000000e+02 5.687641139334277764e-07
5.090000000000000000e+02 6.297531158116134785e-07
5.100000000000000000e+02 6.621433515584848257e-07
5.110000000000000000e+02 5.375426132763444299e-07
5.120000000000000000e+02 6.880076176604079938e-07
5.130000000000000000e+02 6.256845248826862327e-07
5.140000000000000000e+02 6.128678804362522962e-07
5.150000000000000000e+02 5.578232706245397374e-07
5.160000000000000000e+02 5.454735520287343163e-07
5.170000000000000000e+02 6.510412813334613334e-07
5.180000000000000000e+02 7.160161935933290923e-07
5.190000000000000000e+02 7.114115085974625310e-07
5.200000000000000000e+02 6.145087113645019388e-07
5.210000000000000000e+02 5.545946464411208990e-07
5.220000000000000000e+02 5.579930399490179855e-07
5.230000000000000000e+02 5.324545215837048781e-07
5.240000000000000000e+02 6.361245784676608047e-07
5.250000000000000000e+02 7.164809957325419691e-07
5.260000000000000000e+02 6.956976431333754911e-07
5.270000000000000000e+02 5.481190086812283807e-07
5.280000000000000000e+02 6.530770546383431165e-07
5.290000000000000000e+02 5.883311453588239608e-07
5.300000000000000000e+02 7.674701909876480700e-07
5.310000000000000000e+02 7.644752233775982448e-07
5.320000000000000000e+02 5.949267014696827254e-07
5.330000000000000000e+02 7.146113913327495161e-07
5.340000000000000000e+02 1.030540480018725155e-06
5.350000000000000000e+02 1.051535199658435456e-06
5.360000000000000000e+02 7.090583095150659963e-07
5.370000000000000000e+02 5.556861601223935230e-07
5.380000000000000000e+02 5.421034024482357764e-07
5.390000000000000000e+02 5.576250233340781550e-07
5.400000000000000000e+02 6.724052768666901336e-07
5.410000000000000000e+02 6.064273341197699047e-07
5.420000000000000000e+02 5.376203291857404501e-07
5.430000000000000000e+02 6.051369185949616807e-07
5.440000000000000000e+02 5.533611468352309738e-07
5.450000000000000000e+02 5.994880213806872034e-07
5.460000000000000000e+02 5.859006138883251407e-07
5.470000000000000000e+02 5.408036034861059804e-07
5.480000000000000000e+02 6.326735209934557977e-07
5.490000000000000000e+02 5.447376569571159564e-07
5.500000000000000000e+02 5.637758064787985187e-07
5.510000000000000000e+02 6.733109344681181964e-07
5.520000000000000000e+02 6.727197273343260420e-07
5.530000000000000000e+02 5.390027165896079362e-07
5.540000000000000000e+02 5.340507432477774026e-07
5.550000000000000000e+02 6.012136225942546300e-07
5.560000000000000000e+02 7.724022129176114232e-07
5.570000000000000000e+02 5.429176438235026567e-07
5.580000000000000000e+02 6.259283538298963606e-07
5.590000000000000000e+02 6.087998595045234391e-07
5.600000000000000000e+02 9.104610954069481019e-07
5.610000000000000000e+02 7.261513960674578187e-07
5.620000000000000000e+02 5.294848988424556144e-07
5.630000000000000000e+02 5.376637712768466102e-07
5.640000000000000000e+02 5.125618103683845084e-07
5.650000000000000000e+02 5.473950088094199612e-07
5.660000000000000000e+02 5.424781465400420772e-07
5.670000000000000000e+02 7.578188157247816698e-07
5.680000000000000000e+02 5.515474142402835289e-07
5.690000000000000000e+02 5.332692212216199137e-07
5.700000000000000000e+02 5.746832683358712790e-07
5.710000000000000000e+02 6.261623018190516098e-07
5.720000000000000000e+02 8.023326933243820007e-07
5.730000000000000000e+02 6.095687894998589438e-07
5.740000000000000000e+02 5.240211193540390586e-07
5.750000000000000000e+02 5.040352388880615189e-07
5.760000000000000000e+02 5.242040582561693376e-07
5.770000000000000000e+02 5.200748415192741924e-07
5.780000000000000000e+02 6.755251410548924641e-07
5.790000000000000000e+02 5.203430671015350778e-07
5.800000000000000000e+02 7.213187235167151147e-07
5.810000000000000000e+02 6.546045633289001213e-07
5.820000000000000000e+02 5.502366350937136657e-07
5.830000000000000000e+02 5.090282822266974770e-07
5.840000000000000000e+02 5.813261938562807328e-07
5.850000000000000000e+02 5.443061668131061513e-07
5.860000000000000000e+02 5.358111603431953609e-07
5.870000000000000000e+02 5.165370659547557777e-07
5.880000000000000000e+02 6.332666812169857896e-07
5.890000000000000000e+02 5.127677235549410507e-07
5.900000000000000000e+02 5.621782424901980283e-07
5.910000000000000000e+02 5.186673553646016914e-07
5.920000000000000000e+02 5.122671104924108173e-07
5.930000000000000000e+02 5.396170958081784419e-07
5.940000000000000000e+02 5.642982591161004517e-07
5.950000000000000000e+02 6.917980182481066417e-07
5.960000000000000000e+02 6.720322790047112750e-07
5.970000000000000000e+02 5.114298178264738088e-07
5.980000000000000000e+02 5.329897217742431748e-07
5.990000000000000000e+02 5.499438762280669474e-07
6.000000000000000000e+02 5.143408652397425110e-07
6.010000000000000000e+02 5.431338048802178471e-07
6.020000000000000000e+02 5.538092431492726833e-07
6.030000000000000000e+02 5.811008924603868536e-07
6.040000000000000000e+02 5.220713356000053580e-07
6.050000000000000000e+02 5.545633184891459393e-07
6.060000000000000000e+02 5.032007652546258613e-07
6.070000000000000000e+02 4.860525973438346933e-07
6.080000000000000000e+02 5.139584922450370630e-07
6.090000000000000000e+02 5.381014105959297260e-07
6.100000000000000000e+02 5.091821739206093576e-07
6.110000000000000000e+02 4.968687230008431169e-07
6.120000000000000000e+02 6.069723337323401143e-07
6.130000000000000000e+02 7.141417664887647597e-07
6.140000000000000000e+02 5.405778007946628067e-07
6.150000000000000000e+02 5.028113492084460837e-07
6.160000000000000000e+02 5.449688130924442471e-07
6.170000000000000000e+02 5.779998079812016448e-07
6.180000000000000000e+02 5.282079073178899506e-07
6.190000000000000000e+02 5.061153647696404464e-07
6.200000000000000000e+02 4.895486906364115864e-07
6.210000000000000000e+02 5.378664970088715947e-07
6.220000000000000000e+02 5.057194341462100261e-07
6.230000000000000000e+02 5.100791079225320796e-07
6.240000000000000000e+02 5.971224529816057204e-07
6.250000000000000000e+02 5.001411252339816104e-07
6.260000000000000000e+02 5.020780127070331132e-07
6.270000000000000000e+02 4.998788895295635626e-07
6.280000000000000000e+02 5.027329666665651812e-07
6.290000000000000000e+02 5.096188778403165411e-07
6.300000000000000000e+02 6.297417422913585740e-07
6.310000000000000000e+02 5.136806808953232051e-07
6.320000000000000000e+02 5.049277216270952314e-07
6.330000000000000000e+02 5.077816772150255142e-07
6.340000000000000000e+02 4.921821063812024335e-07
6.350000000000000000e+02 5.521638658327737633e-07
6.360000000000000000e+02 5.302610711995439742e-07
6.370000000000000000e+02 4.782526794308856748e-07
6.380000000000000000e+02 4.931808441476328307e-07
6.390000000000000000e+02 4.874475979174930180e-07
6.400000000000000000e+02 5.092869605446275341e-07
6.410000000000000000e+02 4.974285312161216671e-07
6.420000000000000000e+02 5.801994928512746013e-07
6.430000000000000000e+02 5.372529135214892827e-07
6.440000000000000000e+02 5.226338284643398400e-07
6.450000000000000000e+02 6.610730976402643044e-07
6.460000000000000000e+02 4.869639209439028576e-07
6.470000000000000000e+02 4.769105489284824472e-07
6.480000000000000000e+02 5.108553942790600112e-07
6.490000000000000000e+02 4.824708444193179921e-07
6.500000000000000000e+02 4.874132282188796712e-07
6.510000000000000000e+02 4.798323266333797881e-07
6.520000000000000000e+02 5.000354115151825901e-07
6.530000000000000000e+02 5.352304313433309722e-07
6.540000000000000000e+02 5.477442283511895919e-07
6.550000000000000000e+02 5.600998537788884473e-07
6.560000000000000000e+02 5.527847830324534222e-07
6.570000000000000000e+02 5.268093131195110414e-07
6.580000000000000000e+02 5.348059465026364653e-07
6.590000000000000000e+02 5.191944095024649056e-07
6.600000000000000000e+02 4.996698991130994699e-07
6.610000000000000000e+02 4.917786986024714692e-07
6.620000000000000000e+02 5.047924503449703169e-07
6.630000000000000000e+02 4.900910327786001508e-07
6.640000000000000000e+02 5.623829960533153766e-07
6.650000000000000000e+02 5.758302672808427248e-07
6.660000000000000000e+02 5.197124742937844980e-07
6.670000000000000000e+02 5.093790290589732899e-07
6.680000000000000000e+02 5.070579982025672735e-07
6.690000000000000000e+02 4.718700350152302056e-07
6.700000000000000000e+02 4.748512464412397518e-07
6.710000000000000000e+02 4.796454589028785425e-07
6.720000000000000000e+02 4.702606196146839738e-07
6.730000000000000000e+02 4.837181190833275004e-07
6.740000000000000000e+02 5.063728426961197208e-07
6.750000000000000000e+02 4.956488119771682267e-07
6.760000000000000000e+02 4.747133063642856521e-07
6.770000000000000000e+02 4.938318790933153523e-07
6.780000000000000000e+02 5.035421890466343195e-07
6.790000000000000000e+02 4.909463690644571918e-07
6.800000000000000000e+02 5.099736863744823023e-07
6.810000000000000000e+02 4.857856838875746122e-07
6.820000000000000000e+02 4.864146286107106810e-07
6.830000000000000000e+02 5.618652272075608033e-07
6.840000000000000000e+02 5.269006387500911628e-07
6.850000000000000000e+02 4.900637106612401285e-07
6.860000000000000000e+02 4.875382425712878420e-07
6.870000000000000000e+02 4.930696290121660780e-07
6.880000000000000000e+02 4.805723989162539998e-07
6.890000000000000000e+02 4.673807853989873349e-07
6.900000000000000000e+02 5.134074657614283090e-07
6.910000000000000000e+02 5.119089302926985007e-07
6.920000000000000000e+02 5.206750689530998197e-07
6.930000000000000000e+02 4.798364268383917748e-07
6.940000000000000000e+02 4.967339341401879812e-07
6.950000000000000000e+02 5.064567893166119116e-07
6.960000000000000000e+02 4.737438030369415787e-07
6.970000000000000000e+02 4.775555592680158688e-07
6.980000000000000000e+02 4.757952456025530553e-07
6.990000000000000000e+02 4.663402498512494066e-07
7.000000000000000000e+02 4.674982297356239266e-07
7.010000000000000000e+02 4.722800102186342131e-07
7.020000000000000000e+02 5.113502507473688701e-07
7.030000000000000000e+02 5.109851890583021413e-07
7.040000000000000000e+02 5.141976759038218695e-07
7.050000000000000000e+02 4.952693667296614879e-07
7.060000000000000000e+02 5.159574973332935900e-07
7.070000000000000000e+02 4.872805064474020506e-07
7.080000000000000000e+02 4.922518929123549750e-07
7.090000000000000000e+02 4.709088944149929243e-07
7.100000000000000000e+02 4.645420007960902202e-07
7.110000000000000000e+02 4.631417985261453289e-07
7.120000000000000000e+02 5.110522433777186170e-07
7.130000000000000000e+02 4.746384359111021037e-07
7.140000000000000000e+02 4.917041006909945881e-07
7.150000000000000000e+02 4.685077506411052570e-07
7.160000000000000000e+02 4.716284316994645825e-07
7.170000000000000000e+02 4.626705006837612722e-07
7.180000000000000000e+02 4.670576830533479488e-07
7.190000000000000000e+02 4.684635369776326325e-07
7.200000000000000000e+02 4.590413926939942968e-07
7.210000000000000000e+02 4.851742052375285292e-07
7.220000000000000000e+02 4.573873801086818116e-07
7.230000000000000000e+02 4.835325951872806582e-07
7.240000000000000000e+02 4.851537615896701499e-07
7.250000000000000000e+02 4.748751357410358883e-07
7.260000000000000000e+02 4.740196763961811271e-07
7.270000000000000000e+02 4.686680919854345152e-07
7.280000000000000000e+02 4.711092601321280377e-07
7.290000000000000000e+02 5.232407894147373698e-07
7.300000000000000000e+02 5.165850831227118334e-07
7.310000000000000000e+02 4.708369766227930331e-07
7.320000000000000000e+02 4.693184429344789705e-07
7.330000000000000000e+02 4.751676341443867510e-07
7.340000000000000000e+02 4.778410878513205966e-07
7.350000000000000000e+02 5.394314118599381196e-07
7.360000000000000000e+02 4.713563422156659956e-07
7.370000000000000000e+02 4.791335274324053025e-07
7.380000000000000000e+02 4.904676665432374084e-07
7.390000000000000000e+02 4.633800090373953834e-07
7.400000000000000000e+02 4.810911945119286795e-07
7.410000000000000000e+02 4.913817366993419476e-07
7.420000000000000000e+02 4.632729922521536014e-07
7.430000000000000000e+02 4.769122022978390659e-07
7.440000000000000000e+02 4.657283121835918436e-07
7.450000000000000000e+02 4.625979434377507854e-07
7.460000000000000000e+02 4.624732982623360403e-07
7.470000000000000000e+02 4.599139361005715877e-07
7.480000000000000000e+02 4.548615420867728806e-07
7.490000000000000000e+02 4.657600546103507597e-07
7.500000000000000000e+02 4.556931551647325386e-07
7.510000000000000000e+02 4.599742350094841936e-07
7.520000000000000000e+02 4.624183535522717172e-07
7.530000000000000000e+02 5.043684003630655607e-07
7.540000000000000000e+02 4.842478163472718389e-07
7.550000000000000000e+02 4.632760792965825190e-07
7.560000000000000000e+02 4.543293692985725559e-07
7.570000000000000000e+02 4.620940734640768930e-07
7.580000000000000000e+02 5.196233531556801859e-07
7.590000000000000000e+02 4.618496345066200595e-07
7.600000000000000000e+02 4.701476001172252708e-07
7.610000000000000000e+02 4.584336465818931063e-07
7.620000000000000000e+02 4.926582095642053445e-07
7.630000000000000000e+02 4.546714310344651722e-07
7.640000000000000000e+02 4.634089701798117682e-07
7.650000000000000000e+02 4.709716741329037300e-07
7.660000000000000000e+02 4.504169749661352169e-07
7.670000000000000000e+02 4.503930773617441506e-07
7.680000000000000000e+02 4.554999178099106554e-07
7.690000000000000000e+02 4.615223632543196985e-07
7.700000000000000000e+02 4.706157467433103106e-07
7.710000000000000000e+02 4.674173067426538787e-07
7.720000000000000000e+02 4.638451509100376371e-07
7.730000000000000000e+02 4.567650405583774997e-07
7.740000000000000000e+02 4.636437652376510682e-07
7.750000000000000000e+02 4.658503935040589857e-07
7.760000000000000000e+02 4.607549605494904290e-07
7.770000000000000000e+02 4.626555690220551055e-07
7.780000000000000000e+02 4.677466632032479459e-07
7.790000000000000000e+02 4.785140892055885790e-07
7.800000000000000000e+02 4.630596540027555380e-07
7.810000000000000000e+02 4.601191668004165012e-07
7.820000000000000000e+02 4.720141001084357809e-07
7.830000000000000000e+02 4.599699943813214084e-07
7.840000000000000000e+02 4.504806515802997577e-07
7.850000000000000000e+02 4.858156657402057242e-07
7.860000000000000000e+02 4.639358574708129042e-07
7.870000000000000000e+02 4.585543606640473875e-07
7.880000000000000000e+02 4.603185586150537498e-07
7.890000000000000000e+02 4.525181205324760799e-07
7.900000000000000000e+02 4.578487441455884832e-07
7.910000000000000000e+02 4.493084776332425449e-07
7.920000000000000000e+02 4.653882526100435831e-07
7.930000000000000000e+02 4.565093164113573255e-07
7.940000000000000000e+02 4.519896312096142882e-07
7.950000000000000000e+02 4.528306941616550620e-07
7.960000000000000000e+02 4.537768223191262707e-07
7.970000000000000000e+02 4.588709831607422873e-07
7.980000000000000000e+02 4.631369599671467026e-07
7.990000000000000000e+02 4.660648430592528905e-07
8.000000000000000000e+02 4.586028587435469963e-07
8.010000000000000000e+02 4.574143526780910897e-07
8.020000000000000000e+02 4.677282413467764981e-07
8.030000000000000000e+02 4.512897607158922783e-07
8.040000000000000000e+02 4.473792537913963458e-07
8.050000000000000000e+02 4.564451188726010204e-07
8.060000000000000000e+02 4.546540653714777209e-07
8.070000000000000000e+02 4.460086272038934868e-07
8.080000000000000000e+02 4.541433403321605902e-07
8.090000000000000000e+02 4.621397955439762370e-07
8.100000000000000000e+02 4.610522620285705427e-07
8.110000000000000000e+02 4.486115069530817389e-07
8.120000000000000000e+02 4.476611404323372952e-07
8.130000000000000000e+02 4.490188616792998608e-07
8.140000000000000000e+02 4.500241366718761396e-07
8.150000000000000000e+02 4.470979650812911844e-07
8.160000000000000000e+02 4.559645938702729898e-07
8.170000000000000000e+02 4.817992593759691775e-07
8.180000000000000000e+02 4.600860344864495382e-07
8.190000000000000000e+02 4.482215503532676213e-07
8.200000000000000000e+02 4.510906746613415218e-07
8.210000000000000000e+02 4.474925594198989653e-07
8.220000000000000000e+02 4.602379557264705562e-07
8.230000000000000000e+02 4.529812632626267998e-07
8.240000000000000000e+02 4.878516889378988299e-07
8.250000000000000000e+02 4.671597669091940554e-07
8.260000000000000000e+02 4.469795657162362436e-07
8.270000000000000000e+02 4.468061318004989254e-07
8.280000000000000000e+02 4.532948190988985234e-07
8.290000000000000000e+02 4.894665589473958260e-07
8.300000000000000000e+02 4.535088254907077478e-07
8.310000000000000000e+02 4.627678139272946808e-07
8.320000000000000000e+02 4.476676912478203730e-07
8.330000000000000000e+02 4.508192012274949671e-07
8.340000000000000000e+02 4.474987365286096226e-07
8.350000000000000000e+02 4.478391818883412211e-07
8.360000000000000000e+02 4.465279120157065435e-07
8.370000000000000000e+02 4.510897573810819923e-07
8.380000000000000000e+02 4.526312344003318850e-07
8.390000000000000000e+02 4.534900148282004046e-07
8.400000000000000000e+02 4.467100944447339389e-07
8.410000000000000000e+02 4.551864940921949065e-07
8.420000000000000000e+02 4.719296906955163340e-07
8.430000000000000000e+02 4.438552419605499210e-07
8.440000000000000000e+02 4.449033294049431314e-07
8.450000000000000000e+02 4.455190698221210129e-07
8.460000000000000000e+02 4.549478691061608427e-07
8.470000000000000000e+02 4.576172520516466975e-07
8.480000000000000000e+02 4.861961920949813544e-07
8.490000000000000000e+02 4.529565910660164999e-07
8.500000000000000000e+02 4.687299680124228818e-07
8.510000000000000000e+02 4.407188818269395878e-07
8.520000000000000000e+02 4.510661504375138374e-07
8.530000000000000000e+02 4.548592560582742115e-07
8.540000000000000000e+02 4.496715862325715421e-07
8.550000000000000000e+02 4.455103515073579914e-07
8.560000000000000000e+02 4.434215707279229760e-07
8.570000000000000000e+02 4.454150691147695570e-07
8.580000000000000000e+02 4.475387669411208572e-07
8.590000000000000000e+02 4.466093868867587360e-07
8.600000000000000000e+02 4.417398706230729777e-07
8.610000000000000000e+02 4.394444383030948333e-07
8.620000000000000000e+02 4.494927958530964437e-07
8.630000000000000000e+02 4.615100867981054677e-07
8.640000000000000000e+02 4.499130325159963484e-07
8.650000000000000000e+02 4.404293911968841744e-07
8.660000000000000000e+02 4.515702431253248187e-07
8.670000000000000000e+02 4.399051568464855299e-07
8.680000000000000000e+02 4.440117948996591700e-07
8.690000000000000000e+02 4.428572274488426885e-07
8.700000000000000000e+02 4.457718949105431490e-07
8.710000000000000000e+02 4.501966955852918487e-07
8.720000000000000000e+02 4.455272309740596761e-07
8.730000000000000000e+02 4.467751103635737294e-07
8.740000000000000000e+02 4.621116784503912927e-07
8.750000000000000000e+02 4.969361933049699335e-07
8.760000000000000000e+02 4.509172377257514874e-07
8.770000000000000000e+02 4.476307176812111062e-07
8.780000000000000000e+02 4.454157161182118636e-07
8.790000000000000000e+02 4.418850847702333199e-07
8.800000000000000000e+02 4.416661688528868248e-07
8.810000000000000000e+02 4.461210706644484747e-07
8.820000000000000000e+02 4.407062414784743037e-07
8.830000000000000000e+02 4.383131878899867082e-07
8.840000000000000000e+02 4.449699820839496812e-07
8.850000000000000000e+02 4.413886157005793251e-07
8.860000000000000000e+02 4.497937181355714285e-07
8.870000000000000000e+02 4.381841450540685198e-07
8.880000000000000000e+02 4.438230654299645788e-07
8.890000000000000000e+02 4.439990760350235305e-07
8.900000000000000000e+02 4.481347605414524561e-07
8.910000000000000000e+02 4.569571749119984182e-07
8.920000000000000000e+02 4.401171218178654059e-07
8.930000000000000000e+02 4.700263560509210240e-07
8.940000000000000000e+02 4.445777885282434130e-07
8.950000000000000000e+02 4.370757798397317165e-07
8.960000000000000000e+02 4.442937343880225199e-07
8.970000000000000000e+02 4.366447222896219530e-07
8.980000000000000000e+02 4.497989983480283507e-07
8.990000000000000000e+02 4.445671601566436404e-07
9.000000000000000000e+02 4.495180357820154759e-07
9.010000000000000000e+02 4.705470473591320400e-07
9.020000000000000000e+02 4.423499707103587127e-07
9.030000000000000000e+02 4.384518489567744222e-07
9.040000000000000000e+02 4.487216704248434899e-07
9.050000000000000000e+02 4.470197818496889133e-07
9.060000000000000000e+02 4.477167404504389076e-07
9.070000000000000000e+02 4.371049297229421467e-07
9.080000000000000000e+02 4.409846326399077586e-07
9.090000000000000000e+02 4.405882301644920926e-07
9.100000000000000000e+02 4.374793778691832166e-07
9.110000000000000000e+02 4.366517834602124208e-07
9.120000000000000000e+02 4.421877117595610452e-07
9.130000000000000000e+02 4.378716220074223349e-07
9.140000000000000000e+02 4.400279976599082718e-07
9.150000000000000000e+02 4.816076006491496513e-07
9.160000000000000000e+02 4.468650695108041556e-07
9.170000000000000000e+02 4.461227308284737975e-07
9.180000000000000000e+02 4.400124197497229643e-07
9.190000000000000000e+02 4.368962994239132253e-07
9.200000000000000000e+02 4.422879225517660544e-07
9.210000000000000000e+02 4.375847171262467035e-07
9.220000000000000000e+02 4.377604219712191101e-07
9.230000000000000000e+02 4.341375673414435971e-07
9.240000000000000000e+02 4.424131656580166406e-07
9.250000000000000000e+02 4.373582938550723970e-07
9.260000000000000000e+02 4.431152580083672733e-07
9.270000000000000000e+02 4.575210614383568820e-07
9.280000000000000000e+02 4.554911134293454617e-07
9.290000000000000000e+02 4.438953063464040933e-07
9.300000000000000000e+02 4.507140831746421846e-07
9.310000000000000000e+02 4.368987900474327393e-07
9.320000000000000000e+02 4.375473955216130241e-07
9.330000000000000000e+02 4.442005334289118568e-07
9.340000000000000000e+02 4.424848139283625276e-07
9.350000000000000000e+02 4.360889606769698232e-07
9.360000000000000000e+02 4.342789296664771024e-07
9.370000000000000000e+02 4.387702539215291993e-07
9.380000000000000000e+02 4.391288961587055533e-07
9.390000000000000000e+02 4.454878762535914722e-07
9.400000000000000000e+02 4.369625814160000707e-07
9.410000000000000000e+02 4.339461237791292371e-07
9.420000000000000000e+02 4.365794058954379368e-07
9.430000000000000000e+02 4.389293722255123829e-07
9.440000000000000000e+02 4.357184572133263606e-07
9.450000000000000000e+02 4.362967703310258147e-07
9.460000000000000000e+02 4.386864560287827897e-07
9.470000000000000000e+02 4.430985144350373393e-07
9.480000000000000000e+02 4.448912401795967203e-07
9.490000000000000000e+02 4.367913580324437823e-07
9.500000000000000000e+02 4.383904198679865651e-07
9.510000000000000000e+02 4.354880937893334945e-07
9.520000000000000000e+02 4.329261541832842426e-07
9.530000000000000000e+02 4.344321992707314128e-07
9.540000000000000000e+02 4.369788569121605879e-07
9.550000000000000000e+02 4.381898940986580774e-07
9.560000000000000000e+02 4.397136574168961591e-07
9.570000000000000000e+02 4.350085404246137255e-07
9.580000000000000000e+02 4.365181262893590267e-07
9.590000000000000000e+02 4.466055312898160171e-07
9.600000000000000000e+02 4.326099537110050101e-07
9.610000000000000000e+02 4.392917220868488932e-07
9.620000000000000000e+02 4.362852314738351107e-07
9.630000000000000000e+02 4.338750575853924975e-07
9.640000000000000000e+02 4.398334957417656654e-07
9.650000000000000000e+02 4.396166257746276193e-07
9.660000000000000000e+02 4.360085820124499972e-07
9.670000000000000000e+02 4.386988555439947407e-07
9.680000000000000000e+02 4.491386577262314996e-07
9.690000000000000000e+02 4.331680323056461364e-07
9.700000000000000000e+02 4.371432659980851738e-07
9.710000000000000000e+02 4.359436997220925130e-07
9.720000000000000000e+02 4.409501376174071412e-07
9.730000000000000000e+02 4.412969767602810006e-07
