0, 2.1577e-03, 1.3384e-05, fsolve flag:1, 5.736947059631348e-07, 793
1, 3.2024e-03, 1.6725e-05, fsolve flag:5, 5.94649463891983e-07, 790
2, 2.2193e-02, 8.6907e-05, fsolve flag:1, 3.5669654607772827e-07, 1051
3, 1.3928e-03, 8.6439e-06, fsolve flag:1, 6.449408829212189e-07, 790
4, 1.1199e-03, 2.8422e-06, fsolve flag:1, 4.977919161319733e-07, 790
5, 1.0558e-01, 3.1722e-04, fsolve flag:5, 3.045424818992615e-07, 1050
6, 1.7689e-03, 7.4762e-06, fsolve flag:4, 7.343478500843048e-07, 1302
7, 2.0320e-02, 1.3820e-04, fsolve flag:1, 9.406358003616333e-08, 792
8, 1.5211e-03, 1.7255e-05, fsolve flag:5, 1.7462298274040222e-07, 788
9, 1.5682e-03, 1.5031e-05, fsolve flag:1, 2.139713615179062e-07, 1051
10, 1.9808e-03, 2.1788e-05, fsolve flag:1, 1.437729224562645e-07, 1048
11, 4.0036e-03, 1.7839e-05, fsolve flag:1, 5.997717380523682e-07, 1049
12, 1.8815e-03, 3.3417e-05, fsolve flag:1, 1.5902332961559296e-07, 794
13, 1.8230e-03, 1.2176e-05, fsolve flag:1, 6.831251084804535e-07, 793
14, 3.1916e-03, 1.4287e-05, fsolve flag:5, 3.6973506212234497e-07, 533
15, 2.2233e-03, 2.3386e-05, fsolve flag:4, 1.341104507446289e-07, 1308
16, 5.2646e-03, 1.4903e-05, fsolve flag:1, 6.051268428564072e-07, 1049
17, 2.4481e-03, 2.4132e-05, fsolve flag:4, 1.30385160446167e-07, 1564
18, 1.6364e-01, 6.5382e-02, fsolve flag:5, 0.008247103542089462, 527
19, 1.1460e-02, 6.8924e-05, fsolve flag:1, 8.568167686462402e-08, 1049
20, 1.7747e-03, 2.6413e-05, fsolve flag:1, 1.3224780559539795e-07, 1052
21, 2.3997e-03, 1.4571e-05, fsolve flag:5, 4.4301850721240044e-07, 1048
22, 1.5747e-03, 1.0447e-05, fsolve flag:1, 2.8777867555618286e-07, 534
23, 8.4852e-02, 2.3508e-04, fsolve flag:1, 1.660664565861225e-07, 1053
24, 2.0354e-03, 1.8569e-05, fsolve flag:1, 1.367880031466484e-07, 792
25, 2.0065e-03, 1.0826e-05, fsolve flag:5, 7.683411240577698e-07, 529
26, 5.5620e-03, 5.1452e-05, fsolve flag:1, 9.778887033462524e-08, 1051
27, 1.6909e-03, 5.6581e-06, fsolve flag:1, 6.970949470996857e-07, 792
28, 2.3540e-03, 1.5581e-05, fsolve flag:1, 2.9520015232264996e-07, 1050
29, 5.2301e-03, 1.8820e-05, fsolve flag:1, 5.494803190231323e-07, 1052
30, 1.9301e-02, 5.6313e-05, fsolve flag:5, 3.7127392715774477e-07, 791
31, 5.7385e-01, 8.0688e-04, fsolve flag:1, 6.752088665962219e-08, 1569
32, 3.0918e-03, 1.6707e-05, fsolve flag:5, 3.7997961044311523e-07, 1049
33, 2.8544e-03, 3.2876e-05, fsolve flag:5, 1.30385160446167e-07, 531
34, 1.5532e-03, 8.8238e-06, fsolve flag:4, 3.4552067518234253e-07, 1304
35, 1.6138e-03, 6.7291e-06, fsolve flag:1, 8.03731381893158e-07, 792
36, 1.6160e-03, 8.0653e-06, fsolve flag:1, 2.9616057872772217e-07, 1050
37, 5.0804e-01, 1.1472e-03, fsolve flag:1, 7.044127414701506e-08, 1569
39, 1.6501e-03, 7.9387e-06, fsolve flag:1, 3.296881914138794e-07, 1050
40, 1.0395e-03, 4.4717e-06, fsolve flag:1, 5.792826414108276e-07, 793
41, 1.5420e-03, 9.2085e-06, fsolve flag:1, 4.5821070671081543e-07, 792
42, 5.3210e-03, 1.3885e-05, fsolve flag:1, 5.783513188362122e-07, 535
43, 1.1620e-03, 3.4437e-06, fsolve flag:1, 3.834720700979233e-07, 792
44, 2.9106e-02, 1.1015e-04, fsolve flag:5, 2.249362296424806e-07, 790
45, 1.2801e-03, 7.5001e-06, fsolve flag:5, 4.644971340894699e-07, 531
46, 5.3607e-03, 2.4529e-05, fsolve flag:1, 5.925539880990982e-07, 1310
47, 1.1318e-01, 3.1941e-04, fsolve flag:1, 1.9941944628953934e-07, 1310
48, 2.2142e-01, 4.3107e-04, fsolve flag:5, 1.850421540439129e-07, 533
49, 2.2167e-03, 1.8981e-05, fsolve flag:1, 1.601874828338623e-07, 1050
50, 4.4178e-01, 7.8933e-04, fsolve flag:1, 8.259667083621025e-08, 1052
51, 2.0869e-03, 8.1830e-06, fsolve flag:5, 5.606561899185181e-07, 529
52, 1.9944e-03, 2.1897e-05, fsolve flag:1, 1.5273690223693848e-07, 1050
53, 1.9594e-03, 6.2852e-06, fsolve flag:1, 8.738134056329727e-07, 1051
54, 2.0428e-02, 6.3848e-05, fsolve flag:5, 2.1862797439098358e-07, 529
55, 3.6071e-03, 1.8200e-05, fsolve flag:1, 3.8137659430503845e-07, 791
56, 2.6182e-03, 1.4088e-05, fsolve flag:5, 5.457550287246704e-07, 789
57, 2.7198e-03, 1.4726e-05, fsolve flag:1, 3.725290298461914e-07, 1568
58, 1.0868e-03, 4.8414e-06, fsolve flag:4, 4.624016582965851e-07, 1563
59, 1.7170e-02, 9.5088e-05, fsolve flag:4, 8.847564458847046e-08, 1303
60, 2.8453e-01, 4.8258e-04, fsolve flag:1, 1.257285475730896e-07, 1049
61, 1.8563e-03, 9.9013e-06, fsolve flag:1, 6.593763828277588e-07, 1308
62, 1.5084e-03, 1.1997e-05, fsolve flag:5, 2.277083694934845e-07, 531
63, 2.4494e-03, 1.0223e-05, fsolve flag:1, 6.638001650571823e-07, 1310
64, 1.4452e-03, 9.6762e-06, fsolve flag:1, 2.980232238769531e-07, 1051
65, 2.4616e-03, 1.1694e-05, fsolve flag:1, 4.3725594878196716e-07, 791
66, 1.9749e-02, 9.8442e-05, fsolve flag:1, 2.7799978852272034e-07, 1053
67, 2.8997e-03, 1.6186e-05, fsolve flag:5, 3.371387720108032e-07, 790
68, 1.7328e-03, 9.8646e-06, fsolve flag:5, 2.766028046607971e-07, 791
69, 1.3946e-03, 9.3268e-06, fsolve flag:5, 2.9918737709522247e-07, 790
70, 3.2400e-03, 1.4198e-05, fsolve flag:5, 7.133930921554565e-07, 1049
71, 2.9087e-03, 1.4085e-05, fsolve flag:1, 6.256159394979477e-07, 1308
72, 2.8255e-03, 1.8236e-05, fsolve flag:1, 4.1816383600234985e-07, 792
73, 2.2726e-03, 1.1928e-05, fsolve flag:1, 5.280598998069763e-07, 534
74, 3.3883e-03, 2.7015e-05, fsolve flag:1, 3.7439167499542236e-07, 1048
75, 2.6678e-03, 1.4722e-05, fsolve flag:1, 3.9348378777503967e-07, 1051
76, 1.9702e-03, 1.8159e-05, fsolve flag:1, 1.8614809960126877e-07, 534
77, 2.1911e-02, 5.0164e-05, fsolve flag:5, 3.1222589313983917e-07, 531
78, 1.2120e-03, 4.6946e-06, fsolve flag:1, 3.682798705995083e-07, 793
79, 2.8636e-03, 1.2283e-05, fsolve flag:5, 3.916211426258087e-07, 533
80, 8.0349e-03, 2.3378e-05, fsolve flag:5, 4.095491021871567e-07, 791
81, 7.6164e-04, 1.9683e-06, fsolve flag:1, 3.5529956221580505e-07, 1051
82, 4.1431e-03, 1.6068e-05, fsolve flag:1, 4.6566128730773926e-07, 1310
83, 3.7619e-03, 1.2032e-05, fsolve flag:1, 5.383044481277466e-07, 1566
84, 5.8779e-03, 3.1315e-05, fsolve flag:1, 4.4330954551696777e-07, 1309
85, 4.9934e-03, 1.5684e-05, fsolve flag:1, 5.883630365133286e-07, 1310
86, 8.2868e-02, 3.4968e-04, fsolve flag:5, 1.7276033759117126e-07, 790
87, 7.2791e-03, 2.4421e-05, fsolve flag:1, 4.470348358154297e-07, 793
88, 2.3032e-03, 1.1970e-05, fsolve flag:1, 5.887850420549512e-07, 1309
89, 6.0539e-01, 8.7479e-04, fsolve flag:1, 5.902256816625595e-08, 1311
90, 1.4771e-02, 5.2718e-05, fsolve flag:1, 3.073364496231079e-07, 1310
91, 2.0116e-03, 1.2052e-05, fsolve flag:1, 4.6426430344581604e-07, 1568
92, 2.5560e-03, 6.4224e-06, fsolve flag:5, 6.984919309616089e-07, 790
93, 2.9284e-03, 2.3176e-05, fsolve flag:5, 1.7182901501655579e-07, 788
94, 3.7489e-03, 1.3493e-05, fsolve flag:1, 4.833564162254333e-07, 1310
95, 5.7078e-03, 4.5017e-05, fsolve flag:1, 1.0058283805847168e-07, 792
96, 1.3056e-03, 9.6132e-06, fsolve flag:4, 2.4866312742233276e-07, 1304
97, 5.2738e-01, 5.0217e-04, fsolve flag:1, 6.565824151039124e-08, 1053
98, 2.2322e-03, 6.0664e-06, fsolve flag:1, 7.352791726589203e-07, 1049
99, 1.5894e-01, 6.0815e-02, fsolve flag:5, 0.008924480527639389, 527
mean err: 1.3577e-03
