0.000000000000000000e+00 8.355872978689654357e-04
1.000000000000000000e+00 3.881874635506493785e-04
2.000000000000000000e+00 3.879127137435286034e-04
3.000000000000000000e+00 3.870103400854394337e-04
4.000000000000000000e+00 3.844051783582021122e-04
5.000000000000000000e+00 3.651257681478535912e-04
6.000000000000000000e+00 2.032860359776523401e-04
7.000000000000000000e+00 1.378378746133809070e-04
8.000000000000000000e+00 1.027533117900407362e-04
9.000000000000000000e+00 9.154471046331853681e-05
1.000000000000000000e+01 8.161999832180977417e-05
1.100000000000000000e+01 6.438128919516009389e-05
1.200000000000000000e+01 6.796311508158346323e-05
1.300000000000000000e+01 7.664710461147354983e-05
1.400000000000000000e+01 5.617478211208472608e-05
1.500000000000000000e+01 5.291901610836637624e-05
1.600000000000000000e+01 5.727349930996044187e-05
1.700000000000000000e+01 4.175317363717337014e-05
1.800000000000000000e+01 3.976338219657898313e-05
1.900000000000000000e+01 4.539693766340516273e-05
2.000000000000000000e+01 4.897703053152537597e-05
2.100000000000000000e+01 4.614926955581876176e-05
2.200000000000000000e+01 4.150953968801783213e-05
2.300000000000000000e+01 2.800877696138895414e-05
2.400000000000000000e+01 3.082855672376865163e-05
2.500000000000000000e+01 2.777188037450322331e-05
2.600000000000000000e+01 4.517033832202041948e-05
2.700000000000000000e+01 3.740174784737136058e-05
2.800000000000000000e+01 2.729204730853082014e-05
2.900000000000000000e+01 2.845118632709068131e-05
3.000000000000000000e+01 2.920101730383294446e-05
3.100000000000000000e+01 3.057970331869566818e-05
3.200000000000000000e+01 2.981302601748582134e-05
3.300000000000000000e+01 2.652828833060539773e-05
3.400000000000000000e+01 3.301670856590048985e-05
3.500000000000000000e+01 4.187910979751509100e-05
3.600000000000000000e+01 2.334302818907874996e-05
3.700000000000000000e+01 2.821847063157658717e-05
3.800000000000000000e+01 2.020686820631605732e-05
3.900000000000000000e+01 2.426653931768474047e-05
4.000000000000000000e+01 4.757176412434690896e-05
4.100000000000000000e+01 5.185721237338621943e-05
4.200000000000000000e+01 3.188266110934285857e-05
4.300000000000000000e+01 2.877034689327773133e-05
4.400000000000000000e+01 2.033416177979664000e-05
4.500000000000000000e+01 2.916900118014229242e-05
4.600000000000000000e+01 2.216013663784294817e-05
4.700000000000000000e+01 2.606743561798746550e-05
4.800000000000000000e+01 2.775815754078601034e-05
4.900000000000000000e+01 1.909388145984549138e-05
5.000000000000000000e+01 1.631899525001815645e-05
5.100000000000000000e+01 1.987491818235224560e-05
5.200000000000000000e+01 2.667208131858025841e-05
5.300000000000000000e+01 2.662671013192526403e-05
5.400000000000000000e+01 1.768548416174653667e-05
5.500000000000000000e+01 3.266119539940733209e-05
5.600000000000000000e+01 2.584000283345982575e-05
5.700000000000000000e+01 1.577248115422520764e-05
5.800000000000000000e+01 2.336436674383642601e-05
5.900000000000000000e+01 2.193954200643916528e-05
6.000000000000000000e+01 3.518538392846501812e-05
6.100000000000000000e+01 2.408335603850973307e-05
6.200000000000000000e+01 2.658227297142421602e-05
6.300000000000000000e+01 2.387718748240285477e-05
6.400000000000000000e+01 1.638598568688065112e-05
6.500000000000000000e+01 1.703615770503492808e-05
6.600000000000000000e+01 1.469049325287764459e-05
6.700000000000000000e+01 1.785805570391567999e-05
6.800000000000000000e+01 1.734180447590114984e-05
6.900000000000000000e+01 1.825739470607724174e-05
7.000000000000000000e+01 1.421897025498718178e-05
7.100000000000000000e+01 1.809323148078235488e-05
7.200000000000000000e+01 1.667048113264331353e-05
7.300000000000000000e+01 1.815204959837861498e-05
7.400000000000000000e+01 1.294344448615476249e-05
7.500000000000000000e+01 2.472791722337711382e-05
7.600000000000000000e+01 2.501289642742885586e-05
7.700000000000000000e+01 2.436985899897694996e-05
7.800000000000000000e+01 1.860136471016529382e-05
7.900000000000000000e+01 1.400237107230731040e-05
8.000000000000000000e+01 2.632976179799890437e-05
8.100000000000000000e+01 2.310880811838603415e-05
8.200000000000000000e+01 1.693670135954708115e-05
8.300000000000000000e+01 1.285939613033728112e-05
8.400000000000000000e+01 1.677083977570581263e-05
8.500000000000000000e+01 1.189814034662464538e-05
8.600000000000000000e+01 1.395531919272041273e-05
8.700000000000000000e+01 1.539988706466654316e-05
8.800000000000000000e+01 1.315423785096706605e-05
8.900000000000000000e+01 1.478440136939074948e-05
9.000000000000000000e+01 1.863895577132352883e-05
9.100000000000000000e+01 1.643017378441694479e-05
9.200000000000000000e+01 1.131629833595052933e-05
9.300000000000000000e+01 1.385308536269985888e-05
9.400000000000000000e+01 1.398358438831635489e-05
9.500000000000000000e+01 1.027710870865980740e-05
9.600000000000000000e+01 1.591799466050526659e-05
9.700000000000000000e+01 1.450511254695430440e-05
9.800000000000000000e+01 1.792267830752397852e-05
9.900000000000000000e+01 1.193901977795697403e-05
1.000000000000000000e+02 1.376282749391001944e-05
1.010000000000000000e+02 1.515545846199766757e-05
1.020000000000000000e+02 2.233116389125911855e-05
1.030000000000000000e+02 1.406608150555337851e-05
1.040000000000000000e+02 1.713106719647714826e-05
1.050000000000000000e+02 1.367947910299947840e-05
1.060000000000000000e+02 1.526426244051062940e-05
1.070000000000000000e+02 1.580310363604439850e-05
1.080000000000000000e+02 1.229139339311709619e-05
1.090000000000000000e+02 1.144903373750205154e-05
1.100000000000000000e+02 1.663730694100096013e-05
1.110000000000000000e+02 2.087477430753744039e-05
1.120000000000000000e+02 1.128320269275871774e-05
1.130000000000000000e+02 1.145963220596340699e-05
1.140000000000000000e+02 1.377981633268065549e-05
1.150000000000000000e+02 1.801538482098763270e-05
1.160000000000000000e+02 1.033525531242535587e-05
1.170000000000000000e+02 1.174939734086914622e-05
1.180000000000000000e+02 9.911524655937930660e-06
1.190000000000000000e+02 1.128748435361559922e-05
1.200000000000000000e+02 1.043908111873968511e-05
1.210000000000000000e+02 9.298271723908557612e-06
1.220000000000000000e+02 1.594791393089005517e-05
1.230000000000000000e+02 2.144046271685439347e-05
1.240000000000000000e+02 1.259396077617219084e-05
1.250000000000000000e+02 1.500122804260857911e-05
1.260000000000000000e+02 1.268575248130641125e-05
1.270000000000000000e+02 9.844481976756478547e-06
1.280000000000000000e+02 1.216031526625101945e-05
1.290000000000000000e+02 1.391833094117831876e-05
1.300000000000000000e+02 7.425667282836552199e-06
1.310000000000000000e+02 1.141990652964666984e-05
1.320000000000000000e+02 1.885874043909652555e-05
1.330000000000000000e+02 1.558070486115050200e-05
1.340000000000000000e+02 1.752872143228699617e-05
1.350000000000000000e+02 8.530504391932546265e-06
1.360000000000000000e+02 9.411826618508467134e-06
1.370000000000000000e+02 1.731588988033912088e-05
1.380000000000000000e+02 2.001910122465650781e-05
1.390000000000000000e+02 1.113708590862944519e-05
1.400000000000000000e+02 9.316382618305335593e-06
1.410000000000000000e+02 1.351808021316060879e-05
1.420000000000000000e+02 9.812140413915349963e-06
1.430000000000000000e+02 1.540776972297095912e-05
1.440000000000000000e+02 1.147906792783047445e-05
1.450000000000000000e+02 1.422863935497088934e-05
1.460000000000000000e+02 1.407045851285793306e-05
1.470000000000000000e+02 1.228394448690737393e-05
1.480000000000000000e+02 7.365460169557699062e-06
1.490000000000000000e+02 8.327819327874373936e-06
1.500000000000000000e+02 1.106744056342514700e-05
1.510000000000000000e+02 1.684213612828037960e-05
1.520000000000000000e+02 1.187929110146917211e-05
1.530000000000000000e+02 1.116293241369151520e-05
1.540000000000000000e+02 1.194933324316658394e-05
1.550000000000000000e+02 9.184360744228548554e-06
1.560000000000000000e+02 1.107095267807502090e-05
1.570000000000000000e+02 9.101555932112424189e-06
1.580000000000000000e+02 8.330634168487058110e-06
1.590000000000000000e+02 9.987969599032888029e-06
1.600000000000000000e+02 6.651752650377485706e-06
1.610000000000000000e+02 7.016449716893470465e-06
1.620000000000000000e+02 1.113865191357530491e-05
1.630000000000000000e+02 9.254169554353176044e-06
1.640000000000000000e+02 9.340105611946097550e-06
1.650000000000000000e+02 7.858728284029779492e-06
1.660000000000000000e+02 7.848019131301122030e-06
1.670000000000000000e+02 8.663609643201845286e-06
1.680000000000000000e+02 1.075738612095329933e-05
1.690000000000000000e+02 8.193839162502214920e-06
1.700000000000000000e+02 8.852656914323974165e-06
1.710000000000000000e+02 8.413448730355604913e-06
1.720000000000000000e+02 7.353963015783322100e-06
1.730000000000000000e+02 8.089229516699650391e-06
1.740000000000000000e+02 1.159750150468969560e-05
1.750000000000000000e+02 8.837093107738060613e-06
1.760000000000000000e+02 9.230416880422450055e-06
1.770000000000000000e+02 1.294554216773075157e-05
1.780000000000000000e+02 8.479946161408151255e-06
1.790000000000000000e+02 9.208763431982335283e-06
1.800000000000000000e+02 9.997831214674028329e-06
1.810000000000000000e+02 8.909798967220166707e-06
1.820000000000000000e+02 9.431417641136643319e-06
1.830000000000000000e+02 1.057703922626285498e-05
1.840000000000000000e+02 7.773199828119139605e-06
1.850000000000000000e+02 6.762674198950455102e-06
1.860000000000000000e+02 7.886488338399323995e-06
1.870000000000000000e+02 7.848554753328633744e-06
1.880000000000000000e+02 7.554019574088723390e-06
1.890000000000000000e+02 8.482287489440161430e-06
1.900000000000000000e+02 7.910569820890866389e-06
1.910000000000000000e+02 8.213335753013249486e-06
1.920000000000000000e+02 1.126635930610787368e-05
1.930000000000000000e+02 8.348160816294707451e-06
1.940000000000000000e+02 1.044334673588587983e-05
1.950000000000000000e+02 9.632833979807049637e-06
1.960000000000000000e+02 1.181757402554107644e-05
1.970000000000000000e+02 7.920933917107518071e-06
1.980000000000000000e+02 7.548260954838751329e-06
1.990000000000000000e+02 6.414414131491415971e-06
2.000000000000000000e+02 7.980907518883612552e-06
2.010000000000000000e+02 7.319771364282048084e-06
2.020000000000000000e+02 7.222479638155727777e-06
2.030000000000000000e+02 7.202070378817562081e-06
2.040000000000000000e+02 6.162547688913699582e-06
2.050000000000000000e+02 7.462926789520750592e-06
2.060000000000000000e+02 9.061407754110051749e-06
2.070000000000000000e+02 7.926677920069952438e-06
2.080000000000000000e+02 7.256339559612551695e-06
2.090000000000000000e+02 8.507777900139423290e-06
2.100000000000000000e+02 8.116515372877774727e-06
2.110000000000000000e+02 9.606001647954199300e-06
2.120000000000000000e+02 1.036750961781046812e-05
2.130000000000000000e+02 7.899612676049379864e-06
2.140000000000000000e+02 9.975996164268016394e-06
2.150000000000000000e+02 7.874823146601405541e-06
2.160000000000000000e+02 6.379980118777546589e-06
2.170000000000000000e+02 8.786879453008710462e-06
2.180000000000000000e+02 8.023572540326505423e-06
2.190000000000000000e+02 9.469132034600655259e-06
2.200000000000000000e+02 6.432861077046555480e-06
2.210000000000000000e+02 5.910275342226713131e-06
2.220000000000000000e+02 6.352147070228413862e-06
2.230000000000000000e+02 7.510628564196074145e-06
2.240000000000000000e+02 7.070689129417421831e-06
2.250000000000000000e+02 5.855486943130101567e-06
2.260000000000000000e+02 7.011158606946669302e-06
2.270000000000000000e+02 7.344802507583467905e-06
2.280000000000000000e+02 9.486693899755168992e-06
2.290000000000000000e+02 6.423361774458980708e-06
2.300000000000000000e+02 6.547926661854489022e-06
2.310000000000000000e+02 6.192132906943582117e-06
2.320000000000000000e+02 7.692334727350705841e-06
2.330000000000000000e+02 6.981184730513902990e-06
2.340000000000000000e+02 6.187795205347070629e-06
2.350000000000000000e+02 7.160928893831846501e-06
2.360000000000000000e+02 1.218202567136968250e-05
2.370000000000000000e+02 8.617438889720584273e-06
2.380000000000000000e+02 7.121392210874917723e-06
2.390000000000000000e+02 5.706655831477662531e-06
2.400000000000000000e+02 8.580478544990713811e-06
2.410000000000000000e+02 7.538678544950798312e-06
2.420000000000000000e+02 6.630191043486788430e-06
2.430000000000000000e+02 9.927012224755841669e-06
2.440000000000000000e+02 7.385969317413821830e-06
2.450000000000000000e+02 1.043343951431995473e-05
2.460000000000000000e+02 1.013917083909024209e-05
2.470000000000000000e+02 7.367847631569662359e-06
2.480000000000000000e+02 6.602509812628211633e-06
2.490000000000000000e+02 5.925278416533631916e-06
2.500000000000000000e+02 9.473003439868324878e-06
2.510000000000000000e+02 7.787544844075819633e-06
2.520000000000000000e+02 7.098397141714658837e-06
2.530000000000000000e+02 7.087293771136190462e-06
2.540000000000000000e+02 7.198912404657102232e-06
2.550000000000000000e+02 1.194400646724186027e-05
2.560000000000000000e+02 8.806782640951316075e-06
2.570000000000000000e+02 6.524959745457744418e-06
2.580000000000000000e+02 6.576114959073902960e-06
2.590000000000000000e+02 6.290718425105870644e-06
2.600000000000000000e+02 9.551920053095996552e-06
2.610000000000000000e+02 8.291835500331624822e-06
2.620000000000000000e+02 8.824618290343467871e-06
2.630000000000000000e+02 5.540764870232891923e-06
2.640000000000000000e+02 6.112427294920917334e-06
2.650000000000000000e+02 5.285783091967588642e-06
2.660000000000000000e+02 6.587737294018404773e-06
2.670000000000000000e+02 6.668455453844576401e-06
2.680000000000000000e+02 6.043243482864497900e-06
2.690000000000000000e+02 5.460114003111758913e-06
2.700000000000000000e+02 6.472363194446152756e-06
2.710000000000000000e+02 7.846361774422231942e-06
2.720000000000000000e+02 6.058744074885277024e-06
2.730000000000000000e+02 5.797222431534397220e-06
2.740000000000000000e+02 6.192447610353930082e-06
2.750000000000000000e+02 6.673871542521217555e-06
2.760000000000000000e+02 6.895731635876790468e-06
2.770000000000000000e+02 7.428812906293302040e-06
2.780000000000000000e+02 5.643491227367012484e-06
2.790000000000000000e+02 6.743456780493360508e-06
2.800000000000000000e+02 6.261096904387792714e-06
2.810000000000000000e+02 7.839998514420326350e-06
2.820000000000000000e+02 6.482209398171009978e-06
2.830000000000000000e+02 5.429189655536081963e-06
2.840000000000000000e+02 6.546282991264552248e-06
2.850000000000000000e+02 6.646480022842699073e-06
2.860000000000000000e+02 7.306374283037504961e-06
2.870000000000000000e+02 6.480533006713778274e-06
2.880000000000000000e+02 7.002314127443227739e-06
2.890000000000000000e+02 5.242450712786704009e-06
2.900000000000000000e+02 6.552212169259680945e-06
2.910000000000000000e+02 6.179845987106829231e-06
2.920000000000000000e+02 5.468309340619934324e-06
2.930000000000000000e+02 6.657434019104654142e-06
2.940000000000000000e+02 6.910891294244523325e-06
2.950000000000000000e+02 7.973230895621124289e-06
2.960000000000000000e+02 6.538621177055378607e-06
2.970000000000000000e+02 5.201410264492567280e-06
2.980000000000000000e+02 5.792646344456077908e-06
2.990000000000000000e+02 7.999033428466099905e-06
3.000000000000000000e+02 5.662358493561386631e-06
3.010000000000000000e+02 5.190088232628106437e-06
3.020000000000000000e+02 6.267047833891989717e-06
3.030000000000000000e+02 5.746366338614681032e-06
3.040000000000000000e+02 4.965354647021994321e-06
3.050000000000000000e+02 8.563959990321136026e-06
3.060000000000000000e+02 6.508282734307236909e-06
3.070000000000000000e+02 4.623674832783281497e-06
3.080000000000000000e+02 5.508565008825575263e-06
3.090000000000000000e+02 5.420906818158107182e-06
3.100000000000000000e+02 5.864975933330159476e-06
3.110000000000000000e+02 6.554464941545183730e-06
3.120000000000000000e+02 7.167609323572601720e-06
3.130000000000000000e+02 8.320636249313815647e-06
3.140000000000000000e+02 6.222353752966807509e-06
3.150000000000000000e+02 5.450291277964892238e-06
3.160000000000000000e+02 4.608701730304266673e-06
3.170000000000000000e+02 7.083675797634444426e-06
3.180000000000000000e+02 7.307431719657895662e-06
3.190000000000000000e+02 4.667782469649720277e-06
3.200000000000000000e+02 4.695075351007676874e-06
3.210000000000000000e+02 4.750105661730807903e-06
3.220000000000000000e+02 6.080875624643397089e-06
3.230000000000000000e+02 6.242785187375704345e-06
3.240000000000000000e+02 4.735336919599538381e-06
3.250000000000000000e+02 5.896836949467425085e-06
3.260000000000000000e+02 7.170601930785173727e-06
3.270000000000000000e+02 4.585361580164953036e-06
3.280000000000000000e+02 4.889069635573878781e-06
3.290000000000000000e+02 6.017319136521085280e-06
3.300000000000000000e+02 6.348511259686656307e-06
3.310000000000000000e+02 4.515721339220187306e-06
3.320000000000000000e+02 6.151541830425084973e-06
3.330000000000000000e+02 5.229540111109951647e-06
3.340000000000000000e+02 3.992329451108153491e-06
3.350000000000000000e+02 4.358113478192014550e-06
3.360000000000000000e+02 4.808689990486267763e-06
3.370000000000000000e+02 4.245683521534952663e-06
3.380000000000000000e+02 5.264462818636845709e-06
3.390000000000000000e+02 4.892562395683695802e-06
3.400000000000000000e+02 4.721066593999701998e-06
3.410000000000000000e+02 5.569250676099615728e-06
3.420000000000000000e+02 7.951964045477499755e-06
3.430000000000000000e+02 6.649606252983774619e-06
3.440000000000000000e+02 4.706225424753230659e-06
3.450000000000000000e+02 4.489223193352500281e-06
3.460000000000000000e+02 4.871627407243989613e-06
3.470000000000000000e+02 4.258418885160456380e-06
3.480000000000000000e+02 4.943295785263345108e-06
3.490000000000000000e+02 5.685833821738716515e-06
3.500000000000000000e+02 4.884485208008989680e-06
3.510000000000000000e+02 4.577964730919542149e-06
3.520000000000000000e+02 4.986954139095957441e-06
3.530000000000000000e+02 5.022809637718000735e-06
3.540000000000000000e+02 4.546840473896502204e-06
3.550000000000000000e+02 4.411262063920553437e-06
3.560000000000000000e+02 4.632599709266363931e-06
3.570000000000000000e+02 4.898174610487521645e-06
3.580000000000000000e+02 5.208797296003135227e-06
3.590000000000000000e+02 4.753841415439971049e-06
3.600000000000000000e+02 4.659125975467695901e-06
3.610000000000000000e+02 5.122601514881938405e-06
3.620000000000000000e+02 4.756718176994789792e-06
3.630000000000000000e+02 5.548176065154674550e-06
3.640000000000000000e+02 4.580908245365950205e-06
3.650000000000000000e+02 4.749980911363229906e-06
3.660000000000000000e+02 5.258952416447491040e-06
3.670000000000000000e+02 3.742652446842085691e-06
3.680000000000000000e+02 4.323510127998792642e-06
3.690000000000000000e+02 4.055500082208563703e-06
3.700000000000000000e+02 5.922846677225747075e-06
3.710000000000000000e+02 4.518057375665450318e-06
3.720000000000000000e+02 4.508124820840990974e-06
3.730000000000000000e+02 4.163281362130969464e-06
3.740000000000000000e+02 4.216192954673630088e-06
3.750000000000000000e+02 5.451012766143165430e-06
3.760000000000000000e+02 4.912441646603100431e-06
3.770000000000000000e+02 4.176257153429721881e-06
3.780000000000000000e+02 4.788119561532678764e-06
3.790000000000000000e+02 4.147201880959805977e-06
3.800000000000000000e+02 3.645047183685795982e-06
3.810000000000000000e+02 3.787585508431735559e-06
3.820000000000000000e+02 4.025912352324629385e-06
3.830000000000000000e+02 5.201727362100759273e-06
3.840000000000000000e+02 4.718941532923565055e-06
3.850000000000000000e+02 4.490926953826234376e-06
3.860000000000000000e+02 4.142354148279218949e-06
3.870000000000000000e+02 3.820085497237123777e-06
3.880000000000000000e+02 6.381563345839629390e-06
3.890000000000000000e+02 5.903324963273689799e-06
3.900000000000000000e+02 4.511564771935123880e-06
3.910000000000000000e+02 3.769874970405230035e-06
3.920000000000000000e+02 3.996376409465590982e-06
3.930000000000000000e+02 4.204543289710060044e-06
3.940000000000000000e+02 4.651417555109647034e-06
3.950000000000000000e+02 4.884659585548109345e-06
3.960000000000000000e+02 4.483627768009184038e-06
3.970000000000000000e+02 4.475315500292881186e-06
3.980000000000000000e+02 4.622482516759915501e-06
3.990000000000000000e+02 5.141638311525964886e-06
4.000000000000000000e+02 4.034653690441944554e-06
4.010000000000000000e+02 3.763911488563125116e-06
4.020000000000000000e+02 5.689524509931827913e-06
4.030000000000000000e+02 4.212778365428017507e-06
4.040000000000000000e+02 4.034838015565288021e-06
4.050000000000000000e+02 4.304764215054702399e-06
4.060000000000000000e+02 3.884997838451820145e-06
4.070000000000000000e+02 4.205718806164555691e-06
4.080000000000000000e+02 5.506166713817611852e-06
4.090000000000000000e+02 6.181059791714942749e-06
4.100000000000000000e+02 4.382147879133044819e-06
4.110000000000000000e+02 3.890820771613457835e-06
4.120000000000000000e+02 4.800621105700262514e-06
4.130000000000000000e+02 5.061244718886917755e-06
4.140000000000000000e+02 4.392482037951253403e-06
4.150000000000000000e+02 4.767903712807793759e-06
4.160000000000000000e+02 4.395052920028039294e-06
4.170000000000000000e+02 4.514117187007787083e-06
4.180000000000000000e+02 3.484127758590212900e-06
4.190000000000000000e+02 3.509058741991411979e-06
4.200000000000000000e+02 4.230601486832321132e-06
4.210000000000000000e+02 4.083247446970905254e-06
4.220000000000000000e+02 3.635645240089609911e-06
4.230000000000000000e+02 3.671333709911143277e-06
4.240000000000000000e+02 3.954800990585981007e-06
4.250000000000000000e+02 4.006100575320008764e-06
4.260000000000000000e+02 4.124110857480800392e-06
4.270000000000000000e+02 4.406939514346789772e-06
4.280000000000000000e+02 4.824688674868990523e-06
4.290000000000000000e+02 4.878177220479606252e-06
4.300000000000000000e+02 3.627348883090532957e-06
4.310000000000000000e+02 3.373946627596071326e-06
4.320000000000000000e+02 4.035324258921273525e-06
4.330000000000000000e+02 3.545965315369184478e-06
4.340000000000000000e+02 3.794425386855157279e-06
4.350000000000000000e+02 3.588769799832406044e-06
4.360000000000000000e+02 3.663950725357265652e-06
4.370000000000000000e+02 3.790435770862509623e-06
4.380000000000000000e+02 4.131416631495280315e-06
4.390000000000000000e+02 3.819834778984811321e-06
4.400000000000000000e+02 4.004388043311066154e-06
4.410000000000000000e+02 3.691435711157735725e-06
4.420000000000000000e+02 3.312255721044521564e-06
4.430000000000000000e+02 3.822817837211838987e-06
4.440000000000000000e+02 4.181546430687019721e-06
4.450000000000000000e+02 3.757270729793473808e-06
4.460000000000000000e+02 4.648110013423803005e-06
4.470000000000000000e+02 4.065374756555913210e-06
4.480000000000000000e+02 4.890732092820035022e-06
4.490000000000000000e+02 4.420043682089977651e-06
4.500000000000000000e+02 4.101770866912745168e-06
4.510000000000000000e+02 3.715965139744912051e-06
4.520000000000000000e+02 4.114111148369996188e-06
4.530000000000000000e+02 3.731805940756279242e-06
4.540000000000000000e+02 3.607600475468472867e-06
4.550000000000000000e+02 4.172486467438129067e-06
4.560000000000000000e+02 3.536240007326732886e-06
4.570000000000000000e+02 4.092650048555334989e-06
4.580000000000000000e+02 3.836884991887365198e-06
4.590000000000000000e+02 3.526961882454702396e-06
4.600000000000000000e+02 3.695994972215217341e-06
4.610000000000000000e+02 3.354767491390130214e-06
4.620000000000000000e+02 3.566811611810249875e-06
4.630000000000000000e+02 3.856505282344902227e-06
4.640000000000000000e+02 4.354899152252087917e-06
4.650000000000000000e+02 3.365157950547964798e-06
4.660000000000000000e+02 3.310856262071596183e-06
4.670000000000000000e+02 3.440869103447585975e-06
4.680000000000000000e+02 3.269523957208012417e-06
4.690000000000000000e+02 3.554563914064739990e-06
4.700000000000000000e+02 4.254928622502890636e-06
4.710000000000000000e+02 3.752756092165282234e-06
4.720000000000000000e+02 3.592094690430363351e-06
4.730000000000000000e+02 3.832025722206643676e-06
4.740000000000000000e+02 3.427402252824055606e-06
4.750000000000000000e+02 3.753554632300677756e-06
4.760000000000000000e+02 4.537179164960078559e-06
4.770000000000000000e+02 4.349234428053929487e-06
4.780000000000000000e+02 3.882949020128040111e-06
4.790000000000000000e+02 4.035956292079111434e-06
4.800000000000000000e+02 3.737670199308932203e-06
4.810000000000000000e+02 3.409130965459679792e-06
4.820000000000000000e+02 3.847689955954854849e-06
4.830000000000000000e+02 3.617201000245254253e-06
4.840000000000000000e+02 3.436584817662671709e-06
4.850000000000000000e+02 4.291053896184337164e-06
4.860000000000000000e+02 5.357471167862288931e-06
4.870000000000000000e+02 3.907193426220050818e-06
4.880000000000000000e+02 3.646545319766945889e-06
4.890000000000000000e+02 3.631015263613834229e-06
4.900000000000000000e+02 3.230059059601584433e-06
4.910000000000000000e+02 3.462790724937667093e-06
4.920000000000000000e+02 3.706037209555876752e-06
4.930000000000000000e+02 3.666252252599752650e-06
4.940000000000000000e+02 3.497492215697420037e-06
4.950000000000000000e+02 3.247556656393442083e-06
4.960000000000000000e+02 3.138789900108109480e-06
4.970000000000000000e+02 3.705905524485121271e-06
4.980000000000000000e+02 3.777580819351575882e-06
4.990000000000000000e+02 3.376272491061223568e-06
5.000000000000000000e+02 3.821752002134011348e-06
5.010000000000000000e+02 3.700236538151318559e-06
5.020000000000000000e+02 3.940120668563945842e-06
5.030000000000000000e+02 4.509233345393158922e-06
5.040000000000000000e+02 3.536082591049527253e-06
5.050000000000000000e+02 3.692565921398473902e-06
5.060000000000000000e+02 3.499134164173756882e-06
5.070000000000000000e+02 4.356986643426057465e-06
5.080000000000000000e+02 3.656820058340434820e-06
5.090000000000000000e+02 3.260950307529355400e-06
5.100000000000000000e+02 3.067980044906428725e-06
5.110000000000000000e+02 3.086160191900296391e-06
5.120000000000000000e+02 3.096823297481192067e-06
5.130000000000000000e+02 3.184924540925711580e-06
5.140000000000000000e+02 3.393331905979449384e-06
5.150000000000000000e+02 3.368211505018272105e-06
5.160000000000000000e+02 4.091895120179571653e-06
5.170000000000000000e+02 3.127191020247964588e-06
5.180000000000000000e+02 3.421272026138769964e-06
5.190000000000000000e+02 3.612495728036071212e-06
5.200000000000000000e+02 3.314832741767455983e-06
5.210000000000000000e+02 3.197956582166879433e-06
5.220000000000000000e+02 3.687690782280528511e-06
5.230000000000000000e+02 3.994916347794128723e-06
5.240000000000000000e+02 3.394026338439678354e-06
5.250000000000000000e+02 3.028241308256807681e-06
5.260000000000000000e+02 3.332943024921692651e-06
5.270000000000000000e+02 3.343372005356645791e-06
5.280000000000000000e+02 3.227326563990024716e-06
5.290000000000000000e+02 3.716569199421661359e-06
5.300000000000000000e+02 3.687280373812859506e-06
5.310000000000000000e+02 3.774445638934367105e-06
5.320000000000000000e+02 3.626488601790413425e-06
5.330000000000000000e+02 3.865793451645010051e-06
5.340000000000000000e+02 3.305896066826584195e-06
5.350000000000000000e+02 3.179676066096730764e-06
5.360000000000000000e+02 3.060274555698063435e-06
5.370000000000000000e+02 3.126981561248720012e-06
5.380000000000000000e+02 3.453979800840507702e-06
5.390000000000000000e+02 3.111012142990556907e-06
5.400000000000000000e+02 3.171294126811844766e-06
5.410000000000000000e+02 3.161267002778057428e-06
5.420000000000000000e+02 3.146683788488429201e-06
5.430000000000000000e+02 3.334497602569233660e-06
5.440000000000000000e+02 3.217197097276185932e-06
5.450000000000000000e+02 3.439039569694472454e-06
5.460000000000000000e+02 3.279009911448457279e-06
5.470000000000000000e+02 3.128129453599279378e-06
5.480000000000000000e+02 3.601382579306240061e-06
5.490000000000000000e+02 3.316065218752144649e-06
5.500000000000000000e+02 3.390746618048280784e-06
5.510000000000000000e+02 3.035139416413117243e-06
5.520000000000000000e+02 3.554867540850617205e-06
5.530000000000000000e+02 3.245269575221850994e-06
5.540000000000000000e+02 3.724919615285533759e-06
5.550000000000000000e+02 4.255925482317529877e-06
5.560000000000000000e+02 3.234957311850574594e-06
5.570000000000000000e+02 3.150399725462356006e-06
5.580000000000000000e+02 3.086308198719226139e-06
5.590000000000000000e+02 2.902228884276826557e-06
5.600000000000000000e+02 3.255932318673847906e-06
5.610000000000000000e+02 3.398994031500664693e-06
