0.000000000000000000e+00 1.041197533232067225e-03
1.000000000000000000e+00 3.636528961592279960e-04
2.000000000000000000e+00 3.418917931347268779e-04
3.000000000000000000e+00 3.130364823187969242e-04
4.000000000000000000e+00 2.427301246384600366e-04
5.000000000000000000e+00 1.540055095839600171e-04
6.000000000000000000e+00 1.368189788435070393e-04
7.000000000000000000e+00 1.309088208785101051e-04
8.000000000000000000e+00 1.267320014648967859e-04
9.000000000000000000e+00 1.243718508926965722e-04
1.000000000000000000e+01 1.330564573586340597e-04
1.100000000000000000e+01 1.215753742156526067e-04
1.200000000000000000e+01 1.170335428898216146e-04
1.300000000000000000e+01 1.193509776550640429e-04
1.400000000000000000e+01 1.194651043313273457e-04
1.500000000000000000e+01 1.186403224731791435e-04
1.600000000000000000e+01 1.255492731130266064e-04
1.700000000000000000e+01 1.233766261935141347e-04
1.800000000000000000e+01 1.210161980033596204e-04
1.900000000000000000e+01 1.172781623017669943e-04
2.000000000000000000e+01 1.154795533138866352e-04
2.100000000000000000e+01 1.143245041789427342e-04
2.200000000000000000e+01 1.203206469888517486e-04
2.300000000000000000e+01 1.158985565674852355e-04
2.400000000000000000e+01 1.176279062247054832e-04
2.500000000000000000e+01 1.183340084420910973e-04
2.600000000000000000e+01 1.191724505336373241e-04
2.700000000000000000e+01 1.101452546103187191e-04
2.800000000000000000e+01 1.098771073333799144e-04
2.900000000000000000e+01 1.088419823434279396e-04
3.000000000000000000e+01 1.192929760945059177e-04
3.100000000000000000e+01 1.063481353072689485e-04
3.200000000000000000e+01 1.087598985953303136e-04
3.300000000000000000e+01 1.050688341174516271e-04
3.400000000000000000e+01 1.043058135066110179e-04
3.500000000000000000e+01 1.017463960251949894e-04
3.600000000000000000e+01 1.039695435068497490e-04
3.700000000000000000e+01 9.763979933187184261e-05
3.800000000000000000e+01 9.059312489732183275e-05
3.900000000000000000e+01 8.547397975201003102e-05
4.000000000000000000e+01 7.190660110894079324e-05
4.100000000000000000e+01 5.809259435797083174e-05
4.200000000000000000e+01 5.141534922824070130e-05
4.300000000000000000e+01 4.261230484690456708e-05
4.400000000000000000e+01 3.996934231180669064e-05
4.500000000000000000e+01 3.972893602385200415e-05
4.600000000000000000e+01 4.007987503654287213e-05
4.700000000000000000e+01 4.304975567390724548e-05
4.800000000000000000e+01 4.418219630654264763e-05
4.900000000000000000e+01 3.922633947678797573e-05
5.000000000000000000e+01 3.855795880225799038e-05
5.100000000000000000e+01 3.965263247585063602e-05
5.200000000000000000e+01 3.919040177391410146e-05
5.300000000000000000e+01 3.790176247171117747e-05
5.400000000000000000e+01 3.883722043350300849e-05
5.500000000000000000e+01 3.784305310394682790e-05
5.600000000000000000e+01 3.795759232452961018e-05
5.700000000000000000e+01 3.961800863104929780e-05
5.800000000000000000e+01 3.957526925666310803e-05
5.900000000000000000e+01 3.763330572907291438e-05
6.000000000000000000e+01 3.842528455764132437e-05
6.100000000000000000e+01 3.710858245949340170e-05
6.200000000000000000e+01 3.839728382403603590e-05
6.300000000000000000e+01 4.025712166734632749e-05
6.400000000000000000e+01 3.958472567147872383e-05
6.500000000000000000e+01 3.826071120746049451e-05
6.600000000000000000e+01 3.804227251565659232e-05
6.700000000000000000e+01 4.034857113704553569e-05
6.800000000000000000e+01 3.849006824407863404e-05
6.900000000000000000e+01 4.081249178476207130e-05
7.000000000000000000e+01 3.757340245143269471e-05
7.100000000000000000e+01 3.693147262116650980e-05
7.200000000000000000e+01 3.666097370082749789e-05
7.300000000000000000e+01 3.681826602596446668e-05
7.400000000000000000e+01 3.708522721699730751e-05
7.500000000000000000e+01 3.795181225917470505e-05
7.600000000000000000e+01 3.900251696116863295e-05
7.700000000000000000e+01 3.728894311975992063e-05
7.800000000000000000e+01 3.860609403153766563e-05
7.900000000000000000e+01 3.638392479416700001e-05
8.000000000000000000e+01 3.692141466760225842e-05
8.100000000000000000e+01 3.829225061587704186e-05
8.200000000000000000e+01 3.706465542151567469e-05
8.300000000000000000e+01 3.778189832137869916e-05
8.400000000000000000e+01 3.760878375601393598e-05
8.500000000000000000e+01 3.632159931489541328e-05
8.600000000000000000e+01 3.599055885111230441e-05
8.700000000000000000e+01 3.961380573456893078e-05
8.800000000000000000e+01 3.648391573624823329e-05
8.900000000000000000e+01 3.717568258062272973e-05
9.000000000000000000e+01 3.687782480100243270e-05
9.100000000000000000e+01 3.685869596398953508e-05
9.200000000000000000e+01 3.770057845865087444e-05
9.300000000000000000e+01 3.790901725014662947e-05
9.400000000000000000e+01 3.620264887803279044e-05
9.500000000000000000e+01 3.673586956705262056e-05
9.600000000000000000e+01 3.811501431166788894e-05
9.700000000000000000e+01 3.691577446621423090e-05
9.800000000000000000e+01 3.659556770147499275e-05
9.900000000000000000e+01 3.707010700579444585e-05
1.000000000000000000e+02 3.575435308236446313e-05
1.010000000000000000e+02 3.672411540382297521e-05
1.020000000000000000e+02 3.636438490672303029e-05
1.030000000000000000e+02 3.622451501561546529e-05
1.040000000000000000e+02 3.686008974832356930e-05
1.050000000000000000e+02 3.587323930450942946e-05
1.060000000000000000e+02 3.625183285124456274e-05
1.070000000000000000e+02 3.621942732061488073e-05
1.080000000000000000e+02 3.716063805230186728e-05
1.090000000000000000e+02 3.509475116187408888e-05
1.100000000000000000e+02 3.556857095632733794e-05
1.110000000000000000e+02 3.578855509328139568e-05
1.120000000000000000e+02 3.598266099488540184e-05
1.130000000000000000e+02 3.614188642098262069e-05
1.140000000000000000e+02 3.590190741263780765e-05
1.150000000000000000e+02 3.557748410032951340e-05
1.160000000000000000e+02 3.522690753663365690e-05
1.170000000000000000e+02 3.554031263842557343e-05
1.180000000000000000e+02 3.528605702597778547e-05
1.190000000000000000e+02 3.532801656400355069e-05
1.200000000000000000e+02 3.533122800645230538e-05
1.210000000000000000e+02 3.583267525219998575e-05
1.220000000000000000e+02 3.521339149005367573e-05
1.230000000000000000e+02 3.537976373499924858e-05
1.240000000000000000e+02 3.543379369720279387e-05
1.250000000000000000e+02 3.574840377989487936e-05
1.260000000000000000e+02 3.657550288009103843e-05
1.270000000000000000e+02 3.511599472792752879e-05
1.280000000000000000e+02 3.564268948770810662e-05
1.290000000000000000e+02 3.657272061971665090e-05
1.300000000000000000e+02 3.739763756841931852e-05
1.310000000000000000e+02 3.496189722394403218e-05
1.320000000000000000e+02 3.493021926303707447e-05
1.330000000000000000e+02 3.537815908067925197e-05
1.340000000000000000e+02 3.737710230942984697e-05
1.350000000000000000e+02 3.724494789845258548e-05
1.360000000000000000e+02 3.581332805161341196e-05
1.370000000000000000e+02 3.568546028934232772e-05
1.380000000000000000e+02 3.507533062105439757e-05
1.390000000000000000e+02 3.534720259533091156e-05
1.400000000000000000e+02 3.488282638303406055e-05
1.410000000000000000e+02 3.729364704116427666e-05
1.420000000000000000e+02 3.481139200864681208e-05
1.430000000000000000e+02 3.709928929637353729e-05
1.440000000000000000e+02 3.904535642270323751e-05
1.450000000000000000e+02 3.655116059027043428e-05
1.460000000000000000e+02 3.673521799700586336e-05
1.470000000000000000e+02 3.517230509205037959e-05
1.480000000000000000e+02 3.469425277275730527e-05
1.490000000000000000e+02 3.475737290494164595e-05
1.500000000000000000e+02 3.531284342916412618e-05
1.510000000000000000e+02 3.730446951848191494e-05
1.520000000000000000e+02 3.732209055246147721e-05
1.530000000000000000e+02 3.609000050966999215e-05
1.540000000000000000e+02 3.448474877974506666e-05
1.550000000000000000e+02 3.451904427662374179e-05
1.560000000000000000e+02 3.492029256495839552e-05
1.570000000000000000e+02 3.465973847645843856e-05
1.580000000000000000e+02 3.503919780705777619e-05
1.590000000000000000e+02 3.569123330925332656e-05
1.600000000000000000e+02 3.509955362793772794e-05
1.610000000000000000e+02 3.537130027221855883e-05
1.620000000000000000e+02 3.487346135548836153e-05
1.630000000000000000e+02 3.504364745524464692e-05
1.640000000000000000e+02 3.567925310421885302e-05
1.650000000000000000e+02 3.474658953921195875e-05
1.660000000000000000e+02 3.459626928446665864e-05
1.670000000000000000e+02 3.446411867316884707e-05
1.680000000000000000e+02 3.483764794875495862e-05
1.690000000000000000e+02 3.450762656708947896e-05
1.700000000000000000e+02 3.444469402123322133e-05
1.710000000000000000e+02 3.465269930888726605e-05
1.720000000000000000e+02 3.453278821296772155e-05
1.730000000000000000e+02 3.447807660503021199e-05
1.740000000000000000e+02 3.477808808316094137e-05
1.750000000000000000e+02 3.475102296497666765e-05
1.760000000000000000e+02 3.422207837707871088e-05
1.770000000000000000e+02 3.451498636676528556e-05
1.780000000000000000e+02 3.607430957940448412e-05
1.790000000000000000e+02 3.553379335519676397e-05
1.800000000000000000e+02 3.594538676832932054e-05
1.810000000000000000e+02 3.519072299783768544e-05
1.820000000000000000e+02 3.554267507517575904e-05
1.830000000000000000e+02 3.474549723114186050e-05
1.840000000000000000e+02 3.459896693682218584e-05
1.850000000000000000e+02 3.438026940657641303e-05
1.860000000000000000e+02 3.438109127734747134e-05
1.870000000000000000e+02 3.440199885917360752e-05
1.880000000000000000e+02 3.614246735266369025e-05
1.890000000000000000e+02 3.509183084900032400e-05
1.900000000000000000e+02 3.489019015077639735e-05
1.910000000000000000e+02 3.457502662487389592e-05
1.920000000000000000e+02 3.416531204330981356e-05
1.930000000000000000e+02 3.427451788674056271e-05
1.940000000000000000e+02 3.435683947068518665e-05
1.950000000000000000e+02 3.455576216937884890e-05
1.960000000000000000e+02 3.424331911008871959e-05
1.970000000000000000e+02 3.589459412186379948e-05
1.980000000000000000e+02 3.465253284702535941e-05
1.990000000000000000e+02 3.467871508958689187e-05
2.000000000000000000e+02 3.424940051288592827e-05
2.010000000000000000e+02 3.437471416347790738e-05
2.020000000000000000e+02 3.464733242775605343e-05
2.030000000000000000e+02 3.426538720272500656e-05
2.040000000000000000e+02 3.450043209189577683e-05
2.050000000000000000e+02 3.462025867641755673e-05
2.060000000000000000e+02 3.524962149003900528e-05
2.070000000000000000e+02 3.426256571095400463e-05
2.080000000000000000e+02 3.448948615971200336e-05
2.090000000000000000e+02 3.410727306237501565e-05
2.100000000000000000e+02 3.435679001988910144e-05
2.110000000000000000e+02 3.480835096444387735e-05
2.120000000000000000e+02 3.480683999288983226e-05
2.130000000000000000e+02 3.489508545094023898e-05
2.140000000000000000e+02 3.434678768478405622e-05
2.150000000000000000e+02 3.433025343991675642e-05
2.160000000000000000e+02 3.421035129427221522e-05
2.170000000000000000e+02 3.472562204004695733e-05
2.180000000000000000e+02 3.436980295959277338e-05
2.190000000000000000e+02 3.433967477787086542e-05
2.200000000000000000e+02 3.427179394468629181e-05
2.210000000000000000e+02 3.432061938099969210e-05
2.220000000000000000e+02 3.460773490163119047e-05
2.230000000000000000e+02 3.439681124210519029e-05
2.240000000000000000e+02 3.510689139644682154e-05
2.250000000000000000e+02 3.476862327727013737e-05
2.260000000000000000e+02 3.544350589627019395e-05
2.270000000000000000e+02 3.424765347674308096e-05
2.280000000000000000e+02 3.416899622807430048e-05
2.290000000000000000e+02 3.396467906233637955e-05
2.300000000000000000e+02 3.402999041880461613e-05
2.310000000000000000e+02 3.397440234000600795e-05
2.320000000000000000e+02 3.419972161766821718e-05
2.330000000000000000e+02 3.484830060480932369e-05
2.340000000000000000e+02 3.457456727463739123e-05
2.350000000000000000e+02 3.487679006928822058e-05
2.360000000000000000e+02 3.518240666404676647e-05
2.370000000000000000e+02 3.404658369767922630e-05
2.380000000000000000e+02 3.424102708830852461e-05
2.390000000000000000e+02 3.400387417502639254e-05
2.400000000000000000e+02 3.407885558340527252e-05
2.410000000000000000e+02 3.419884123789158925e-05
2.420000000000000000e+02 3.461899968279749293e-05
2.430000000000000000e+02 3.405707078900726100e-05
2.440000000000000000e+02 3.519832258732825964e-05
2.450000000000000000e+02 3.526017900594233679e-05
2.460000000000000000e+02 3.490741974256553719e-05
2.470000000000000000e+02 3.427990797542295831e-05
2.480000000000000000e+02 3.394238763504914887e-05
2.490000000000000000e+02 3.555224771260638935e-05
2.500000000000000000e+02 3.391592610217922710e-05
2.510000000000000000e+02 3.412962265484894338e-05
2.520000000000000000e+02 3.406481227995827263e-05
2.530000000000000000e+02 3.449923702145980115e-05
2.540000000000000000e+02 3.412100770287064327e-05
2.550000000000000000e+02 3.447454053754398065e-05
2.560000000000000000e+02 3.399868910029203505e-05
2.570000000000000000e+02 3.424324767316569218e-05
2.580000000000000000e+02 3.420468763988686491e-05
2.590000000000000000e+02 3.455299603186540836e-05
2.600000000000000000e+02 3.416319835835702047e-05
2.610000000000000000e+02 3.379366204859634432e-05
2.620000000000000000e+02 3.422016145662224959e-05
2.630000000000000000e+02 3.425998214292677222e-05
2.640000000000000000e+02 3.437432619249772910e-05
2.650000000000000000e+02 3.392831638294556277e-05
2.660000000000000000e+02 3.400690102992458714e-05
2.670000000000000000e+02 3.386549994164368840e-05
2.680000000000000000e+02 3.443756562798871057e-05
2.690000000000000000e+02 3.428391932033968592e-05
2.700000000000000000e+02 3.402610799221533820e-05
2.710000000000000000e+02 3.395721557679937938e-05
2.720000000000000000e+02 3.429612140507026709e-05
2.730000000000000000e+02 3.412693757549908853e-05
2.740000000000000000e+02 3.497565722577440297e-05
2.750000000000000000e+02 3.409048903954031609e-05
2.760000000000000000e+02 3.462462446437245678e-05
2.770000000000000000e+02 3.415811511340043402e-05
2.780000000000000000e+02 3.383525249633529959e-05
2.790000000000000000e+02 3.398628849582433973e-05
2.800000000000000000e+02 3.382204484381177187e-05
2.810000000000000000e+02 3.385821394708452242e-05
2.820000000000000000e+02 3.385544926539805019e-05
2.830000000000000000e+02 3.419307142589315691e-05
2.840000000000000000e+02 3.397174962508344657e-05
2.850000000000000000e+02 3.398452519012723255e-05
2.860000000000000000e+02 3.407737935643281532e-05
2.870000000000000000e+02 3.393767665132828163e-05
2.880000000000000000e+02 3.412575502894291390e-05
2.890000000000000000e+02 3.401079065027410100e-05
2.900000000000000000e+02 3.417713654042772210e-05
2.910000000000000000e+02 3.380374150290991710e-05
2.920000000000000000e+02 3.402629232498432377e-05
2.930000000000000000e+02 3.470309231076036378e-05
2.940000000000000000e+02 3.463939191982262308e-05
2.950000000000000000e+02 3.406463287014205245e-05
2.960000000000000000e+02 3.427137893955628566e-05
2.970000000000000000e+02 3.396923425778530884e-05
2.980000000000000000e+02 3.464325427441551533e-05
2.990000000000000000e+02 3.507055411221605322e-05
3.000000000000000000e+02 3.415312597386310550e-05
3.010000000000000000e+02 3.412237050243409461e-05
3.020000000000000000e+02 3.371260290414954293e-05
3.030000000000000000e+02 3.386502773232593868e-05
3.040000000000000000e+02 3.380609289244055352e-05
3.050000000000000000e+02 3.387444901403408520e-05
3.060000000000000000e+02 3.387257655227552327e-05
3.070000000000000000e+02 3.380924404441977842e-05
3.080000000000000000e+02 3.377708200062713267e-05
3.090000000000000000e+02 3.388569777523490925e-05
3.100000000000000000e+02 3.377642457512012767e-05
3.110000000000000000e+02 3.404309495463549612e-05
3.120000000000000000e+02 3.439893797692607463e-05
3.130000000000000000e+02 3.365554804740624655e-05
3.140000000000000000e+02 3.368152477377008437e-05
3.150000000000000000e+02 3.384411029414380963e-05
3.160000000000000000e+02 3.452416915688350456e-05
3.170000000000000000e+02 3.384754645777074004e-05
3.180000000000000000e+02 3.392233597340339307e-05
3.190000000000000000e+02 3.375760685637214269e-05
3.200000000000000000e+02 3.429032692277473210e-05
3.210000000000000000e+02 3.376023929186474043e-05
3.220000000000000000e+02 3.400456521744973638e-05
3.230000000000000000e+02 3.395715221103256956e-05
3.240000000000000000e+02 3.377327852650781668e-05
3.250000000000000000e+02 3.385091720030096213e-05
3.260000000000000000e+02 3.368059632245073152e-05
3.270000000000000000e+02 3.368500845700075203e-05
3.280000000000000000e+02 3.421371114282110938e-05
3.290000000000000000e+02 3.412302501751911482e-05
3.300000000000000000e+02 3.410328129394172094e-05
3.310000000000000000e+02 3.380122143435638962e-05
3.320000000000000000e+02 3.362118217183978307e-05
3.330000000000000000e+02 3.362368000714918839e-05
3.340000000000000000e+02 3.434541398162844133e-05
3.350000000000000000e+02 3.380349387267960398e-05
3.360000000000000000e+02 3.410961735558412227e-05
3.370000000000000000e+02 3.382738458955320378e-05
3.380000000000000000e+02 3.379753016869133277e-05
3.390000000000000000e+02 3.371872248316399819e-05
3.400000000000000000e+02 3.447903810242418994e-05
3.410000000000000000e+02 3.401599405295601655e-05
3.420000000000000000e+02 3.374694228057239484e-05
3.430000000000000000e+02 3.399954051408041108e-05
3.440000000000000000e+02 3.375968370633554498e-05
3.450000000000000000e+02 3.354050878342497796e-05
3.460000000000000000e+02 3.355457998796069130e-05
3.470000000000000000e+02 3.364246156852069626e-05
3.480000000000000000e+02 3.418666305439659270e-05
3.490000000000000000e+02 3.435034956831267949e-05
3.500000000000000000e+02 3.385173531653517788e-05
3.510000000000000000e+02 3.360356177068078541e-05
3.520000000000000000e+02 3.368298329686174721e-05
3.530000000000000000e+02 3.359050802038493705e-05
3.540000000000000000e+02 3.368458344656259976e-05
3.550000000000000000e+02 3.412582986713736619e-05
3.560000000000000000e+02 3.379750431248429188e-05
3.570000000000000000e+02 3.372091628960270741e-05
3.580000000000000000e+02 3.362675658461243078e-05
3.590000000000000000e+02 3.377267539597044143e-05
3.600000000000000000e+02 3.357596874639561180e-05
3.610000000000000000e+02 3.358698218934091310e-05
3.620000000000000000e+02 3.375765693337789687e-05
3.630000000000000000e+02 3.370208754138038473e-05
3.640000000000000000e+02 3.358512675591717519e-05
3.650000000000000000e+02 3.383451929781438006e-05
3.660000000000000000e+02 3.376671348716260248e-05
3.670000000000000000e+02 3.374516110531601434e-05
3.680000000000000000e+02 3.367031928465275432e-05
3.690000000000000000e+02 3.358972808304077696e-05
3.700000000000000000e+02 3.373364355387989524e-05
3.710000000000000000e+02 3.359913764883601568e-05
3.720000000000000000e+02 3.365772490934906662e-05
3.730000000000000000e+02 3.369758320625472584e-05
3.740000000000000000e+02 3.361081824869147815e-05
3.750000000000000000e+02 3.416435159795255534e-05
3.760000000000000000e+02 3.365618607543323040e-05
3.770000000000000000e+02 3.359513476451634527e-05
3.780000000000000000e+02 3.357517520147800286e-05
3.790000000000000000e+02 3.418720401757908582e-05
