0.000000000000000000e+00 2.028236260686365824e-04
1.000000000000000000e+00 7.898498594808428530e-05
2.000000000000000000e+00 7.295517919324529324e-05
3.000000000000000000e+00 6.843127780029734228e-05
4.000000000000000000e+00 8.052301712626512911e-05
5.000000000000000000e+00 7.575186322096764762e-05
6.000000000000000000e+00 5.531690771711839284e-05
7.000000000000000000e+00 4.680416216617511567e-05
8.000000000000000000e+00 3.879852515974604961e-05
9.000000000000000000e+00 3.195289824406343459e-05
1.000000000000000000e+01 2.996476466570444327e-05
1.100000000000000000e+01 3.273228184595095383e-05
1.200000000000000000e+01 4.217028542353874456e-05
1.300000000000000000e+01 2.736305348737962762e-05
1.400000000000000000e+01 2.915853512211689366e-05
1.500000000000000000e+01 6.035168628880172644e-05
1.600000000000000000e+01 3.992475457015067902e-05
1.700000000000000000e+01 3.136300820711100033e-05
1.800000000000000000e+01 3.338304125999467695e-05
1.900000000000000000e+01 4.289416704016783019e-05
2.000000000000000000e+01 3.096274919324448343e-05
2.100000000000000000e+01 3.110337004770754069e-05
2.200000000000000000e+01 3.409749176514222758e-05
2.300000000000000000e+01 2.483761321932187485e-05
2.400000000000000000e+01 3.395543584071509716e-05
2.500000000000000000e+01 3.086077537827020906e-05
2.600000000000000000e+01 1.896780756433015207e-05
2.700000000000000000e+01 2.552283840883311643e-05
2.800000000000000000e+01 2.244786788817946195e-05
2.900000000000000000e+01 1.865898811580962011e-05
3.000000000000000000e+01 1.902576923284333841e-05
3.100000000000000000e+01 2.594108307660270346e-05
3.200000000000000000e+01 2.693598390567556009e-05
3.300000000000000000e+01 2.963114098600425143e-05
3.400000000000000000e+01 3.403084061194609723e-05
3.500000000000000000e+01 2.794986894128871429e-05
3.600000000000000000e+01 2.916805635108132199e-05
3.700000000000000000e+01 2.515780768978276535e-05
3.800000000000000000e+01 2.804153855108497151e-05
3.900000000000000000e+01 1.928787137456688627e-05
4.000000000000000000e+01 2.150304723139505163e-05
4.100000000000000000e+01 2.457316895636508654e-05
4.200000000000000000e+01 2.066060596494402336e-05
4.300000000000000000e+01 2.038137487688123289e-05
4.400000000000000000e+01 1.406241944578938256e-05
4.500000000000000000e+01 1.328671562944463897e-05
4.600000000000000000e+01 2.180597301650273994e-05
4.700000000000000000e+01 2.913280322001387886e-05
4.800000000000000000e+01 2.052396101110331308e-05
4.900000000000000000e+01 1.725039771143340971e-05
5.000000000000000000e+01 1.330680331198380935e-05
5.100000000000000000e+01 1.937817079153438446e-05
5.200000000000000000e+01 1.860868153953262985e-05
5.300000000000000000e+01 2.267655578632881246e-05
5.400000000000000000e+01 1.928564382156374541e-05
5.500000000000000000e+01 2.226834293582243373e-05
5.600000000000000000e+01 1.847742805972344972e-05
5.700000000000000000e+01 1.251705872104361929e-05
5.800000000000000000e+01 1.329195534845478150e-05
5.900000000000000000e+01 1.344668962342283005e-05
6.000000000000000000e+01 2.025834238654161223e-05
6.100000000000000000e+01 1.476600363565244863e-05
6.200000000000000000e+01 1.431761957829118919e-05
6.300000000000000000e+01 1.943023250063020062e-05
6.400000000000000000e+01 1.679733409250884794e-05
6.500000000000000000e+01 1.217219905676715612e-05
6.600000000000000000e+01 1.144178334977468610e-05
6.700000000000000000e+01 1.640684064134959646e-05
6.800000000000000000e+01 1.199548515226555594e-05
6.900000000000000000e+01 2.364375065907047013e-05
7.000000000000000000e+01 1.615386905174409738e-05
7.100000000000000000e+01 1.343006634542409389e-05
7.200000000000000000e+01 1.278218834053439207e-05
7.300000000000000000e+01 1.321249622335617278e-05
7.400000000000000000e+01 1.718358306180695004e-05
7.500000000000000000e+01 1.957559720805629748e-05
7.600000000000000000e+01 1.891060667971703629e-05
7.700000000000000000e+01 1.087690530345762846e-05
7.800000000000000000e+01 9.823154719412368664e-06
7.900000000000000000e+01 9.295724126781982781e-06
8.000000000000000000e+01 8.582130044724427994e-06
8.100000000000000000e+01 8.779680359030517318e-06
8.200000000000000000e+01 1.317436963284367740e-05
8.300000000000000000e+01 1.123397234967818360e-05
8.400000000000000000e+01 8.079537044294899195e-06
8.500000000000000000e+01 1.461442516279216872e-05
8.600000000000000000e+01 1.039960419628270646e-05
8.700000000000000000e+01 1.530116048557357582e-05
8.800000000000000000e+01 1.605368036999885552e-05
8.900000000000000000e+01 1.265736726573887053e-05
9.000000000000000000e+01 9.185086921603841995e-06
9.100000000000000000e+01 1.053369229806058261e-05
9.200000000000000000e+01 1.074482032149553497e-05
9.300000000000000000e+01 1.564139845357694471e-05
9.400000000000000000e+01 1.813981864074110323e-05
9.500000000000000000e+01 1.355746566149407946e-05
9.600000000000000000e+01 1.123109839289912041e-05
9.700000000000000000e+01 1.276915330766996727e-05
9.800000000000000000e+01 8.445219357402813153e-06
9.900000000000000000e+01 6.496224341907269533e-06
1.000000000000000000e+02 1.008198436484366072e-05
1.010000000000000000e+02 7.608859484559555149e-06
1.020000000000000000e+02 9.549844743539512363e-06
1.030000000000000000e+02 9.002342063168876336e-06
1.040000000000000000e+02 1.331727701196617755e-05
1.050000000000000000e+02 1.499562581087060616e-05
1.060000000000000000e+02 7.174043813809078093e-06
1.070000000000000000e+02 6.792123721365327553e-06
1.080000000000000000e+02 1.125631909510936343e-05
1.090000000000000000e+02 1.196701631343108401e-05
1.100000000000000000e+02 2.009681012619021745e-05
1.110000000000000000e+02 1.042073448056759482e-05
1.120000000000000000e+02 6.249213897570215950e-06
1.130000000000000000e+02 5.719177409232198752e-06
1.140000000000000000e+02 8.140805822557354663e-06
1.150000000000000000e+02 1.067416684942846202e-05
1.160000000000000000e+02 7.702567859135804092e-06
1.170000000000000000e+02 9.491467380536988747e-06
1.180000000000000000e+02 1.075702604373636662e-05
1.190000000000000000e+02 7.205547111591338464e-06
1.200000000000000000e+02 6.067211457706881673e-06
1.210000000000000000e+02 8.160563895736021927e-06
1.220000000000000000e+02 1.029149211439006422e-05
1.230000000000000000e+02 8.636053575052636362e-06
1.240000000000000000e+02 7.527680320112650003e-06
1.250000000000000000e+02 1.091484718143100597e-05
1.260000000000000000e+02 1.374461009445522183e-05
1.270000000000000000e+02 1.046904018745837467e-05
1.280000000000000000e+02 7.715653389881585848e-06
1.290000000000000000e+02 7.685607895936894776e-06
1.300000000000000000e+02 1.048867386133184887e-05
1.310000000000000000e+02 6.919012705491791545e-06
1.320000000000000000e+02 6.591843837659418352e-06
1.330000000000000000e+02 5.055745466364315762e-06
1.340000000000000000e+02 7.371446952618371655e-06
1.350000000000000000e+02 6.998774999798142481e-06
1.360000000000000000e+02 4.970043542319969698e-06
1.370000000000000000e+02 7.370000079768068010e-06
1.380000000000000000e+02 7.443257352693480105e-06
1.390000000000000000e+02 7.612817930766126703e-06
1.400000000000000000e+02 4.905637434251718011e-06
1.410000000000000000e+02 4.344029278744453813e-06
1.420000000000000000e+02 5.051603775490027916e-06
1.430000000000000000e+02 4.811939960130766371e-06
1.440000000000000000e+02 6.980110925599772191e-06
1.450000000000000000e+02 8.394848768355767766e-06
1.460000000000000000e+02 5.554272406577249120e-06
1.470000000000000000e+02 7.053631505570829842e-06
1.480000000000000000e+02 8.832179759281713694e-06
1.490000000000000000e+02 4.926731683792703019e-06
1.500000000000000000e+02 5.729808042661785914e-06
1.510000000000000000e+02 8.084738517725092104e-06
1.520000000000000000e+02 6.374084650050813187e-06
1.530000000000000000e+02 5.251119854378893746e-06
1.540000000000000000e+02 5.157659406373848260e-06
1.550000000000000000e+02 4.383967434718116336e-06
1.560000000000000000e+02 5.082975163990812642e-06
1.570000000000000000e+02 5.755685900373752336e-06
1.580000000000000000e+02 9.336629540955940744e-06
1.590000000000000000e+02 8.492775453887095092e-06
1.600000000000000000e+02 4.380770510382533224e-06
1.610000000000000000e+02 4.622580180995731384e-06
1.620000000000000000e+02 7.022904342675398663e-06
1.630000000000000000e+02 1.039895904306802317e-05
1.640000000000000000e+02 8.342495738337317064e-06
1.650000000000000000e+02 6.409600243456385312e-06
1.660000000000000000e+02 5.981912815437134079e-06
1.670000000000000000e+02 6.103335160915381025e-06
1.680000000000000000e+02 5.853196781491231039e-06
1.690000000000000000e+02 6.867811671660734198e-06
1.700000000000000000e+02 6.185210413936233204e-06
1.710000000000000000e+02 5.345480665725888981e-06
1.720000000000000000e+02 4.543035274194168126e-06
1.730000000000000000e+02 6.591821622326825984e-06
1.740000000000000000e+02 5.644932573985515469e-06
1.750000000000000000e+02 2.935414320098556677e-06
1.760000000000000000e+02 3.458910947816722762e-06
1.770000000000000000e+02 4.832156640578177411e-06
1.780000000000000000e+02 5.317628115157806628e-06
1.790000000000000000e+02 4.015263165625430933e-06
1.800000000000000000e+02 4.214740105364466171e-06
1.810000000000000000e+02 5.823745906006722171e-06
1.820000000000000000e+02 3.946978927673087077e-06
1.830000000000000000e+02 3.448157967853122232e-06
1.840000000000000000e+02 4.643314831355012883e-06
1.850000000000000000e+02 4.816107630545025339e-06
1.860000000000000000e+02 5.563163346750219803e-06
1.870000000000000000e+02 5.478973592403548836e-06
1.880000000000000000e+02 4.580894705203172930e-06
1.890000000000000000e+02 5.011042651753596523e-06
1.900000000000000000e+02 4.209407105864877104e-06
1.910000000000000000e+02 5.945448161251080442e-06
1.920000000000000000e+02 4.337470759731152800e-06
1.930000000000000000e+02 3.185835168410211432e-06
1.940000000000000000e+02 5.539435829824444393e-06
1.950000000000000000e+02 5.377370060240905264e-06
1.960000000000000000e+02 4.412157960506978702e-06
1.970000000000000000e+02 3.195286643224305408e-06
1.980000000000000000e+02 3.106569908893805830e-06
1.990000000000000000e+02 3.402201790174095069e-06
2.000000000000000000e+02 2.943006061665304032e-06
2.010000000000000000e+02 4.141915771887092344e-06
2.020000000000000000e+02 3.141888949825867689e-06
2.030000000000000000e+02 3.073563794674761957e-06
2.040000000000000000e+02 5.383035967634657741e-06
2.050000000000000000e+02 4.309106815534021038e-06
2.060000000000000000e+02 5.899470861918109261e-06
2.070000000000000000e+02 6.349837181615060956e-06
2.080000000000000000e+02 6.803688519914685614e-06
2.090000000000000000e+02 3.903664795890475447e-06
2.100000000000000000e+02 5.327204787618707703e-06
2.110000000000000000e+02 2.895923421470816304e-06
2.120000000000000000e+02 2.527319267723241666e-06
2.130000000000000000e+02 3.981306776769478946e-06
2.140000000000000000e+02 3.092297203805871951e-06
2.150000000000000000e+02 2.819722340881192110e-06
2.160000000000000000e+02 3.115364241840780200e-06
2.170000000000000000e+02 4.248451954656306595e-06
2.180000000000000000e+02 3.150057456182821859e-06
2.190000000000000000e+02 4.254766470137101635e-06
2.200000000000000000e+02 5.062278240497575588e-06
2.210000000000000000e+02 3.438574314198970783e-06
2.220000000000000000e+02 3.558964211254843437e-06
2.230000000000000000e+02 4.735169161684227540e-06
2.240000000000000000e+02 3.935546061878124097e-06
2.250000000000000000e+02 2.975789204265828762e-06
2.260000000000000000e+02 4.784729044346954030e-06
2.270000000000000000e+02 4.013659505997969308e-06
2.280000000000000000e+02 2.467851927356632967e-06
2.290000000000000000e+02 3.049742515519653398e-06
2.300000000000000000e+02 3.618061189990469783e-06
2.310000000000000000e+02 4.686349077768059373e-06
2.320000000000000000e+02 3.936367649250412563e-06
2.330000000000000000e+02 2.573448735168243688e-06
2.340000000000000000e+02 2.299105854366562395e-06
2.350000000000000000e+02 3.760923169846114278e-06
2.360000000000000000e+02 3.012081367727695526e-06
2.370000000000000000e+02 3.610434614684938978e-06
2.380000000000000000e+02 3.792635583096929286e-06
2.390000000000000000e+02 3.602537101352458492e-06
2.400000000000000000e+02 4.072046560229994492e-06
2.410000000000000000e+02 3.364419244154219140e-06
2.420000000000000000e+02 3.247882450080011933e-06
2.430000000000000000e+02 2.682362551912773433e-06
2.440000000000000000e+02 3.484532055934874259e-06
2.450000000000000000e+02 2.841136341698361940e-06
2.460000000000000000e+02 2.503976271382764956e-06
2.470000000000000000e+02 2.719340866684372725e-06
2.480000000000000000e+02 2.349570290039749491e-06
2.490000000000000000e+02 3.147113182252961384e-06
2.500000000000000000e+02 2.483040079418603683e-06
2.510000000000000000e+02 1.841786439778942434e-06
2.520000000000000000e+02 2.041827582426624215e-06
2.530000000000000000e+02 2.699700117490902248e-06
2.540000000000000000e+02 3.083030554465422626e-06
2.550000000000000000e+02 3.282336812097001815e-06
2.560000000000000000e+02 3.105620154891674563e-06
2.570000000000000000e+02 1.912390850755548466e-06
2.580000000000000000e+02 2.160601516217690966e-06
2.590000000000000000e+02 2.939326972308579579e-06
2.600000000000000000e+02 2.734012291677312751e-06
2.610000000000000000e+02 2.923501320779084140e-06
2.620000000000000000e+02 2.722008014178486785e-06
2.630000000000000000e+02 3.254863751604868205e-06
2.640000000000000000e+02 2.129690223391824652e-06
2.650000000000000000e+02 2.772539661348943175e-06
2.660000000000000000e+02 3.374757984248475756e-06
2.670000000000000000e+02 3.492482917537263883e-06
2.680000000000000000e+02 2.520534580415606797e-06
2.690000000000000000e+02 2.505071100792450718e-06
2.700000000000000000e+02 2.262175375172808965e-06
2.710000000000000000e+02 2.728339987194121837e-06
2.720000000000000000e+02 3.960558145126229863e-06
2.730000000000000000e+02 3.040783425127662349e-06
2.740000000000000000e+02 2.284088387651027180e-06
2.750000000000000000e+02 2.088008473016542011e-06
2.760000000000000000e+02 2.456721676461131920e-06
2.770000000000000000e+02 2.614990398653921353e-06
2.780000000000000000e+02 2.072025414351485526e-06
2.790000000000000000e+02 2.315727334224871963e-06
2.800000000000000000e+02 2.288338984213407975e-06
2.810000000000000000e+02 1.907905493680120763e-06
2.820000000000000000e+02 2.164804754401884624e-06
2.830000000000000000e+02 3.341074652975354660e-06
2.840000000000000000e+02 3.105647536132454805e-06
2.850000000000000000e+02 3.325849633657155621e-06
2.860000000000000000e+02 1.668300931781681251e-06
2.870000000000000000e+02 1.635607342120375888e-06
2.880000000000000000e+02 1.958983208494447727e-06
2.890000000000000000e+02 1.851572018725288601e-06
2.900000000000000000e+02 2.165857591760989954e-06
2.910000000000000000e+02 1.960150827620548535e-06
2.920000000000000000e+02 2.413971170575915824e-06
2.930000000000000000e+02 2.248404019670077822e-06
2.940000000000000000e+02 1.925349067724312507e-06
2.950000000000000000e+02 2.218106338417429594e-06
2.960000000000000000e+02 2.430439444500232663e-06
2.970000000000000000e+02 2.166804488131074035e-06
2.980000000000000000e+02 1.670367546703262379e-06
2.990000000000000000e+02 1.980387434785964065e-06
3.000000000000000000e+02 1.924567408051003773e-06
3.010000000000000000e+02 1.946728449236503988e-06
3.020000000000000000e+02 2.149717035611178741e-06
3.030000000000000000e+02 2.746069900662255601e-06
3.040000000000000000e+02 1.752631515188282541e-06
3.050000000000000000e+02 2.272671890105561225e-06
3.060000000000000000e+02 2.338157883139833828e-06
3.070000000000000000e+02 1.806476749115461417e-06
3.080000000000000000e+02 1.985216830388091782e-06
3.090000000000000000e+02 1.997912084380306534e-06
3.100000000000000000e+02 1.977075257822471976e-06
3.110000000000000000e+02 2.002926177932264266e-06
3.120000000000000000e+02 2.217045242998157722e-06
3.130000000000000000e+02 2.207968833073970745e-06
3.140000000000000000e+02 1.532408136837671126e-06
3.150000000000000000e+02 1.671824756662333223e-06
3.160000000000000000e+02 1.494597354136343915e-06
3.170000000000000000e+02 1.728109179582236651e-06
3.180000000000000000e+02 2.216956534841549462e-06
3.190000000000000000e+02 1.926425519757675018e-06
3.200000000000000000e+02 2.186297641572764898e-06
3.210000000000000000e+02 1.583839857785158286e-06
3.220000000000000000e+02 2.117640087491123785e-06
3.230000000000000000e+02 1.969973534903622066e-06
3.240000000000000000e+02 2.100751890246687375e-06
3.250000000000000000e+02 1.612761102035062900e-06
3.260000000000000000e+02 1.718788343924296459e-06
3.270000000000000000e+02 2.005138023507709903e-06
3.280000000000000000e+02 2.439949586810008516e-06
3.290000000000000000e+02 1.869057332480461909e-06
3.300000000000000000e+02 1.855050317033793560e-06
3.310000000000000000e+02 1.996567276274750763e-06
3.320000000000000000e+02 1.854949237141034382e-06
3.330000000000000000e+02 1.958564247230948811e-06
3.340000000000000000e+02 1.846895462795303908e-06
3.350000000000000000e+02 2.217598093350459375e-06
3.360000000000000000e+02 2.548773258458386529e-06
3.370000000000000000e+02 1.684616604491139583e-06
3.380000000000000000e+02 1.496970487622945309e-06
3.390000000000000000e+02 1.855855250188800015e-06
3.400000000000000000e+02 1.745702271021939160e-06
3.410000000000000000e+02 2.104119196306160978e-06
3.420000000000000000e+02 1.460557728839077416e-06
3.430000000000000000e+02 1.422474852586934940e-06
3.440000000000000000e+02 1.476311381126038340e-06
3.450000000000000000e+02 1.619676534260067632e-06
3.460000000000000000e+02 1.726114885222158506e-06
3.470000000000000000e+02 1.758856800960269394e-06
3.480000000000000000e+02 1.794950002323425419e-06
3.490000000000000000e+02 1.423269834860288211e-06
3.500000000000000000e+02 1.506014970974611303e-06
3.510000000000000000e+02 1.468073516718636132e-06
3.520000000000000000e+02 1.548927648286789506e-06
3.530000000000000000e+02 1.571639473858150523e-06
3.540000000000000000e+02 1.443434941241145230e-06
3.550000000000000000e+02 1.397537351974308785e-06
3.560000000000000000e+02 1.915383889632207831e-06
3.570000000000000000e+02 1.715773584378808005e-06
3.580000000000000000e+02 1.534483051261503333e-06
3.590000000000000000e+02 1.847074652934946519e-06
3.600000000000000000e+02 2.161686546028545110e-06
3.610000000000000000e+02 1.616720280312517673e-06
3.620000000000000000e+02 1.521709972186267352e-06
3.630000000000000000e+02 1.935577819470301757e-06
3.640000000000000000e+02 1.769103403115867426e-06
3.650000000000000000e+02 1.537237936838954844e-06
3.660000000000000000e+02 1.553785767829395170e-06
3.670000000000000000e+02 1.831877426377191444e-06
3.680000000000000000e+02 1.508994653583150479e-06
3.690000000000000000e+02 1.468746529750106466e-06
3.700000000000000000e+02 1.376243856975027572e-06
3.710000000000000000e+02 1.329948728253304474e-06
3.720000000000000000e+02 1.271336446753813662e-06
3.730000000000000000e+02 1.360045232745810043e-06
3.740000000000000000e+02 1.612314781137673924e-06
3.750000000000000000e+02 1.798106507694402038e-06
3.760000000000000000e+02 1.449822921974698921e-06
3.770000000000000000e+02 1.381889569861751011e-06
3.780000000000000000e+02 1.379129580701695223e-06
3.790000000000000000e+02 1.412395583254083401e-06
3.800000000000000000e+02 1.325476553440694538e-06
3.810000000000000000e+02 1.285762929719919273e-06
3.820000000000000000e+02 1.364896942916396870e-06
3.830000000000000000e+02 1.431665657734220894e-06
3.840000000000000000e+02 1.444641237327155343e-06
3.850000000000000000e+02 1.331245387240579652e-06
3.860000000000000000e+02 1.454526605806593750e-06
3.870000000000000000e+02 1.448906990673484322e-06
3.880000000000000000e+02 1.769712203418834797e-06
3.890000000000000000e+02 1.490856174474113393e-06
3.900000000000000000e+02 1.398961518128094492e-06
3.910000000000000000e+02 1.470637991629613364e-06
3.920000000000000000e+02 1.515506100901827545e-06
3.930000000000000000e+02 1.380344868513082228e-06
3.940000000000000000e+02 1.467464071332976629e-06
3.950000000000000000e+02 1.398489417015753834e-06
3.960000000000000000e+02 1.351934297396042463e-06
3.970000000000000000e+02 1.343098585809966102e-06
3.980000000000000000e+02 1.604786188869984947e-06
3.990000000000000000e+02 1.350204251364571949e-06
4.000000000000000000e+02 1.384483999191597285e-06
4.010000000000000000e+02 1.476171914807255139e-06
4.020000000000000000e+02 1.533419572437650553e-06
4.030000000000000000e+02 1.374567104336256658e-06
4.040000000000000000e+02 1.631606884496325476e-06
4.050000000000000000e+02 1.700939913046425385e-06
4.060000000000000000e+02 1.361143886999685158e-06
4.070000000000000000e+02 1.467301373762457046e-06
4.080000000000000000e+02 1.498208002001570318e-06
4.090000000000000000e+02 1.211799185050904874e-06
4.100000000000000000e+02 1.384330699609967381e-06
4.110000000000000000e+02 1.678352378882071882e-06
4.120000000000000000e+02 1.613306413277936229e-06
4.130000000000000000e+02 1.848398987410157691e-06
4.140000000000000000e+02 1.511597353314468065e-06
4.150000000000000000e+02 1.399593548113146033e-06
4.160000000000000000e+02 1.323392735559736010e-06
4.170000000000000000e+02 1.331872338972677935e-06
4.180000000000000000e+02 1.376441491494535651e-06
4.190000000000000000e+02 1.398241539183579598e-06
4.200000000000000000e+02 1.240453587864530857e-06
4.210000000000000000e+02 1.564272951685387749e-06
4.220000000000000000e+02 1.466839009914125609e-06
4.230000000000000000e+02 1.353335854744497348e-06
4.240000000000000000e+02 1.343779322480921493e-06
4.250000000000000000e+02 1.530964298058853880e-06
4.260000000000000000e+02 1.386628663577512454e-06
4.270000000000000000e+02 1.346151716031067367e-06
4.280000000000000000e+02 1.310530345666212222e-06
4.290000000000000000e+02 1.400776880392610344e-06
4.300000000000000000e+02 1.318654614884259067e-06
4.310000000000000000e+02 1.243383044337981748e-06
4.320000000000000000e+02 1.237876761933881056e-06
4.330000000000000000e+02 1.261115148653409879e-06
4.340000000000000000e+02 1.284758611263646273e-06
4.350000000000000000e+02 1.271887479868891112e-06
4.360000000000000000e+02 1.301902041400467513e-06
4.370000000000000000e+02 1.268087222527913075e-06
4.380000000000000000e+02 1.295741953035167086e-06
4.390000000000000000e+02 1.209994072008854193e-06
4.400000000000000000e+02 1.243089753675778344e-06
4.410000000000000000e+02 1.264817316514903782e-06
4.420000000000000000e+02 1.235808864937550761e-06
4.430000000000000000e+02 1.238014416742127107e-06
4.440000000000000000e+02 1.273498759470300446e-06
4.450000000000000000e+02 1.229920336630464773e-06
4.460000000000000000e+02 1.258214803518721595e-06
4.470000000000000000e+02 1.286207569635983356e-06
4.480000000000000000e+02 1.338195765008289430e-06
4.490000000000000000e+02 1.256888953863892332e-06
4.500000000000000000e+02 1.266181355836870740e-06
4.510000000000000000e+02 1.291611264535004051e-06
4.520000000000000000e+02 1.307554313133052525e-06
4.530000000000000000e+02 1.311208533672587543e-06
4.540000000000000000e+02 1.273221584949480408e-06
4.550000000000000000e+02 1.300763106279434793e-06
4.560000000000000000e+02 1.251823840392303629e-06
4.570000000000000000e+02 1.228113099713966740e-06
4.580000000000000000e+02 1.251234135346650595e-06
4.590000000000000000e+02 1.313143618776859245e-06
4.600000000000000000e+02 1.339262629699238083e-06
4.610000000000000000e+02 1.274712996538166803e-06
4.620000000000000000e+02 1.289328582503612766e-06
4.630000000000000000e+02 1.239314849135218340e-06
4.640000000000000000e+02 1.275747550533737515e-06
4.650000000000000000e+02 1.304645880248688406e-06
4.660000000000000000e+02 1.402322946509373552e-06
4.670000000000000000e+02 1.236759232385917196e-06
4.680000000000000000e+02 1.238236137096430643e-06
4.690000000000000000e+02 1.264278599114351872e-06
4.700000000000000000e+02 1.281275982899864118e-06
4.710000000000000000e+02 1.309133028241988468e-06
4.720000000000000000e+02 1.336864109157205077e-06
4.730000000000000000e+02 1.285518874837813713e-06
4.740000000000000000e+02 1.264898612100851553e-06
4.750000000000000000e+02 1.230817822887376908e-06
4.760000000000000000e+02 1.297662611141331559e-06
4.770000000000000000e+02 1.256499110610587415e-06
4.780000000000000000e+02 1.227149518534868615e-06
4.790000000000000000e+02 1.220976594150432891e-06
4.800000000000000000e+02 1.283552228898010154e-06
4.810000000000000000e+02 1.327487654190421157e-06
4.820000000000000000e+02 1.212886293311317645e-06
4.830000000000000000e+02 1.265424304666515887e-06
4.840000000000000000e+02 1.231602089317976855e-06
4.850000000000000000e+02 1.267266840717435758e-06
4.860000000000000000e+02 1.253415489755955840e-06
4.870000000000000000e+02 1.271278416156258584e-06
4.880000000000000000e+02 1.257623743535233005e-06
4.890000000000000000e+02 1.193219967917166825e-06
4.900000000000000000e+02 1.264552029124286500e-06
4.910000000000000000e+02 1.255983564827353208e-06
4.920000000000000000e+02 1.245951220385108282e-06
4.930000000000000000e+02 1.251333409256582956e-06
4.940000000000000000e+02 1.375299703389650476e-06
4.950000000000000000e+02 1.213992152424384528e-06
4.960000000000000000e+02 1.214456722582204183e-06
4.970000000000000000e+02 1.254343559042358993e-06
4.980000000000000000e+02 1.269419247374419177e-06
4.990000000000000000e+02 1.218751335936654383e-06
5.000000000000000000e+02 1.215733834601892274e-06
5.010000000000000000e+02 1.216653407734448295e-06
5.020000000000000000e+02 1.196290494096499412e-06
5.030000000000000000e+02 1.308914474500358313e-06
5.040000000000000000e+02 1.262619211565878899e-06
5.050000000000000000e+02 1.210162797893197844e-06
5.060000000000000000e+02 1.236927950506174317e-06
5.070000000000000000e+02 1.285521867232530908e-06
5.080000000000000000e+02 1.213249188417701176e-06
5.090000000000000000e+02 1.203259349409215603e-06
5.100000000000000000e+02 1.289500166914045184e-06
5.110000000000000000e+02 1.241388289132154783e-06
5.120000000000000000e+02 1.235700453229696631e-06
5.130000000000000000e+02 1.206291586726732213e-06
5.140000000000000000e+02 1.217558894041588011e-06
5.150000000000000000e+02 1.220889632798860818e-06
5.160000000000000000e+02 1.182302430300278069e-06
5.170000000000000000e+02 1.175378244710313852e-06
5.180000000000000000e+02 1.221549408179977507e-06
5.190000000000000000e+02 1.218806692301853330e-06
5.200000000000000000e+02 1.305903401570666441e-06
5.210000000000000000e+02 1.265349471454987743e-06
5.220000000000000000e+02 1.257910903364529641e-06
5.230000000000000000e+02 1.244985124732225440e-06
5.240000000000000000e+02 1.202983724785678115e-06
5.250000000000000000e+02 1.192952211679987699e-06
5.260000000000000000e+02 1.214232418324858970e-06
5.270000000000000000e+02 1.216218851118954325e-06
5.280000000000000000e+02 1.180945861661526396e-06
5.290000000000000000e+02 1.172103916532469671e-06
5.300000000000000000e+02 1.204295755939798312e-06
5.310000000000000000e+02 1.182062493766670566e-06
5.320000000000000000e+02 1.277893890606497553e-06
5.330000000000000000e+02 1.230807847596749660e-06
5.340000000000000000e+02 1.189991065125367999e-06
5.350000000000000000e+02 1.228466994203567735e-06
5.360000000000000000e+02 1.227235953922599040e-06
5.370000000000000000e+02 1.185504243040327616e-06
5.380000000000000000e+02 1.172673491780995177e-06
5.390000000000000000e+02 1.275653405150519430e-06
5.400000000000000000e+02 1.202762406080433346e-06
5.410000000000000000e+02 1.190810775507687315e-06
5.420000000000000000e+02 1.175282187913798697e-06
5.430000000000000000e+02 1.156778395584250465e-06
5.440000000000000000e+02 1.175016651184329322e-06
5.450000000000000000e+02 1.222425160151054285e-06
5.460000000000000000e+02 1.207279585490309917e-06
5.470000000000000000e+02 1.199355097511645980e-06
5.480000000000000000e+02 1.187027363814917348e-06
5.490000000000000000e+02 1.187097798361587236e-06
5.500000000000000000e+02 1.235089466955168508e-06
5.510000000000000000e+02 1.189329695775311943e-06
5.520000000000000000e+02 1.190888542910327958e-06
5.530000000000000000e+02 1.193070439564870265e-06
5.540000000000000000e+02 1.203789593300724292e-06
5.550000000000000000e+02 1.166416724295387983e-06
5.560000000000000000e+02 1.188532229151438746e-06
5.570000000000000000e+02 1.255701404144627182e-06
5.580000000000000000e+02 1.211134135842404532e-06
5.590000000000000000e+02 1.179909596109107795e-06
5.600000000000000000e+02 1.227201916762621925e-06
5.610000000000000000e+02 1.172881396926480283e-06
5.620000000000000000e+02 1.199144129620138839e-06
5.630000000000000000e+02 1.234249980520947297e-06
5.640000000000000000e+02 1.207227739236783820e-06
5.650000000000000000e+02 1.166183568190514919e-06
5.660000000000000000e+02 1.170595847270203229e-06
5.670000000000000000e+02 1.183032064646145104e-06
5.680000000000000000e+02 1.179761223202100328e-06
5.690000000000000000e+02 1.224584295133964389e-06
5.700000000000000000e+02 1.200028676285815381e-06
5.710000000000000000e+02 1.211239458368906491e-06
5.720000000000000000e+02 1.195103307511204110e-06
5.730000000000000000e+02 1.189148366694841753e-06
5.740000000000000000e+02 1.199844775587449575e-06
5.750000000000000000e+02 1.228290401947672712e-06
5.760000000000000000e+02 1.190897565825111163e-06
5.770000000000000000e+02 1.213316485946829386e-06
5.780000000000000000e+02 1.212653203526616710e-06
5.790000000000000000e+02 1.245135837984326643e-06
5.800000000000000000e+02 1.190216360256772642e-06
5.810000000000000000e+02 1.151212440941650028e-06
5.820000000000000000e+02 1.179906723251774038e-06
5.830000000000000000e+02 1.181675913752727503e-06
5.840000000000000000e+02 1.162855619658834470e-06
5.850000000000000000e+02 1.193529359011775847e-06
5.860000000000000000e+02 1.238197067946613434e-06
5.870000000000000000e+02 1.191565629138229102e-06
5.880000000000000000e+02 1.219700393985390266e-06
5.890000000000000000e+02 1.227356172192111662e-06
5.900000000000000000e+02 1.185268942584731724e-06
5.910000000000000000e+02 1.197236874965845076e-06
5.920000000000000000e+02 1.184868528286466810e-06
5.930000000000000000e+02 1.181104038313148549e-06
5.940000000000000000e+02 1.176022250100870058e-06
5.950000000000000000e+02 1.180926633874298027e-06
5.960000000000000000e+02 1.160999348671145441e-06
5.970000000000000000e+02 1.180727172484009526e-06
5.980000000000000000e+02 1.128612747982894549e-06
5.990000000000000000e+02 1.190486443395139311e-06
6.000000000000000000e+02 1.151353408281718577e-06
6.010000000000000000e+02 1.170849764261974555e-06
6.020000000000000000e+02 1.173356176184857018e-06
6.030000000000000000e+02 1.211299128772124914e-06
6.040000000000000000e+02 1.194542348568349839e-06
6.050000000000000000e+02 1.202233662727315251e-06
6.060000000000000000e+02 1.153052494013824279e-06
6.070000000000000000e+02 1.209402101347087117e-06
6.080000000000000000e+02 1.193779081000203223e-06
6.090000000000000000e+02 1.246888887679659981e-06
6.100000000000000000e+02 1.230389117287292103e-06
6.110000000000000000e+02 1.199889083011456374e-06
6.120000000000000000e+02 1.211675541665847391e-06
6.130000000000000000e+02 1.183964073558542657e-06
6.140000000000000000e+02 1.251895184045603970e-06
6.150000000000000000e+02 1.234926482602962896e-06
6.160000000000000000e+02 1.185901307527318165e-06
6.170000000000000000e+02 1.189434712136180158e-06
6.180000000000000000e+02 1.179446054345140379e-06
6.190000000000000000e+02 1.185521525057118784e-06
6.200000000000000000e+02 1.204012133469635831e-06
6.210000000000000000e+02 1.174179070790428711e-06
6.220000000000000000e+02 1.149110617274525085e-06
6.230000000000000000e+02 1.201395052237953256e-06
6.240000000000000000e+02 1.211185339735663588e-06
6.250000000000000000e+02 1.167524861832501163e-06
6.260000000000000000e+02 1.194082299481928062e-06
6.270000000000000000e+02 1.159316261477963193e-06
6.280000000000000000e+02 1.189340099736101777e-06
6.290000000000000000e+02 1.154949826520189674e-06
6.300000000000000000e+02 1.228059764905816495e-06
6.310000000000000000e+02 1.192511141629228045e-06
6.320000000000000000e+02 1.195495497680290384e-06
6.330000000000000000e+02 1.144808049769527218e-06
6.340000000000000000e+02 1.175180917649487827e-06
6.350000000000000000e+02 1.187452647543539694e-06
6.360000000000000000e+02 1.186299056245254517e-06
6.370000000000000000e+02 1.231805711936929265e-06
6.380000000000000000e+02 1.196940313622827078e-06
6.390000000000000000e+02 1.157510407221480363e-06
6.400000000000000000e+02 1.136361104275042795e-06
6.410000000000000000e+02 1.169258413587430679e-06
6.420000000000000000e+02 1.244004436982196820e-06
6.430000000000000000e+02 1.145833556004256836e-06
6.440000000000000000e+02 1.176302313442677726e-06
6.450000000000000000e+02 1.192023459720446471e-06
6.460000000000000000e+02 1.168798656158216787e-06
6.470000000000000000e+02 1.178692521495905512e-06
6.480000000000000000e+02 1.165200907993258878e-06
6.490000000000000000e+02 1.205352864619311994e-06
6.500000000000000000e+02 1.164483132494207132e-06
6.510000000000000000e+02 1.161408365466518821e-06
6.520000000000000000e+02 1.173671243892103845e-06
6.530000000000000000e+02 1.169171367450542928e-06
6.540000000000000000e+02 1.174053831441305894e-06
6.550000000000000000e+02 1.149172449435281605e-06
6.560000000000000000e+02 1.189821449867231730e-06
6.570000000000000000e+02 1.130743961980303147e-06
6.580000000000000000e+02 1.163937888260993926e-06
6.590000000000000000e+02 1.179135773185860762e-06
6.600000000000000000e+02 1.175152742669762165e-06
6.610000000000000000e+02 1.161077623436391399e-06
6.620000000000000000e+02 1.167870503829124037e-06
6.630000000000000000e+02 1.190547775109095573e-06
6.640000000000000000e+02 1.176447743118242141e-06
6.650000000000000000e+02 1.179167764856753953e-06
6.660000000000000000e+02 1.109413569288851690e-06
6.670000000000000000e+02 1.140215670781021544e-06
6.680000000000000000e+02 1.159066578549031658e-06
6.690000000000000000e+02 1.164718848428559092e-06
6.700000000000000000e+02 1.153799464992111304e-06
6.710000000000000000e+02 1.156664301180934781e-06
6.720000000000000000e+02 1.171547466764891237e-06
6.730000000000000000e+02 1.171708705092502842e-06
6.740000000000000000e+02 1.190860535786884919e-06
6.750000000000000000e+02 1.172871527246921725e-06
6.760000000000000000e+02 1.204981732836590424e-06
6.770000000000000000e+02 1.169138203929502767e-06
6.780000000000000000e+02 1.145371022084757498e-06
6.790000000000000000e+02 1.244971004287055018e-06
6.800000000000000000e+02 1.169255921239389778e-06
6.810000000000000000e+02 1.166104963725825970e-06
6.820000000000000000e+02 1.188876943926210057e-06
6.830000000000000000e+02 1.170795674309190590e-06
6.840000000000000000e+02 1.200123735531929675e-06
6.850000000000000000e+02 1.174092234168960737e-06
6.860000000000000000e+02 1.141113024874858605e-06
6.870000000000000000e+02 1.138488715938445401e-06
6.880000000000000000e+02 1.169947541325597974e-06
6.890000000000000000e+02 1.195349487750029740e-06
6.900000000000000000e+02 1.198560710199139393e-06
6.910000000000000000e+02 1.182733900193438465e-06
6.920000000000000000e+02 1.170696388474053948e-06
6.930000000000000000e+02 1.131404698231188089e-06
6.940000000000000000e+02 1.226483221026615303e-06
6.950000000000000000e+02 1.171784542619582141e-06
6.960000000000000000e+02 1.179913349262913052e-06
6.970000000000000000e+02 1.176195279542382074e-06
6.980000000000000000e+02 1.154646535817914347e-06
6.990000000000000000e+02 1.153401917257646363e-06
7.000000000000000000e+02 1.141859365110283380e-06
7.010000000000000000e+02 1.160541754829149327e-06
7.020000000000000000e+02 1.197200854414744681e-06
7.030000000000000000e+02 1.219008804732553967e-06
7.040000000000000000e+02 1.188427283541940890e-06
7.050000000000000000e+02 1.138686197799242511e-06
7.060000000000000000e+02 1.168980097102985929e-06
7.070000000000000000e+02 1.153430379059445855e-06
7.080000000000000000e+02 1.159522430255798573e-06
7.090000000000000000e+02 1.120969815445654979e-06
7.100000000000000000e+02 1.207412459092069579e-06
7.110000000000000000e+02 1.151800161989452199e-06
7.120000000000000000e+02 1.176785334831867305e-06
7.130000000000000000e+02 1.165741342026600176e-06
7.140000000000000000e+02 1.143032943075889567e-06
7.150000000000000000e+02 1.156285818567084809e-06
7.160000000000000000e+02 1.162959232409285102e-06
7.170000000000000000e+02 1.180212452013463806e-06
7.180000000000000000e+02 1.164267997105746209e-06
7.190000000000000000e+02 1.174932434570917876e-06
7.200000000000000000e+02 1.169633916697781496e-06
7.210000000000000000e+02 1.124326354887970969e-06
7.220000000000000000e+02 1.160618735463375981e-06
7.230000000000000000e+02 1.179137313798290439e-06
7.240000000000000000e+02 1.157728917554428930e-06
7.250000000000000000e+02 1.200151079332543712e-06
7.260000000000000000e+02 1.167870709566005857e-06
7.270000000000000000e+02 1.179614350424960310e-06
7.280000000000000000e+02 1.155296754979571852e-06
7.290000000000000000e+02 1.138964438483069647e-06
7.300000000000000000e+02 1.128219897026284197e-06
7.310000000000000000e+02 1.205268291656135001e-06
7.320000000000000000e+02 1.165940264488929944e-06
7.330000000000000000e+02 1.213531059443942056e-06
7.340000000000000000e+02 1.130911066628171448e-06
7.350000000000000000e+02 1.177819938208046414e-06
7.360000000000000000e+02 1.176447413038679563e-06
7.370000000000000000e+02 1.168521405155524724e-06
7.380000000000000000e+02 1.190146764914937316e-06
7.390000000000000000e+02 1.162649107644179186e-06
7.400000000000000000e+02 1.142225950991457310e-06
7.410000000000000000e+02 1.146770234857715932e-06
7.420000000000000000e+02 1.166552839840884019e-06
7.430000000000000000e+02 1.212209727067741926e-06
7.440000000000000000e+02 1.169632774813832303e-06
7.450000000000000000e+02 1.143196837110474253e-06
7.460000000000000000e+02 1.160914308708587947e-06
7.470000000000000000e+02 1.200654817086902932e-06
7.480000000000000000e+02 1.169959248574075098e-06
7.490000000000000000e+02 1.157647541436707867e-06
7.500000000000000000e+02 1.157314150559074565e-06
7.510000000000000000e+02 1.142030357270875354e-06
7.520000000000000000e+02 1.131008976509698905e-06
7.530000000000000000e+02 1.207338387229888853e-06
7.540000000000000000e+02 1.136209161041964668e-06
7.550000000000000000e+02 1.157736676493559324e-06
7.560000000000000000e+02 1.153596074309356555e-06
7.570000000000000000e+02 1.186925956593911705e-06
7.580000000000000000e+02 1.149541186822533442e-06
