0.000000000000000000e+00 2.754928445799479817e-04
1.000000000000000000e+00 9.208332699764043756e-05
2.000000000000000000e+00 4.780360826642543091e-05
3.000000000000000000e+00 3.666919464361416463e-05
4.000000000000000000e+00 3.532644218955553408e-05
5.000000000000000000e+00 3.018923655715628784e-05
6.000000000000000000e+00 4.812802877541400823e-05
7.000000000000000000e+00 3.775684858349857679e-05
8.000000000000000000e+00 2.996725956315578562e-05
9.000000000000000000e+00 2.708128376702595002e-05
1.000000000000000000e+01 2.375474446859083906e-05
1.100000000000000000e+01 3.520892535645891080e-05
1.200000000000000000e+01 2.652371341959037130e-05
1.300000000000000000e+01 1.426642902980643091e-05
1.400000000000000000e+01 1.371645681740879614e-05
1.500000000000000000e+01 1.906976141560934136e-05
1.600000000000000000e+01 2.573915311425414032e-05
1.700000000000000000e+01 1.799476247480699041e-05
1.800000000000000000e+01 1.511467567848376462e-05
1.900000000000000000e+01 1.132956516550311605e-05
2.000000000000000000e+01 1.346157208495825510e-05
2.100000000000000000e+01 1.504433419608248837e-05
2.200000000000000000e+01 2.731715065982914171e-05
2.300000000000000000e+01 1.868243822557881924e-05
2.400000000000000000e+01 1.971651302736339827e-05
2.500000000000000000e+01 1.844847661374330469e-05
2.600000000000000000e+01 1.806575814717287668e-05
2.700000000000000000e+01 1.652522500372301541e-05
2.800000000000000000e+01 1.176657429897617145e-05
2.900000000000000000e+01 1.426076080129653386e-05
3.000000000000000000e+01 2.270707015387889269e-05
3.100000000000000000e+01 1.779161747391039462e-05
3.200000000000000000e+01 2.543204454388194944e-05
3.300000000000000000e+01 1.306314469331215847e-05
3.400000000000000000e+01 1.135713966435647377e-05
3.500000000000000000e+01 1.764110665540526425e-05
3.600000000000000000e+01 2.760867902435212067e-05
3.700000000000000000e+01 1.594593355722989040e-05
3.800000000000000000e+01 1.893113506897489728e-05
3.900000000000000000e+01 2.643435518024087516e-05
4.000000000000000000e+01 1.277551577230682408e-05
4.100000000000000000e+01 1.986210234263374432e-05
4.200000000000000000e+01 2.037862787047164541e-05
4.300000000000000000e+01 1.896487470734008134e-05
4.400000000000000000e+01 1.341093117251054551e-05
4.500000000000000000e+01 1.358872830514420619e-05
4.600000000000000000e+01 1.248739662632499501e-05
4.700000000000000000e+01 1.395377887052450475e-05
4.800000000000000000e+01 1.395500710451755211e-05
4.900000000000000000e+01 1.283020966451348059e-05
5.000000000000000000e+01 1.351438595083264335e-05
5.100000000000000000e+01 1.132073576669601144e-05
5.200000000000000000e+01 1.810587000964930125e-05
5.300000000000000000e+01 1.482938026659829330e-05
5.400000000000000000e+01 1.078627248733814170e-05
5.500000000000000000e+01 9.072643136165251844e-06
5.600000000000000000e+01 1.039295467071315384e-05
5.700000000000000000e+01 1.071660574171307425e-05
5.800000000000000000e+01 7.430420217979173481e-06
5.900000000000000000e+01 8.951163664459173451e-06
6.000000000000000000e+01 9.223224213660578664e-06
6.100000000000000000e+01 9.696415748562285864e-06
6.200000000000000000e+01 1.548957265093079476e-05
6.300000000000000000e+01 1.299690133999192546e-05
6.400000000000000000e+01 1.318089583343634638e-05
6.500000000000000000e+01 2.918280054718316993e-05
6.600000000000000000e+01 2.636318383436626962e-05
6.700000000000000000e+01 1.734172129419871126e-05
6.800000000000000000e+01 1.428426502539534611e-05
6.900000000000000000e+01 1.210669086275394292e-05
7.000000000000000000e+01 1.636062106650275691e-05
7.100000000000000000e+01 2.436039818185672958e-05
7.200000000000000000e+01 1.788107504273776113e-05
7.300000000000000000e+01 1.337418786892090802e-05
7.400000000000000000e+01 1.608633960033150002e-05
7.500000000000000000e+01 1.197227806066544026e-05
7.600000000000000000e+01 1.443474899159389587e-05
7.700000000000000000e+01 1.382585264983557060e-05
7.800000000000000000e+01 1.123924838203939155e-05
7.900000000000000000e+01 9.009621211798286272e-06
8.000000000000000000e+01 9.120695611712209064e-06
8.100000000000000000e+01 1.014065173214081583e-05
8.200000000000000000e+01 1.179246371061524834e-05
8.300000000000000000e+01 1.261020575747493943e-05
8.400000000000000000e+01 9.073170166766546390e-06
8.500000000000000000e+01 1.033820274435550245e-05
8.600000000000000000e+01 1.478830296967218545e-05
8.700000000000000000e+01 1.106732554183806891e-05
8.800000000000000000e+01 1.033522666849946433e-05
8.900000000000000000e+01 1.383107704743240765e-05
9.000000000000000000e+01 2.348790329515970025e-05
9.100000000000000000e+01 9.201504089332808374e-06
9.200000000000000000e+01 6.950116259371203258e-06
9.300000000000000000e+01 9.952329616986092310e-06
9.400000000000000000e+01 1.440374677610673304e-05
9.500000000000000000e+01 7.502176632166627342e-06
9.600000000000000000e+01 9.385475758966384669e-06
9.700000000000000000e+01 1.455374319217573823e-05
9.800000000000000000e+01 9.182431181146630600e-06
9.900000000000000000e+01 7.807193232849331360e-06
1.000000000000000000e+02 9.473014677383476763e-06
1.010000000000000000e+02 7.294967065303171616e-06
1.020000000000000000e+02 8.481424895139668966e-06
1.030000000000000000e+02 1.271170700248671400e-05
1.040000000000000000e+02 1.063310795222134997e-05
1.050000000000000000e+02 1.582374384957830151e-05
1.060000000000000000e+02 1.448702439804503351e-05
1.070000000000000000e+02 1.011220506216579937e-05
1.080000000000000000e+02 7.648156378523262908e-06
1.090000000000000000e+02 7.340385293254669738e-06
