0.000000000000000000e+00 1.780213116668164786e-01
1.000000000000000000e+00 5.392688874853775183e-02
2.000000000000000000e+00 1.186968065449036693e-02
3.000000000000000000e+00 1.001164892804808949e-02
4.000000000000000000e+00 8.709785540122538111e-03
5.000000000000000000e+00 9.180895925965160131e-03
6.000000000000000000e+00 8.981945097912103632e-03
7.000000000000000000e+00 8.782855904428288341e-03
8.000000000000000000e+00 8.637720707338304021e-03
9.000000000000000000e+00 8.924936869880184878e-03
1.000000000000000000e+01 1.370184493716806139e-02
1.100000000000000000e+01 8.729822834720835784e-03
1.200000000000000000e+01 8.706289430847391486e-03
1.300000000000000000e+01 8.879069268004968762e-03
1.400000000000000000e+01 8.621469058562069784e-03
1.500000000000000000e+01 8.872743404936045408e-03
1.600000000000000000e+01 8.651177235879003308e-03
1.700000000000000000e+01 8.722148957895114671e-03
1.800000000000000000e+01 8.832553413230925105e-03
1.900000000000000000e+01 8.842900343006476413e-03
2.000000000000000000e+01 8.382680837530642054e-03
2.100000000000000000e+01 8.846447599353268743e-03
2.200000000000000000e+01 8.827418833971024253e-03
2.300000000000000000e+01 8.795708237448707570e-03
2.400000000000000000e+01 8.622214937349780700e-03
2.500000000000000000e+01 8.873357210541143666e-03
2.600000000000000000e+01 9.710809831740334352e-02
2.700000000000000000e+01 8.794915757607667944e-03
2.800000000000000000e+01 8.459443825995550253e-03
2.900000000000000000e+01 8.617391670122742306e-03
3.000000000000000000e+01 8.548704674467444420e-03
3.100000000000000000e+01 8.365988935111090541e-03
3.200000000000000000e+01 8.451233699452132334e-03
3.300000000000000000e+01 8.611532062059269049e-03
3.400000000000000000e+01 8.415283460635691881e-03
3.500000000000000000e+01 8.704474609112366687e-03
3.600000000000000000e+01 8.383651747135446169e-03
3.700000000000000000e+01 8.581529912771657803e-03
3.800000000000000000e+01 8.328445086954161178e-03
3.900000000000000000e+01 8.718043530825525869e-03
4.000000000000000000e+01 8.921028609620407224e-03
4.100000000000000000e+01 8.654976554680615664e-03
4.200000000000000000e+01 8.384262496838346471e-03
4.300000000000000000e+01 8.372029423480854132e-03
4.400000000000000000e+01 8.618484489852562200e-03
4.500000000000000000e+01 8.417604223359376539e-03
4.600000000000000000e+01 8.327202970394863984e-03
4.700000000000000000e+01 8.406833617482335069e-03
4.800000000000000000e+01 8.499536197632551193e-03
4.900000000000000000e+01 8.583117090165615776e-03
5.000000000000000000e+01 8.226485596969724048e-03
5.100000000000000000e+01 8.269862708402797580e-03
5.200000000000000000e+01 8.296464674640447595e-03
5.300000000000000000e+01 8.312671998282894492e-03
5.400000000000000000e+01 8.381005103001371720e-03
5.500000000000000000e+01 8.279277430847286484e-03
5.600000000000000000e+01 8.235409838380291364e-03
5.700000000000000000e+01 8.333886862965300332e-03
5.800000000000000000e+01 8.281657344195992448e-03
5.900000000000000000e+01 8.261489530559629549e-03
6.000000000000000000e+01 8.249335736036301353e-03
6.100000000000000000e+01 8.252582960994913480e-03
6.200000000000000000e+01 8.297262742416933179e-03
6.300000000000000000e+01 8.327302092220633875e-03
6.400000000000000000e+01 8.265405078418552876e-03
6.500000000000000000e+01 8.211396262049674641e-03
6.600000000000000000e+01 8.409023832064122309e-03
6.700000000000000000e+01 8.368202275596559395e-03
6.800000000000000000e+01 8.263007341884075901e-03
6.900000000000000000e+01 8.386313024675472877e-03
7.000000000000000000e+01 8.353901078226044080e-03
7.100000000000000000e+01 8.227054344024509538e-03
7.200000000000000000e+01 8.281305892160162677e-03
7.300000000000000000e+01 8.327429770724847566e-03
7.400000000000000000e+01 8.328144665574655284e-03
7.500000000000000000e+01 8.302912960061803460e-03
7.600000000000000000e+01 8.218601316912099719e-03
7.700000000000000000e+01 8.636434702202678074e-03
7.800000000000000000e+01 8.491591212805359862e-03
7.900000000000000000e+01 8.232283772667870619e-03
8.000000000000000000e+01 8.362095954362302672e-03
8.100000000000000000e+01 8.452964905882254937e-03
8.200000000000000000e+01 8.355300070252268813e-03
8.300000000000000000e+01 8.303955016890541066e-03
8.400000000000000000e+01 8.309677959186956980e-03
8.500000000000000000e+01 8.243826497346163490e-03
8.600000000000000000e+01 8.284539275337010622e-03
8.700000000000000000e+01 8.325773535761981509e-03
8.800000000000000000e+01 8.370641333749517451e-03
8.900000000000000000e+01 8.522049931343644857e-03
9.000000000000000000e+01 8.350975689245388259e-03
9.100000000000000000e+01 8.421133394585922013e-03
9.200000000000000000e+01 8.248201548121869217e-03
9.300000000000000000e+01 8.350051700836047877e-03
9.400000000000000000e+01 8.317043335409834981e-03
9.500000000000000000e+01 8.354814461199566722e-03
9.600000000000000000e+01 8.242826978676020405e-03
9.700000000000000000e+01 8.267438336042686950e-03
9.800000000000000000e+01 8.310540305683390000e-03
9.900000000000000000e+01 8.253265864914283503e-03
1.000000000000000000e+02 8.187417889712379077e-03
1.010000000000000000e+02 8.161478384863585234e-03
1.020000000000000000e+02 8.192645612871274699e-03
1.030000000000000000e+02 8.216223324416205634e-03
1.040000000000000000e+02 8.200680516893044114e-03
1.050000000000000000e+02 8.191786333918571125e-03
1.060000000000000000e+02 8.200495317578316429e-03
1.070000000000000000e+02 8.198387030279263160e-03
1.080000000000000000e+02 8.178273192606866013e-03
1.090000000000000000e+02 8.257516287267207752e-03
1.100000000000000000e+02 8.223074866691604257e-03
1.110000000000000000e+02 8.205716172233224262e-03
1.120000000000000000e+02 8.271892706397920500e-03
1.130000000000000000e+02 8.229035272961482406e-03
1.140000000000000000e+02 8.184078522026539196e-03
1.150000000000000000e+02 8.206812071148306825e-03
1.160000000000000000e+02 8.202187361894175757e-03
1.170000000000000000e+02 8.276956761255860676e-03
1.180000000000000000e+02 8.169391402043401848e-03
1.190000000000000000e+02 8.226979267783462654e-03
1.200000000000000000e+02 8.185832714661955140e-03
1.210000000000000000e+02 8.247623767238110651e-03
1.220000000000000000e+02 8.180626999819650552e-03
1.230000000000000000e+02 8.197251503588631749e-03
1.240000000000000000e+02 8.223365037702023636e-03
1.250000000000000000e+02 8.213597710710018179e-03
1.260000000000000000e+02 8.195784845156595111e-03
1.270000000000000000e+02 8.346789429197087884e-03
1.280000000000000000e+02 8.212343504419549953e-03
1.290000000000000000e+02 8.178462507203221321e-03
1.300000000000000000e+02 8.208407385973259460e-03
1.310000000000000000e+02 8.315614599268883467e-03
1.320000000000000000e+02 8.311722922371700406e-03
1.330000000000000000e+02 8.215484034735709429e-03
1.340000000000000000e+02 8.177645370597019098e-03
1.350000000000000000e+02 8.179599337745457541e-03
1.360000000000000000e+02 8.239869662793353547e-03
1.370000000000000000e+02 8.188422303646802902e-03
1.380000000000000000e+02 8.160961547400803068e-03
1.390000000000000000e+02 8.167921489803119800e-03
1.400000000000000000e+02 8.189817081438377153e-03
1.410000000000000000e+02 8.201113110408187259e-03
1.420000000000000000e+02 8.216324186651035449e-03
1.430000000000000000e+02 8.173356694169343212e-03
1.440000000000000000e+02 8.168649760773406127e-03
1.450000000000000000e+02 8.229185210075229753e-03
1.460000000000000000e+02 8.207588759250938198e-03
1.470000000000000000e+02 8.200184954330325821e-03
1.480000000000000000e+02 8.194325125077738664e-03
1.490000000000000000e+02 8.197512652259320021e-03
1.500000000000000000e+02 8.154216449474916209e-03
1.510000000000000000e+02 8.152664377121254802e-03
1.520000000000000000e+02 8.144631609320640217e-03
1.530000000000000000e+02 8.148243476171046495e-03
1.540000000000000000e+02 8.188521576812490821e-03
1.550000000000000000e+02 8.178866724483669151e-03
1.560000000000000000e+02 8.124809991568327644e-03
1.570000000000000000e+02 8.129158610245212913e-03
1.580000000000000000e+02 8.140283118700608264e-03
1.590000000000000000e+02 8.172755321720615723e-03
1.600000000000000000e+02 8.145868009887636402e-03
1.610000000000000000e+02 8.161819679662585605e-03
1.620000000000000000e+02 8.190477272728457700e-03
1.630000000000000000e+02 8.155345096020028342e-03
1.640000000000000000e+02 8.181417098967358470e-03
1.650000000000000000e+02 8.126385096693411816e-03
1.660000000000000000e+02 8.156352670630440463e-03
1.670000000000000000e+02 8.165197446942329407e-03
1.680000000000000000e+02 8.132989879231899283e-03
1.690000000000000000e+02 8.154118328820913336e-03
1.700000000000000000e+02 8.133226947393268347e-03
1.710000000000000000e+02 8.143243537051602504e-03
1.720000000000000000e+02 8.126406080555171121e-03
1.730000000000000000e+02 8.155213331338017485e-03
1.740000000000000000e+02 8.158382249530405500e-03
1.750000000000000000e+02 8.197495044441893697e-03
1.760000000000000000e+02 8.186225383542477391e-03
1.770000000000000000e+02 8.160959254018962730e-03
1.780000000000000000e+02 8.187289634952321996e-03
1.790000000000000000e+02 8.151760342298076251e-03
1.800000000000000000e+02 8.230614004423842181e-03
1.810000000000000000e+02 8.137052715755998394e-03
1.820000000000000000e+02 8.135170844616368760e-03
1.830000000000000000e+02 8.123154519125819206e-03
1.840000000000000000e+02 8.112010831246152867e-03
1.850000000000000000e+02 8.116001071175559661e-03
1.860000000000000000e+02 8.164096216205507517e-03
1.870000000000000000e+02 8.119602862279862165e-03
1.880000000000000000e+02 8.126738475402817477e-03
1.890000000000000000e+02 8.140253898454829704e-03
1.900000000000000000e+02 8.105975220678374518e-03
1.910000000000000000e+02 8.111579209798946283e-03
1.920000000000000000e+02 8.112680411431937716e-03
1.930000000000000000e+02 8.122518210439012148e-03
1.940000000000000000e+02 8.152080257423222412e-03
1.950000000000000000e+02 8.133170561632142165e-03
1.960000000000000000e+02 8.154294540872797370e-03
1.970000000000000000e+02 8.125074306735768220e-03
1.980000000000000000e+02 8.110247104195878604e-03
1.990000000000000000e+02 8.130093186628073801e-03
2.000000000000000000e+02 8.137950341915712454e-03
2.010000000000000000e+02 8.100405428558587681e-03
2.020000000000000000e+02 8.118933718651532433e-03
2.030000000000000000e+02 8.125628781272098422e-03
2.040000000000000000e+02 8.097575139254331242e-03
2.050000000000000000e+02 8.106711204163730145e-03
2.060000000000000000e+02 8.099136198870838035e-03
2.070000000000000000e+02 8.133476466173305414e-03
2.080000000000000000e+02 8.099318732274696925e-03
2.090000000000000000e+02 8.106679428601637136e-03
2.100000000000000000e+02 8.108565706061198960e-03
2.110000000000000000e+02 8.100005367305129420e-03
2.120000000000000000e+02 8.100327471038327315e-03
2.130000000000000000e+02 8.109734550816937587e-03
2.140000000000000000e+02 8.096318499883636138e-03
2.150000000000000000e+02 8.106701646465808847e-03
2.160000000000000000e+02 8.089779835427180626e-03
2.170000000000000000e+02 8.116960374172777284e-03
2.180000000000000000e+02 8.094886137405410756e-03
2.190000000000000000e+02 8.116475114366038940e-03
2.200000000000000000e+02 8.081697247689589858e-03
2.210000000000000000e+02 8.097614144207909009e-03
2.220000000000000000e+02 8.101505151716991565e-03
2.230000000000000000e+02 8.098828064976259372e-03
2.240000000000000000e+02 8.102407900150866010e-03
2.250000000000000000e+02 8.093085285509005189e-03
2.260000000000000000e+02 8.119826094480231057e-03
2.270000000000000000e+02 8.089221135014668454e-03
2.280000000000000000e+02 8.098421926843003132e-03
2.290000000000000000e+02 8.107513072900474072e-03
2.300000000000000000e+02 8.084359834901988853e-03
2.310000000000000000e+02 8.074558561202139356e-03
2.320000000000000000e+02 8.126136340433732369e-03
2.330000000000000000e+02 8.110053715063259352e-03
2.340000000000000000e+02 8.100202050991356026e-03
2.350000000000000000e+02 8.101053832797333251e-03
2.360000000000000000e+02 8.141020877519621751e-03
2.370000000000000000e+02 8.101285476004704139e-03
2.380000000000000000e+02 8.093223639298230757e-03
2.390000000000000000e+02 8.110392087837680827e-03
2.400000000000000000e+02 8.126459643244743000e-03
2.410000000000000000e+02 8.111221267608926394e-03
2.420000000000000000e+02 8.093478070804849267e-03
2.430000000000000000e+02 8.095301763387397626e-03
2.440000000000000000e+02 8.097145840292797186e-03
2.450000000000000000e+02 8.106166007928549896e-03
2.460000000000000000e+02 8.095483254874125817e-03
2.470000000000000000e+02 8.089556533377617598e-03
2.480000000000000000e+02 8.097130758687853119e-03
2.490000000000000000e+02 8.087713521672413447e-03
2.500000000000000000e+02 8.087737287860363375e-03
2.510000000000000000e+02 8.094077924033627261e-03
2.520000000000000000e+02 8.090927952434868314e-03
2.530000000000000000e+02 8.073912514373660781e-03
2.540000000000000000e+02 8.083613187773152839e-03
2.550000000000000000e+02 8.092038624454289675e-03
2.560000000000000000e+02 8.088003139710054148e-03
2.570000000000000000e+02 8.089630806352943182e-03
2.580000000000000000e+02 8.101592736784369100e-03
2.590000000000000000e+02 8.079575008014216325e-03
2.600000000000000000e+02 8.088297449285164128e-03
2.610000000000000000e+02 8.084699831670150161e-03
2.620000000000000000e+02 8.076697587966918945e-03
2.630000000000000000e+02 8.080984593834727309e-03
2.640000000000000000e+02 8.075393707258626819e-03
2.650000000000000000e+02 8.080331271048634550e-03
2.660000000000000000e+02 8.083216886734589240e-03
2.670000000000000000e+02 8.079490269301459540e-03
2.680000000000000000e+02 8.086291811196133494e-03
2.690000000000000000e+02 8.087336446624248526e-03
2.700000000000000000e+02 8.093570906203240503e-03
2.710000000000000000e+02 8.083559124497697451e-03
2.720000000000000000e+02 8.084245555801316749e-03
2.730000000000000000e+02 8.079025853658095696e-03
2.740000000000000000e+02 8.083106717094779015e-03
2.750000000000000000e+02 8.089082647347822091e-03
2.760000000000000000e+02 8.073830878129229643e-03
2.770000000000000000e+02 8.084002783289179900e-03
2.780000000000000000e+02 8.083256741520017732e-03
2.790000000000000000e+02 8.082161907805130580e-03
2.800000000000000000e+02 8.080328290816396475e-03
2.810000000000000000e+02 8.096871431916952133e-03
2.820000000000000000e+02 8.098766428884119489e-03
