0.000000000000000000e+00 3.582783073745129552e-04
1.000000000000000000e+00 3.891050526831285800e-04
2.000000000000000000e+00 3.891050584877536983e-04
3.000000000000000000e+00 3.891050591507360626e-04
4.000000000000000000e+00 3.891050538853337449e-04
5.000000000000000000e+00 3.891050597740411811e-04
6.000000000000000000e+00 3.891050580184622631e-04
7.000000000000000000e+00 3.891050571757823876e-04
8.000000000000000000e+00 3.891050583408405092e-04
9.000000000000000000e+00 3.891050588820427918e-04
1.000000000000000000e+01 3.891050573015699516e-04
1.100000000000000000e+01 3.891050573272135556e-04
1.200000000000000000e+01 3.891050598889689966e-04
1.300000000000000000e+01 3.891050586787408441e-04
1.400000000000000000e+01 3.891050591433114461e-04
1.500000000000000000e+01 3.891050594875045446e-04
1.600000000000000000e+01 3.891050571418297292e-04
1.700000000000000000e+01 3.891050518273079031e-04
1.800000000000000000e+01 3.891050623692675695e-04
1.900000000000000000e+01 3.891050551669008825e-04
2.000000000000000000e+01 3.891050598860234361e-04
2.100000000000000000e+01 3.891050624514013050e-04
2.200000000000000000e+01 3.891050569145043008e-04
2.300000000000000000e+01 3.891050570243806558e-04
2.400000000000000000e+01 3.891050518779190569e-04
2.500000000000000000e+01 3.891050507063605469e-04
2.600000000000000000e+01 3.891050608267341074e-04
2.700000000000000000e+01 3.891050592724812330e-04
2.800000000000000000e+01 3.891050571651593205e-04
2.900000000000000000e+01 3.891050565161049968e-04
3.000000000000000000e+01 3.891050592071019446e-04
3.100000000000000000e+01 3.891050524651191588e-04
3.200000000000000000e+01 3.891050590376871694e-04
3.300000000000000000e+01 3.891050599049362046e-04
3.400000000000000000e+01 3.891050523000847772e-04
3.500000000000000000e+01 3.891050578218353145e-04
3.600000000000000000e+01 3.891050598396483687e-04
3.700000000000000000e+01 3.891050559413708888e-04
3.800000000000000000e+01 3.891050570937913330e-04
3.900000000000000000e+01 3.891050558094319954e-04
4.000000000000000000e+01 3.891050597733843172e-04
4.100000000000000000e+01 3.891050566698171093e-04
4.200000000000000000e+01 3.891050549843118583e-04
4.300000000000000000e+01 3.891050594869494331e-04
4.400000000000000000e+01 3.891050558507292020e-04
4.500000000000000000e+01 3.891050547267306298e-04
4.600000000000000000e+01 3.891050560886979179e-04
4.700000000000000000e+01 3.891050587283041706e-04
4.800000000000000000e+01 3.891050546578544100e-04
4.900000000000000000e+01 3.891050620211276498e-04
5.000000000000000000e+01 3.891050639346320525e-04
5.100000000000000000e+01 3.891050641787737819e-04
