0.000000000000000000e+00 5.109952783584594677e-02
1.000000000000000000e+00 3.398795861464280581e-03
2.000000000000000000e+00 2.592545130313970905e-03
3.000000000000000000e+00 2.562783498030442742e-03
4.000000000000000000e+00 2.563262334236731787e-03
5.000000000000000000e+00 2.531432524705544331e-03
6.000000000000000000e+00 2.466125726699829220e-03
7.000000000000000000e+00 2.454078515370686827e-03
8.000000000000000000e+00 2.446700212283011919e-03
9.000000000000000000e+00 2.402758934558966303e-03
1.000000000000000000e+01 2.356464786407275191e-03
1.100000000000000000e+01 2.358393880037161060e-03
1.200000000000000000e+01 2.279572755862505073e-03
1.300000000000000000e+01 2.271500654709644653e-03
1.400000000000000000e+01 2.231122878881601056e-03
1.500000000000000000e+01 2.294292303232046103e-03
1.600000000000000000e+01 2.228257029484479942e-03
1.700000000000000000e+01 2.248287280400593658e-03
1.800000000000000000e+01 2.276370400037520687e-03
1.900000000000000000e+01 2.208362619082132952e-03
2.000000000000000000e+01 2.184877841900556648e-03
2.100000000000000000e+01 2.171207858965947066e-03
2.200000000000000000e+01 2.187344777278410826e-03
2.300000000000000000e+01 2.184982394560789232e-03
2.400000000000000000e+01 2.245254042821052606e-03
2.500000000000000000e+01 2.165990676635351064e-03
2.600000000000000000e+01 2.179685776050274172e-03
2.700000000000000000e+01 2.161276068442906893e-03
2.800000000000000000e+01 2.156033106339283641e-03
2.900000000000000000e+01 2.196481698598617017e-03
3.000000000000000000e+01 2.147261506471878460e-03
3.100000000000000000e+01 2.113001340474837762e-03
3.200000000000000000e+01 2.176881829897562865e-03
3.300000000000000000e+01 2.194862060057811270e-03
3.400000000000000000e+01 2.125168571105370222e-03
3.500000000000000000e+01 2.196217766174903344e-03
3.600000000000000000e+01 2.149684759286733977e-03
3.700000000000000000e+01 2.095650382530995278e-03
3.800000000000000000e+01 2.057298898696899390e-03
3.900000000000000000e+01 2.001250719412778906e-03
4.000000000000000000e+01 2.035064810361617710e-03
4.100000000000000000e+01 1.949100289589319373e-03
4.200000000000000000e+01 1.889484604199727445e-03
4.300000000000000000e+01 1.850360011443113496e-03
4.400000000000000000e+01 1.830212929309942699e-03
4.500000000000000000e+01 1.751014324334951430e-03
4.600000000000000000e+01 1.605769374431707808e-03
4.700000000000000000e+01 1.468130631324572480e-03
4.800000000000000000e+01 1.239009280999501562e-03
4.900000000000000000e+01 1.020219867046062712e-03
5.000000000000000000e+01 7.106776375036973461e-04
5.100000000000000000e+01 4.921060319130237315e-04
5.200000000000000000e+01 3.543124680335705233e-04
5.300000000000000000e+01 2.617193852097560126e-04
5.400000000000000000e+01 1.899141575663517692e-04
5.500000000000000000e+01 1.651720116153741595e-04
5.600000000000000000e+01 1.394237767045314303e-04
5.700000000000000000e+01 1.333777623680921652e-04
5.800000000000000000e+01 1.474106963246296566e-04
5.900000000000000000e+01 1.203156820474526845e-04
6.000000000000000000e+01 1.120721504856378605e-04
6.100000000000000000e+01 1.043006901939709871e-04
6.200000000000000000e+01 1.156715440253416730e-04
6.300000000000000000e+01 9.531671620714357975e-05
6.400000000000000000e+01 1.074693876390273739e-04
6.500000000000000000e+01 8.904329247963734613e-05
6.600000000000000000e+01 1.060505622090437402e-04
6.700000000000000000e+01 1.060314864302292956e-04
6.800000000000000000e+01 9.633812136374985855e-05
6.900000000000000000e+01 1.027702939433929215e-04
7.000000000000000000e+01 7.427253583684946981e-05
7.100000000000000000e+01 7.019406585739208933e-05
7.200000000000000000e+01 7.431263237809523122e-05
7.300000000000000000e+01 9.004497179427208150e-05
7.400000000000000000e+01 7.521604283306843790e-05
7.500000000000000000e+01 6.519163610079349146e-05
7.600000000000000000e+01 6.465626517549539825e-05
7.700000000000000000e+01 5.947378411506995706e-05
7.800000000000000000e+01 5.942936838628389668e-05
7.900000000000000000e+01 5.472270881709380094e-05
8.000000000000000000e+01 5.166396107047032093e-05
8.100000000000000000e+01 5.077304543019869589e-05
8.200000000000000000e+01 4.998735247705227342e-05
8.300000000000000000e+01 4.764518585915749352e-05
8.400000000000000000e+01 5.050875404133246425e-05
8.500000000000000000e+01 4.725451156114920015e-05
8.600000000000000000e+01 4.368468049245002470e-05
8.700000000000000000e+01 4.665928085645040281e-05
8.800000000000000000e+01 4.463853390935139723e-05
8.900000000000000000e+01 4.218445508143840890e-05
9.000000000000000000e+01 3.843663174372453526e-05
9.100000000000000000e+01 3.925185970579966692e-05
9.200000000000000000e+01 3.946199034077999137e-05
9.300000000000000000e+01 3.620820898467149682e-05
9.400000000000000000e+01 3.735167848376127526e-05
9.500000000000000000e+01 3.872809358514272014e-05
9.600000000000000000e+01 3.686469650039305720e-05
9.700000000000000000e+01 3.743439884139941560e-05
9.800000000000000000e+01 3.636073908553673351e-05
9.900000000000000000e+01 3.140402709444363834e-05
1.000000000000000000e+02 3.874985486842118709e-05
1.010000000000000000e+02 3.052922471975669038e-05
1.020000000000000000e+02 3.125549819415960982e-05
1.030000000000000000e+02 3.219874265293280166e-05
1.040000000000000000e+02 3.081320980802559905e-05
1.050000000000000000e+02 3.373175974075611199e-05
1.060000000000000000e+02 3.024715060989061760e-05
1.070000000000000000e+02 2.839535422241076378e-05
1.080000000000000000e+02 2.693372616210044961e-05
1.090000000000000000e+02 2.729883632407738609e-05
1.100000000000000000e+02 2.820747317029879638e-05
1.110000000000000000e+02 2.802723330947069235e-05
1.120000000000000000e+02 2.636805955225076392e-05
1.130000000000000000e+02 3.112205394949668939e-05
1.140000000000000000e+02 2.573712060275750455e-05
1.150000000000000000e+02 2.433093651556051797e-05
1.160000000000000000e+02 2.517048899944012027e-05
1.170000000000000000e+02 2.509324768414864106e-05
1.180000000000000000e+02 2.500952694278496969e-05
1.190000000000000000e+02 2.708628873985547203e-05
1.200000000000000000e+02 2.420318494431483559e-05
1.210000000000000000e+02 2.468069852926792408e-05
1.220000000000000000e+02 2.357588866009161999e-05
1.230000000000000000e+02 2.560416594720803620e-05
1.240000000000000000e+02 2.552707044359965144e-05
1.250000000000000000e+02 2.407964763159935407e-05
1.260000000000000000e+02 2.299283927258772615e-05
1.270000000000000000e+02 2.322803600094257184e-05
1.280000000000000000e+02 2.348655194808275037e-05
1.290000000000000000e+02 2.255798561068681323e-05
1.300000000000000000e+02 2.267849650711585286e-05
1.310000000000000000e+02 2.266775549222261292e-05
1.320000000000000000e+02 2.467044524084298999e-05
1.330000000000000000e+02 2.656556470080828085e-05
1.340000000000000000e+02 2.145393145007964996e-05
1.350000000000000000e+02 2.067011298659520495e-05
1.360000000000000000e+02 2.179143205285072270e-05
1.370000000000000000e+02 2.279014520060557454e-05
1.380000000000000000e+02 2.136269331169434046e-05
1.390000000000000000e+02 2.012418205730426269e-05
1.400000000000000000e+02 2.152733232539433785e-05
1.410000000000000000e+02 2.017588626879912220e-05
1.420000000000000000e+02 2.132173293294050638e-05
1.430000000000000000e+02 2.136527226330378000e-05
1.440000000000000000e+02 2.093055261633335070e-05
1.450000000000000000e+02 2.115340946385493821e-05
1.460000000000000000e+02 1.981344274603403352e-05
1.470000000000000000e+02 2.029872795519156329e-05
1.480000000000000000e+02 2.062826856779746324e-05
1.490000000000000000e+02 2.003930628490753742e-05
1.500000000000000000e+02 2.070723139704802083e-05
1.510000000000000000e+02 1.919780041162784214e-05
1.520000000000000000e+02 1.993424378526516746e-05
1.530000000000000000e+02 2.088081951324756316e-05
1.540000000000000000e+02 2.072708676449763523e-05
1.550000000000000000e+02 1.928042097447010174e-05
1.560000000000000000e+02 1.905724401466357497e-05
1.570000000000000000e+02 1.927840241636985378e-05
1.580000000000000000e+02 2.340456315626700945e-05
1.590000000000000000e+02 2.231351348261038581e-05
1.600000000000000000e+02 1.960296150392446614e-05
1.610000000000000000e+02 1.864819407749634779e-05
1.620000000000000000e+02 2.206548224561489402e-05
1.630000000000000000e+02 1.927048340439796564e-05
1.640000000000000000e+02 2.177988169476007519e-05
1.650000000000000000e+02 2.192555664059443504e-05
1.660000000000000000e+02 1.978547450823661864e-05
1.670000000000000000e+02 2.004249771245015071e-05
1.680000000000000000e+02 1.909700938715384546e-05
1.690000000000000000e+02 1.981131388590886278e-05
1.700000000000000000e+02 1.821747804299379266e-05
1.710000000000000000e+02 2.214058082646284500e-05
1.720000000000000000e+02 1.851066029988802315e-05
1.730000000000000000e+02 1.849850931037695179e-05
1.740000000000000000e+02 1.939021724347884747e-05
1.750000000000000000e+02 2.005378290628775551e-05
1.760000000000000000e+02 2.211317458213903856e-05
1.770000000000000000e+02 2.049510983320382754e-05
1.780000000000000000e+02 1.955885941592546724e-05
1.790000000000000000e+02 1.815389880003073357e-05
1.800000000000000000e+02 1.966973671164268348e-05
1.810000000000000000e+02 1.766290367604830301e-05
1.820000000000000000e+02 1.879105033973852879e-05
1.830000000000000000e+02 2.189040566102052422e-05
1.840000000000000000e+02 1.859367954043241483e-05
1.850000000000000000e+02 1.782527711624518283e-05
1.860000000000000000e+02 2.055128264981202689e-05
1.870000000000000000e+02 1.854006148492678470e-05
1.880000000000000000e+02 2.063255078899554686e-05
1.890000000000000000e+02 1.950126552046873557e-05
1.900000000000000000e+02 1.801222316825237121e-05
1.910000000000000000e+02 1.782932290090964581e-05
1.920000000000000000e+02 1.855050576611971333e-05
1.930000000000000000e+02 1.880756154274329235e-05
1.940000000000000000e+02 1.826149005538378175e-05
1.950000000000000000e+02 2.473938231093761236e-05
1.960000000000000000e+02 2.619827342912172671e-05
1.970000000000000000e+02 2.084674514256990694e-05
1.980000000000000000e+02 1.886301258435616336e-05
1.990000000000000000e+02 1.746546166638533347e-05
2.000000000000000000e+02 1.737259232845061690e-05
2.010000000000000000e+02 1.855355243270213604e-05
2.020000000000000000e+02 1.828038828590741548e-05
2.030000000000000000e+02 2.043281524227215452e-05
2.040000000000000000e+02 2.046055401651522757e-05
2.050000000000000000e+02 2.142639620563922787e-05
2.060000000000000000e+02 2.082784922841267799e-05
2.070000000000000000e+02 1.943038905469270675e-05
2.080000000000000000e+02 2.157241177673523377e-05
2.090000000000000000e+02 1.848714574216267999e-05
2.100000000000000000e+02 2.691034337457937867e-05
2.110000000000000000e+02 1.903417997826368455e-05
2.120000000000000000e+02 1.957471773792535664e-05
2.130000000000000000e+02 1.831371255983144756e-05
2.140000000000000000e+02 1.775863976814808079e-05
2.150000000000000000e+02 1.730399941786741399e-05
2.160000000000000000e+02 1.691689380468466239e-05
2.170000000000000000e+02 1.805319493779769324e-05
2.180000000000000000e+02 1.730535957866754249e-05
2.190000000000000000e+02 1.798849471677572178e-05
2.200000000000000000e+02 1.821995803560966167e-05
2.210000000000000000e+02 1.757248018223505609e-05
2.220000000000000000e+02 2.008882088538927697e-05
2.230000000000000000e+02 1.760537392244889028e-05
2.240000000000000000e+02 1.769040864056501509e-05
2.250000000000000000e+02 1.802709488532482245e-05
2.260000000000000000e+02 1.735640909427251392e-05
2.270000000000000000e+02 1.888635207731754486e-05
2.280000000000000000e+02 1.848877569994865399e-05
2.290000000000000000e+02 1.928121092705390314e-05
2.300000000000000000e+02 1.876240216482144148e-05
2.310000000000000000e+02 1.757860274460071442e-05
2.320000000000000000e+02 1.703280110198717823e-05
2.330000000000000000e+02 1.785645734232205347e-05
2.340000000000000000e+02 1.735572297221575074e-05
2.350000000000000000e+02 2.118764879802863014e-05
2.360000000000000000e+02 1.905876001677452033e-05
2.370000000000000000e+02 2.072213523280926384e-05
2.380000000000000000e+02 1.901884536999158215e-05
2.390000000000000000e+02 1.849244974362544393e-05
2.400000000000000000e+02 1.964112762839366336e-05
2.410000000000000000e+02 1.667455946787809874e-05
2.420000000000000000e+02 1.891084311482233915e-05
2.430000000000000000e+02 1.699540150375702553e-05
2.440000000000000000e+02 1.745746174874978328e-05
2.450000000000000000e+02 1.987813038226121288e-05
2.460000000000000000e+02 1.796663853411491302e-05
2.470000000000000000e+02 1.720823433536749835e-05
2.480000000000000000e+02 1.700802094852313243e-05
2.490000000000000000e+02 1.784407251920455667e-05
2.500000000000000000e+02 2.121601096139504185e-05
2.510000000000000000e+02 1.727253454140363666e-05
2.520000000000000000e+02 1.723289499298120237e-05
2.530000000000000000e+02 1.669407647867233280e-05
2.540000000000000000e+02 1.646648103801103753e-05
2.550000000000000000e+02 1.666815344912883450e-05
2.560000000000000000e+02 1.778823185043457229e-05
2.570000000000000000e+02 1.711371488487109158e-05
2.580000000000000000e+02 1.794337808417204057e-05
2.590000000000000000e+02 1.800545992759557918e-05
2.600000000000000000e+02 1.734015763474580559e-05
2.610000000000000000e+02 1.642603291055330913e-05
2.620000000000000000e+02 1.630902006171452637e-05
2.630000000000000000e+02 1.787566878379155458e-05
2.640000000000000000e+02 1.711309916124894163e-05
2.650000000000000000e+02 1.602633469379865185e-05
2.660000000000000000e+02 1.681982482282014805e-05
2.670000000000000000e+02 1.609210309405357235e-05
2.680000000000000000e+02 1.825588709937456293e-05
2.690000000000000000e+02 1.635997303021259665e-05
2.700000000000000000e+02 1.664590496474351700e-05
2.710000000000000000e+02 2.261931773943778610e-05
2.720000000000000000e+02 1.746933549069441070e-05
2.730000000000000000e+02 1.648011923027344221e-05
2.740000000000000000e+02 2.278031315654516152e-05
2.750000000000000000e+02 2.219064113421317629e-05
2.760000000000000000e+02 2.233115206353175291e-05
2.770000000000000000e+02 1.856064509886961539e-05
2.780000000000000000e+02 1.812413485290912432e-05
2.790000000000000000e+02 1.611687028064177441e-05
2.800000000000000000e+02 1.568465187954596989e-05
2.810000000000000000e+02 1.719010399224666451e-05
2.820000000000000000e+02 1.743461327770581614e-05
2.830000000000000000e+02 1.693703697468989847e-05
2.840000000000000000e+02 1.828921758211576038e-05
2.850000000000000000e+02 1.614597064848893824e-05
2.860000000000000000e+02 1.673435725462742396e-05
2.870000000000000000e+02 1.592443711482561668e-05
2.880000000000000000e+02 1.587824208232072802e-05
2.890000000000000000e+02 1.620517771404523296e-05
2.900000000000000000e+02 1.687845680862665136e-05
2.910000000000000000e+02 1.625924201634450022e-05
2.920000000000000000e+02 1.665012361720586253e-05
2.930000000000000000e+02 1.567897869226260259e-05
2.940000000000000000e+02 1.683476113547117340e-05
2.950000000000000000e+02 1.942620259255934976e-05
2.960000000000000000e+02 1.585481041230452220e-05
2.970000000000000000e+02 1.610236708074808107e-05
2.980000000000000000e+02 1.643054824895583704e-05
2.990000000000000000e+02 1.596644238974803646e-05
3.000000000000000000e+02 1.581434306139365239e-05
3.010000000000000000e+02 1.759362755677639040e-05
3.020000000000000000e+02 1.543311082208767825e-05
3.030000000000000000e+02 2.049371552390929967e-05
3.040000000000000000e+02 1.978289125821529226e-05
3.050000000000000000e+02 1.759685879238904863e-05
3.060000000000000000e+02 1.529880352795887999e-05
3.070000000000000000e+02 1.773226569191767781e-05
3.080000000000000000e+02 1.598075624459829118e-05
3.090000000000000000e+02 1.612498974188780206e-05
3.100000000000000000e+02 1.569761782406996548e-05
3.110000000000000000e+02 1.539240068254562553e-05
3.120000000000000000e+02 1.657462506913221748e-05
3.130000000000000000e+02 1.635624246241954417e-05
3.140000000000000000e+02 1.564701125980951928e-05
3.150000000000000000e+02 1.515451302895179203e-05
3.160000000000000000e+02 1.551835119533233299e-05
3.170000000000000000e+02 1.597153314222127851e-05
3.180000000000000000e+02 1.548766430753927811e-05
3.190000000000000000e+02 1.724370497350509327e-05
3.200000000000000000e+02 1.669238918484785731e-05
3.210000000000000000e+02 1.523039714457133021e-05
3.220000000000000000e+02 1.658148569269822086e-05
3.230000000000000000e+02 1.500693608361941145e-05
3.240000000000000000e+02 1.514489889049377154e-05
3.250000000000000000e+02 1.565310158408605339e-05
3.260000000000000000e+02 1.564624972450427489e-05
3.270000000000000000e+02 1.813318150547834536e-05
3.280000000000000000e+02 1.561448114136090745e-05
3.290000000000000000e+02 1.502072648742260176e-05
3.300000000000000000e+02 1.478857024071308294e-05
3.310000000000000000e+02 1.572231069589272588e-05
3.320000000000000000e+02 1.469976113488276937e-05
3.330000000000000000e+02 1.429679469229319101e-05
3.340000000000000000e+02 1.423587127087207940e-05
3.350000000000000000e+02 1.464004372843564919e-05
3.360000000000000000e+02 1.475323681743481217e-05
3.370000000000000000e+02 1.513321989048749897e-05
3.380000000000000000e+02 1.691462825506161605e-05
3.390000000000000000e+02 1.498869878168289562e-05
3.400000000000000000e+02 1.635893730398936210e-05
3.410000000000000000e+02 1.505451489430971638e-05
3.420000000000000000e+02 1.672522718898761026e-05
3.430000000000000000e+02 1.930610546603416829e-05
3.440000000000000000e+02 1.729670071449035306e-05
3.450000000000000000e+02 1.437927111505697996e-05
3.460000000000000000e+02 1.443425503869851480e-05
3.470000000000000000e+02 1.441614714283973749e-05
3.480000000000000000e+02 1.417637465951534416e-05
3.490000000000000000e+02 1.427148144023540663e-05
3.500000000000000000e+02 1.438431823864961324e-05
3.510000000000000000e+02 1.428081002086400839e-05
3.520000000000000000e+02 1.507841869711111620e-05
3.530000000000000000e+02 1.489886483893944627e-05
3.540000000000000000e+02 1.466873099502080540e-05
3.550000000000000000e+02 1.531775560803138428e-05
3.560000000000000000e+02 1.390196781796522759e-05
3.570000000000000000e+02 1.423400294226713671e-05
3.580000000000000000e+02 1.428555771230887055e-05
3.590000000000000000e+02 1.460061112466530852e-05
3.600000000000000000e+02 1.437967347028927896e-05
3.610000000000000000e+02 1.529610032836596005e-05
3.620000000000000000e+02 1.409562703413076898e-05
3.630000000000000000e+02 1.456858755017702448e-05
3.640000000000000000e+02 1.512963145684737570e-05
3.650000000000000000e+02 1.404333114624023462e-05
3.660000000000000000e+02 1.417925428503598958e-05
3.670000000000000000e+02 1.412525211866849476e-05
3.680000000000000000e+02 1.422370301607327577e-05
3.690000000000000000e+02 1.390466163269220272e-05
3.700000000000000000e+02 1.483767240857466708e-05
3.710000000000000000e+02 1.390453721754826096e-05
3.720000000000000000e+02 1.410003596295913131e-05
3.730000000000000000e+02 1.382766150606748448e-05
3.740000000000000000e+02 1.443503887798541713e-05
3.750000000000000000e+02 1.418514690624597799e-05
3.760000000000000000e+02 1.467905508784147388e-05
3.770000000000000000e+02 1.658741680857462946e-05
3.780000000000000000e+02 1.400173608309183345e-05
3.790000000000000000e+02 1.494604497192761913e-05
3.800000000000000000e+02 1.428116991733893323e-05
3.810000000000000000e+02 1.476586767687247486e-05
3.820000000000000000e+02 1.386435788411360648e-05
3.830000000000000000e+02 1.424943495732851491e-05
3.840000000000000000e+02 1.394326655337443694e-05
3.850000000000000000e+02 1.379588998567599403e-05
3.860000000000000000e+02 1.536472796056514994e-05
3.870000000000000000e+02 1.480293398102124411e-05
3.880000000000000000e+02 1.388486701613053247e-05
3.890000000000000000e+02 1.444281909901362194e-05
3.900000000000000000e+02 1.441961388366344664e-05
3.910000000000000000e+02 1.498411729549750224e-05
3.920000000000000000e+02 1.393174150815376884e-05
3.930000000000000000e+02 1.566007081419229808e-05
3.940000000000000000e+02 1.605678796290587157e-05
3.950000000000000000e+02 1.547539943399337827e-05
3.960000000000000000e+02 1.397851517853828507e-05
3.970000000000000000e+02 1.391636377248244514e-05
3.980000000000000000e+02 1.395856376546315700e-05
3.990000000000000000e+02 1.413932638481641385e-05
4.000000000000000000e+02 1.413593527216177788e-05
4.010000000000000000e+02 1.537570808655940589e-05
4.020000000000000000e+02 1.404525685864381281e-05
4.030000000000000000e+02 1.412089479466279327e-05
4.040000000000000000e+02 1.439380552619695642e-05
4.050000000000000000e+02 1.375876314555987260e-05
4.060000000000000000e+02 1.397893577814102176e-05
4.070000000000000000e+02 1.427812332239670559e-05
4.080000000000000000e+02 1.524200202085268864e-05
4.090000000000000000e+02 1.517684514132829923e-05
4.100000000000000000e+02 1.391105191447795988e-05
4.110000000000000000e+02 1.437005531998016883e-05
4.120000000000000000e+02 1.424239179453788528e-05
4.130000000000000000e+02 1.428298922016834584e-05
4.140000000000000000e+02 1.419364610830178673e-05
4.150000000000000000e+02 1.420398538884444083e-05
4.160000000000000000e+02 1.428995802043340151e-05
4.170000000000000000e+02 1.492295545549728963e-05
4.180000000000000000e+02 1.377102990563099159e-05
4.190000000000000000e+02 1.394940912723541288e-05
4.200000000000000000e+02 1.427110657095908984e-05
4.210000000000000000e+02 1.487333427828091806e-05
4.220000000000000000e+02 1.426145649300171715e-05
4.230000000000000000e+02 1.400947248419890028e-05
4.240000000000000000e+02 1.461119309831888262e-05
4.250000000000000000e+02 1.423721001125298908e-05
4.260000000000000000e+02 1.379056231906780832e-05
4.270000000000000000e+02 1.415352578251025585e-05
4.280000000000000000e+02 1.373464430276399974e-05
4.290000000000000000e+02 1.393749884878977778e-05
4.300000000000000000e+02 1.394656450989154656e-05
4.310000000000000000e+02 1.395942879697451181e-05
4.320000000000000000e+02 1.385082774914992164e-05
4.330000000000000000e+02 1.390046676477560634e-05
4.340000000000000000e+02 1.373348435243734924e-05
4.350000000000000000e+02 1.405210389445225423e-05
4.360000000000000000e+02 1.455057868495201447e-05
4.370000000000000000e+02 1.405920451268171611e-05
4.380000000000000000e+02 1.431228485531531985e-05
4.390000000000000000e+02 1.435049353406215413e-05
4.400000000000000000e+02 1.404612234387642279e-05
4.410000000000000000e+02 1.374363431181663257e-05
4.420000000000000000e+02 1.399830728769302473e-05
4.430000000000000000e+02 1.414050281238861703e-05
4.440000000000000000e+02 1.405763002828909739e-05
4.450000000000000000e+02 1.519453105254050818e-05
4.460000000000000000e+02 1.482676048404895372e-05
4.470000000000000000e+02 1.418554147657675581e-05
4.480000000000000000e+02 1.374929890227623465e-05
4.490000000000000000e+02 1.377015090428101640e-05
4.500000000000000000e+02 1.381539414899471510e-05
4.510000000000000000e+02 1.365277641572249333e-05
4.520000000000000000e+02 1.370218532303204843e-05
4.530000000000000000e+02 1.396882116125944194e-05
4.540000000000000000e+02 1.370353031999025578e-05
4.550000000000000000e+02 1.397423448566442833e-05
4.560000000000000000e+02 1.518555241039930222e-05
4.570000000000000000e+02 1.419426073344090051e-05
4.580000000000000000e+02 1.446068762109065559e-05
4.590000000000000000e+02 1.389655926957344429e-05
4.600000000000000000e+02 1.397614061641387455e-05
4.610000000000000000e+02 1.394397887186362202e-05
4.620000000000000000e+02 1.409335133547966269e-05
4.630000000000000000e+02 1.406919972923321706e-05
4.640000000000000000e+02 1.386311256255094742e-05
4.650000000000000000e+02 1.421376403707724354e-05
4.660000000000000000e+02 1.356445809300893432e-05
4.670000000000000000e+02 1.451486127021220975e-05
4.680000000000000000e+02 1.362297638582113327e-05
4.690000000000000000e+02 1.408690464897797714e-05
4.700000000000000000e+02 1.409119785500642583e-05
4.710000000000000000e+02 1.394441931580121665e-05
4.720000000000000000e+02 1.389855705201625781e-05
4.730000000000000000e+02 1.375494221559701819e-05
4.740000000000000000e+02 1.389331470888394667e-05
4.750000000000000000e+02 1.425374351823941397e-05
4.760000000000000000e+02 1.388518144495976168e-05
4.770000000000000000e+02 1.395373254154737144e-05
4.780000000000000000e+02 1.428759016860754044e-05
4.790000000000000000e+02 1.404091909241217885e-05
4.800000000000000000e+02 1.363235917419959447e-05
4.810000000000000000e+02 1.359998582838437430e-05
4.820000000000000000e+02 1.373954274906561909e-05
4.830000000000000000e+02 1.391060031854953544e-05
4.840000000000000000e+02 1.391458661796955011e-05
4.850000000000000000e+02 1.366486971099407093e-05
4.860000000000000000e+02 1.397767980606892205e-05
4.870000000000000000e+02 1.386035135827767545e-05
4.880000000000000000e+02 1.396878615308266454e-05
4.890000000000000000e+02 1.401036416586392878e-05
4.900000000000000000e+02 1.365262236541662425e-05
4.910000000000000000e+02 1.358081961575991069e-05
4.920000000000000000e+02 1.396188202003637974e-05
4.930000000000000000e+02 1.431065107671878203e-05
4.940000000000000000e+02 1.374473257993276243e-05
4.950000000000000000e+02 1.424693901282854685e-05
4.960000000000000000e+02 1.435467708282745765e-05
4.970000000000000000e+02 1.366082851130228691e-05
4.980000000000000000e+02 1.390644220205453701e-05
4.990000000000000000e+02 1.363042075760089512e-05
5.000000000000000000e+02 1.385593562363050075e-05
5.010000000000000000e+02 1.389522661860936753e-05
5.020000000000000000e+02 1.426855988131883899e-05
5.030000000000000000e+02 1.415882049462734128e-05
5.040000000000000000e+02 1.453605394523877325e-05
5.050000000000000000e+02 1.439208962405339301e-05
5.060000000000000000e+02 1.466955982435208202e-05
5.070000000000000000e+02 1.363447707337446630e-05
5.080000000000000000e+02 1.356163809601313072e-05
5.090000000000000000e+02 1.375624069418662605e-05
5.100000000000000000e+02 1.372926450597170125e-05
5.110000000000000000e+02 1.385180539905260740e-05
5.120000000000000000e+02 1.431329292842210744e-05
5.130000000000000000e+02 1.368366332294849362e-05
5.140000000000000000e+02 1.361171175272036755e-05
5.150000000000000000e+02 1.428361380329498866e-05
5.160000000000000000e+02 1.418609016885360118e-05
5.170000000000000000e+02 1.435589539603545074e-05
