0.000000000000000000e+00 6.969883629728151897e-02
1.000000000000000000e+00 3.690205188389920204e-03
2.000000000000000000e+00 2.256582117382847398e-03
3.000000000000000000e+00 2.159373950299789402e-03
4.000000000000000000e+00 2.141797770746933696e-03
5.000000000000000000e+00 2.139537715854287689e-03
6.000000000000000000e+00 2.126541552688092796e-03
7.000000000000000000e+00 2.118008298833252197e-03
8.000000000000000000e+00 2.109674884629259787e-03
9.000000000000000000e+00 2.099276292435812725e-03
1.000000000000000000e+01 2.089468469004951336e-03
1.100000000000000000e+01 2.078134102508717371e-03
1.200000000000000000e+01 2.068633171276654161e-03
1.300000000000000000e+01 2.058864724091751929e-03
1.400000000000000000e+01 2.047313921578379839e-03
1.500000000000000000e+01 2.040368941523235113e-03
1.600000000000000000e+01 2.031371366435032622e-03
1.700000000000000000e+01 2.017897237814854448e-03
1.800000000000000000e+01 2.010172785196302249e-03
1.900000000000000000e+01 1.992502898000110198e-03
2.000000000000000000e+01 1.981880941243080538e-03
2.100000000000000000e+01 1.968223466718393815e-03
2.200000000000000000e+01 1.951198112639610871e-03
2.300000000000000000e+01 1.942507209629933205e-03
2.400000000000000000e+01 1.928704137957086995e-03
2.500000000000000000e+01 1.913504271244015863e-03
2.600000000000000000e+01 1.901100091601158702e-03
2.700000000000000000e+01 1.877912502957183307e-03
2.800000000000000000e+01 1.860462997099039412e-03
2.900000000000000000e+01 1.837080218272945775e-03
3.000000000000000000e+01 1.813366955706347677e-03
3.100000000000000000e+01 1.790036407368995582e-03
3.200000000000000000e+01 1.751301741939631723e-03
3.300000000000000000e+01 1.698415107873201902e-03
3.400000000000000000e+01 1.631852401110472786e-03
3.500000000000000000e+01 1.466064828751935780e-03
3.600000000000000000e+01 1.167167930751527704e-03
3.700000000000000000e+01 7.501020275723533585e-04
3.800000000000000000e+01 4.080877933185713823e-04
3.900000000000000000e+01 2.779605994000130240e-04
4.000000000000000000e+01 2.380449858759365515e-04
4.100000000000000000e+01 2.196203146892374925e-04
4.200000000000000000e+01 2.039062033009491910e-04
4.300000000000000000e+01 1.869964299431543038e-04
4.400000000000000000e+01 1.744617755394691199e-04
4.500000000000000000e+01 1.585073929621301806e-04
4.600000000000000000e+01 1.482141918046221262e-04
4.700000000000000000e+01 1.412773297038554541e-04
4.800000000000000000e+01 1.300483884800591691e-04
4.900000000000000000e+01 1.235781350607266288e-04
5.000000000000000000e+01 1.170382658712476522e-04
5.100000000000000000e+01 1.114289209748506266e-04
5.200000000000000000e+01 1.080109439123045240e-04
5.300000000000000000e+01 1.015419955441845340e-04
5.400000000000000000e+01 9.798314916880416722e-05
5.500000000000000000e+01 9.397760332884951115e-05
5.600000000000000000e+01 9.203591980631009291e-05
5.700000000000000000e+01 8.718640165261748508e-05
5.800000000000000000e+01 8.342277503829505941e-05
5.900000000000000000e+01 8.030996301654636915e-05
6.000000000000000000e+01 7.656796735754130691e-05
6.100000000000000000e+01 7.495031146581337868e-05
6.200000000000000000e+01 7.286931788997494635e-05
6.300000000000000000e+01 6.831390243062907919e-05
6.400000000000000000e+01 6.619067636658630238e-05
6.500000000000000000e+01 6.288589896653222835e-05
6.600000000000000000e+01 6.051794393972108912e-05
6.700000000000000000e+01 5.881463499102344979e-05
6.800000000000000000e+01 5.669206840422312104e-05
6.900000000000000000e+01 5.329011754222591154e-05
7.000000000000000000e+01 5.216253092581858806e-05
7.100000000000000000e+01 4.889524319912117947e-05
7.200000000000000000e+01 4.678489218413402385e-05
7.300000000000000000e+01 4.503297695285170439e-05
7.400000000000000000e+01 4.276674723706815073e-05
7.500000000000000000e+01 4.111696824180068483e-05
7.600000000000000000e+01 4.027043845461514987e-05
7.700000000000000000e+01 3.876277250989815161e-05
7.800000000000000000e+01 3.726642767339872152e-05
7.900000000000000000e+01 3.649869811276869254e-05
8.000000000000000000e+01 3.436025853252179627e-05
8.100000000000000000e+01 3.346188547736701801e-05
8.200000000000000000e+01 3.237048344212131989e-05
8.300000000000000000e+01 3.187833855064627309e-05
8.400000000000000000e+01 3.093403900073366501e-05
8.500000000000000000e+01 2.979976433826489148e-05
8.600000000000000000e+01 3.010137002143962440e-05
8.700000000000000000e+01 2.860390191419339182e-05
8.800000000000000000e+01 2.746801052536524592e-05
8.900000000000000000e+01 2.726428545691318852e-05
9.000000000000000000e+01 2.704411533678783352e-05
9.100000000000000000e+01 2.595758566361282713e-05
9.200000000000000000e+01 2.596735119990641703e-05
9.300000000000000000e+01 2.480824974624323118e-05
9.400000000000000000e+01 2.454100524750364520e-05
9.500000000000000000e+01 2.392509501728824943e-05
9.600000000000000000e+01 2.316290027551048814e-05
9.700000000000000000e+01 2.271723791349574778e-05
9.800000000000000000e+01 2.258461814850969013e-05
9.900000000000000000e+01 2.179016649550136926e-05
1.000000000000000000e+02 2.198374284326819327e-05
1.010000000000000000e+02 2.085363603536431488e-05
1.020000000000000000e+02 2.052354004628635970e-05
1.030000000000000000e+02 2.015085468303747326e-05
1.040000000000000000e+02 1.963366931709032096e-05
1.050000000000000000e+02 1.934441551407999800e-05
1.060000000000000000e+02 1.887484672722446701e-05
1.070000000000000000e+02 1.847814084057400382e-05
1.080000000000000000e+02 1.852206469385066906e-05
1.090000000000000000e+02 1.802991578052654873e-05
1.100000000000000000e+02 1.750373249415510205e-05
1.110000000000000000e+02 1.730897722696398953e-05
1.120000000000000000e+02 1.715010223874323858e-05
1.130000000000000000e+02 1.641694145974666551e-05
1.140000000000000000e+02 1.594742675418649489e-05
1.150000000000000000e+02 1.562237325907278661e-05
1.160000000000000000e+02 1.551922758244618297e-05
1.170000000000000000e+02 1.512600762190504042e-05
1.180000000000000000e+02 1.531861704464831876e-05
1.190000000000000000e+02 1.467593431329716438e-05
1.200000000000000000e+02 1.422588165656478038e-05
1.210000000000000000e+02 1.427702690238817680e-05
1.220000000000000000e+02 1.388897527729658639e-05
1.230000000000000000e+02 1.375480776653222850e-05
1.240000000000000000e+02 1.346284544520781242e-05
1.250000000000000000e+02 1.302724834268648357e-05
1.260000000000000000e+02 1.264909152613266793e-05
1.270000000000000000e+02 1.258581333419856838e-05
1.280000000000000000e+02 1.228411910538261495e-05
1.290000000000000000e+02 1.216134175678535645e-05
1.300000000000000000e+02 1.179060595391566985e-05
1.310000000000000000e+02 1.170427684122346176e-05
1.320000000000000000e+02 1.139171392788181206e-05
1.330000000000000000e+02 1.133590565371161380e-05
1.340000000000000000e+02 1.105251841871465796e-05
1.350000000000000000e+02 1.074731993989855967e-05
1.360000000000000000e+02 1.075320999504943090e-05
1.370000000000000000e+02 1.047251907321531085e-05
1.380000000000000000e+02 1.038199867650334736e-05
1.390000000000000000e+02 1.013704768072485506e-05
1.400000000000000000e+02 9.928107126839571947e-06
1.410000000000000000e+02 9.862415484522476665e-06
1.420000000000000000e+02 9.584278922268555460e-06
1.430000000000000000e+02 9.799221806257934908e-06
1.440000000000000000e+02 9.389845899111208679e-06
1.450000000000000000e+02 9.187894563794791789e-06
1.460000000000000000e+02 9.031359121410300101e-06
1.470000000000000000e+02 8.924551194237350334e-06
1.480000000000000000e+02 8.673632738651014507e-06
1.490000000000000000e+02 8.805903710849781520e-06
1.500000000000000000e+02 8.780742265882312671e-06
1.510000000000000000e+02 8.400304277507979227e-06
1.520000000000000000e+02 8.331370366175400031e-06
1.530000000000000000e+02 8.071041876635796659e-06
1.540000000000000000e+02 7.926152498541577489e-06
1.550000000000000000e+02 7.894517178357456189e-06
1.560000000000000000e+02 7.758229815957801086e-06
1.570000000000000000e+02 7.644048892153090940e-06
1.580000000000000000e+02 7.611638124990460098e-06
1.590000000000000000e+02 7.435031591772895436e-06
1.600000000000000000e+02 7.493953785895018336e-06
1.610000000000000000e+02 7.230076413160031118e-06
1.620000000000000000e+02 7.181077668122145158e-06
1.630000000000000000e+02 7.213132680290831712e-06
1.640000000000000000e+02 7.051611888956347093e-06
1.650000000000000000e+02 6.829112395372096217e-06
1.660000000000000000e+02 6.806769330789207823e-06
1.670000000000000000e+02 6.717167586462121463e-06
1.680000000000000000e+02 6.583692077510204490e-06
1.690000000000000000e+02 6.605337270526111628e-06
1.700000000000000000e+02 6.475912901951715432e-06
1.710000000000000000e+02 6.404408462541935523e-06
1.720000000000000000e+02 6.337297002225548151e-06
1.730000000000000000e+02 6.256308398041519757e-06
1.740000000000000000e+02 6.205291234643853331e-06
1.750000000000000000e+02 6.053338945178334586e-06
1.760000000000000000e+02 6.069633405919262231e-06
1.770000000000000000e+02 5.928675184795670842e-06
1.780000000000000000e+02 5.886323378389095353e-06
1.790000000000000000e+02 5.746292247449578703e-06
1.800000000000000000e+02 5.707721840771260798e-06
1.810000000000000000e+02 5.615376088307857650e-06
1.820000000000000000e+02 5.600050138766022861e-06
1.830000000000000000e+02 5.461054902308972415e-06
1.840000000000000000e+02 5.427067966693217843e-06
1.850000000000000000e+02 5.458075979232280674e-06
1.860000000000000000e+02 5.284232133992956969e-06
1.870000000000000000e+02 5.260978011614057457e-06
1.880000000000000000e+02 5.162702069218040172e-06
1.890000000000000000e+02 5.165018862371802271e-06
1.900000000000000000e+02 5.120685615673291208e-06
1.910000000000000000e+02 5.073680364444269354e-06
1.920000000000000000e+02 5.129007069778485598e-06
1.930000000000000000e+02 5.039817122233843426e-06
1.940000000000000000e+02 4.855009447600911604e-06
1.950000000000000000e+02 4.800753339758834040e-06
1.960000000000000000e+02 4.782210571310773899e-06
1.970000000000000000e+02 4.743762871752542928e-06
1.980000000000000000e+02 4.698953913930454079e-06
1.990000000000000000e+02 4.608336676332490975e-06
2.000000000000000000e+02 4.593057636164834487e-06
2.010000000000000000e+02 4.564230306653582368e-06
2.020000000000000000e+02 4.445732928037734967e-06
2.030000000000000000e+02 4.402854861763396351e-06
2.040000000000000000e+02 4.466452980680790488e-06
2.050000000000000000e+02 4.316358747598332474e-06
2.060000000000000000e+02 4.314260464563688650e-06
2.070000000000000000e+02 4.275774761808528554e-06
2.080000000000000000e+02 4.161559224124958953e-06
2.090000000000000000e+02 4.172413537589111776e-06
2.100000000000000000e+02 4.201417096779430710e-06
2.110000000000000000e+02 4.041740384901459628e-06
2.120000000000000000e+02 3.997851558659138291e-06
2.130000000000000000e+02 3.947381688558493036e-06
2.140000000000000000e+02 3.941002758687258914e-06
2.150000000000000000e+02 3.885398873482886428e-06
2.160000000000000000e+02 3.878626694023180825e-06
2.170000000000000000e+02 3.802809508606085967e-06
2.180000000000000000e+02 3.771890630346528316e-06
2.190000000000000000e+02 3.779946632314899931e-06
2.200000000000000000e+02 3.677118053389716119e-06
2.210000000000000000e+02 3.654778900545167604e-06
2.220000000000000000e+02 3.641652271962702054e-06
2.230000000000000000e+02 3.559825818785419398e-06
2.240000000000000000e+02 3.534134950031186177e-06
2.250000000000000000e+02 3.531362290015909800e-06
2.260000000000000000e+02 3.521420908158952404e-06
2.270000000000000000e+02 3.417786855931196239e-06
2.280000000000000000e+02 3.426090704191995537e-06
2.290000000000000000e+02 3.442432613878204922e-06
2.300000000000000000e+02 3.412071644188350866e-06
2.310000000000000000e+02 3.251761997043705670e-06
2.320000000000000000e+02 3.243584328246044080e-06
2.330000000000000000e+02 3.225133513372104710e-06
2.340000000000000000e+02 3.191157075580709986e-06
2.350000000000000000e+02 3.150039789881313784e-06
2.360000000000000000e+02 3.111379442963512835e-06
2.370000000000000000e+02 3.089594471376674691e-06
2.380000000000000000e+02 3.110462186514185802e-06
2.390000000000000000e+02 3.043771172811384732e-06
2.400000000000000000e+02 3.077791209757891807e-06
2.410000000000000000e+02 3.000917654581615829e-06
2.420000000000000000e+02 2.920914588764613929e-06
2.430000000000000000e+02 3.008324641512710719e-06
2.440000000000000000e+02 3.056489554385414276e-06
2.450000000000000000e+02 2.903253371421545593e-06
2.460000000000000000e+02 2.827214733192998772e-06
2.470000000000000000e+02 2.803946856647732965e-06
2.480000000000000000e+02 2.797129413870734354e-06
2.490000000000000000e+02 2.720743379200266089e-06
2.500000000000000000e+02 2.717793627448163770e-06
2.510000000000000000e+02 2.719827522612091294e-06
2.520000000000000000e+02 2.753902158413507088e-06
2.530000000000000000e+02 2.644744361176417211e-06
2.540000000000000000e+02 2.640901095273224287e-06
2.550000000000000000e+02 2.602173846810738474e-06
2.560000000000000000e+02 2.536535263104685963e-06
2.570000000000000000e+02 2.560433559284821557e-06
2.580000000000000000e+02 2.542461336184894739e-06
2.590000000000000000e+02 2.535748446829509853e-06
2.600000000000000000e+02 2.451240078775739709e-06
2.610000000000000000e+02 2.434165375327774430e-06
2.620000000000000000e+02 2.400740608179351257e-06
2.630000000000000000e+02 2.379607382144051866e-06
2.640000000000000000e+02 2.373279935833068718e-06
2.650000000000000000e+02 2.397720297230389333e-06
2.660000000000000000e+02 2.316292065859484832e-06
2.670000000000000000e+02 2.308984500976094866e-06
2.680000000000000000e+02 2.320374761548824917e-06
2.690000000000000000e+02 2.314809853003234299e-06
2.700000000000000000e+02 2.255705572780503749e-06
2.710000000000000000e+02 2.226898664392230504e-06
2.720000000000000000e+02 2.189743321599862694e-06
2.730000000000000000e+02 2.215667999229633048e-06
2.740000000000000000e+02 2.174213429162591981e-06
2.750000000000000000e+02 2.151301999530588002e-06
2.760000000000000000e+02 2.154862236773688919e-06
2.770000000000000000e+02 2.096024852958469312e-06
2.780000000000000000e+02 2.077460026893399171e-06
2.790000000000000000e+02 2.030711685986260840e-06
2.800000000000000000e+02 2.022777769328038568e-06
2.810000000000000000e+02 2.002331749855551295e-06
2.820000000000000000e+02 1.993327231507044758e-06
2.830000000000000000e+02 1.987863977181287644e-06
2.840000000000000000e+02 1.942785015619180466e-06
2.850000000000000000e+02 1.953189086214961505e-06
2.860000000000000000e+02 1.934339078417352548e-06
2.870000000000000000e+02 1.895272311845725680e-06
2.880000000000000000e+02 1.883126694853152416e-06
2.890000000000000000e+02 1.858297547436137429e-06
2.900000000000000000e+02 1.934594361307253424e-06
2.910000000000000000e+02 1.835997715453456281e-06
2.920000000000000000e+02 1.810056533527193538e-06
2.930000000000000000e+02 1.792610854548262599e-06
2.940000000000000000e+02 1.788059973550729010e-06
2.950000000000000000e+02 1.774431311299970451e-06
2.960000000000000000e+02 1.751959674698616213e-06
2.970000000000000000e+02 1.737451010668771735e-06
2.980000000000000000e+02 1.732156110018745201e-06
2.990000000000000000e+02 1.721673075078976950e-06
3.000000000000000000e+02 1.721455934722467837e-06
3.010000000000000000e+02 1.673619546399035443e-06
3.020000000000000000e+02 1.647217647839343837e-06
3.030000000000000000e+02 1.664966004540409001e-06
3.040000000000000000e+02 1.641284906346666179e-06
3.050000000000000000e+02 1.612123663714308561e-06
3.060000000000000000e+02 1.594252586349872765e-06
3.070000000000000000e+02 1.591492411600674079e-06
3.080000000000000000e+02 1.562209031522838382e-06
3.090000000000000000e+02 1.572464891067417676e-06
3.100000000000000000e+02 1.546378961934392693e-06
3.110000000000000000e+02 1.526838108273923571e-06
3.120000000000000000e+02 1.524060878094010187e-06
3.130000000000000000e+02 1.510325387946701667e-06
3.140000000000000000e+02 1.550918928636139633e-06
3.150000000000000000e+02 1.541643196227753798e-06
3.160000000000000000e+02 1.508494246937231925e-06
3.170000000000000000e+02 1.467075599319827361e-06
3.180000000000000000e+02 1.446795466689383945e-06
3.190000000000000000e+02 1.467497992047120073e-06
3.200000000000000000e+02 1.423608424064354044e-06
3.210000000000000000e+02 1.406522844750859626e-06
3.220000000000000000e+02 1.413066163378444412e-06
3.230000000000000000e+02 1.383240145748221459e-06
3.240000000000000000e+02 1.397025522835131888e-06
3.250000000000000000e+02 1.434557677007412908e-06
3.260000000000000000e+02 1.346121120817527268e-06
3.270000000000000000e+02 1.334909410277117586e-06
3.280000000000000000e+02 1.363544332204616939e-06
3.290000000000000000e+02 1.328054892913161969e-06
3.300000000000000000e+02 1.311699773136234023e-06
3.310000000000000000e+02 1.313912930884808213e-06
3.320000000000000000e+02 1.292256362289010173e-06
3.330000000000000000e+02 1.300067409164159530e-06
3.340000000000000000e+02 1.275835158356364740e-06
3.350000000000000000e+02 1.270568397287193069e-06
3.360000000000000000e+02 1.273223060123257850e-06
3.370000000000000000e+02 1.245576153026343554e-06
3.380000000000000000e+02 1.239338105029080534e-06
3.390000000000000000e+02 1.244826110132251894e-06
3.400000000000000000e+02 1.227028050046292432e-06
3.410000000000000000e+02 1.219325771576351829e-06
3.420000000000000000e+02 1.206704613635769726e-06
3.430000000000000000e+02 1.198151785337240168e-06
3.440000000000000000e+02 1.204568532766499875e-06
3.450000000000000000e+02 1.170421522626287462e-06
3.460000000000000000e+02 1.183836876616682484e-06
3.470000000000000000e+02 1.153160390964051524e-06
3.480000000000000000e+02 1.147511827135641149e-06
3.490000000000000000e+02 1.137567487314679971e-06
3.500000000000000000e+02 1.131023583792370046e-06
3.510000000000000000e+02 1.126570546055015244e-06
3.520000000000000000e+02 1.135011208495036903e-06
3.530000000000000000e+02 1.120688158150260628e-06
3.540000000000000000e+02 1.155742626160583095e-06
3.550000000000000000e+02 1.093132882922931990e-06
3.560000000000000000e+02 1.087384338507791911e-06
3.570000000000000000e+02 1.087590172280693697e-06
3.580000000000000000e+02 1.068610517385810968e-06
3.590000000000000000e+02 1.064177713522166860e-06
3.600000000000000000e+02 1.079450565575949296e-06
3.610000000000000000e+02 1.083435120664851406e-06
3.620000000000000000e+02 1.077046159405074729e-06
3.630000000000000000e+02 1.042469064299188961e-06
3.640000000000000000e+02 1.051920294449371698e-06
3.650000000000000000e+02 1.053939496556374754e-06
3.660000000000000000e+02 1.046539567404527600e-06
3.670000000000000000e+02 1.029011948136477283e-06
3.680000000000000000e+02 1.011505770758459709e-06
3.690000000000000000e+02 1.029761560946515880e-06
3.700000000000000000e+02 1.017502204769634412e-06
3.710000000000000000e+02 9.966614641005194074e-07
3.720000000000000000e+02 9.817497269310865926e-07
3.730000000000000000e+02 9.877595707542230978e-07
3.740000000000000000e+02 1.008542880670553495e-06
3.750000000000000000e+02 9.722779851440964687e-07
3.760000000000000000e+02 9.678130411873082622e-07
3.770000000000000000e+02 9.639408543616584668e-07
3.780000000000000000e+02 9.719125627187546796e-07
3.790000000000000000e+02 9.459017117208219470e-07
3.800000000000000000e+02 9.486698769167550987e-07
3.810000000000000000e+02 9.362453686596583158e-07
3.820000000000000000e+02 9.370582698047473904e-07
3.830000000000000000e+02 9.369807654323118377e-07
3.840000000000000000e+02 9.227872554881739015e-07
3.850000000000000000e+02 9.173312324997976056e-07
3.860000000000000000e+02 9.094880132241500825e-07
3.870000000000000000e+02 9.170490924496645506e-07
3.880000000000000000e+02 9.137778417375100227e-07
3.890000000000000000e+02 9.086550070299804449e-07
3.900000000000000000e+02 9.124936946152100285e-07
3.910000000000000000e+02 9.077271633410603258e-07
3.920000000000000000e+02 8.967757518021125197e-07
3.930000000000000000e+02 9.000044064712619811e-07
3.940000000000000000e+02 8.771214870565386579e-07
3.950000000000000000e+02 8.808247264593279807e-07
3.960000000000000000e+02 8.772869358894904623e-07
3.970000000000000000e+02 8.631612174214620767e-07
3.980000000000000000e+02 8.582613055368370208e-07
3.990000000000000000e+02 8.528171104259070467e-07
4.000000000000000000e+02 8.560695886927839625e-07
4.010000000000000000e+02 8.526947568341636993e-07
4.020000000000000000e+02 8.447086287086367610e-07
4.030000000000000000e+02 8.835043347802500526e-07
4.040000000000000000e+02 8.472123366569209328e-07
4.050000000000000000e+02 8.415210338686026106e-07
4.060000000000000000e+02 8.275801277934706472e-07
4.070000000000000000e+02 8.370623872401795099e-07
4.080000000000000000e+02 8.279821443061007418e-07
4.090000000000000000e+02 8.219373240014767961e-07
4.100000000000000000e+02 8.263263809324874668e-07
4.110000000000000000e+02 8.106356031024002444e-07
4.120000000000000000e+02 8.145944930125057367e-07
4.130000000000000000e+02 8.044428465078478907e-07
4.140000000000000000e+02 8.099624034938087367e-07
4.150000000000000000e+02 8.088463764790779997e-07
4.160000000000000000e+02 8.005111845562582027e-07
4.170000000000000000e+02 7.928442899613891631e-07
4.180000000000000000e+02 7.857948674495300965e-07
4.190000000000000000e+02 7.875080690344257735e-07
4.200000000000000000e+02 7.807305463036814806e-07
4.210000000000000000e+02 7.765674423740332952e-07
4.220000000000000000e+02 7.810157606010174290e-07
4.230000000000000000e+02 7.778507728654416615e-07
4.240000000000000000e+02 7.674887195544523197e-07
4.250000000000000000e+02 7.675549941592970109e-07
4.260000000000000000e+02 7.643583678646819397e-07
4.270000000000000000e+02 7.702476975299290794e-07
4.280000000000000000e+02 7.618731207658087022e-07
4.290000000000000000e+02 7.561316231420624531e-07
4.300000000000000000e+02 7.545258044521458099e-07
4.310000000000000000e+02 7.535223080365982767e-07
4.320000000000000000e+02 7.694297643032410436e-07
4.330000000000000000e+02 7.892136290399404552e-07
4.340000000000000000e+02 7.664564887556157661e-07
4.350000000000000000e+02 7.417980592071941968e-07
4.360000000000000000e+02 7.369910653535625462e-07
4.370000000000000000e+02 7.527488406664450346e-07
4.380000000000000000e+02 7.370365791633199354e-07
4.390000000000000000e+02 7.266780741476000911e-07
4.400000000000000000e+02 7.283588626326244964e-07
4.410000000000000000e+02 7.245247895829048205e-07
4.420000000000000000e+02 7.294884629820694102e-07
4.430000000000000000e+02 7.301377135015761854e-07
4.440000000000000000e+02 7.207525671394101216e-07
4.450000000000000000e+02 7.158152082741676190e-07
4.460000000000000000e+02 7.209587420125621417e-07
4.470000000000000000e+02 7.175975188611999073e-07
4.480000000000000000e+02 7.219266161002897728e-07
4.490000000000000000e+02 7.049584267854279121e-07
4.500000000000000000e+02 7.014060034848837313e-07
4.510000000000000000e+02 7.000519781228285128e-07
4.520000000000000000e+02 6.992866821819548447e-07
4.530000000000000000e+02 7.043228109048845817e-07
4.540000000000000000e+02 7.097956446920009744e-07
4.550000000000000000e+02 7.087896728651179583e-07
4.560000000000000000e+02 6.981783585744595398e-07
4.570000000000000000e+02 6.935680677097386593e-07
4.580000000000000000e+02 6.946254985572508474e-07
4.590000000000000000e+02 6.841580034089475750e-07
4.600000000000000000e+02 6.968686489297085890e-07
4.610000000000000000e+02 6.803012467408849394e-07
4.620000000000000000e+02 6.863511774852404358e-07
4.630000000000000000e+02 6.804916482663073406e-07
4.640000000000000000e+02 6.833919560261682707e-07
4.650000000000000000e+02 6.745057566490290232e-07
4.660000000000000000e+02 6.797255165750480731e-07
4.670000000000000000e+02 6.715676411605719200e-07
4.680000000000000000e+02 6.819888205149382107e-07
4.690000000000000000e+02 6.769209677794834095e-07
4.700000000000000000e+02 6.676374950961378495e-07
4.710000000000000000e+02 6.621740114397824155e-07
4.720000000000000000e+02 6.721542360400055850e-07
4.730000000000000000e+02 6.823671991281513655e-07
4.740000000000000000e+02 6.812897338701158314e-07
4.750000000000000000e+02 6.660098746339383959e-07
4.760000000000000000e+02 6.533802195035418091e-07
4.770000000000000000e+02 6.567074997619029488e-07
4.780000000000000000e+02 6.540521766666515263e-07
4.790000000000000000e+02 6.591365034072343085e-07
4.800000000000000000e+02 6.550747246235994060e-07
4.810000000000000000e+02 6.583506501881098622e-07
4.820000000000000000e+02 6.511482534657594027e-07
4.830000000000000000e+02 6.441799314853232532e-07
4.840000000000000000e+02 6.529227090251544758e-07
4.850000000000000000e+02 6.452969581661168899e-07
4.860000000000000000e+02 6.453596494275929790e-07
4.870000000000000000e+02 6.428457688879114092e-07
4.880000000000000000e+02 6.519166569402583693e-07
4.890000000000000000e+02 6.433002288712876594e-07
4.900000000000000000e+02 6.351517635510519043e-07
4.910000000000000000e+02 6.406606173476271214e-07
4.920000000000000000e+02 6.419681926344346423e-07
4.930000000000000000e+02 6.307218498805323687e-07
4.940000000000000000e+02 6.305417912105921027e-07
4.950000000000000000e+02 6.305223919665867262e-07
4.960000000000000000e+02 6.465189279538688096e-07
4.970000000000000000e+02 6.316151256433174322e-07
4.980000000000000000e+02 6.344431874887448684e-07
4.990000000000000000e+02 6.485066502176135629e-07
5.000000000000000000e+02 6.260244639340360754e-07
5.010000000000000000e+02 6.230184388409907185e-07
5.020000000000000000e+02 6.204825360675080982e-07
5.030000000000000000e+02 6.186880035837956464e-07
5.040000000000000000e+02 6.286234427866952093e-07
5.050000000000000000e+02 6.270493495699928895e-07
5.060000000000000000e+02 6.223374403844042284e-07
5.070000000000000000e+02 6.267030069736382924e-07
5.080000000000000000e+02 6.152276795123536948e-07
5.090000000000000000e+02 6.195555169518403146e-07
5.100000000000000000e+02 6.270647967306809927e-07
5.110000000000000000e+02 6.098139072018253103e-07
5.120000000000000000e+02 6.169622405441933764e-07
5.130000000000000000e+02 6.164812155295424320e-07
5.140000000000000000e+02 6.124282704236484088e-07
5.150000000000000000e+02 6.051862947007479068e-07
5.160000000000000000e+02 6.074727678611538381e-07
5.170000000000000000e+02 6.182053725842770491e-07
5.180000000000000000e+02 6.064277224980695672e-07
5.190000000000000000e+02 6.043391731169552272e-07
5.200000000000000000e+02 6.143805543870274301e-07
5.210000000000000000e+02 6.119220492451536333e-07
5.220000000000000000e+02 6.005576842931261692e-07
5.230000000000000000e+02 5.967927752087161116e-07
5.240000000000000000e+02 5.984959600003336533e-07
5.250000000000000000e+02 6.035395180582895402e-07
5.260000000000000000e+02 6.116666330368532249e-07
5.270000000000000000e+02 6.036194877340068757e-07
5.280000000000000000e+02 5.947368908923772531e-07
5.290000000000000000e+02 6.017811646837070682e-07
5.300000000000000000e+02 6.049453344587494862e-07
5.310000000000000000e+02 5.944458545180247846e-07
5.320000000000000000e+02 5.912741897437180376e-07
5.330000000000000000e+02 5.928018170940333506e-07
5.340000000000000000e+02 5.976041415010477195e-07
5.350000000000000000e+02 5.882182783045826280e-07
5.360000000000000000e+02 5.879937556937405530e-07
5.370000000000000000e+02 5.854907347764675848e-07
5.380000000000000000e+02 5.936930011708743369e-07
5.390000000000000000e+02 5.876710115353242755e-07
5.400000000000000000e+02 5.932651189527115208e-07
5.410000000000000000e+02 5.931593233061423024e-07
5.420000000000000000e+02 5.874497295274688625e-07
5.430000000000000000e+02 5.849962665818031267e-07
5.440000000000000000e+02 5.791621804232194027e-07
5.450000000000000000e+02 5.809206133472626933e-07
5.460000000000000000e+02 5.849084004913379590e-07
5.470000000000000000e+02 5.788670377780453362e-07
5.480000000000000000e+02 5.860969024118359677e-07
5.490000000000000000e+02 5.836666631603880209e-07
5.500000000000000000e+02 5.869910134687228992e-07
5.510000000000000000e+02 5.922275963347227157e-07
5.520000000000000000e+02 5.780333911743267002e-07
5.530000000000000000e+02 5.732554127614089469e-07
5.540000000000000000e+02 5.754968475084243623e-07
5.550000000000000000e+02 5.768911220614306607e-07
5.560000000000000000e+02 5.755214688336797765e-07
5.570000000000000000e+02 5.832002603359620375e-07
5.580000000000000000e+02 5.961101193547877608e-07
5.590000000000000000e+02 5.728719720876322558e-07
5.600000000000000000e+02 5.675938128743359689e-07
5.610000000000000000e+02 5.673793688045679822e-07
5.620000000000000000e+02 5.684467806051419408e-07
5.630000000000000000e+02 5.680260514061616752e-07
5.640000000000000000e+02 5.667764784323854703e-07
5.650000000000000000e+02 5.702911913870730787e-07
5.660000000000000000e+02 5.699951562054257653e-07
5.670000000000000000e+02 5.714422192242996081e-07
5.680000000000000000e+02 5.665907011608735217e-07
5.690000000000000000e+02 5.659781897794997894e-07
5.700000000000000000e+02 5.821395339581148036e-07
5.710000000000000000e+02 5.865079059827853290e-07
5.720000000000000000e+02 5.634179632757197274e-07
5.730000000000000000e+02 5.669369642587603777e-07
5.740000000000000000e+02 5.667667798735720788e-07
5.750000000000000000e+02 5.663003028489384726e-07
5.760000000000000000e+02 5.622523012660143807e-07
5.770000000000000000e+02 5.688792027912852749e-07
5.780000000000000000e+02 5.695404549073832066e-07
5.790000000000000000e+02 5.570781107464607376e-07
5.800000000000000000e+02 5.564890359584190724e-07
5.810000000000000000e+02 5.625629364675155330e-07
5.820000000000000000e+02 5.636490954404965137e-07
5.830000000000000000e+02 5.714738686982737621e-07
5.840000000000000000e+02 5.718332431024463758e-07
5.850000000000000000e+02 5.753731855965719314e-07
5.860000000000000000e+02 5.615681517388821211e-07
5.870000000000000000e+02 5.533751819848595397e-07
5.880000000000000000e+02 5.516878294392943135e-07
5.890000000000000000e+02 5.534222481581953577e-07
5.900000000000000000e+02 5.527564511689988735e-07
5.910000000000000000e+02 5.536495789509947427e-07
5.920000000000000000e+02 5.542830506423609454e-07
5.930000000000000000e+02 5.544580673985310985e-07
5.940000000000000000e+02 5.567266178220729971e-07
5.950000000000000000e+02 5.558401014755564065e-07
5.960000000000000000e+02 5.568389863791187947e-07
5.970000000000000000e+02 5.532641973967831578e-07
5.980000000000000000e+02 5.516601178551811979e-07
5.990000000000000000e+02 5.478080003992671686e-07
6.000000000000000000e+02 5.523815482397760527e-07
6.010000000000000000e+02 5.508952042661924480e-07
6.020000000000000000e+02 5.510574163702926382e-07
6.030000000000000000e+02 5.534507161089848964e-07
6.040000000000000000e+02 5.461754171358399800e-07
6.050000000000000000e+02 5.470858825792387709e-07
6.060000000000000000e+02 5.486817561447814666e-07
6.070000000000000000e+02 5.468925586932513731e-07
6.080000000000000000e+02 5.503265819279031174e-07
6.090000000000000000e+02 5.478878993332327338e-07
6.100000000000000000e+02 5.433660486871999860e-07
6.110000000000000000e+02 5.433165108964264194e-07
6.120000000000000000e+02 5.477918023466169818e-07
6.130000000000000000e+02 5.631111082260049211e-07
6.140000000000000000e+02 5.480618455603953779e-07
6.150000000000000000e+02 5.464854238880571207e-07
6.160000000000000000e+02 5.443744997240435102e-07
6.170000000000000000e+02 5.438381411628337835e-07
6.180000000000000000e+02 5.402798992939611652e-07
6.190000000000000000e+02 5.489249793126009272e-07
6.200000000000000000e+02 5.428786857589255288e-07
6.210000000000000000e+02 5.444437665882982362e-07
6.220000000000000000e+02 5.440142338266661078e-07
6.230000000000000000e+02 5.399630626308601491e-07
6.240000000000000000e+02 5.367441603401321977e-07
6.250000000000000000e+02 5.404427686663728597e-07
6.260000000000000000e+02 5.655350869770261762e-07
6.270000000000000000e+02 5.387569378192201915e-07
6.280000000000000000e+02 5.356450511649060415e-07
6.290000000000000000e+02 5.476859450323491516e-07
6.300000000000000000e+02 5.445475367594313154e-07
6.310000000000000000e+02 5.398876005067313478e-07
6.320000000000000000e+02 5.358082081667062909e-07
6.330000000000000000e+02 5.339336343150854742e-07
6.340000000000000000e+02 5.364585245357960576e-07
6.350000000000000000e+02 5.341460225930911704e-07
6.360000000000000000e+02 5.351069034159840419e-07
6.370000000000000000e+02 5.446839926689593112e-07
6.380000000000000000e+02 5.334264337877997320e-07
6.390000000000000000e+02 5.349268917674762094e-07
6.400000000000000000e+02 5.343012443679181569e-07
6.410000000000000000e+02 5.327754062398097925e-07
6.420000000000000000e+02 5.315331122707310612e-07
6.430000000000000000e+02 5.316509753326702470e-07
6.440000000000000000e+02 5.347267821763148820e-07
6.450000000000000000e+02 5.425909898646215113e-07
6.460000000000000000e+02 5.381938994138399552e-07
6.470000000000000000e+02 5.321527145113951448e-07
6.480000000000000000e+02 5.311855688486822765e-07
6.490000000000000000e+02 5.323269074452902558e-07
6.500000000000000000e+02 5.304710015988220019e-07
6.510000000000000000e+02 5.359755568158660377e-07
6.520000000000000000e+02 5.372443879779722673e-07
6.530000000000000000e+02 5.380365345568426815e-07
6.540000000000000000e+02 5.356938572047897661e-07
6.550000000000000000e+02 5.334213410355574525e-07
6.560000000000000000e+02 5.271226557384619785e-07
6.570000000000000000e+02 5.272382619512438275e-07
6.580000000000000000e+02 5.309740446504004438e-07
6.590000000000000000e+02 5.267518556798557825e-07
6.600000000000000000e+02 5.274488041249886357e-07
6.610000000000000000e+02 5.271758970381297494e-07
6.620000000000000000e+02 5.293797622782322474e-07
6.630000000000000000e+02 5.288349932782057594e-07
6.640000000000000000e+02 5.290724777037784447e-07
6.650000000000000000e+02 5.322810163884913754e-07
6.660000000000000000e+02 5.280187350739623377e-07
6.670000000000000000e+02 5.266726446691250583e-07
6.680000000000000000e+02 5.240097724521523930e-07
6.690000000000000000e+02 5.357731040607733130e-07
6.700000000000000000e+02 5.312344032170914311e-07
6.710000000000000000e+02 5.276986149992128936e-07
6.720000000000000000e+02 5.239836382018921286e-07
6.730000000000000000e+02 5.255726971306658998e-07
6.740000000000000000e+02 5.304814609434859902e-07
6.750000000000000000e+02 5.286612806517027637e-07
6.760000000000000000e+02 5.227692803090538913e-07
6.770000000000000000e+02 5.213720811266598485e-07
6.780000000000000000e+02 5.215656780579560289e-07
6.790000000000000000e+02 5.286702730984954986e-07
6.800000000000000000e+02 5.264461208643048620e-07
6.810000000000000000e+02 5.224572133263709890e-07
6.820000000000000000e+02 5.204850312035586915e-07
6.830000000000000000e+02 5.204763428167086164e-07
6.840000000000000000e+02 5.315024117858644355e-07
6.850000000000000000e+02 5.227676323663361396e-07
6.860000000000000000e+02 5.222137218535328272e-07
6.870000000000000000e+02 5.260146928682884549e-07
6.880000000000000000e+02 5.289461910139828018e-07
6.890000000000000000e+02 5.194445562158932475e-07
6.900000000000000000e+02 5.190564825925944547e-07
6.910000000000000000e+02 5.183855387175443063e-07
6.920000000000000000e+02 5.197812257666089256e-07
6.930000000000000000e+02 5.193335561112448745e-07
6.940000000000000000e+02 5.223232424671742349e-07
6.950000000000000000e+02 5.175991013921201889e-07
6.960000000000000000e+02 5.284441697324351281e-07
6.970000000000000000e+02 5.177446598160123132e-07
6.980000000000000000e+02 5.209056470256332379e-07
6.990000000000000000e+02 5.255681041609085378e-07
7.000000000000000000e+02 5.192322977644456391e-07
7.010000000000000000e+02 5.242385445453654986e-07
7.020000000000000000e+02 5.174868900704329120e-07
7.030000000000000000e+02 5.167427709210007311e-07
7.040000000000000000e+02 5.210579993204517042e-07
7.050000000000000000e+02 5.168182522003676589e-07
7.060000000000000000e+02 5.228899475363420682e-07
7.070000000000000000e+02 5.169500892496955574e-07
7.080000000000000000e+02 5.153959085420792242e-07
7.090000000000000000e+02 5.150658202304164107e-07
7.100000000000000000e+02 5.175576949537544231e-07
7.110000000000000000e+02 5.158229755685732097e-07
7.120000000000000000e+02 5.182234090644552590e-07
7.130000000000000000e+02 5.170214448907479509e-07
7.140000000000000000e+02 5.135576540471547088e-07
7.150000000000000000e+02 5.145586635468704017e-07
7.160000000000000000e+02 5.159076685034316795e-07
7.170000000000000000e+02 5.133204167422622445e-07
7.180000000000000000e+02 5.140074445418888788e-07
7.190000000000000000e+02 5.160782644585519289e-07
7.200000000000000000e+02 5.132506807329656127e-07
7.210000000000000000e+02 5.128786882935253739e-07
7.220000000000000000e+02 5.126899012021364506e-07
7.230000000000000000e+02 5.152884191976912292e-07
7.240000000000000000e+02 5.126410080012986805e-07
7.250000000000000000e+02 5.127972317782002972e-07
7.260000000000000000e+02 5.137194493550385020e-07
7.270000000000000000e+02 5.136972277241488486e-07
7.280000000000000000e+02 5.119255888289670996e-07
7.290000000000000000e+02 5.131140322367067270e-07
7.300000000000000000e+02 5.195254762533217675e-07
7.310000000000000000e+02 5.138905007849374037e-07
7.320000000000000000e+02 5.185330744155068297e-07
7.330000000000000000e+02 5.109145667942418901e-07
7.340000000000000000e+02 5.104361770426224454e-07
7.350000000000000000e+02 5.138692106987765336e-07
7.360000000000000000e+02 5.159279455986208932e-07
7.370000000000000000e+02 5.137678507351965505e-07
7.380000000000000000e+02 5.113648078503268613e-07
7.390000000000000000e+02 5.099548828050916987e-07
7.400000000000000000e+02 5.109792235625381656e-07
7.410000000000000000e+02 5.119548346107696113e-07
7.420000000000000000e+02 5.095924577170173253e-07
7.430000000000000000e+02 5.085099775874270513e-07
7.440000000000000000e+02 5.136222288715178093e-07
7.450000000000000000e+02 5.101517100220529871e-07
7.460000000000000000e+02 5.087762596888992702e-07
7.470000000000000000e+02 5.087527056327761401e-07
7.480000000000000000e+02 5.081350814931112876e-07
7.490000000000000000e+02 5.110229634003637090e-07
7.500000000000000000e+02 5.170309333916173860e-07
7.510000000000000000e+02 5.076696659002728804e-07
7.520000000000000000e+02 5.071739140415897593e-07
7.530000000000000000e+02 5.093481359776975758e-07
7.540000000000000000e+02 5.096913008731620715e-07
7.550000000000000000e+02 5.085326792819730778e-07
7.560000000000000000e+02 5.075924891828301396e-07
7.570000000000000000e+02 5.079028916449180153e-07
7.580000000000000000e+02 5.083385369008451565e-07
7.590000000000000000e+02 5.080063000103367989e-07
7.600000000000000000e+02 5.097827286110462847e-07
7.610000000000000000e+02 5.066127644102414316e-07
7.620000000000000000e+02 5.092581238125997503e-07
7.630000000000000000e+02 5.120983904940236245e-07
7.640000000000000000e+02 5.093483383972720556e-07
7.650000000000000000e+02 5.064249030183839525e-07
7.660000000000000000e+02 5.076877688127018732e-07
7.670000000000000000e+02 5.105145996332353102e-07
7.680000000000000000e+02 5.102254396085525767e-07
7.690000000000000000e+02 5.081450297423913714e-07
7.700000000000000000e+02 5.112763004579366978e-07
7.710000000000000000e+02 5.069880519288597575e-07
7.720000000000000000e+02 5.047411157448743946e-07
7.730000000000000000e+02 5.052615640042340744e-07
7.740000000000000000e+02 5.042244147023063788e-07
7.750000000000000000e+02 5.058284610498046898e-07
7.760000000000000000e+02 5.053848089772956168e-07
7.770000000000000000e+02 5.035749730536188688e-07
7.780000000000000000e+02 5.050967053975686268e-07
7.790000000000000000e+02 5.046257575962681554e-07
7.800000000000000000e+02 5.036781310268519147e-07
7.810000000000000000e+02 5.046482572099951768e-07
7.820000000000000000e+02 5.047873767088477471e-07
7.830000000000000000e+02 5.080629044254390900e-07
7.840000000000000000e+02 5.043886305594280308e-07
7.850000000000000000e+02 5.058300297714861546e-07
7.860000000000000000e+02 5.057400193951371546e-07
7.870000000000000000e+02 5.038220271723998073e-07
7.880000000000000000e+02 5.024285945520164687e-07
7.890000000000000000e+02 5.054013006850942404e-07
7.900000000000000000e+02 5.042708431464577032e-07
7.910000000000000000e+02 5.043802774212824438e-07
7.920000000000000000e+02 5.038156296693533810e-07
7.930000000000000000e+02 5.043802295552836230e-07
7.940000000000000000e+02 5.092964339395196465e-07
7.950000000000000000e+02 5.041006726278223789e-07
7.960000000000000000e+02 5.037590704128216442e-07
7.970000000000000000e+02 5.029251018362140942e-07
7.980000000000000000e+02 5.026896326993904974e-07
7.990000000000000000e+02 5.013302493681615005e-07
8.000000000000000000e+02 5.015714827652587851e-07
8.010000000000000000e+02 5.028330512880794125e-07
8.020000000000000000e+02 5.007802990557931480e-07
8.030000000000000000e+02 5.038772760673671787e-07
8.040000000000000000e+02 5.015058981893262548e-07
8.050000000000000000e+02 5.008142635010916700e-07
8.060000000000000000e+02 5.012131494938727383e-07
8.070000000000000000e+02 5.018099388469074325e-07
8.080000000000000000e+02 5.018968151488522777e-07
8.090000000000000000e+02 5.021938090807240652e-07
8.100000000000000000e+02 5.020770987401360804e-07
8.110000000000000000e+02 5.001716483671094335e-07
8.120000000000000000e+02 5.001697539710044400e-07
8.130000000000000000e+02 5.031693842371161937e-07
8.140000000000000000e+02 5.027943160704635099e-07
8.150000000000000000e+02 5.047413883374725485e-07
8.160000000000000000e+02 5.014848473946768756e-07
8.170000000000000000e+02 4.990612728233921835e-07
8.180000000000000000e+02 5.010015258614787494e-07
8.190000000000000000e+02 5.001418691420557176e-07
8.200000000000000000e+02 5.000636634447619579e-07
8.210000000000000000e+02 5.022121150550559151e-07
8.220000000000000000e+02 5.016271631347615173e-07
8.230000000000000000e+02 5.004695725395703272e-07
8.240000000000000000e+02 5.007200300863627937e-07
8.250000000000000000e+02 5.008163494231251955e-07
8.260000000000000000e+02 5.016527813340744781e-07
8.270000000000000000e+02 4.993332869856594914e-07
8.280000000000000000e+02 5.002360354329476045e-07
8.290000000000000000e+02 4.985484722432570000e-07
8.300000000000000000e+02 4.984698383474593048e-07
8.310000000000000000e+02 4.982227728068787886e-07
8.320000000000000000e+02 4.976822170512420942e-07
8.330000000000000000e+02 4.993600390216086859e-07
8.340000000000000000e+02 5.001571480611350041e-07
8.350000000000000000e+02 4.995073476820484145e-07
8.360000000000000000e+02 4.982146189419585884e-07
8.370000000000000000e+02 4.990604806923129736e-07
8.380000000000000000e+02 4.980357312492756063e-07
8.390000000000000000e+02 4.975216064421356606e-07
8.400000000000000000e+02 4.982622075743094892e-07
8.410000000000000000e+02 4.977186081601092040e-07
8.420000000000000000e+02 4.975516460274215737e-07
8.430000000000000000e+02 4.983694269271290354e-07
8.440000000000000000e+02 5.004993869915912010e-07
8.450000000000000000e+02 4.975159807587077924e-07
8.460000000000000000e+02 4.975083414385276742e-07
8.470000000000000000e+02 4.974130433435338845e-07
8.480000000000000000e+02 4.965735591463786738e-07
8.490000000000000000e+02 4.965712155818970424e-07
8.500000000000000000e+02 4.960314951473960136e-07
8.510000000000000000e+02 4.964185921724401540e-07
8.520000000000000000e+02 4.962281631017576651e-07
8.530000000000000000e+02 4.985796669971931626e-07
8.540000000000000000e+02 4.968727605779480844e-07
8.550000000000000000e+02 4.970813494271315819e-07
8.560000000000000000e+02 4.968132490560837916e-07
8.570000000000000000e+02 4.955334315446747919e-07
8.580000000000000000e+02 4.959147235215595100e-07
8.590000000000000000e+02 4.955982320133540135e-07
8.600000000000000000e+02 4.952886162891933988e-07
8.610000000000000000e+02 4.972758497197460706e-07
8.620000000000000000e+02 4.970026681117113707e-07
8.630000000000000000e+02 4.957000997647403217e-07
8.640000000000000000e+02 4.954781370927149084e-07
8.650000000000000000e+02 4.975743649243842899e-07
8.660000000000000000e+02 4.957775514148769162e-07
8.670000000000000000e+02 4.953615359013000913e-07
8.680000000000000000e+02 4.970459447525566638e-07
8.690000000000000000e+02 4.970383790774143167e-07
8.700000000000000000e+02 4.960466444602201058e-07
8.710000000000000000e+02 4.952385630776826173e-07
8.720000000000000000e+02 4.942053548848964955e-07
8.730000000000000000e+02 4.945542601125312779e-07
8.740000000000000000e+02 4.946254911516749388e-07
8.750000000000000000e+02 4.938644271962784664e-07
8.760000000000000000e+02 5.006707316181772981e-07
