0.000000000000000000e+00 5.461654749876123250e-04
1.000000000000000000e+00 1.824049056951549926e-04
2.000000000000000000e+00 1.377458862541401608e-04
3.000000000000000000e+00 2.547038735760572670e-05
4.000000000000000000e+00 8.913739265193114741e-07
5.000000000000000000e+00 2.206831618989590513e-07
6.000000000000000000e+00 1.249616819433757569e-07
7.000000000000000000e+00 3.798726444360787484e-07
8.000000000000000000e+00 3.946427039637224330e-07
9.000000000000000000e+00 1.304634661104832421e-06
1.000000000000000000e+01 4.380010525360308601e-07
1.100000000000000000e+01 1.252819747013524734e-07
1.200000000000000000e+01 1.238811256432358720e-06
1.300000000000000000e+01 1.773915827831240860e-06
1.400000000000000000e+01 1.110107361733440047e-07
1.500000000000000000e+01 9.557019892818400258e-08
1.600000000000000000e+01 7.387321279608881625e-08
1.700000000000000000e+01 5.080839066901801846e-06
1.800000000000000000e+01 8.116905469267460595e-07
1.900000000000000000e+01 1.231928620917877583e-07
2.000000000000000000e+01 4.674304619633176690e-08
2.100000000000000000e+01 6.749509426419328870e-08
2.200000000000000000e+01 3.793701293926178033e-08
2.300000000000000000e+01 4.371374281589836599e-08
2.400000000000000000e+01 9.936011610686764052e-08
2.500000000000000000e+01 1.426099781333672898e-06
2.600000000000000000e+01 8.272129472151046027e-07
2.700000000000000000e+01 9.845720573222247055e-07
2.800000000000000000e+01 2.393453427074586729e-07
2.900000000000000000e+01 1.893538246358552849e-07
3.000000000000000000e+01 2.167756614428536232e-07
3.100000000000000000e+01 9.162636660401648574e-07
3.200000000000000000e+01 1.261653241757662741e-07
3.300000000000000000e+01 9.251440111047128360e-08
3.400000000000000000e+01 2.507934089732979506e-08
3.500000000000000000e+01 1.971779888300367580e-07
3.600000000000000000e+01 6.355403576434330981e-06
3.700000000000000000e+01 5.166631551915547329e-07
3.800000000000000000e+01 1.108485249390500366e-07
3.900000000000000000e+01 8.459856188370573937e-08
4.000000000000000000e+01 3.540511018193982533e-08
4.100000000000000000e+01 2.792297157740117636e-08
4.200000000000000000e+01 7.557298384706169577e-08
4.300000000000000000e+01 7.426787932697327115e-08
4.400000000000000000e+01 9.348520810342025435e-08
4.500000000000000000e+01 3.140152990405481512e-07
4.600000000000000000e+01 3.140685967942885713e-07
4.700000000000000000e+01 1.571130622688420291e-08
4.800000000000000000e+01 1.593690376181407206e-08
4.900000000000000000e+01 3.669908460956337960e-08
5.000000000000000000e+01 1.452818659254864923e-06
5.100000000000000000e+01 6.243862663146734303e-07
5.200000000000000000e+01 1.591735882902281441e-07
5.300000000000000000e+01 3.117820058657928316e-08
5.400000000000000000e+01 2.682409373482744139e-08
5.500000000000000000e+01 2.204607684806227303e-08
5.600000000000000000e+01 1.473770839403070442e-07
5.700000000000000000e+01 3.923902574592326379e-07
5.800000000000000000e+01 2.267071076329716438e-06
5.900000000000000000e+01 6.032592410640247485e-06
6.000000000000000000e+01 1.097211792171058785e-06
6.100000000000000000e+01 2.657434082457259227e-07
6.200000000000000000e+01 5.583877001102694695e-08
6.300000000000000000e+01 3.810260817776126707e-08
6.400000000000000000e+01 2.946825758932697686e-08
6.500000000000000000e+01 1.671136043407949940e-08
6.600000000000000000e+01 4.630135335497263741e-08
6.700000000000000000e+01 1.923058472136704161e-08
6.800000000000000000e+01 1.318764258662794108e-08
6.900000000000000000e+01 3.608581453562507924e-08
7.000000000000000000e+01 1.633300741571004625e-08
7.100000000000000000e+01 2.907599302525752608e-08
7.200000000000000000e+01 2.849105656763955259e-07
7.300000000000000000e+01 7.537038251424286274e-08
7.400000000000000000e+01 2.492565864219062642e-08
7.500000000000000000e+01 4.027783881258807425e-08
7.600000000000000000e+01 3.908493467186452973e-08
7.700000000000000000e+01 1.307668580723794252e-07
7.800000000000000000e+01 3.179726523126995033e-08
7.900000000000000000e+01 1.859538518817841357e-08
8.000000000000000000e+01 3.193957023588220702e-08
8.100000000000000000e+01 4.000208217343037327e-07
8.200000000000000000e+01 1.860522588992961905e-07
8.300000000000000000e+01 4.500469291825997368e-08
8.400000000000000000e+01 1.362466146330592876e-07
8.500000000000000000e+01 9.878610017673734270e-08
8.600000000000000000e+01 5.849011864512886365e-07
8.700000000000000000e+01 1.729322931906019866e-06
8.800000000000000000e+01 7.054922660560816947e-07
8.900000000000000000e+01 6.583580352366278052e-07
9.000000000000000000e+01 3.901524035354942735e-08
9.100000000000000000e+01 1.905634184215099499e-08
9.200000000000000000e+01 5.527538813877067986e-08
9.300000000000000000e+01 3.411034469386341975e-08
9.400000000000000000e+01 3.518270183502750470e-08
9.500000000000000000e+01 1.917933575030392886e-08
9.600000000000000000e+01 5.655249839096599904e-08
9.700000000000000000e+01 3.551088675969766593e-08
9.800000000000000000e+01 6.025447251837001463e-07
9.900000000000000000e+01 9.624407743993271279e-08
1.000000000000000000e+02 9.030493030255885636e-08
1.010000000000000000e+02 5.932763191166576165e-08
1.020000000000000000e+02 1.664407270446819312e-08
1.030000000000000000e+02 8.252881657971126513e-07
1.040000000000000000e+02 2.502513520310062118e-07
1.050000000000000000e+02 4.214820892282803097e-08
1.060000000000000000e+02 3.822843658715870934e-08
1.070000000000000000e+02 1.132125726172693151e-06
1.080000000000000000e+02 6.255114936422147262e-07
1.090000000000000000e+02 1.593870239133196021e-07
1.100000000000000000e+02 3.864226331647317857e-08
1.110000000000000000e+02 3.135787475007079762e-08
1.120000000000000000e+02 2.196336746566089576e-07
1.130000000000000000e+02 4.685652999679175746e-06
1.140000000000000000e+02 2.194496465741115823e-06
1.150000000000000000e+02 2.194201684684527256e-07
1.160000000000000000e+02 3.690518002740777237e-08
1.170000000000000000e+02 2.022286961485461528e-08
1.180000000000000000e+02 3.662861281108498018e-08
1.190000000000000000e+02 1.477015755269729933e-08
1.200000000000000000e+02 2.546241971960369057e-08
1.210000000000000000e+02 1.471021927814699941e-08
1.220000000000000000e+02 1.871091467116760285e-08
1.230000000000000000e+02 4.968612639262579695e-08
1.240000000000000000e+02 7.174065459396709326e-08
1.250000000000000000e+02 2.330036995626232121e-08
1.260000000000000000e+02 1.219521283552633960e-08
1.270000000000000000e+02 1.314217507359627976e-08
1.280000000000000000e+02 1.557709022835706505e-08
1.290000000000000000e+02 1.877083403839190713e-08
1.300000000000000000e+02 1.798099108325752309e-08
1.310000000000000000e+02 1.257759980484003395e-08
1.320000000000000000e+02 1.574177157906803869e-08
1.330000000000000000e+02 4.047602484345194902e-08
1.340000000000000000e+02 1.094991144151587697e-07
1.350000000000000000e+02 1.913251576501614416e-08
1.360000000000000000e+02 8.500478405751357332e-08
1.370000000000000000e+02 1.405114667897906258e-08
1.380000000000000000e+02 6.050027406987252249e-07
1.390000000000000000e+02 6.101609586949607150e-07
1.400000000000000000e+02 4.304794276344730600e-07
1.410000000000000000e+02 4.893998459226478913e-07
1.420000000000000000e+02 5.042826459899375956e-07
1.430000000000000000e+02 2.318287065298679682e-07
1.440000000000000000e+02 3.695112893617244361e-08
1.450000000000000000e+02 2.338362455304490948e-08
1.460000000000000000e+02 2.588299203122453121e-08
1.470000000000000000e+02 5.097433516733314672e-08
1.480000000000000000e+02 2.309600619148440569e-07
1.490000000000000000e+02 2.107363495382380971e-07
1.500000000000000000e+02 6.173203990406864762e-08
1.510000000000000000e+02 1.909727714155675280e-08
1.520000000000000000e+02 1.323718539037523664e-08
1.530000000000000000e+02 2.746598207785028545e-08
1.540000000000000000e+02 4.332384035237653879e-08
1.550000000000000000e+02 7.897951557262208950e-07
1.560000000000000000e+02 1.108375667662209281e-06
1.570000000000000000e+02 1.734271578298567822e-07
1.580000000000000000e+02 2.758651179735139483e-08
1.590000000000000000e+02 2.170856068938467205e-08
1.600000000000000000e+02 2.376429893142534377e-08
1.610000000000000000e+02 2.084288825834205200e-08
1.620000000000000000e+02 5.095821393792073112e-08
1.630000000000000000e+02 9.027227805038090285e-08
1.640000000000000000e+02 1.256216700347956690e-07
1.650000000000000000e+02 1.940608120109676335e-07
1.660000000000000000e+02 8.665424260385502047e-07
1.670000000000000000e+02 2.627563044134403624e-06
1.680000000000000000e+02 3.706319304021935745e-07
1.690000000000000000e+02 6.194972128476426057e-08
