0.000000000000000000e+00 3.266580000161433631e-03
1.000000000000000000e+00 7.297767962625250867e-05
2.000000000000000000e+00 7.334257689501204346e-05
3.000000000000000000e+00 7.313195588909971443e-05
4.000000000000000000e+00 7.287160975403509256e-05
5.000000000000000000e+00 7.257732874035063538e-05
6.000000000000000000e+00 7.223994228842045215e-05
7.000000000000000000e+00 7.184787126046694879e-05
8.000000000000000000e+00 7.138254024469983512e-05
9.000000000000000000e+00 7.083889515618389354e-05
1.000000000000000000e+01 7.018831557196898707e-05
1.100000000000000000e+01 6.940218637245305791e-05
1.200000000000000000e+01 6.846532968856711230e-05
1.300000000000000000e+01 6.729577285651924573e-05
1.400000000000000000e+01 6.584872447599908658e-05
1.500000000000000000e+01 6.399125018947630493e-05
1.600000000000000000e+01 6.159870918906236328e-05
1.700000000000000000e+01 5.847442610895093576e-05
1.800000000000000000e+01 5.412436826827230098e-05
1.900000000000000000e+01 4.812564242809882738e-05
2.000000000000000000e+01 3.943901904360778873e-05
2.100000000000000000e+01 2.716317106710610909e-05
2.200000000000000000e+01 1.367913835532358558e-05
2.300000000000000000e+01 7.605662392791232780e-06
2.400000000000000000e+01 7.270963440310738985e-06
2.500000000000000000e+01 7.044651686458571721e-06
2.600000000000000000e+01 6.816637815382325838e-06
2.700000000000000000e+01 6.555011239799769070e-06
2.800000000000000000e+01 6.258288194238168749e-06
2.900000000000000000e+01 5.933627730821786958e-06
3.000000000000000000e+01 5.568607079563212838e-06
3.100000000000000000e+01 5.131231173170665701e-06
3.200000000000000000e+01 4.705944606009115283e-06
3.300000000000000000e+01 4.280330029407017860e-06
3.400000000000000000e+01 3.885030721730490554e-06
3.500000000000000000e+01 3.443908024652078638e-06
3.600000000000000000e+01 3.034636636374754528e-06
3.700000000000000000e+01 2.617998822489192793e-06
3.800000000000000000e+01 2.320601979051956518e-06
3.900000000000000000e+01 1.972928164428603630e-06
4.000000000000000000e+01 1.703042583111568461e-06
4.100000000000000000e+01 1.444269728183588430e-06
4.200000000000000000e+01 1.252650838664054620e-06
4.300000000000000000e+01 1.088109394980138238e-06
4.400000000000000000e+01 9.500795826464766820e-07
4.500000000000000000e+01 8.678468575998040539e-07
4.600000000000000000e+01 7.961256966468084673e-07
4.700000000000000000e+01 7.142358914213556320e-07
4.800000000000000000e+01 6.899778750221487032e-07
4.900000000000000000e+01 6.314774375415382403e-07
5.000000000000000000e+01 6.086743512401896562e-07
5.100000000000000000e+01 5.922506740691371941e-07
5.200000000000000000e+01 5.652188551500441613e-07
5.300000000000000000e+01 5.407986615127692736e-07
5.400000000000000000e+01 5.369003570026777041e-07
5.500000000000000000e+01 5.070128666430836715e-07
5.600000000000000000e+01 4.876709517933264865e-07
5.700000000000000000e+01 4.638127557429381138e-07
5.800000000000000000e+01 4.525377403522209249e-07
5.900000000000000000e+01 4.431697377069485368e-07
6.000000000000000000e+01 4.287470828026965171e-07
6.100000000000000000e+01 4.171235694464314098e-07
6.200000000000000000e+01 3.980562153384697998e-07
6.300000000000000000e+01 3.930084805816121973e-07
6.400000000000000000e+01 3.774949215850003249e-07
6.500000000000000000e+01 3.791851018195483290e-07
6.600000000000000000e+01 3.586760770228796204e-07
6.700000000000000000e+01 3.434006807670662570e-07
6.800000000000000000e+01 3.456554655128880844e-07
6.900000000000000000e+01 3.389617410450657807e-07
7.000000000000000000e+01 3.275312921232397968e-07
7.100000000000000000e+01 3.119911976935824246e-07
7.200000000000000000e+01 3.055305201517878712e-07
7.300000000000000000e+01 2.984099256268859369e-07
7.400000000000000000e+01 2.948083807087354202e-07
7.500000000000000000e+01 2.888157521391996051e-07
7.600000000000000000e+01 2.790480275728730955e-07
7.700000000000000000e+01 2.698355669678710338e-07
7.800000000000000000e+01 2.686345038769030547e-07
7.900000000000000000e+01 2.691326068254043898e-07
8.000000000000000000e+01 2.555320058648782702e-07
8.100000000000000000e+01 2.540570986146618407e-07
8.200000000000000000e+01 2.520915598419564870e-07
8.300000000000000000e+01 2.436483779718218414e-07
8.400000000000000000e+01 2.361724110680670787e-07
8.500000000000000000e+01 2.319972522356251871e-07
8.600000000000000000e+01 2.298716173138717336e-07
8.700000000000000000e+01 2.224790014542064561e-07
8.800000000000000000e+01 2.214298425338734060e-07
8.900000000000000000e+01 2.195610710315431456e-07
9.000000000000000000e+01 2.134829719379580238e-07
9.100000000000000000e+01 2.117729240999552500e-07
9.200000000000000000e+01 2.073791235034355573e-07
9.300000000000000000e+01 2.094203060860802561e-07
9.400000000000000000e+01 1.999504189339737801e-07
9.500000000000000000e+01 1.990482370992663945e-07
9.600000000000000000e+01 1.956632748412785606e-07
9.700000000000000000e+01 1.918884771129866651e-07
9.800000000000000000e+01 1.933798368396982664e-07
9.900000000000000000e+01 1.912525395830860400e-07
1.000000000000000000e+02 1.915448141883399985e-07
1.010000000000000000e+02 1.864795304276443848e-07
1.020000000000000000e+02 1.814468708406847811e-07
1.030000000000000000e+02 1.746675375652193954e-07
1.040000000000000000e+02 1.768487065819067013e-07
1.050000000000000000e+02 1.715693664554596446e-07
1.060000000000000000e+02 1.701938903318201211e-07
1.070000000000000000e+02 1.665719624442796984e-07
1.080000000000000000e+02 1.652941083035940972e-07
1.090000000000000000e+02 1.641958556999116360e-07
1.100000000000000000e+02 1.599478042092249476e-07
1.110000000000000000e+02 1.616879981993692461e-07
1.120000000000000000e+02 1.573793535120869032e-07
1.130000000000000000e+02 1.578759644069355444e-07
1.140000000000000000e+02 1.560312584521340497e-07
1.150000000000000000e+02 1.513850834705454753e-07
1.160000000000000000e+02 1.631581348376021558e-07
1.170000000000000000e+02 1.516473047433479078e-07
1.180000000000000000e+02 1.517735308660775389e-07
1.190000000000000000e+02 1.439505364376341842e-07
1.200000000000000000e+02 1.498740809664835798e-07
1.210000000000000000e+02 1.534884516277760328e-07
1.220000000000000000e+02 1.476280609534155832e-07
1.230000000000000000e+02 1.390875935766684615e-07
1.240000000000000000e+02 1.374115014859298346e-07
1.250000000000000000e+02 1.382494676233688775e-07
1.260000000000000000e+02 1.382951397347351818e-07
1.270000000000000000e+02 1.373978495917087408e-07
1.280000000000000000e+02 1.449108035534211189e-07
1.290000000000000000e+02 1.299512665389907371e-07
1.300000000000000000e+02 1.331975082033121417e-07
1.310000000000000000e+02 1.254587946752969965e-07
1.320000000000000000e+02 1.263811484401306074e-07
1.330000000000000000e+02 1.296182284700311254e-07
1.340000000000000000e+02 1.237796853221563913e-07
1.350000000000000000e+02 1.273120634666119605e-07
1.360000000000000000e+02 1.210387702525632439e-07
1.370000000000000000e+02 1.336782143522737200e-07
1.380000000000000000e+02 1.382540785109181309e-07
1.390000000000000000e+02 1.273157229642733160e-07
1.400000000000000000e+02 1.185052255239344367e-07
1.410000000000000000e+02 1.189436926366522414e-07
1.420000000000000000e+02 1.168652848500381730e-07
1.430000000000000000e+02 1.114852709282043086e-07
1.440000000000000000e+02 1.102111899167659180e-07
1.450000000000000000e+02 1.132555250576883461e-07
1.460000000000000000e+02 1.181616025423394549e-07
1.470000000000000000e+02 1.367415664875966685e-07
1.480000000000000000e+02 1.130591846402330949e-07
1.490000000000000000e+02 1.114321668789316338e-07
1.500000000000000000e+02 1.116923902724642051e-07
1.510000000000000000e+02 1.076776473149237360e-07
1.520000000000000000e+02 1.013712532406745449e-07
1.530000000000000000e+02 1.006732812716440000e-07
1.540000000000000000e+02 1.107071122554052582e-07
1.550000000000000000e+02 1.055476994566617132e-07
1.560000000000000000e+02 9.655859373464891085e-08
1.570000000000000000e+02 1.050446467925166213e-07
1.580000000000000000e+02 9.790432546071132032e-08
1.590000000000000000e+02 9.695092868484953312e-08
1.600000000000000000e+02 9.505546527602637778e-08
1.610000000000000000e+02 9.855119995757617391e-08
1.620000000000000000e+02 9.362714772030129292e-08
1.630000000000000000e+02 9.651240060206765000e-08
1.640000000000000000e+02 9.204176651797320329e-08
1.650000000000000000e+02 9.492945798671255079e-08
1.660000000000000000e+02 8.912012024327235420e-08
1.670000000000000000e+02 9.307600074513839668e-08
1.680000000000000000e+02 8.602910161114843745e-08
1.690000000000000000e+02 9.067750322926431355e-08
1.700000000000000000e+02 8.670552932435568412e-08
1.710000000000000000e+02 8.830105651710532498e-08
1.720000000000000000e+02 9.047867796061628562e-08
1.730000000000000000e+02 9.533330411858658630e-08
1.740000000000000000e+02 7.953038218217011282e-08
1.750000000000000000e+02 7.930927566268929306e-08
1.760000000000000000e+02 7.890938964960239547e-08
1.770000000000000000e+02 7.750066420014939785e-08
1.780000000000000000e+02 7.768622471855802413e-08
1.790000000000000000e+02 7.318562059523594178e-08
1.800000000000000000e+02 7.461600528753325124e-08
1.810000000000000000e+02 7.161766003890567641e-08
1.820000000000000000e+02 7.542506311027772640e-08
1.830000000000000000e+02 7.819949896421407018e-08
1.840000000000000000e+02 7.195712881693514174e-08
1.850000000000000000e+02 7.296288295502005112e-08
1.860000000000000000e+02 7.230713406586036845e-08
1.870000000000000000e+02 7.044410692360481111e-08
1.880000000000000000e+02 6.705611297712991323e-08
1.890000000000000000e+02 6.606379334718516523e-08
1.900000000000000000e+02 6.497872509675945619e-08
1.910000000000000000e+02 7.570190951238642859e-08
1.920000000000000000e+02 6.587828850967081703e-08
1.930000000000000000e+02 6.047546261770324910e-08
1.940000000000000000e+02 6.452546891047855460e-08
1.950000000000000000e+02 5.999394017932148909e-08
1.960000000000000000e+02 6.026147149506757082e-08
1.970000000000000000e+02 5.946680514149943441e-08
1.980000000000000000e+02 5.688411309149765832e-08
1.990000000000000000e+02 5.712610650002602046e-08
2.000000000000000000e+02 5.753610953868241313e-08
2.010000000000000000e+02 5.519314122668958662e-08
2.020000000000000000e+02 5.696822366155753987e-08
2.030000000000000000e+02 6.441581681989089495e-08
2.040000000000000000e+02 5.540391514271063919e-08
2.050000000000000000e+02 5.653735137695930240e-08
2.060000000000000000e+02 5.312479013268779073e-08
2.070000000000000000e+02 5.485202002429213748e-08
2.080000000000000000e+02 5.307604042187356500e-08
2.090000000000000000e+02 5.679958227272010279e-08
2.100000000000000000e+02 5.574538380673084190e-08
2.110000000000000000e+02 5.520968447202475473e-08
2.120000000000000000e+02 4.555150510161532749e-08
2.130000000000000000e+02 5.237360676396675196e-08
2.140000000000000000e+02 4.580226545341840150e-08
2.150000000000000000e+02 4.470561180535416351e-08
2.160000000000000000e+02 4.932313631975049863e-08
2.170000000000000000e+02 6.280035172167728155e-08
2.180000000000000000e+02 4.496318137364937934e-08
2.190000000000000000e+02 4.565904823422026101e-08
2.200000000000000000e+02 4.136041916592840648e-08
2.210000000000000000e+02 4.708773249251450542e-08
2.220000000000000000e+02 5.447366826558497898e-08
2.230000000000000000e+02 4.440197029340462919e-08
2.240000000000000000e+02 4.184658348978448687e-08
2.250000000000000000e+02 4.223794968112750667e-08
2.260000000000000000e+02 4.671938870663865992e-08
2.270000000000000000e+02 4.976326671949008680e-08
2.280000000000000000e+02 4.641454745424220359e-08
2.290000000000000000e+02 4.128174361302903069e-08
2.300000000000000000e+02 4.383291541604100638e-08
2.310000000000000000e+02 3.871660328781268760e-08
2.320000000000000000e+02 4.034449285617485985e-08
2.330000000000000000e+02 3.532152069298720378e-08
2.340000000000000000e+02 3.417720078175134358e-08
2.350000000000000000e+02 4.435034336695994170e-08
2.360000000000000000e+02 4.067772689576710768e-08
2.370000000000000000e+02 3.524050215300048550e-08
2.380000000000000000e+02 3.417243244732240932e-08
2.390000000000000000e+02 3.143755615746233045e-08
2.400000000000000000e+02 3.164333762524290129e-08
2.410000000000000000e+02 3.219843922094019887e-08
2.420000000000000000e+02 3.757843546523245296e-08
2.430000000000000000e+02 3.377881375160400936e-08
2.440000000000000000e+02 3.659579194785246836e-08
2.450000000000000000e+02 4.291939895639220957e-08
2.460000000000000000e+02 3.493609967037782481e-08
2.470000000000000000e+02 2.930923908502427192e-08
2.480000000000000000e+02 2.968236250515868421e-08
2.490000000000000000e+02 2.872230874801553980e-08
2.500000000000000000e+02 3.220982527848411324e-08
2.510000000000000000e+02 3.304987951097526509e-08
2.520000000000000000e+02 3.376616321712137986e-08
2.530000000000000000e+02 3.048366380490179181e-08
2.540000000000000000e+02 5.518025174001080989e-08
2.550000000000000000e+02 6.300419468263112000e-08
2.560000000000000000e+02 4.661619491106029442e-08
2.570000000000000000e+02 2.957838387048184164e-08
2.580000000000000000e+02 2.708607965603796010e-08
2.590000000000000000e+02 2.701942829028689236e-08
2.600000000000000000e+02 2.967725720208944590e-08
2.610000000000000000e+02 3.153118537902114038e-08
2.620000000000000000e+02 2.551280305212450336e-08
2.630000000000000000e+02 2.902331042789863243e-08
2.640000000000000000e+02 3.091965322484723858e-08
2.650000000000000000e+02 2.953122421904809035e-08
2.660000000000000000e+02 3.136729719649682493e-08
2.670000000000000000e+02 3.621466662807202841e-08
2.680000000000000000e+02 2.991810079435232444e-08
2.690000000000000000e+02 4.310148306015389273e-08
2.700000000000000000e+02 2.965458334870692997e-08
2.710000000000000000e+02 2.693680278705605437e-08
2.720000000000000000e+02 2.679004334456061590e-08
2.730000000000000000e+02 3.227336021450778135e-08
2.740000000000000000e+02 2.614367768761445317e-08
2.750000000000000000e+02 2.435593177423535013e-08
2.760000000000000000e+02 2.418715027684064028e-08
2.770000000000000000e+02 2.309737723423218087e-08
2.780000000000000000e+02 2.782567600237036192e-08
2.790000000000000000e+02 3.032589773945827399e-08
2.800000000000000000e+02 2.594468785674321504e-08
2.810000000000000000e+02 2.787804663493022081e-08
2.820000000000000000e+02 2.144179952675248509e-08
2.830000000000000000e+02 2.536918929650657425e-08
2.840000000000000000e+02 2.183397396270313803e-08
2.850000000000000000e+02 2.336869628772110912e-08
2.860000000000000000e+02 2.347170826762767925e-08
2.870000000000000000e+02 2.642799820419344462e-08
2.880000000000000000e+02 2.610604991435562027e-08
2.890000000000000000e+02 2.963885342317953752e-08
2.900000000000000000e+02 4.874014701393893521e-08
2.910000000000000000e+02 3.035132213363271045e-08
2.920000000000000000e+02 2.510548616426775459e-08
2.930000000000000000e+02 2.220496388065803844e-08
2.940000000000000000e+02 2.464115064356177334e-08
2.950000000000000000e+02 2.013562040721125855e-08
2.960000000000000000e+02 2.618261008186376072e-08
2.970000000000000000e+02 2.709730246701084589e-08
2.980000000000000000e+02 2.001631816887857772e-08
2.990000000000000000e+02 1.921514157893104390e-08
3.000000000000000000e+02 1.935451929024404415e-08
3.010000000000000000e+02 2.564234044057630426e-08
3.020000000000000000e+02 1.952541118907442627e-08
3.030000000000000000e+02 2.031434716490318383e-08
3.040000000000000000e+02 2.143649854835915171e-08
3.050000000000000000e+02 2.160480359560497847e-08
3.060000000000000000e+02 2.103585967867775593e-08
3.070000000000000000e+02 2.086240550312829155e-08
3.080000000000000000e+02 1.984527252573089145e-08
3.090000000000000000e+02 2.334375364758609723e-08
3.100000000000000000e+02 1.979902481935535014e-08
3.110000000000000000e+02 2.682579512261793764e-08
3.120000000000000000e+02 1.982042920826172706e-08
3.130000000000000000e+02 2.690299109976646862e-08
3.140000000000000000e+02 3.019843991885871518e-08
3.150000000000000000e+02 2.011282448912430026e-08
3.160000000000000000e+02 1.833169114579648811e-08
3.170000000000000000e+02 2.382185549125502515e-08
3.180000000000000000e+02 1.808334861996727556e-08
3.190000000000000000e+02 1.664016174315242673e-08
3.200000000000000000e+02 1.654937879758700808e-08
3.210000000000000000e+02 1.724791642151092098e-08
3.220000000000000000e+02 1.835296976055764869e-08
3.230000000000000000e+02 1.561515189936638128e-08
3.240000000000000000e+02 1.753651903813436859e-08
3.250000000000000000e+02 1.912487098190045384e-08
3.260000000000000000e+02 2.387679684304782315e-08
3.270000000000000000e+02 1.661322219899940192e-08
3.280000000000000000e+02 1.519730722003477999e-08
3.290000000000000000e+02 4.138211559601929922e-08
3.300000000000000000e+02 3.130799615572207426e-08
3.310000000000000000e+02 2.255144651902027004e-08
3.320000000000000000e+02 1.411329373827185166e-08
3.330000000000000000e+02 2.196161746357045021e-08
3.340000000000000000e+02 1.706606097584329037e-08
3.350000000000000000e+02 1.388006850630750318e-08
3.360000000000000000e+02 1.634431487342767657e-08
3.370000000000000000e+02 1.604452259407381581e-08
3.380000000000000000e+02 1.334279744261115778e-08
3.390000000000000000e+02 1.390833005770695396e-08
3.400000000000000000e+02 1.527154572539133309e-08
3.410000000000000000e+02 1.379098801552714991e-08
3.420000000000000000e+02 1.537683054091842780e-08
3.430000000000000000e+02 1.486904516412974471e-08
3.440000000000000000e+02 1.200568987601256843e-08
3.450000000000000000e+02 1.250607890088004899e-08
3.460000000000000000e+02 1.236744761782733327e-08
3.470000000000000000e+02 1.169715406443792880e-08
3.480000000000000000e+02 1.451722015450265684e-08
3.490000000000000000e+02 1.179107733986407636e-08
3.500000000000000000e+02 2.028237017831155408e-08
3.510000000000000000e+02 1.872566772352142998e-08
3.520000000000000000e+02 1.282254259781046104e-08
3.530000000000000000e+02 1.093230529042414820e-08
3.540000000000000000e+02 1.060925442520342988e-08
3.550000000000000000e+02 1.406124321475957797e-08
3.560000000000000000e+02 1.298533300450820423e-08
3.570000000000000000e+02 2.157123655866316863e-08
3.580000000000000000e+02 1.406707542306897909e-08
3.590000000000000000e+02 1.328874549333445192e-08
3.600000000000000000e+02 1.074028941446506469e-08
3.610000000000000000e+02 1.102331892409809852e-08
3.620000000000000000e+02 1.770824268808477604e-08
3.630000000000000000e+02 1.378241248710423413e-08
3.640000000000000000e+02 1.146313855711752204e-08
3.650000000000000000e+02 1.014974461824946005e-08
3.660000000000000000e+02 1.075315184150040984e-08
3.670000000000000000e+02 1.278714748351037748e-08
3.680000000000000000e+02 1.090647220280696808e-08
3.690000000000000000e+02 9.486919979025556905e-09
3.700000000000000000e+02 9.390835034441080800e-09
3.710000000000000000e+02 1.076807152557243803e-08
3.720000000000000000e+02 1.016425541261453370e-08
3.730000000000000000e+02 9.592230707964849212e-09
3.740000000000000000e+02 1.007176384457871364e-08
3.750000000000000000e+02 1.161519675819321649e-08
3.760000000000000000e+02 1.060091444605859204e-08
3.770000000000000000e+02 1.184118728260226431e-08
3.780000000000000000e+02 1.238923387836086856e-08
3.790000000000000000e+02 1.077703413314162861e-08
3.800000000000000000e+02 9.538095120048702069e-09
3.810000000000000000e+02 1.155922763369435777e-08
3.820000000000000000e+02 1.455664815526852385e-08
3.830000000000000000e+02 1.644298994277971216e-08
3.840000000000000000e+02 9.602048296302010719e-09
3.850000000000000000e+02 1.016186651485363667e-08
3.860000000000000000e+02 1.066245883527769352e-08
3.870000000000000000e+02 1.157990328948150589e-08
3.880000000000000000e+02 9.813891391466751388e-09
3.890000000000000000e+02 9.601267458344276545e-09
3.900000000000000000e+02 9.082666537986624109e-09
3.910000000000000000e+02 8.188872282312486691e-09
3.920000000000000000e+02 8.600099617171547785e-09
3.930000000000000000e+02 9.944788405764189332e-09
3.940000000000000000e+02 7.982320036698193162e-09
3.950000000000000000e+02 7.985452141512823576e-09
3.960000000000000000e+02 1.209261848402738256e-08
3.970000000000000000e+02 8.905429009974248484e-09
3.980000000000000000e+02 8.585796071194979786e-09
3.990000000000000000e+02 8.214376099786217567e-09
4.000000000000000000e+02 9.793232790552633083e-09
4.010000000000000000e+02 7.913969440575818734e-09
4.020000000000000000e+02 8.343525383082595806e-09
4.030000000000000000e+02 1.499453949894487493e-08
4.040000000000000000e+02 1.131690997415250585e-08
4.050000000000000000e+02 9.872334051351003092e-09
4.060000000000000000e+02 1.410380914858573090e-08
4.070000000000000000e+02 7.198378868843845361e-09
4.080000000000000000e+02 8.378329363150071277e-09
4.090000000000000000e+02 9.998142050402611347e-09
4.100000000000000000e+02 7.417857798323659744e-09
4.110000000000000000e+02 7.239402393076214945e-09
4.120000000000000000e+02 9.001001194779738643e-09
4.130000000000000000e+02 9.460679047615068468e-09
4.140000000000000000e+02 8.076559770426017127e-09
4.150000000000000000e+02 8.395588600375549021e-09
4.160000000000000000e+02 7.901898238051412489e-09
4.170000000000000000e+02 7.818716909286875342e-09
4.180000000000000000e+02 8.378246159062740208e-09
4.190000000000000000e+02 8.812120881063458713e-09
4.200000000000000000e+02 7.116333665867280738e-09
4.210000000000000000e+02 7.880120657410530450e-09
4.220000000000000000e+02 7.887076760056585838e-09
4.230000000000000000e+02 6.679547291870470309e-09
4.240000000000000000e+02 6.495989356677549314e-09
4.250000000000000000e+02 6.834217025996399726e-09
4.260000000000000000e+02 6.704685733628834459e-09
4.270000000000000000e+02 6.011195834301474759e-09
4.280000000000000000e+02 5.888874567981608212e-09
4.290000000000000000e+02 6.206374243705289183e-09
4.300000000000000000e+02 9.721126208094761703e-09
4.310000000000000000e+02 7.080437083161799689e-09
4.320000000000000000e+02 8.091487211049386888e-09
4.330000000000000000e+02 1.023514536457782531e-08
4.340000000000000000e+02 1.328657542495311295e-08
4.350000000000000000e+02 8.164093780204660992e-09
4.360000000000000000e+02 6.146561949521729672e-09
4.370000000000000000e+02 5.688296011646142464e-09
4.380000000000000000e+02 5.932136600538819146e-09
4.390000000000000000e+02 1.262976882982905307e-08
4.400000000000000000e+02 1.630278752293800018e-08
4.410000000000000000e+02 9.131191823697702915e-09
4.420000000000000000e+02 7.259916725165161995e-09
4.430000000000000000e+02 7.853152377418649072e-09
4.440000000000000000e+02 6.725471372531745127e-09
4.450000000000000000e+02 9.580199972706968547e-09
4.460000000000000000e+02 1.460223672676357927e-08
4.470000000000000000e+02 1.183797627088073169e-08
4.480000000000000000e+02 1.062629267651007005e-08
4.490000000000000000e+02 6.986061901911654464e-09
4.500000000000000000e+02 5.485254748261667659e-09
4.510000000000000000e+02 5.193549000859851157e-09
4.520000000000000000e+02 5.505649556443746659e-09
4.530000000000000000e+02 6.462597084170589865e-09
4.540000000000000000e+02 8.582560525238964979e-09
4.550000000000000000e+02 5.128238953202525427e-09
4.560000000000000000e+02 4.915860301044282553e-09
4.570000000000000000e+02 5.195612250019870020e-09
4.580000000000000000e+02 4.991789849463894463e-09
4.590000000000000000e+02 5.476438606524133685e-09
4.600000000000000000e+02 5.999662179100389936e-09
4.610000000000000000e+02 4.793833111544672296e-09
4.620000000000000000e+02 4.995602152013177553e-09
4.630000000000000000e+02 5.288819910316011692e-09
4.640000000000000000e+02 4.970849643853408995e-09
4.650000000000000000e+02 5.945446249758272619e-09
4.660000000000000000e+02 5.602772565035210421e-09
4.670000000000000000e+02 5.916993590219077051e-09
4.680000000000000000e+02 5.259480894658850526e-09
4.690000000000000000e+02 5.164119428903270480e-09
4.700000000000000000e+02 5.714594160991827330e-09
4.710000000000000000e+02 6.402909717995908634e-09
4.720000000000000000e+02 8.613714419035618111e-09
4.730000000000000000e+02 6.365179775077624352e-09
4.740000000000000000e+02 6.697338427122262834e-09
4.750000000000000000e+02 5.084115170840681242e-09
4.760000000000000000e+02 5.706433750807215851e-09
4.770000000000000000e+02 6.433492073357137951e-09
4.780000000000000000e+02 7.747918671190114719e-09
4.790000000000000000e+02 1.220651190936919485e-08
4.800000000000000000e+02 1.090528662957193131e-08
4.810000000000000000e+02 7.099955411296124585e-09
4.820000000000000000e+02 6.599309922950762613e-09
4.830000000000000000e+02 5.995171354192127464e-09
4.840000000000000000e+02 5.017899032942444634e-09
4.850000000000000000e+02 4.697142767313478163e-09
4.860000000000000000e+02 5.982054288590115643e-09
4.870000000000000000e+02 5.500545217651605497e-09
4.880000000000000000e+02 6.603583315507870741e-09
4.890000000000000000e+02 5.566975931524033550e-09
4.900000000000000000e+02 5.383311694666800375e-09
4.910000000000000000e+02 4.850022983332498730e-09
4.920000000000000000e+02 4.519781493147257724e-09
4.930000000000000000e+02 6.532113173351980227e-09
4.940000000000000000e+02 6.974791527518541350e-09
4.950000000000000000e+02 5.168510850790494567e-09
4.960000000000000000e+02 4.991272723623422890e-09
4.970000000000000000e+02 5.252276979253593338e-09
4.980000000000000000e+02 4.904967975322405271e-09
4.990000000000000000e+02 4.490893878081045932e-09
5.000000000000000000e+02 5.892156294160818845e-09
5.010000000000000000e+02 4.654017221049593810e-09
5.020000000000000000e+02 4.323716569831202896e-09
5.030000000000000000e+02 4.409232504224728668e-09
5.040000000000000000e+02 4.277498165396464936e-09
5.050000000000000000e+02 4.986498498559922429e-09
5.060000000000000000e+02 7.403436012068638129e-09
5.070000000000000000e+02 1.215306196833075128e-08
5.080000000000000000e+02 1.479867267002649402e-08
5.090000000000000000e+02 1.061961101137952555e-08
5.100000000000000000e+02 5.547628841006571689e-09
5.110000000000000000e+02 4.851012811386275802e-09
5.120000000000000000e+02 4.527420535237673878e-09
5.130000000000000000e+02 5.063791492313652881e-09
5.140000000000000000e+02 6.059224425909945672e-09
5.150000000000000000e+02 6.146060694252104304e-09
5.160000000000000000e+02 6.365548424554033969e-09
5.170000000000000000e+02 4.032451420508597568e-09
5.180000000000000000e+02 3.775740022857979035e-09
5.190000000000000000e+02 4.357664846551186985e-09
5.200000000000000000e+02 4.327872676550097065e-09
5.210000000000000000e+02 4.603193856264424574e-09
5.220000000000000000e+02 4.674480378195289403e-09
5.230000000000000000e+02 3.562646505183390428e-09
5.240000000000000000e+02 4.151959167077489445e-09
5.250000000000000000e+02 5.211212085615722975e-09
5.260000000000000000e+02 4.851619340934038078e-09
5.270000000000000000e+02 4.993694250830455482e-09
5.280000000000000000e+02 3.874909789246992163e-09
5.290000000000000000e+02 5.209854324220674566e-09
5.300000000000000000e+02 4.874944884743219839e-09
5.310000000000000000e+02 4.179037596375345981e-09
5.320000000000000000e+02 3.852906461341641907e-09
5.330000000000000000e+02 8.107345363574822460e-09
5.340000000000000000e+02 1.791073522454189854e-08
5.350000000000000000e+02 8.188800307250036841e-09
5.360000000000000000e+02 3.774448769408695760e-09
5.370000000000000000e+02 4.104477242677397512e-09
5.380000000000000000e+02 3.614445853553486004e-09
5.390000000000000000e+02 3.206887291691575255e-09
5.400000000000000000e+02 3.711145032770773333e-09
5.410000000000000000e+02 4.969377347871565891e-09
5.420000000000000000e+02 5.465585621268683170e-09
5.430000000000000000e+02 3.936756107772872243e-09
5.440000000000000000e+02 3.726152180917601165e-09
5.450000000000000000e+02 4.237498590087928909e-09
5.460000000000000000e+02 3.374567592349168618e-09
5.470000000000000000e+02 3.373470283993588645e-09
5.480000000000000000e+02 3.165753322835633927e-09
5.490000000000000000e+02 3.303995137223084401e-09
5.500000000000000000e+02 4.147866949878830373e-09
5.510000000000000000e+02 3.354854707965523582e-09
5.520000000000000000e+02 3.762646971894552942e-09
5.530000000000000000e+02 3.115584445894768671e-09
5.540000000000000000e+02 3.540906843935475456e-09
5.550000000000000000e+02 3.292923628607992835e-09
5.560000000000000000e+02 4.193118597060940078e-09
5.570000000000000000e+02 3.087843807515584717e-09
5.580000000000000000e+02 3.162668760587819003e-09
5.590000000000000000e+02 3.231653975318692142e-09
5.600000000000000000e+02 3.534305116225776433e-09
5.610000000000000000e+02 3.508209708903155175e-09
5.620000000000000000e+02 3.388752548150046846e-09
5.630000000000000000e+02 3.529248537398665967e-09
5.640000000000000000e+02 4.284058001537358982e-09
5.650000000000000000e+02 3.815152478392732533e-09
5.660000000000000000e+02 4.036769793061088981e-09
5.670000000000000000e+02 3.780342356910622237e-09
5.680000000000000000e+02 3.408337095623727086e-09
5.690000000000000000e+02 4.163563247008859323e-09
5.700000000000000000e+02 7.646813791487250179e-09
5.710000000000000000e+02 5.313854679653808340e-09
5.720000000000000000e+02 4.624966070692305994e-09
5.730000000000000000e+02 5.323239855383596933e-09
5.740000000000000000e+02 4.156120909028369288e-09
5.750000000000000000e+02 2.961994177254164892e-09
5.760000000000000000e+02 3.598435931148185936e-09
5.770000000000000000e+02 3.470517430731824941e-09
5.780000000000000000e+02 3.355188727063858102e-09
5.790000000000000000e+02 2.965392349470282384e-09
5.800000000000000000e+02 2.715451386189065134e-09
5.810000000000000000e+02 2.998048112973103491e-09
5.820000000000000000e+02 3.176767370862407392e-09
5.830000000000000000e+02 3.190509970400442734e-09
5.840000000000000000e+02 3.545945864651097521e-09
5.850000000000000000e+02 3.504405643737918672e-09
5.860000000000000000e+02 3.227425609540761294e-09
5.870000000000000000e+02 3.062656837320279166e-09
5.880000000000000000e+02 2.776756306563180088e-09
5.890000000000000000e+02 2.929565651335436059e-09
5.900000000000000000e+02 3.222875492998460971e-09
5.910000000000000000e+02 2.751597562531169136e-09
5.920000000000000000e+02 2.800286388444816388e-09
5.930000000000000000e+02 3.245273847625519621e-09
5.940000000000000000e+02 2.826925558475855562e-09
5.950000000000000000e+02 2.833464621159630869e-09
5.960000000000000000e+02 3.828709143443021841e-09
5.970000000000000000e+02 3.711166511651731288e-09
5.980000000000000000e+02 3.759746840552750162e-09
5.990000000000000000e+02 3.691396499112210636e-09
6.000000000000000000e+02 2.681469548522550071e-09
6.010000000000000000e+02 2.873907535262434149e-09
6.020000000000000000e+02 3.579864706659756772e-09
6.030000000000000000e+02 2.865597248157974305e-09
6.040000000000000000e+02 3.330050652643248093e-09
6.050000000000000000e+02 3.183152266420233308e-09
6.060000000000000000e+02 3.502604311943706781e-09
6.070000000000000000e+02 2.499183810459921377e-09
6.080000000000000000e+02 2.796636770787711954e-09
6.090000000000000000e+02 2.825258417491778501e-09
6.100000000000000000e+02 2.514251150549433249e-09
6.110000000000000000e+02 3.007837690769125845e-09
6.120000000000000000e+02 3.915771194710563777e-09
6.130000000000000000e+02 3.465989488025301858e-09
6.140000000000000000e+02 5.143905759602891274e-09
6.150000000000000000e+02 3.295203193955096992e-09
6.160000000000000000e+02 4.286580711673014103e-09
6.170000000000000000e+02 2.972951279077979895e-09
6.180000000000000000e+02 2.684369083756204354e-09
6.190000000000000000e+02 2.836676601111729422e-09
6.200000000000000000e+02 3.049606367776042142e-09
6.210000000000000000e+02 2.553390231716055251e-09
6.220000000000000000e+02 3.403638004532235722e-09
6.230000000000000000e+02 3.055167226356652152e-09
6.240000000000000000e+02 2.679855029093507941e-09
6.250000000000000000e+02 3.162542642890224785e-09
6.260000000000000000e+02 3.046380365408604322e-09
6.270000000000000000e+02 3.179981019985934216e-09
6.280000000000000000e+02 2.874770926961210775e-09
6.290000000000000000e+02 2.563839277073930688e-09
6.300000000000000000e+02 2.563123434304273932e-09
6.310000000000000000e+02 2.689325061962621841e-09
6.320000000000000000e+02 2.810019181178529970e-09
6.330000000000000000e+02 2.908250438078957873e-09
6.340000000000000000e+02 2.367694589359085670e-09
6.350000000000000000e+02 2.470762030657618929e-09
6.360000000000000000e+02 2.654605630507731287e-09
6.370000000000000000e+02 2.934968399312458389e-09
6.380000000000000000e+02 3.547927478613683874e-09
6.390000000000000000e+02 4.031686413192955313e-09
6.400000000000000000e+02 3.048232839524499117e-09
6.410000000000000000e+02 2.557197534134880438e-09
6.420000000000000000e+02 2.987420199623888906e-09
6.430000000000000000e+02 2.631304190923069099e-09
6.440000000000000000e+02 2.965613860616466576e-09
6.450000000000000000e+02 2.506661439921804870e-09
6.460000000000000000e+02 2.981261965323068692e-09
6.470000000000000000e+02 2.916843554430435945e-09
6.480000000000000000e+02 5.477758777905084715e-09
6.490000000000000000e+02 3.070978221756786874e-09
6.500000000000000000e+02 3.082863257612484079e-09
6.510000000000000000e+02 3.073240490383643410e-09
6.520000000000000000e+02 2.365564231465841668e-09
6.530000000000000000e+02 2.685377155445934649e-09
6.540000000000000000e+02 2.785739917847729806e-09
6.550000000000000000e+02 2.469855362152434381e-09
6.560000000000000000e+02 2.323044405481004649e-09
6.570000000000000000e+02 2.792788366991880162e-09
6.580000000000000000e+02 2.733728140127546510e-09
6.590000000000000000e+02 3.081654119364191503e-09
6.600000000000000000e+02 3.163926457571539791e-09
6.610000000000000000e+02 3.241922984484578662e-09
6.620000000000000000e+02 3.521960265450479198e-09
6.630000000000000000e+02 3.344922954782246457e-09
6.640000000000000000e+02 2.591466886988685735e-09
6.650000000000000000e+02 3.369812051717630410e-09
6.660000000000000000e+02 2.893825611110759438e-09
6.670000000000000000e+02 2.318757672310610471e-09
6.680000000000000000e+02 2.236182954576413275e-09
6.690000000000000000e+02 2.339094945126848601e-09
6.700000000000000000e+02 2.319054726772274195e-09
6.710000000000000000e+02 2.593060120553524714e-09
6.720000000000000000e+02 2.855463012048017667e-09
6.730000000000000000e+02 2.286351017955853138e-09
6.740000000000000000e+02 2.176723058985106350e-09
6.750000000000000000e+02 2.388863126664880608e-09
6.760000000000000000e+02 2.274718469448053590e-09
6.770000000000000000e+02 2.235343985449164579e-09
6.780000000000000000e+02 2.437453599215826580e-09
6.790000000000000000e+02 2.287484163089243689e-09
6.800000000000000000e+02 2.460035892658603786e-09
6.810000000000000000e+02 3.190996778543582651e-09
6.820000000000000000e+02 3.363691000640092936e-09
6.830000000000000000e+02 3.084140422451398002e-09
6.840000000000000000e+02 4.520439357642745562e-09
6.850000000000000000e+02 2.731176128370790028e-09
6.860000000000000000e+02 2.284537600407971384e-09
6.870000000000000000e+02 2.747535673911090418e-09
6.880000000000000000e+02 2.267816434047624850e-09
6.890000000000000000e+02 2.157257142017309189e-09
6.900000000000000000e+02 2.117520767694010147e-09
6.910000000000000000e+02 2.185341805084952586e-09
6.920000000000000000e+02 2.179762656920382786e-09
6.930000000000000000e+02 2.150352586911374886e-09
6.940000000000000000e+02 2.078594513316868510e-09
6.950000000000000000e+02 2.610424800074657235e-09
6.960000000000000000e+02 2.886566826986593884e-09
6.970000000000000000e+02 2.581019607932783383e-09
6.980000000000000000e+02 3.539809494485368677e-09
6.990000000000000000e+02 1.064688810242902584e-08
7.000000000000000000e+02 4.237709000462904676e-09
7.010000000000000000e+02 2.171120054606113738e-09
7.020000000000000000e+02 2.404085981160389641e-09
7.030000000000000000e+02 2.503576259759214796e-09
7.040000000000000000e+02 2.172729205186677167e-09
7.050000000000000000e+02 2.251000095553873409e-09
7.060000000000000000e+02 2.184090800559576413e-09
7.070000000000000000e+02 2.021810765225616062e-09
7.080000000000000000e+02 2.174482642674314104e-09
7.090000000000000000e+02 2.128969394507903465e-09
7.100000000000000000e+02 2.033915045582411764e-09
7.110000000000000000e+02 2.027954322014558288e-09
7.120000000000000000e+02 2.202230711829211710e-09
7.130000000000000000e+02 2.849032060653153918e-09
7.140000000000000000e+02 2.396953376956303987e-09
7.150000000000000000e+02 2.019098306229862872e-09
7.160000000000000000e+02 1.954171758286378384e-09
7.170000000000000000e+02 2.072849791941832159e-09
7.180000000000000000e+02 2.097978632024221517e-09
7.190000000000000000e+02 2.093696278465022331e-09
7.200000000000000000e+02 2.044729902596487889e-09
7.210000000000000000e+02 2.758287622942200521e-09
7.220000000000000000e+02 2.346391883361927431e-09
7.230000000000000000e+02 2.542384677163408075e-09
7.240000000000000000e+02 2.717560532963079608e-09
7.250000000000000000e+02 2.638602125181505991e-09
7.260000000000000000e+02 2.134969326962299384e-09
7.270000000000000000e+02 1.959877094501835070e-09
7.280000000000000000e+02 2.045947646590133242e-09
7.290000000000000000e+02 1.947954556411565728e-09
7.300000000000000000e+02 2.049466051605540548e-09
7.310000000000000000e+02 1.917241408141681434e-09
7.320000000000000000e+02 2.150015100520085338e-09
7.330000000000000000e+02 2.059385235744161282e-09
7.340000000000000000e+02 2.025230834958485193e-09
7.350000000000000000e+02 1.982026661818318803e-09
7.360000000000000000e+02 1.995229558688537037e-09
7.370000000000000000e+02 2.106483010516373202e-09
7.380000000000000000e+02 2.445778143614552828e-09
7.390000000000000000e+02 2.617506229882350462e-09
7.400000000000000000e+02 2.279251829704057159e-09
7.410000000000000000e+02 2.448944351473435075e-09
7.420000000000000000e+02 2.280790760736635369e-09
7.430000000000000000e+02 2.041053680413390907e-09
7.440000000000000000e+02 2.038569909305754069e-09
7.450000000000000000e+02 2.208392111941211489e-09
7.460000000000000000e+02 2.060615754902343548e-09
7.470000000000000000e+02 2.070570949782535984e-09
7.480000000000000000e+02 2.187712157780101379e-09
7.490000000000000000e+02 2.016160423439929430e-09
7.500000000000000000e+02 2.148119665322811658e-09
7.510000000000000000e+02 1.971246389568414833e-09
7.520000000000000000e+02 1.953560606027590479e-09
7.530000000000000000e+02 2.097128063596086874e-09
7.540000000000000000e+02 2.013662234734977930e-09
7.550000000000000000e+02 1.966903101819099266e-09
7.560000000000000000e+02 2.038972371846470667e-09
7.570000000000000000e+02 2.081337263242349443e-09
7.580000000000000000e+02 2.103273659105031197e-09
7.590000000000000000e+02 2.165608691336750429e-09
7.600000000000000000e+02 2.066710917062581716e-09
7.610000000000000000e+02 2.069700293473226182e-09
7.620000000000000000e+02 2.749688557299048546e-09
7.630000000000000000e+02 2.079729303729299535e-09
7.640000000000000000e+02 1.947942067009088318e-09
7.650000000000000000e+02 1.957391378388645493e-09
7.660000000000000000e+02 1.885365924450947306e-09
7.670000000000000000e+02 2.045612787433604064e-09
