0.000000000000000000e+00 1.777293422777737834e-04
1.000000000000000000e+00 7.236416317504368138e-05
2.000000000000000000e+00 7.760374156267344555e-05
3.000000000000000000e+00 5.958137546902194661e-05
4.000000000000000000e+00 3.487711172653131132e-05
5.000000000000000000e+00 2.970672107921857561e-05
6.000000000000000000e+00 8.801154960087133219e-05
7.000000000000000000e+00 6.115569370593703356e-05
8.000000000000000000e+00 3.377666124172220148e-05
9.000000000000000000e+00 2.537271667509103466e-05
1.000000000000000000e+01 2.734811206046426052e-05
1.100000000000000000e+01 2.601515791928801227e-05
1.200000000000000000e+01 3.420051369990798756e-05
1.300000000000000000e+01 4.127963204676059395e-05
1.400000000000000000e+01 3.437930025468705715e-05
1.500000000000000000e+01 2.669906316303987851e-05
1.600000000000000000e+01 3.084721123481100601e-05
1.700000000000000000e+01 5.375341470226155654e-05
1.800000000000000000e+01 3.421119835291115110e-05
1.900000000000000000e+01 2.686116746756562514e-05
2.000000000000000000e+01 3.295047665718763919e-05
2.100000000000000000e+01 2.887766666528241791e-05
2.200000000000000000e+01 3.288920059579652084e-05
2.300000000000000000e+01 2.811213902207092551e-05
2.400000000000000000e+01 3.367504148827685614e-05
2.500000000000000000e+01 2.919949654262156047e-05
2.600000000000000000e+01 3.065322280441658520e-05
2.700000000000000000e+01 2.792919888445575535e-05
2.800000000000000000e+01 2.059418093387842090e-05
2.900000000000000000e+01 1.728763996738474874e-05
3.000000000000000000e+01 1.553101821345446784e-05
3.100000000000000000e+01 1.752565374209898077e-05
3.200000000000000000e+01 1.908176484305456464e-05
3.300000000000000000e+01 2.793711222960016936e-05
3.400000000000000000e+01 1.656699606735081328e-05
3.500000000000000000e+01 2.733177628795495156e-05
3.600000000000000000e+01 2.063358314184179473e-05
3.700000000000000000e+01 2.036770478098973324e-05
3.800000000000000000e+01 1.884226124584192187e-05
3.900000000000000000e+01 2.374224785232948801e-05
4.000000000000000000e+01 2.205559394387314015e-05
4.100000000000000000e+01 2.172738951625864765e-05
4.200000000000000000e+01 2.084839363528634800e-05
4.300000000000000000e+01 2.778670333280969498e-05
4.400000000000000000e+01 1.439718053661254681e-05
4.500000000000000000e+01 1.441039587997217455e-05
4.600000000000000000e+01 1.501968897468483078e-05
4.700000000000000000e+01 2.261839884228301147e-05
4.800000000000000000e+01 2.055512123312457841e-05
4.900000000000000000e+01 1.815188073705370158e-05
5.000000000000000000e+01 1.970778143024059313e-05
5.100000000000000000e+01 1.970853951223066870e-05
5.200000000000000000e+01 1.409849553568741403e-05
5.300000000000000000e+01 1.328990566625799314e-05
5.400000000000000000e+01 1.396757992200346830e-05
5.500000000000000000e+01 1.734737512894946434e-05
5.600000000000000000e+01 1.207922319836421738e-05
5.700000000000000000e+01 1.427288969095984232e-05
5.800000000000000000e+01 1.573668592022959103e-05
5.900000000000000000e+01 1.381921340132783096e-05
6.000000000000000000e+01 1.760270218045067141e-05
6.100000000000000000e+01 1.194544853891678834e-05
6.200000000000000000e+01 1.270403695224166193e-05
6.300000000000000000e+01 1.872971614752969526e-05
6.400000000000000000e+01 1.340756779539970757e-05
6.500000000000000000e+01 2.139957088137892590e-05
6.600000000000000000e+01 1.186215360422568553e-05
6.700000000000000000e+01 1.377759112016830544e-05
6.800000000000000000e+01 1.147903466191944237e-05
6.900000000000000000e+01 1.021798673844492545e-05
7.000000000000000000e+01 1.033971601963778368e-05
7.100000000000000000e+01 1.625971959945456954e-05
7.200000000000000000e+01 1.168913014147407036e-05
7.300000000000000000e+01 1.314306641865216322e-05
7.400000000000000000e+01 1.329581843919278841e-05
7.500000000000000000e+01 1.411435842180696127e-05
7.600000000000000000e+01 1.447526353391515037e-05
7.700000000000000000e+01 1.367388288206472773e-05
7.800000000000000000e+01 1.184793065703883331e-05
7.900000000000000000e+01 9.761068722845224807e-06
8.000000000000000000e+01 1.002946341028174466e-05
8.100000000000000000e+01 1.268799837528755841e-05
8.200000000000000000e+01 1.854412169270336637e-05
8.300000000000000000e+01 1.232897256757264609e-05
8.400000000000000000e+01 1.217045150536717389e-05
8.500000000000000000e+01 1.086708471026597037e-05
8.600000000000000000e+01 1.626310176506601916e-05
8.700000000000000000e+01 1.200949648841583466e-05
8.800000000000000000e+01 8.241984384929185962e-06
8.900000000000000000e+01 8.201377194427383194e-06
9.000000000000000000e+01 8.650252181952866400e-06
9.100000000000000000e+01 7.511611463542340771e-06
9.200000000000000000e+01 7.145963862239124441e-06
9.300000000000000000e+01 9.739329670052303782e-06
9.400000000000000000e+01 8.819465979947548176e-06
9.500000000000000000e+01 8.776966933852151781e-06
9.600000000000000000e+01 1.127962089700727206e-05
9.700000000000000000e+01 1.049597742693192008e-05
9.800000000000000000e+01 7.893400034419728977e-06
9.900000000000000000e+01 7.318317090672985293e-06
1.000000000000000000e+02 1.051926274569657203e-05
1.010000000000000000e+02 1.104474816504455014e-05
1.020000000000000000e+02 1.208972764202666349e-05
1.030000000000000000e+02 1.080114247349772168e-05
1.040000000000000000e+02 1.240274865759965831e-05
1.050000000000000000e+02 1.001162012631260127e-05
1.060000000000000000e+02 9.029324276791994086e-06
1.070000000000000000e+02 9.644595010020251137e-06
1.080000000000000000e+02 7.965062687798719082e-06
1.090000000000000000e+02 7.928524579529206591e-06
1.100000000000000000e+02 8.050045060342514273e-06
1.110000000000000000e+02 9.813556208904806430e-06
1.120000000000000000e+02 7.946007454514690215e-06
1.130000000000000000e+02 7.082748329720515286e-06
1.140000000000000000e+02 9.882966558379823228e-06
1.150000000000000000e+02 6.752038530651515413e-06
1.160000000000000000e+02 6.731256128411837929e-06
1.170000000000000000e+02 6.768858180819753430e-06
1.180000000000000000e+02 8.195421011843465677e-06
1.190000000000000000e+02 8.772228983549727188e-06
1.200000000000000000e+02 9.307806792319515361e-06
1.210000000000000000e+02 9.215406018818381547e-06
1.220000000000000000e+02 1.002619436585135072e-05
1.230000000000000000e+02 8.079281047322702878e-06
1.240000000000000000e+02 8.384153670002801974e-06
1.250000000000000000e+02 8.845200684394142191e-06
1.260000000000000000e+02 1.057265199454910238e-05
1.270000000000000000e+02 7.279395197354999524e-06
1.280000000000000000e+02 7.027602505124210967e-06
1.290000000000000000e+02 8.069209137858042864e-06
1.300000000000000000e+02 7.472760667078607613e-06
1.310000000000000000e+02 1.111188172011034980e-05
1.320000000000000000e+02 7.853097761366661995e-06
1.330000000000000000e+02 6.438194414288823729e-06
1.340000000000000000e+02 6.986921350907623456e-06
1.350000000000000000e+02 7.134981795529688251e-06
1.360000000000000000e+02 5.614255295473947029e-06
1.370000000000000000e+02 8.241381078544215025e-06
1.380000000000000000e+02 6.668262765147183510e-06
1.390000000000000000e+02 9.677473719087869661e-06
1.400000000000000000e+02 7.348797836165776245e-06
1.410000000000000000e+02 8.047221911782611196e-06
1.420000000000000000e+02 5.657810859056043899e-06
1.430000000000000000e+02 6.374236826101937307e-06
1.440000000000000000e+02 7.127671960419565377e-06
1.450000000000000000e+02 5.951927229808569307e-06
1.460000000000000000e+02 6.811423661105780738e-06
1.470000000000000000e+02 5.961449921133662156e-06
1.480000000000000000e+02 6.407518411918440404e-06
1.490000000000000000e+02 4.981749221793814526e-06
1.500000000000000000e+02 5.065510061202781386e-06
1.510000000000000000e+02 5.508562828258138713e-06
1.520000000000000000e+02 5.378850467339319142e-06
1.530000000000000000e+02 8.177308330625369484e-06
1.540000000000000000e+02 7.158008366385909031e-06
1.550000000000000000e+02 5.576946691432771990e-06
1.560000000000000000e+02 7.126701046413531305e-06
1.570000000000000000e+02 6.985837244493367992e-06
1.580000000000000000e+02 7.905909005358402862e-06
1.590000000000000000e+02 7.104853899368212103e-06
1.600000000000000000e+02 6.319957339521562221e-06
1.610000000000000000e+02 6.576444710136004717e-06
1.620000000000000000e+02 7.608671108658338048e-06
1.630000000000000000e+02 8.043791511886563321e-06
1.640000000000000000e+02 5.743162950595401466e-06
1.650000000000000000e+02 6.905350149350809172e-06
1.660000000000000000e+02 7.234205894867557098e-06
1.670000000000000000e+02 6.568423848955690101e-06
1.680000000000000000e+02 6.079034036679328851e-06
1.690000000000000000e+02 5.583264933120989481e-06
1.700000000000000000e+02 5.297429024598671587e-06
1.710000000000000000e+02 6.919381455031100874e-06
1.720000000000000000e+02 5.937856199563116367e-06
1.730000000000000000e+02 4.971507798975257092e-06
1.740000000000000000e+02 6.692231087188180086e-06
1.750000000000000000e+02 8.468965416751576198e-06
1.760000000000000000e+02 4.630709603524651977e-06
1.770000000000000000e+02 4.496882363279075928e-06
1.780000000000000000e+02 4.314866802782354819e-06
1.790000000000000000e+02 5.130248584145519071e-06
1.800000000000000000e+02 5.387839444282204952e-06
1.810000000000000000e+02 4.129722150523551615e-06
1.820000000000000000e+02 3.751231892923732881e-06
1.830000000000000000e+02 4.686005684365490036e-06
1.840000000000000000e+02 4.381291952616499709e-06
1.850000000000000000e+02 4.856926311969167767e-06
1.860000000000000000e+02 5.093246397210939430e-06
1.870000000000000000e+02 4.570005694806823428e-06
1.880000000000000000e+02 5.437593970773713964e-06
1.890000000000000000e+02 6.463711417517618300e-06
1.900000000000000000e+02 4.961973324771376278e-06
1.910000000000000000e+02 6.450590963557023324e-06
1.920000000000000000e+02 4.855425990688545215e-06
1.930000000000000000e+02 5.520122774709731147e-06
1.940000000000000000e+02 4.808433617330040316e-06
1.950000000000000000e+02 5.443368566335810398e-06
1.960000000000000000e+02 4.423240742803991861e-06
1.970000000000000000e+02 4.699268084404875717e-06
1.980000000000000000e+02 4.047679777077284163e-06
1.990000000000000000e+02 3.989301281325435944e-06
2.000000000000000000e+02 4.712192829989201177e-06
2.010000000000000000e+02 3.762316828164361679e-06
2.020000000000000000e+02 5.686620264198878817e-06
2.030000000000000000e+02 5.253597857272274653e-06
2.040000000000000000e+02 4.016268393760699959e-06
2.050000000000000000e+02 4.174158051998635084e-06
2.060000000000000000e+02 3.930664861178572146e-06
2.070000000000000000e+02 3.835323299098666068e-06
2.080000000000000000e+02 4.194202775190805200e-06
2.090000000000000000e+02 5.291942941401314806e-06
2.100000000000000000e+02 4.966386157977978391e-06
2.110000000000000000e+02 3.693693939902534389e-06
2.120000000000000000e+02 4.558575873113050846e-06
2.130000000000000000e+02 3.927923812536684834e-06
2.140000000000000000e+02 4.344768160939133390e-06
2.150000000000000000e+02 4.251734007047173488e-06
2.160000000000000000e+02 3.815046416329910573e-06
2.170000000000000000e+02 4.806692566561362193e-06
2.180000000000000000e+02 4.001452796347296226e-06
2.190000000000000000e+02 3.393411813773277509e-06
2.200000000000000000e+02 3.763136829721459993e-06
2.210000000000000000e+02 4.519946143520155213e-06
2.220000000000000000e+02 3.998290507413227442e-06
2.230000000000000000e+02 3.391322437881483056e-06
2.240000000000000000e+02 3.486120501627755283e-06
2.250000000000000000e+02 3.670954741330049060e-06
2.260000000000000000e+02 3.450587881433078231e-06
2.270000000000000000e+02 4.320201174493396662e-06
2.280000000000000000e+02 3.672353518612421690e-06
2.290000000000000000e+02 5.278592127540580325e-06
2.300000000000000000e+02 4.048034170560065918e-06
2.310000000000000000e+02 3.885089226713141564e-06
2.320000000000000000e+02 3.779667823446987605e-06
2.330000000000000000e+02 3.784788604731119787e-06
2.340000000000000000e+02 3.834421580172806594e-06
2.350000000000000000e+02 3.375388393572559589e-06
2.360000000000000000e+02 3.979940858686221609e-06
2.370000000000000000e+02 3.537791588517420465e-06
2.380000000000000000e+02 3.221721252414959761e-06
2.390000000000000000e+02 3.589952324045282588e-06
2.400000000000000000e+02 3.848809796154906086e-06
2.410000000000000000e+02 4.093167714317450614e-06
2.420000000000000000e+02 3.560711209131548833e-06
2.430000000000000000e+02 3.302543840718874253e-06
2.440000000000000000e+02 3.715921663393664692e-06
2.450000000000000000e+02 3.311731103574297074e-06
2.460000000000000000e+02 3.862909237700775183e-06
2.470000000000000000e+02 3.567347138013507025e-06
2.480000000000000000e+02 3.395490397123059630e-06
2.490000000000000000e+02 3.336401321807682303e-06
2.500000000000000000e+02 3.195368301180136839e-06
2.510000000000000000e+02 3.214381656603283586e-06
2.520000000000000000e+02 3.410180064729250132e-06
2.530000000000000000e+02 3.451844198005871797e-06
2.540000000000000000e+02 3.262573194497110789e-06
2.550000000000000000e+02 3.519379534689998342e-06
2.560000000000000000e+02 3.386409598580137284e-06
2.570000000000000000e+02 3.295760863195216821e-06
2.580000000000000000e+02 3.572274073569855341e-06
2.590000000000000000e+02 3.135704880121696421e-06
2.600000000000000000e+02 3.207830316487485970e-06
2.610000000000000000e+02 3.259922819296607002e-06
2.620000000000000000e+02 3.694563075399500285e-06
2.630000000000000000e+02 3.155687747011223441e-06
2.640000000000000000e+02 3.252523152351176799e-06
2.650000000000000000e+02 3.123220496597397763e-06
2.660000000000000000e+02 3.151651727099718806e-06
2.670000000000000000e+02 3.232977114289407013e-06
2.680000000000000000e+02 3.614177188614939883e-06
2.690000000000000000e+02 3.676953227285419147e-06
2.700000000000000000e+02 3.559799937827961448e-06
2.710000000000000000e+02 4.107390386180145603e-06
2.720000000000000000e+02 3.652788409924879702e-06
2.730000000000000000e+02 3.106496357203547573e-06
2.740000000000000000e+02 3.129636099624984367e-06
2.750000000000000000e+02 3.185460607041277791e-06
2.760000000000000000e+02 3.013687881706006645e-06
2.770000000000000000e+02 3.000682734638140400e-06
2.780000000000000000e+02 2.989184937128303891e-06
2.790000000000000000e+02 3.126613929357877219e-06
2.800000000000000000e+02 3.302172121618931950e-06
2.810000000000000000e+02 3.031086685013317010e-06
2.820000000000000000e+02 3.373799152338248304e-06
2.830000000000000000e+02 3.316949086835742348e-06
2.840000000000000000e+02 3.197414704745159083e-06
2.850000000000000000e+02 3.158695962279273855e-06
2.860000000000000000e+02 3.076627194990096469e-06
2.870000000000000000e+02 3.362072766873671350e-06
2.880000000000000000e+02 3.256333446996212439e-06
2.890000000000000000e+02 3.205292210264731201e-06
2.900000000000000000e+02 3.001531869099521568e-06
2.910000000000000000e+02 3.655133569658726158e-06
2.920000000000000000e+02 3.688449720315589720e-06
2.930000000000000000e+02 3.472423094559186708e-06
2.940000000000000000e+02 3.772716168527704589e-06
2.950000000000000000e+02 3.137152592154269458e-06
2.960000000000000000e+02 3.253936018811414246e-06
2.970000000000000000e+02 3.019942062661465807e-06
2.980000000000000000e+02 2.961443699526782441e-06
2.990000000000000000e+02 3.132624407148845713e-06
3.000000000000000000e+02 2.922599018724329865e-06
3.010000000000000000e+02 3.055502907466115740e-06
3.020000000000000000e+02 3.024248345900407587e-06
3.030000000000000000e+02 3.054139622898399205e-06
3.040000000000000000e+02 3.130215433894929362e-06
3.050000000000000000e+02 3.349113183587069969e-06
3.060000000000000000e+02 3.539538547069324054e-06
3.070000000000000000e+02 3.209160316450148625e-06
3.080000000000000000e+02 2.944509371911570653e-06
3.090000000000000000e+02 3.030331075188160520e-06
3.100000000000000000e+02 3.834845856703083523e-06
3.110000000000000000e+02 3.539599534021326345e-06
3.120000000000000000e+02 3.184803920929961088e-06
3.130000000000000000e+02 2.952734988862618340e-06
3.140000000000000000e+02 2.992398296744749584e-06
3.150000000000000000e+02 2.985258664505969634e-06
3.160000000000000000e+02 3.021806051009521550e-06
3.170000000000000000e+02 3.115844968974939107e-06
3.180000000000000000e+02 3.654375613900055997e-06
3.190000000000000000e+02 3.075638401784079448e-06
3.200000000000000000e+02 2.868450734385859879e-06
3.210000000000000000e+02 3.081392324931693413e-06
3.220000000000000000e+02 2.910808323522230072e-06
3.230000000000000000e+02 2.862334710199014224e-06
3.240000000000000000e+02 3.313651751167890958e-06
3.250000000000000000e+02 3.237533604875565521e-06
3.260000000000000000e+02 3.314504273361203571e-06
3.270000000000000000e+02 2.802038408953821790e-06
3.280000000000000000e+02 2.863450004912652268e-06
3.290000000000000000e+02 3.000763526939481687e-06
3.300000000000000000e+02 3.491540796829636709e-06
3.310000000000000000e+02 3.091573935638820995e-06
3.320000000000000000e+02 3.041125124854521634e-06
3.330000000000000000e+02 2.916933977385698870e-06
3.340000000000000000e+02 2.920254195392300541e-06
3.350000000000000000e+02 2.914887359581305397e-06
3.360000000000000000e+02 2.953262271298996061e-06
3.370000000000000000e+02 3.019608408573888400e-06
3.380000000000000000e+02 2.979049722812872037e-06
3.390000000000000000e+02 3.213454312364718507e-06
3.400000000000000000e+02 2.945918559427686965e-06
3.410000000000000000e+02 2.992543568924369392e-06
3.420000000000000000e+02 3.020527035375941227e-06
3.430000000000000000e+02 2.896620907522722734e-06
3.440000000000000000e+02 2.826285336813739160e-06
3.450000000000000000e+02 2.896585256553526100e-06
3.460000000000000000e+02 2.969910474416693857e-06
3.470000000000000000e+02 3.137365722530952208e-06
3.480000000000000000e+02 2.924735587284592644e-06
3.490000000000000000e+02 2.828514366185963459e-06
3.500000000000000000e+02 2.838432405088017657e-06
3.510000000000000000e+02 3.155070937098897031e-06
3.520000000000000000e+02 2.987180882645809539e-06
3.530000000000000000e+02 2.935798414242925113e-06
3.540000000000000000e+02 2.758786939930336424e-06
3.550000000000000000e+02 2.813937093445752412e-06
3.560000000000000000e+02 2.690175392266397559e-06
3.570000000000000000e+02 2.812424015686494303e-06
3.580000000000000000e+02 2.832632890018583773e-06
3.590000000000000000e+02 3.121378909853788804e-06
3.600000000000000000e+02 3.101183397651273331e-06
3.610000000000000000e+02 2.743126631605641456e-06
3.620000000000000000e+02 2.740774221391455068e-06
3.630000000000000000e+02 2.913952731745461545e-06
3.640000000000000000e+02 3.006760846098669396e-06
3.650000000000000000e+02 2.810890699888491703e-06
3.660000000000000000e+02 2.779746049196789372e-06
3.670000000000000000e+02 2.761004900450350796e-06
3.680000000000000000e+02 2.737965766229769114e-06
3.690000000000000000e+02 2.815825704903504068e-06
3.700000000000000000e+02 2.743650859300098929e-06
3.710000000000000000e+02 2.725840434409289438e-06
3.720000000000000000e+02 2.929292241757746116e-06
3.730000000000000000e+02 2.854244527288551916e-06
3.740000000000000000e+02 2.724204479979735426e-06
3.750000000000000000e+02 2.835793999074427049e-06
3.760000000000000000e+02 2.767734496861523113e-06
3.770000000000000000e+02 2.834822775010496515e-06
3.780000000000000000e+02 2.693579382599575969e-06
3.790000000000000000e+02 2.666584879503977307e-06
3.800000000000000000e+02 2.723140085218163773e-06
3.810000000000000000e+02 2.820574188964971812e-06
3.820000000000000000e+02 2.952596622269766584e-06
3.830000000000000000e+02 2.830610458865229842e-06
3.840000000000000000e+02 2.826253273451613146e-06
3.850000000000000000e+02 2.776583185515131674e-06
3.860000000000000000e+02 2.822181917278946798e-06
3.870000000000000000e+02 2.760853961736201940e-06
3.880000000000000000e+02 2.735477498960480528e-06
3.890000000000000000e+02 2.716616073720740472e-06
3.900000000000000000e+02 2.768910995143002501e-06
3.910000000000000000e+02 2.700388057731860814e-06
3.920000000000000000e+02 2.821106071971094557e-06
3.930000000000000000e+02 2.938375238707241874e-06
3.940000000000000000e+02 2.745685989267912842e-06
3.950000000000000000e+02 2.658679994532733868e-06
3.960000000000000000e+02 2.781463323751274189e-06
3.970000000000000000e+02 2.657978411332042780e-06
3.980000000000000000e+02 2.720352821133703826e-06
3.990000000000000000e+02 2.774630588059921307e-06
4.000000000000000000e+02 2.998129508025840470e-06
4.010000000000000000e+02 3.036245095486739054e-06
4.020000000000000000e+02 2.824520029566973298e-06
4.030000000000000000e+02 2.622849845920503716e-06
4.040000000000000000e+02 2.854129420472218660e-06
4.050000000000000000e+02 2.634656396612564657e-06
4.060000000000000000e+02 2.597880376594329251e-06
4.070000000000000000e+02 2.670570045592244558e-06
4.080000000000000000e+02 2.713805969021667224e-06
4.090000000000000000e+02 2.678195816967711534e-06
4.100000000000000000e+02 2.710439030474971864e-06
4.110000000000000000e+02 2.789477965636641125e-06
4.120000000000000000e+02 2.689607500929262633e-06
4.130000000000000000e+02 2.748512798733927444e-06
4.140000000000000000e+02 2.686132966479409999e-06
4.150000000000000000e+02 2.619969461798346319e-06
4.160000000000000000e+02 2.689085347806689307e-06
4.170000000000000000e+02 2.670811931011949612e-06
4.180000000000000000e+02 2.717073397891708169e-06
4.190000000000000000e+02 2.743480394537763324e-06
4.200000000000000000e+02 2.707007317687079510e-06
4.210000000000000000e+02 2.773474049025778590e-06
4.220000000000000000e+02 2.938312268234812276e-06
4.230000000000000000e+02 2.851065314185848631e-06
4.240000000000000000e+02 2.781555220556154162e-06
4.250000000000000000e+02 2.628342674398351867e-06
4.260000000000000000e+02 2.645122545116009029e-06
4.270000000000000000e+02 2.769933225262227928e-06
4.280000000000000000e+02 2.832492143422654160e-06
4.290000000000000000e+02 2.867495561996765462e-06
4.300000000000000000e+02 2.751555585209542163e-06
4.310000000000000000e+02 2.706130799718051680e-06
4.320000000000000000e+02 2.650513576057167508e-06
4.330000000000000000e+02 2.660273582881568024e-06
4.340000000000000000e+02 2.634961379655494609e-06
4.350000000000000000e+02 2.667183466564455567e-06
4.360000000000000000e+02 2.724890485452204688e-06
4.370000000000000000e+02 2.742517042296119529e-06
4.380000000000000000e+02 2.722390290035880005e-06
4.390000000000000000e+02 2.592907002557133353e-06
4.400000000000000000e+02 2.679839591209327986e-06
4.410000000000000000e+02 2.705082073237695473e-06
4.420000000000000000e+02 2.687561742005549156e-06
4.430000000000000000e+02 2.633259175843515730e-06
4.440000000000000000e+02 2.654893694763744176e-06
4.450000000000000000e+02 2.684001912348062990e-06
4.460000000000000000e+02 2.769758256253483418e-06
4.470000000000000000e+02 2.597706666182314063e-06
4.480000000000000000e+02 2.666861403101614837e-06
4.490000000000000000e+02 2.663379423439567948e-06
4.500000000000000000e+02 2.586154864008467863e-06
4.510000000000000000e+02 2.647147860786816531e-06
4.520000000000000000e+02 2.679764882614511005e-06
4.530000000000000000e+02 2.757387019639548504e-06
4.540000000000000000e+02 2.841964479334824144e-06
4.550000000000000000e+02 2.681712448032580205e-06
4.560000000000000000e+02 2.624939894467393347e-06
4.570000000000000000e+02 2.585147788824411404e-06
4.580000000000000000e+02 2.638323507706942637e-06
4.590000000000000000e+02 2.623880299845530933e-06
4.600000000000000000e+02 2.604629977433207186e-06
4.610000000000000000e+02 2.614877181024466829e-06
4.620000000000000000e+02 2.662288978139114518e-06
4.630000000000000000e+02 2.583704093778977508e-06
4.640000000000000000e+02 2.629530575381730681e-06
4.650000000000000000e+02 2.626285737017115560e-06
4.660000000000000000e+02 2.664607463504529607e-06
4.670000000000000000e+02 2.587378795254775488e-06
4.680000000000000000e+02 2.618613637373355638e-06
4.690000000000000000e+02 2.635043335742650474e-06
4.700000000000000000e+02 2.677034755916122805e-06
4.710000000000000000e+02 2.662849657840042991e-06
4.720000000000000000e+02 2.731941932808850513e-06
4.730000000000000000e+02 2.620292673205247652e-06
4.740000000000000000e+02 2.677176152747333635e-06
4.750000000000000000e+02 2.569532781811097505e-06
4.760000000000000000e+02 2.634607756825384814e-06
4.770000000000000000e+02 2.661631199437491935e-06
4.780000000000000000e+02 2.698568788587992644e-06
4.790000000000000000e+02 2.545883782659895720e-06
4.800000000000000000e+02 2.671519844690037666e-06
4.810000000000000000e+02 2.765323828997200935e-06
4.820000000000000000e+02 2.667213626822799907e-06
4.830000000000000000e+02 2.607854878989844034e-06
4.840000000000000000e+02 2.621348700330269422e-06
4.850000000000000000e+02 2.669735476984389057e-06
4.860000000000000000e+02 2.624745489788695872e-06
4.870000000000000000e+02 2.557011717200923289e-06
4.880000000000000000e+02 2.600596449121485558e-06
4.890000000000000000e+02 2.647766058469457627e-06
4.900000000000000000e+02 2.580565966289482731e-06
4.910000000000000000e+02 2.695322727686583536e-06
4.920000000000000000e+02 2.548714114588078463e-06
4.930000000000000000e+02 2.617812241447593375e-06
4.940000000000000000e+02 2.622206514167959626e-06
4.950000000000000000e+02 2.657454730755859031e-06
4.960000000000000000e+02 2.639345551490155137e-06
4.970000000000000000e+02 2.696246122366364124e-06
4.980000000000000000e+02 2.591619415677285544e-06
4.990000000000000000e+02 2.614604293796855703e-06
5.000000000000000000e+02 2.688063826082484921e-06
5.010000000000000000e+02 2.553254990301396100e-06
5.020000000000000000e+02 2.614204350955319121e-06
5.030000000000000000e+02 2.591210840552040386e-06
5.040000000000000000e+02 2.520121435525663308e-06
5.050000000000000000e+02 2.546526433470921683e-06
5.060000000000000000e+02 2.601854100659926299e-06
5.070000000000000000e+02 2.613478776333153021e-06
5.080000000000000000e+02 2.580280337163773211e-06
5.090000000000000000e+02 2.599817971734738131e-06
5.100000000000000000e+02 2.575667272137501861e-06
5.110000000000000000e+02 2.683052332986553325e-06
5.120000000000000000e+02 2.579799889307010242e-06
5.130000000000000000e+02 2.576650440912705571e-06
5.140000000000000000e+02 2.567476252843449808e-06
5.150000000000000000e+02 2.580722702056225727e-06
5.160000000000000000e+02 2.793084284770472759e-06
5.170000000000000000e+02 2.546851876136484160e-06
5.180000000000000000e+02 2.618768658502113342e-06
5.190000000000000000e+02 2.552338483448412519e-06
5.200000000000000000e+02 2.612071758565052914e-06
5.210000000000000000e+02 2.546096542410749164e-06
5.220000000000000000e+02 2.588774079378206338e-06
5.230000000000000000e+02 2.555731792937104808e-06
5.240000000000000000e+02 2.582439077361441051e-06
5.250000000000000000e+02 2.604089684991640992e-06
5.260000000000000000e+02 2.630318477649283833e-06
5.270000000000000000e+02 2.581177493664608673e-06
5.280000000000000000e+02 2.628734437552267397e-06
5.290000000000000000e+02 2.597677242249363064e-06
5.300000000000000000e+02 2.689602201544468424e-06
