0.000000000000000000e+00 2.094533020560073919e-04
1.000000000000000000e+00 1.217506144733875555e-04
2.000000000000000000e+00 7.693379497502930426e-05
3.000000000000000000e+00 5.601742328001574952e-05
4.000000000000000000e+00 3.497647044812790789e-05
5.000000000000000000e+00 4.948447215724027613e-05
6.000000000000000000e+00 3.678064074895358700e-05
7.000000000000000000e+00 4.100116853641845284e-05
8.000000000000000000e+00 3.248802921882351885e-05
9.000000000000000000e+00 2.404675116580500622e-05
1.000000000000000000e+01 2.582765507049995181e-05
1.100000000000000000e+01 2.756701938925595007e-05
1.200000000000000000e+01 2.616806895359352080e-05
1.300000000000000000e+01 3.024566541446844570e-05
1.400000000000000000e+01 2.749157255085635040e-05
1.500000000000000000e+01 2.876583448275818626e-05
1.600000000000000000e+01 2.926275429106955486e-05
1.700000000000000000e+01 3.132402980986403660e-05
1.800000000000000000e+01 2.545325175324068240e-05
1.900000000000000000e+01 2.902509006839335375e-05
2.000000000000000000e+01 2.238353703843931530e-05
2.100000000000000000e+01 2.463907081800169655e-05
2.200000000000000000e+01 1.618706615647220990e-05
2.300000000000000000e+01 1.990264204478584697e-05
2.400000000000000000e+01 3.255494658341084391e-05
2.500000000000000000e+01 2.246840427047934899e-05
2.600000000000000000e+01 2.983620422873930431e-05
2.700000000000000000e+01 3.705655896243629252e-05
2.800000000000000000e+01 3.054527665333177383e-05
2.900000000000000000e+01 1.943788108567208396e-05
3.000000000000000000e+01 1.591886608221427282e-05
3.100000000000000000e+01 1.856042301830894135e-05
3.200000000000000000e+01 1.912116678438899203e-05
3.300000000000000000e+01 1.863128260570887947e-05
3.400000000000000000e+01 1.709151895002049152e-05
3.500000000000000000e+01 2.126338579941113819e-05
3.600000000000000000e+01 2.530677826221892310e-05
3.700000000000000000e+01 3.329294128593646260e-05
3.800000000000000000e+01 2.975631773349284091e-05
3.900000000000000000e+01 3.278565856923936996e-05
4.000000000000000000e+01 1.520677458049417802e-05
4.100000000000000000e+01 1.443866797678662194e-05
4.200000000000000000e+01 1.684880940246996644e-05
4.300000000000000000e+01 2.967522725451673165e-05
4.400000000000000000e+01 1.818037498389501823e-05
4.500000000000000000e+01 1.616998204478144280e-05
4.600000000000000000e+01 1.017595953093874545e-05
4.700000000000000000e+01 1.172472839015640592e-05
4.800000000000000000e+01 1.622731070514420548e-05
4.900000000000000000e+01 1.626937346025335296e-05
5.000000000000000000e+01 1.237564091337885604e-05
5.100000000000000000e+01 1.349645025536860581e-05
5.200000000000000000e+01 1.459605266357776861e-05
5.300000000000000000e+01 1.665974010365393085e-05
5.400000000000000000e+01 1.860494969209148443e-05
5.500000000000000000e+01 1.770324486416645243e-05
5.600000000000000000e+01 1.335322263985816632e-05
5.700000000000000000e+01 8.990580242699427351e-06
5.800000000000000000e+01 1.040788286055336492e-05
5.900000000000000000e+01 1.067000924506622431e-05
6.000000000000000000e+01 9.908868010493237353e-06
6.100000000000000000e+01 9.313066194700466400e-06
6.200000000000000000e+01 9.356516860762710685e-06
6.300000000000000000e+01 1.146999309038175225e-05
6.400000000000000000e+01 1.415291231542220224e-05
6.500000000000000000e+01 1.361804489310228940e-05
6.600000000000000000e+01 1.071480613981127103e-05
6.700000000000000000e+01 1.234308783141686138e-05
6.800000000000000000e+01 1.235054169139534108e-05
6.900000000000000000e+01 1.557638509717459901e-05
7.000000000000000000e+01 1.391277029504447891e-05
7.100000000000000000e+01 1.150484678949551994e-05
7.200000000000000000e+01 1.178733458975194736e-05
7.300000000000000000e+01 1.205137529989644102e-05
7.400000000000000000e+01 9.161070149524775318e-06
7.500000000000000000e+01 8.587255377771952952e-06
7.600000000000000000e+01 7.889741510797747539e-06
7.700000000000000000e+01 6.153107831092652420e-06
7.800000000000000000e+01 7.767656047886790650e-06
7.900000000000000000e+01 6.677457064459985599e-06
8.000000000000000000e+01 7.205972440667483239e-06
8.100000000000000000e+01 8.376098386704862719e-06
8.200000000000000000e+01 7.053485349927559948e-06
8.300000000000000000e+01 6.824674266202557443e-06
8.400000000000000000e+01 8.378413992262231285e-06
8.500000000000000000e+01 8.944555176170051938e-06
8.600000000000000000e+01 8.711407597797192327e-06
8.700000000000000000e+01 7.327615178766467988e-06
8.800000000000000000e+01 7.500911659710131764e-06
8.900000000000000000e+01 1.095000979922545037e-05
9.000000000000000000e+01 7.958314184222037294e-06
9.100000000000000000e+01 6.854696924493450110e-06
9.200000000000000000e+01 7.003020932658288414e-06
9.300000000000000000e+01 8.445187924404009173e-06
9.400000000000000000e+01 8.234410036582139354e-06
9.500000000000000000e+01 7.852032584505679508e-06
9.600000000000000000e+01 1.126324799315115296e-05
9.700000000000000000e+01 7.293505921487917567e-06
9.800000000000000000e+01 8.399636067694688651e-06
9.900000000000000000e+01 9.856673129504943702e-06
1.000000000000000000e+02 1.079618025344347968e-05
1.010000000000000000e+02 6.120472226047144941e-06
1.020000000000000000e+02 6.668999337777038848e-06
1.030000000000000000e+02 7.078653070345317439e-06
1.040000000000000000e+02 7.326532661772122060e-06
1.050000000000000000e+02 9.398194686627136063e-06
1.060000000000000000e+02 8.265333856498137828e-06
1.070000000000000000e+02 6.634953295029391712e-06
1.080000000000000000e+02 8.829370964351709923e-06
1.090000000000000000e+02 1.004748494878937793e-05
1.100000000000000000e+02 8.079103293678406743e-06
1.110000000000000000e+02 5.776768971400188867e-06
1.120000000000000000e+02 6.978593623439443906e-06
1.130000000000000000e+02 6.182190021578216012e-06
1.140000000000000000e+02 6.388432471802730002e-06
1.150000000000000000e+02 8.256514296710904416e-06
1.160000000000000000e+02 8.176502647788796415e-06
1.170000000000000000e+02 1.048912497110464598e-05
1.180000000000000000e+02 9.160772879717997649e-06
1.190000000000000000e+02 7.476156569942430873e-06
1.200000000000000000e+02 6.523031717097976109e-06
1.210000000000000000e+02 6.398545147910364115e-06
1.220000000000000000e+02 5.728831661868043253e-06
1.230000000000000000e+02 6.523936450303038952e-06
1.240000000000000000e+02 6.823176856050340081e-06
1.250000000000000000e+02 7.451250516179364084e-06
1.260000000000000000e+02 6.053583260319724227e-06
1.270000000000000000e+02 7.444083791126947983e-06
1.280000000000000000e+02 1.132105211714120861e-05
1.290000000000000000e+02 8.481586144190722131e-06
1.300000000000000000e+02 6.699512685222055762e-06
1.310000000000000000e+02 7.016775661391552844e-06
1.320000000000000000e+02 8.260608413228701514e-06
1.330000000000000000e+02 5.885353746306064495e-06
1.340000000000000000e+02 6.653776191842370311e-06
1.350000000000000000e+02 6.469887108639384427e-06
1.360000000000000000e+02 6.030961586043823509e-06
1.370000000000000000e+02 5.683681911768009459e-06
1.380000000000000000e+02 6.584276350256032413e-06
1.390000000000000000e+02 7.579041590969831629e-06
1.400000000000000000e+02 6.643206101444261354e-06
1.410000000000000000e+02 6.933790854841625985e-06
1.420000000000000000e+02 6.895150819547881310e-06
1.430000000000000000e+02 7.339430771413580256e-06
1.440000000000000000e+02 5.833767656625348689e-06
1.450000000000000000e+02 5.555386435881661583e-06
1.460000000000000000e+02 7.140074750409311449e-06
1.470000000000000000e+02 7.581441089570697161e-06
1.480000000000000000e+02 6.049766592041391132e-06
1.490000000000000000e+02 6.390683821071832773e-06
1.500000000000000000e+02 5.920216904705706342e-06
1.510000000000000000e+02 6.705000826187710546e-06
1.520000000000000000e+02 5.395902785312760690e-06
1.530000000000000000e+02 5.236995701183860756e-06
1.540000000000000000e+02 5.254294712413367445e-06
1.550000000000000000e+02 6.437209896473140185e-06
1.560000000000000000e+02 6.525934369021997563e-06
1.570000000000000000e+02 5.803088098448471118e-06
1.580000000000000000e+02 5.973594531013678347e-06
1.590000000000000000e+02 6.559706470845392271e-06
1.600000000000000000e+02 5.376673871205726829e-06
1.610000000000000000e+02 5.986741714946997356e-06
1.620000000000000000e+02 5.748347968234341009e-06
1.630000000000000000e+02 5.291888604331087238e-06
1.640000000000000000e+02 5.414273721388101867e-06
1.650000000000000000e+02 5.501151959106016188e-06
1.660000000000000000e+02 5.990240865669611049e-06
1.670000000000000000e+02 6.304724717880997006e-06
1.680000000000000000e+02 6.544583287275855790e-06
1.690000000000000000e+02 5.211347093133448372e-06
1.700000000000000000e+02 6.153823153281082675e-06
1.710000000000000000e+02 5.519080488347864330e-06
1.720000000000000000e+02 5.874256554307312421e-06
1.730000000000000000e+02 5.929055158434587068e-06
1.740000000000000000e+02 5.452338129881205658e-06
1.750000000000000000e+02 5.927579983136249195e-06
1.760000000000000000e+02 5.152851384438393838e-06
1.770000000000000000e+02 5.352846885470617807e-06
1.780000000000000000e+02 4.897771221470006338e-06
1.790000000000000000e+02 4.918531154199543745e-06
1.800000000000000000e+02 4.442590722439237879e-06
1.810000000000000000e+02 5.378719670133735754e-06
1.820000000000000000e+02 5.740070233275606117e-06
1.830000000000000000e+02 4.859387802174686165e-06
1.840000000000000000e+02 4.647799788206889776e-06
1.850000000000000000e+02 5.194778499055521998e-06
1.860000000000000000e+02 4.979227787377026023e-06
1.870000000000000000e+02 5.295049323920152646e-06
1.880000000000000000e+02 5.048350179245656104e-06
1.890000000000000000e+02 5.297991227387086830e-06
1.900000000000000000e+02 5.718212433199423155e-06
1.910000000000000000e+02 5.649721408076630258e-06
1.920000000000000000e+02 5.093611093345638712e-06
1.930000000000000000e+02 5.135559087654975783e-06
1.940000000000000000e+02 4.716655051228244659e-06
1.950000000000000000e+02 4.758656086919195932e-06
1.960000000000000000e+02 4.799373255684460455e-06
1.970000000000000000e+02 4.948252648793549473e-06
1.980000000000000000e+02 4.891137511234875327e-06
1.990000000000000000e+02 5.395109613841852765e-06
2.000000000000000000e+02 5.060995663517700138e-06
2.010000000000000000e+02 4.763616250584680464e-06
2.020000000000000000e+02 4.764263984243225583e-06
2.030000000000000000e+02 4.958842694440285117e-06
2.040000000000000000e+02 5.707738377294073942e-06
2.050000000000000000e+02 5.529965090718670810e-06
2.060000000000000000e+02 5.293693551854702652e-06
2.070000000000000000e+02 4.668170053846200464e-06
2.080000000000000000e+02 4.879685088845016332e-06
2.090000000000000000e+02 4.581584937985817804e-06
2.100000000000000000e+02 4.924739160212071012e-06
2.110000000000000000e+02 5.273303164126118144e-06
2.120000000000000000e+02 4.890565078141246109e-06
2.130000000000000000e+02 4.870992095424882155e-06
2.140000000000000000e+02 4.649777690315472446e-06
2.150000000000000000e+02 4.672408283523176696e-06
2.160000000000000000e+02 5.211851688347582619e-06
2.170000000000000000e+02 5.086665161142794590e-06
2.180000000000000000e+02 5.038489460252369663e-06
2.190000000000000000e+02 5.090065681565158276e-06
2.200000000000000000e+02 4.893406397632186258e-06
2.210000000000000000e+02 4.734645947768040637e-06
2.220000000000000000e+02 4.378993155681727448e-06
2.230000000000000000e+02 4.938986182323296082e-06
2.240000000000000000e+02 4.709372693442562973e-06
2.250000000000000000e+02 4.578108422151243348e-06
2.260000000000000000e+02 4.460361079626243276e-06
2.270000000000000000e+02 5.090741401486454373e-06
2.280000000000000000e+02 4.535148050730052214e-06
2.290000000000000000e+02 4.424792250018734696e-06
2.300000000000000000e+02 4.356003938212538335e-06
2.310000000000000000e+02 4.402485215189589727e-06
2.320000000000000000e+02 4.492740049692196278e-06
2.330000000000000000e+02 4.458665344972894254e-06
2.340000000000000000e+02 4.424202459843847737e-06
2.350000000000000000e+02 4.797417436808939491e-06
2.360000000000000000e+02 4.520648113890915933e-06
2.370000000000000000e+02 4.484335232694956124e-06
2.380000000000000000e+02 4.551111464670172902e-06
2.390000000000000000e+02 4.648712494641432496e-06
2.400000000000000000e+02 4.263271195266673208e-06
2.410000000000000000e+02 4.340075320938051303e-06
2.420000000000000000e+02 5.262853918002676583e-06
2.430000000000000000e+02 4.828015774281580036e-06
2.440000000000000000e+02 5.362637474973762951e-06
2.450000000000000000e+02 4.772452524744328283e-06
2.460000000000000000e+02 4.503345968665061081e-06
2.470000000000000000e+02 4.526175029510543936e-06
2.480000000000000000e+02 4.740130637082862490e-06
2.490000000000000000e+02 4.168546374245529298e-06
2.500000000000000000e+02 4.422185334691888847e-06
2.510000000000000000e+02 4.269823455056409252e-06
2.520000000000000000e+02 4.454994154522820378e-06
2.530000000000000000e+02 4.565206972431173038e-06
2.540000000000000000e+02 4.514071320988748175e-06
2.550000000000000000e+02 4.299400354403780698e-06
2.560000000000000000e+02 4.191446806816106050e-06
2.570000000000000000e+02 4.496365836350156648e-06
2.580000000000000000e+02 4.388609575287417239e-06
2.590000000000000000e+02 4.392895442718472078e-06
2.600000000000000000e+02 4.626775684656533328e-06
2.610000000000000000e+02 4.319967871608227423e-06
2.620000000000000000e+02 4.314919957221750100e-06
2.630000000000000000e+02 4.397597341189239476e-06
2.640000000000000000e+02 4.686030681763574284e-06
2.650000000000000000e+02 4.458870189055943092e-06
2.660000000000000000e+02 4.365661285772610555e-06
2.670000000000000000e+02 4.378442117344927566e-06
2.680000000000000000e+02 4.321000526310920605e-06
2.690000000000000000e+02 4.338405399864752494e-06
2.700000000000000000e+02 4.445459153163229597e-06
2.710000000000000000e+02 4.146844575779539946e-06
2.720000000000000000e+02 4.449460485808937686e-06
2.730000000000000000e+02 4.389390608460752552e-06
2.740000000000000000e+02 4.257334989923401079e-06
2.750000000000000000e+02 4.163181425408980615e-06
2.760000000000000000e+02 4.405921184602775971e-06
2.770000000000000000e+02 4.291635303102966565e-06
2.780000000000000000e+02 4.107122135643044083e-06
2.790000000000000000e+02 4.060710646679240602e-06
2.800000000000000000e+02 4.149238585920112103e-06
2.810000000000000000e+02 4.349789652571673968e-06
2.820000000000000000e+02 4.264591754617901380e-06
2.830000000000000000e+02 4.274604800582829987e-06
2.840000000000000000e+02 4.366943334440145772e-06
2.850000000000000000e+02 4.331565998521627310e-06
2.860000000000000000e+02 4.311377895811539611e-06
2.870000000000000000e+02 4.244289969265337832e-06
2.880000000000000000e+02 4.276299224913629828e-06
2.890000000000000000e+02 4.218429589565634838e-06
2.900000000000000000e+02 4.231717845618183182e-06
2.910000000000000000e+02 4.579318617871153500e-06
2.920000000000000000e+02 4.537635156477217116e-06
2.930000000000000000e+02 4.424534486459600609e-06
2.940000000000000000e+02 4.232674398870517599e-06
2.950000000000000000e+02 4.024680177087778201e-06
2.960000000000000000e+02 4.013893002674710489e-06
2.970000000000000000e+02 4.145496357582788920e-06
2.980000000000000000e+02 4.203178457103136362e-06
2.990000000000000000e+02 4.156638381275955221e-06
3.000000000000000000e+02 4.210725188600110641e-06
3.010000000000000000e+02 4.332685649936722692e-06
3.020000000000000000e+02 4.232567918759163251e-06
3.030000000000000000e+02 4.246021571920067610e-06
3.040000000000000000e+02 4.180214151326399485e-06
3.050000000000000000e+02 4.250254561225821961e-06
3.060000000000000000e+02 4.378667570862919043e-06
3.070000000000000000e+02 4.475002037968195095e-06
3.080000000000000000e+02 4.409843582728842652e-06
3.090000000000000000e+02 4.103817445917625586e-06
3.100000000000000000e+02 4.104380786027575590e-06
3.110000000000000000e+02 4.055470959665069699e-06
3.120000000000000000e+02 4.082059238140908167e-06
3.130000000000000000e+02 4.009896109491347402e-06
3.140000000000000000e+02 4.128346929445541252e-06
3.150000000000000000e+02 4.084418961522497228e-06
3.160000000000000000e+02 4.019699689015057558e-06
3.170000000000000000e+02 4.072812733888818479e-06
3.180000000000000000e+02 4.256183689510886679e-06
3.190000000000000000e+02 4.288922433447845045e-06
3.200000000000000000e+02 4.286684398306750778e-06
3.210000000000000000e+02 4.213619509630935493e-06
3.220000000000000000e+02 4.382550628546760006e-06
3.230000000000000000e+02 4.378724990429908521e-06
3.240000000000000000e+02 4.024844884366657444e-06
3.250000000000000000e+02 3.975340991598642245e-06
3.260000000000000000e+02 4.177332836879877400e-06
3.270000000000000000e+02 4.467269635104536206e-06
3.280000000000000000e+02 4.315064931827894597e-06
3.290000000000000000e+02 4.422376335573035178e-06
3.300000000000000000e+02 4.051533061070405858e-06
3.310000000000000000e+02 4.094524767622737869e-06
3.320000000000000000e+02 4.035722397010095781e-06
3.330000000000000000e+02 4.004946319209554648e-06
3.340000000000000000e+02 3.944015486483150464e-06
3.350000000000000000e+02 4.050590599034473511e-06
3.360000000000000000e+02 4.083200670003309599e-06
3.370000000000000000e+02 4.201511782075097192e-06
3.380000000000000000e+02 3.991144181882059311e-06
3.390000000000000000e+02 3.941499320383234497e-06
3.400000000000000000e+02 3.948508954266185664e-06
3.410000000000000000e+02 3.976006750144536698e-06
3.420000000000000000e+02 4.052483561843112596e-06
3.430000000000000000e+02 4.145254082590248155e-06
3.440000000000000000e+02 4.066548424863175121e-06
3.450000000000000000e+02 4.054915309197079446e-06
3.460000000000000000e+02 3.956385300560046720e-06
3.470000000000000000e+02 4.043162933327822715e-06
3.480000000000000000e+02 4.052533259794534059e-06
3.490000000000000000e+02 3.988103713385030055e-06
3.500000000000000000e+02 4.040752240573133721e-06
3.510000000000000000e+02 4.123365115132381897e-06
3.520000000000000000e+02 3.947193945575713511e-06
3.530000000000000000e+02 4.080936477417645945e-06
3.540000000000000000e+02 4.072978366843601923e-06
3.550000000000000000e+02 4.080460591779306758e-06
3.560000000000000000e+02 4.102051974618794555e-06
3.570000000000000000e+02 4.079337242113645828e-06
3.580000000000000000e+02 3.924073551818012463e-06
3.590000000000000000e+02 3.930958941277762604e-06
3.600000000000000000e+02 4.027902618631762889e-06
3.610000000000000000e+02 4.198633006280336991e-06
3.620000000000000000e+02 3.966628444944395690e-06
3.630000000000000000e+02 3.957871980193248283e-06
3.640000000000000000e+02 3.922071324152407332e-06
3.650000000000000000e+02 3.897020426037742413e-06
3.660000000000000000e+02 3.863045261303750965e-06
3.670000000000000000e+02 4.012112175945083681e-06
3.680000000000000000e+02 3.989987147031741696e-06
3.690000000000000000e+02 4.015332834637830004e-06
3.700000000000000000e+02 4.099422145142221334e-06
3.710000000000000000e+02 3.996734807712568951e-06
3.720000000000000000e+02 3.931942317166251051e-06
3.730000000000000000e+02 3.941589824178794278e-06
3.740000000000000000e+02 3.975541725101283058e-06
3.750000000000000000e+02 3.990260286552963307e-06
3.760000000000000000e+02 3.957398835366933524e-06
3.770000000000000000e+02 3.995961519476243646e-06
3.780000000000000000e+02 3.950689376374031678e-06
3.790000000000000000e+02 4.009293574939033932e-06
3.800000000000000000e+02 3.914843331986110610e-06
3.810000000000000000e+02 4.017643763264700245e-06
3.820000000000000000e+02 4.005936588081386526e-06
3.830000000000000000e+02 3.879566451819020344e-06
3.840000000000000000e+02 3.967079062843151164e-06
3.850000000000000000e+02 3.974829177218826624e-06
3.860000000000000000e+02 3.928697832683216714e-06
3.870000000000000000e+02 4.005985869985088032e-06
3.880000000000000000e+02 3.957277756809353099e-06
3.890000000000000000e+02 4.033562537678545984e-06
3.900000000000000000e+02 4.053763837314440705e-06
3.910000000000000000e+02 3.987201108736545035e-06
3.920000000000000000e+02 3.902528845704233183e-06
3.930000000000000000e+02 4.068930475212988793e-06
3.940000000000000000e+02 3.973957585481016635e-06
3.950000000000000000e+02 3.962165031227326534e-06
3.960000000000000000e+02 3.978946829239467725e-06
3.970000000000000000e+02 3.944053335429621765e-06
3.980000000000000000e+02 3.916476361029842469e-06
3.990000000000000000e+02 3.862940338824815592e-06
4.000000000000000000e+02 3.904939358361488594e-06
4.010000000000000000e+02 3.899216724797706803e-06
4.020000000000000000e+02 3.887132959669956726e-06
4.030000000000000000e+02 3.934704705797473277e-06
4.040000000000000000e+02 3.896625161129194754e-06
4.050000000000000000e+02 3.930740319266711773e-06
4.060000000000000000e+02 4.011205682876747594e-06
4.070000000000000000e+02 3.906250055976643351e-06
4.080000000000000000e+02 4.067685316206130258e-06
4.090000000000000000e+02 4.050525752876123278e-06
4.100000000000000000e+02 4.047266566069761039e-06
4.110000000000000000e+02 3.977705429229427500e-06
4.120000000000000000e+02 3.878761447003786707e-06
4.130000000000000000e+02 3.923782623551507162e-06
4.140000000000000000e+02 3.893431503550461615e-06
4.150000000000000000e+02 3.880270427409272255e-06
4.160000000000000000e+02 3.974725615061668755e-06
4.170000000000000000e+02 3.914111001748993885e-06
4.180000000000000000e+02 3.951253198820251064e-06
4.190000000000000000e+02 4.118778457058333837e-06
4.200000000000000000e+02 3.983456296738226404e-06
4.210000000000000000e+02 3.922651883562642262e-06
4.220000000000000000e+02 3.894402273961264259e-06
4.230000000000000000e+02 3.884793596173522867e-06
4.240000000000000000e+02 3.895917146664614646e-06
4.250000000000000000e+02 3.924806078890045616e-06
4.260000000000000000e+02 3.962135404604395951e-06
4.270000000000000000e+02 3.951883775830976091e-06
4.280000000000000000e+02 3.899712036208537974e-06
4.290000000000000000e+02 3.950104496565015754e-06
4.300000000000000000e+02 3.907897601923737260e-06
4.310000000000000000e+02 3.990695607286580488e-06
4.320000000000000000e+02 3.904417843524014261e-06
4.330000000000000000e+02 3.965371633474105608e-06
4.340000000000000000e+02 3.956829689091743388e-06
4.350000000000000000e+02 3.954313859116000281e-06
4.360000000000000000e+02 3.947273853618997499e-06
4.370000000000000000e+02 3.929197747292845533e-06
4.380000000000000000e+02 3.955239361691232040e-06
4.390000000000000000e+02 4.123453208765195249e-06
4.400000000000000000e+02 3.915569417181672220e-06
4.410000000000000000e+02 3.863841163224072923e-06
4.420000000000000000e+02 3.877048925587024137e-06
4.430000000000000000e+02 3.922927906352422845e-06
4.440000000000000000e+02 3.897395194077587671e-06
4.450000000000000000e+02 3.881933996406852076e-06
4.460000000000000000e+02 3.957699326315394114e-06
4.470000000000000000e+02 3.943027713046614162e-06
4.480000000000000000e+02 3.853826701142672996e-06
4.490000000000000000e+02 3.937806569581274900e-06
4.500000000000000000e+02 3.903564162898253459e-06
4.510000000000000000e+02 3.906274226312491288e-06
4.520000000000000000e+02 3.887877793784390511e-06
4.530000000000000000e+02 3.895149023015215932e-06
4.540000000000000000e+02 3.866203569840656550e-06
4.550000000000000000e+02 3.842020380177585160e-06
4.560000000000000000e+02 3.882447089804217459e-06
4.570000000000000000e+02 3.870773816564689923e-06
4.580000000000000000e+02 3.876766055792198670e-06
4.590000000000000000e+02 3.897333912143822940e-06
4.600000000000000000e+02 3.844345518765645711e-06
4.610000000000000000e+02 3.856627632288814437e-06
4.620000000000000000e+02 3.866773460661513938e-06
4.630000000000000000e+02 3.850366259353250130e-06
4.640000000000000000e+02 3.897972355632401128e-06
4.650000000000000000e+02 3.877727624415622542e-06
4.660000000000000000e+02 3.898539618477128112e-06
4.670000000000000000e+02 3.867364489260723366e-06
4.680000000000000000e+02 3.809269375585474757e-06
4.690000000000000000e+02 3.979606740154956497e-06
4.700000000000000000e+02 3.884797087197273735e-06
4.710000000000000000e+02 3.850924087860047262e-06
4.720000000000000000e+02 3.898593716267259123e-06
4.730000000000000000e+02 3.956088433713763308e-06
4.740000000000000000e+02 3.876169060429935545e-06
4.750000000000000000e+02 3.895299164484953187e-06
4.760000000000000000e+02 3.864338711998390034e-06
4.770000000000000000e+02 3.839797042786043322e-06
4.780000000000000000e+02 3.892828349823321581e-06
4.790000000000000000e+02 3.828102598388706948e-06
4.800000000000000000e+02 3.877514239985159691e-06
4.810000000000000000e+02 3.867335725240254235e-06
4.820000000000000000e+02 3.868056299415730808e-06
4.830000000000000000e+02 3.911722503863587529e-06
4.840000000000000000e+02 3.869361391709126650e-06
4.850000000000000000e+02 3.871262687047816238e-06
4.860000000000000000e+02 3.869125012563048670e-06
4.870000000000000000e+02 3.808761304499633487e-06
4.880000000000000000e+02 3.850048263767635295e-06
4.890000000000000000e+02 3.841297667522775262e-06
4.900000000000000000e+02 3.904513626893281514e-06
4.910000000000000000e+02 3.881548201313696810e-06
4.920000000000000000e+02 3.836792190320580891e-06
4.930000000000000000e+02 3.821006754583870046e-06
4.940000000000000000e+02 3.888572152611053925e-06
4.950000000000000000e+02 3.921694633776445865e-06
4.960000000000000000e+02 3.867473854024642782e-06
4.970000000000000000e+02 3.902969161110488661e-06
4.980000000000000000e+02 3.805529173369085794e-06
4.990000000000000000e+02 3.812159221161954702e-06
5.000000000000000000e+02 3.880869393376030765e-06
5.010000000000000000e+02 3.835224922277692679e-06
5.020000000000000000e+02 3.811707355601406063e-06
5.030000000000000000e+02 3.850379625102269601e-06
5.040000000000000000e+02 3.846831864959802389e-06
5.050000000000000000e+02 3.848114552870389782e-06
5.060000000000000000e+02 3.834962375393397798e-06
5.070000000000000000e+02 3.853347356792074342e-06
5.080000000000000000e+02 3.838947135039272879e-06
5.090000000000000000e+02 3.837156387685030861e-06
5.100000000000000000e+02 3.848401072093488662e-06
5.110000000000000000e+02 3.818043477322140786e-06
5.120000000000000000e+02 3.848635143703072909e-06
5.130000000000000000e+02 3.873607576966313838e-06
5.140000000000000000e+02 3.858845324704229008e-06
5.150000000000000000e+02 3.899493565603695576e-06
5.160000000000000000e+02 3.845570767470307864e-06
5.170000000000000000e+02 3.937346355717075324e-06
5.180000000000000000e+02 3.907724906943563585e-06
5.190000000000000000e+02 3.824301713135713875e-06
5.200000000000000000e+02 3.786403330647610773e-06
5.210000000000000000e+02 3.838755256033588133e-06
5.220000000000000000e+02 3.851494264541845113e-06
5.230000000000000000e+02 3.884745053791518516e-06
5.240000000000000000e+02 3.834468248236751957e-06
5.250000000000000000e+02 3.849138137340978917e-06
5.260000000000000000e+02 3.876883760086949261e-06
5.270000000000000000e+02 3.872642661700839771e-06
5.280000000000000000e+02 3.793555582322526857e-06
5.290000000000000000e+02 3.833999522119577984e-06
5.300000000000000000e+02 3.845321632760451743e-06
5.310000000000000000e+02 3.788778115162522290e-06
5.320000000000000000e+02 3.792025569331241309e-06
5.330000000000000000e+02 3.849260156742337586e-06
5.340000000000000000e+02 3.864157740948176100e-06
5.350000000000000000e+02 3.826523397867641871e-06
5.360000000000000000e+02 3.873366400627099286e-06
5.370000000000000000e+02 3.833058875954191709e-06
5.380000000000000000e+02 3.833133884226784893e-06
5.390000000000000000e+02 3.812697367957436299e-06
5.400000000000000000e+02 3.803955210368292326e-06
5.410000000000000000e+02 3.828717144021593210e-06
5.420000000000000000e+02 3.766232974719072538e-06
5.430000000000000000e+02 3.835686058807890289e-06
5.440000000000000000e+02 3.838641100258642768e-06
5.450000000000000000e+02 3.849471392924914807e-06
5.460000000000000000e+02 3.849975340995269111e-06
5.470000000000000000e+02 3.861935536592031538e-06
5.480000000000000000e+02 3.867249521542581744e-06
5.490000000000000000e+02 3.807369848360072075e-06
5.500000000000000000e+02 3.781924820905263485e-06
5.510000000000000000e+02 3.809561574878254654e-06
5.520000000000000000e+02 3.838176574857635141e-06
5.530000000000000000e+02 3.840977900031442743e-06
5.540000000000000000e+02 3.840644880129997832e-06
5.550000000000000000e+02 3.841964701432392088e-06
5.560000000000000000e+02 3.836135669578182258e-06
5.570000000000000000e+02 3.805335278022486267e-06
5.580000000000000000e+02 3.837384078258195062e-06
5.590000000000000000e+02 3.835695860388759521e-06
5.600000000000000000e+02 3.802676427651482862e-06
5.610000000000000000e+02 3.820336509012399568e-06
5.620000000000000000e+02 3.817111564402277408e-06
5.630000000000000000e+02 3.840558969193740833e-06
5.640000000000000000e+02 3.793274877060538704e-06
5.650000000000000000e+02 3.857135403595392675e-06
5.660000000000000000e+02 3.862205380930125697e-06
5.670000000000000000e+02 3.808293740715625293e-06
5.680000000000000000e+02 3.808435168765097250e-06
5.690000000000000000e+02 3.805474564463346803e-06
5.700000000000000000e+02 3.820743472692311203e-06
5.710000000000000000e+02 3.900212333245895466e-06
5.720000000000000000e+02 3.848874264944726693e-06
5.730000000000000000e+02 3.844757800517778785e-06
5.740000000000000000e+02 3.813924956161289393e-06
5.750000000000000000e+02 3.911548738014640254e-06
5.760000000000000000e+02 3.797957185367989132e-06
5.770000000000000000e+02 3.923887602344812240e-06
5.780000000000000000e+02 3.802341057491222956e-06
5.790000000000000000e+02 3.794338350358951200e-06
5.800000000000000000e+02 3.839433693720092532e-06
5.810000000000000000e+02 3.869737858755908600e-06
5.820000000000000000e+02 3.824121916891478284e-06
5.830000000000000000e+02 3.830926372560103482e-06
5.840000000000000000e+02 3.811340090921763478e-06
5.850000000000000000e+02 3.815537239622920969e-06
5.860000000000000000e+02 3.829830943695785331e-06
5.870000000000000000e+02 3.786613669493257162e-06
5.880000000000000000e+02 3.843738108562118062e-06
5.890000000000000000e+02 3.824442721138071912e-06
5.900000000000000000e+02 3.831973701062760171e-06
5.910000000000000000e+02 3.826872629782479160e-06
5.920000000000000000e+02 3.817054155757975144e-06
5.930000000000000000e+02 3.841270396678425685e-06
5.940000000000000000e+02 3.822636100662464174e-06
5.950000000000000000e+02 3.838505579487110631e-06
5.960000000000000000e+02 3.799939531268640064e-06
5.970000000000000000e+02 3.839730956239188459e-06
5.980000000000000000e+02 3.800707888324545451e-06
5.990000000000000000e+02 3.856561379117104248e-06
6.000000000000000000e+02 3.874679921110626575e-06
6.010000000000000000e+02 3.771219255570818534e-06
6.020000000000000000e+02 3.845878989809714168e-06
6.030000000000000000e+02 3.829687922921637031e-06
6.040000000000000000e+02 3.808733645271567683e-06
6.050000000000000000e+02 3.840724312438528036e-06
6.060000000000000000e+02 3.783487254839446495e-06
6.070000000000000000e+02 3.851776167277897703e-06
6.080000000000000000e+02 3.832792610169304995e-06
6.090000000000000000e+02 3.814450052802750214e-06
6.100000000000000000e+02 3.802434513238335115e-06
6.110000000000000000e+02 3.821788828970332260e-06
6.120000000000000000e+02 3.820943241128891910e-06
6.130000000000000000e+02 3.774787203222572842e-06
6.140000000000000000e+02 3.821731112284863500e-06
6.150000000000000000e+02 3.836794779376022554e-06
6.160000000000000000e+02 3.779350280139809809e-06
6.170000000000000000e+02 3.817139926227477940e-06
6.180000000000000000e+02 3.815113543775018850e-06
6.190000000000000000e+02 3.808898788723996241e-06
6.200000000000000000e+02 3.807519192439659781e-06
6.210000000000000000e+02 3.797873810979633583e-06
6.220000000000000000e+02 3.860959726403167126e-06
6.230000000000000000e+02 3.795852573826205845e-06
6.240000000000000000e+02 3.786174771087395506e-06
6.250000000000000000e+02 3.802519558016685302e-06
6.260000000000000000e+02 3.822933391881789210e-06
6.270000000000000000e+02 3.844032066131808512e-06
6.280000000000000000e+02 3.953443798920701073e-06
6.290000000000000000e+02 3.811693199245101972e-06
6.300000000000000000e+02 3.814995182473354617e-06
6.310000000000000000e+02 3.841489633552801192e-06
6.320000000000000000e+02 3.852769309757001111e-06
6.330000000000000000e+02 3.778027839954888569e-06
6.340000000000000000e+02 3.814957091439351959e-06
6.350000000000000000e+02 3.806318135495120527e-06
6.360000000000000000e+02 3.803163547563060783e-06
6.370000000000000000e+02 3.814391689836024574e-06
6.380000000000000000e+02 3.771599887272119642e-06
6.390000000000000000e+02 3.799406002623924425e-06
6.400000000000000000e+02 3.857253496226068199e-06
6.410000000000000000e+02 3.788578951664185653e-06
6.420000000000000000e+02 3.797732726264987901e-06
6.430000000000000000e+02 3.792306000762856346e-06
6.440000000000000000e+02 3.809454201600960030e-06
6.450000000000000000e+02 3.798117375004198457e-06
6.460000000000000000e+02 3.779908294033497005e-06
6.470000000000000000e+02 3.823672986315061070e-06
6.480000000000000000e+02 3.864525269764897102e-06
6.490000000000000000e+02 3.803211705276478189e-06
6.500000000000000000e+02 3.786250552180813850e-06
6.510000000000000000e+02 3.801415349647692027e-06
6.520000000000000000e+02 3.791034467096719289e-06
6.530000000000000000e+02 3.764638636474862653e-06
6.540000000000000000e+02 3.795641957322022628e-06
6.550000000000000000e+02 3.810469017012063795e-06
6.560000000000000000e+02 3.804689499607309805e-06
6.570000000000000000e+02 3.814261148157923091e-06
