0, 2.8785e-03, 1.9439e-05, fsolve flag:1, 5.6066e-07, 524
1, 2.8866e-03, 1.6078e-05, fsolve flag:1, 7.7719e-07, 525
2, 3.7199e-03, 7.5950e-06, fsolve flag:1, 2.6869e-07, 526
3, 2.7363e-03, 1.4776e-05, fsolve flag:1, 7.1246e-07, 524
4, 3.0507e-03, 9.4233e-06, fsolve flag:1, 4.6776e-07, 523
5, 6.9300e-03, 3.1504e-05, fsolve flag:1, 1.5099e-07, 523
6, 3.6878e-03, 1.2271e-05, fsolve flag:1, 6.6520e-07, 525
7, 1.0641e-01, 2.2613e-03, fsolve flag:1, 5.5879e-08, 525
8, 7.6110e-03, 1.6988e-04, fsolve flag:1, 1.6909e-07, 524
9, 4.2879e-03, 8.9650e-05, fsolve flag:1, 3.2689e-07, 526
10, 4.5477e-03, 6.0763e-05, fsolve flag:1, 1.3411e-07, 525
11, 4.4115e-03, 3.6581e-05, fsolve flag:1, 5.1688e-07, 525
12, 5.8585e-03, 1.1723e-04, fsolve flag:1, 1.5549e-07, 523
13, 4.3101e-03, 2.4125e-05, fsolve flag:1, 8.1491e-07, 785
14, 4.0843e-03, 2.1878e-05, fsolve flag:1, 3.5390e-07, 525
15, 6.6089e-03, 7.1295e-05, fsolve flag:1, 1.4715e-07, 524
16, 4.2942e-03, 1.2728e-05, fsolve flag:1, 5.4669e-07, 526
17, 8.9873e-03, 6.7606e-05, fsolve flag:1, 1.5739e-07, 524
18, 1.0265e-02, 3.3768e-05, fsolve flag:1, 1.9494e-07, 523
19, 9.4042e-02, 1.2715e-03, fsolve flag:1, 7.6368e-08, 524
20, 7.0823e-03, 1.0041e-04, fsolve flag:1, 1.4063e-07, 525
21, 4.0523e-03, 7.1116e-05, fsolve flag:1, 4.3539e-07, 526
22, 4.4547e-03, 3.2124e-05, fsolve flag:1, 3.3330e-07, 526
23, 6.3584e-03, 2.4476e-05, fsolve flag:1, 2.0332e-07, 524
24, 7.4625e-03, 7.8032e-05, fsolve flag:1, 1.4971e-07, 524
25, 2.4574e-03, 1.8321e-05, fsolve flag:1, 6.1188e-07, 523
26, 6.0271e-02, 7.7186e-04, fsolve flag:1, 8.4285e-08, 523
27, 4.0611e-03, 1.6738e-05, fsolve flag:1, 5.0897e-07, 525
28, 5.1277e-03, 1.3655e-04, fsolve flag:1, 3.9861e-07, 524
29, 2.2407e-03, 7.2471e-06, fsolve flag:1, 3.6322e-07, 525
30, 3.5015e-03, 4.3637e-05, fsolve flag:1, 3.3574e-07, 524
31, 7.2377e-02, 1.0285e-04, fsolve flag:1, 5.5209e-08, 788
32, 3.8493e-03, 5.2566e-05, fsolve flag:1, 4.2375e-07, 524
33, 2.5333e-02, 1.7907e-04, fsolve flag:1, 9.6858e-08, 524
34, 6.0787e-03, 4.3611e-05, fsolve flag:1, 2.5332e-07, 525
35, 3.0040e-03, 2.0280e-05, fsolve flag:1, 5.7742e-07, 525
36, 9.7309e-03, 1.0104e-04, fsolve flag:1, 3.1199e-07, 523
37, 1.2236e-02, 2.1556e-05, fsolve flag:1, 7.7892e-08, 526
38, 2.5771e-03, 4.2122e-06, fsolve flag:1, 2.6019e-07, 524
39, 4.1532e-03, 2.3126e-05, fsolve flag:1, 4.0338e-07, 524
40, 1.9223e-03, 1.3812e-05, fsolve flag:1, 4.1351e-07, 524
41, 1.8998e-03, 1.4152e-05, fsolve flag:1, 4.7311e-07, 525
42, 4.2009e-03, 1.1666e-05, fsolve flag:1, 4.5588e-07, 526
43, 1.7862e-03, 6.8120e-06, fsolve flag:1, 7.8604e-07, 524
44, 4.9583e-03, 1.3393e-05, fsolve flag:1, 2.6822e-07, 526
45, 3.1331e-03, 2.0439e-05, fsolve flag:1, 4.0792e-07, 525
46, 2.4756e-03, 7.8308e-06, fsolve flag:1, 4.5775e-07, 268
47, 6.9279e-03, 3.9801e-05, fsolve flag:1, 1.9770e-07, 782
48, 8.7371e-03, 1.6844e-05, fsolve flag:1, 1.5646e-07, 783
49, 5.3473e-03, 6.1497e-05, fsolve flag:1, 1.4668e-07, 524
50, 1.3297e-01, 1.3077e-04, fsolve flag:1, 1.2317e-07, 527
51, 3.4585e-03, 2.6586e-05, fsolve flag:1, 6.4401e-07, 783
52, 7.4560e-03, 8.2372e-05, fsolve flag:1, 1.6298e-07, 783
53, 3.2844e-03, 1.8299e-05, fsolve flag:1, 7.4273e-07, 785
54, 3.6999e-03, 4.6486e-06, fsolve flag:1, 2.3167e-07, 525
55, 5.3446e-03, 4.1088e-05, fsolve flag:1, 4.0326e-07, 526
56, 2.2715e-03, 1.2019e-05, fsolve flag:1, 8.1444e-07, 525
57, 6.8032e-03, 3.8983e-05, fsolve flag:1, 3.5926e-07, 526
58, 2.7694e-03, 1.4110e-05, fsolve flag:1, 3.8883e-07, 526
59, 8.6885e-02, 1.1192e-03, fsolve flag:1, 1.0012e-07, 523
60, 5.3762e-03, 1.8005e-05, fsolve flag:1, 1.0640e-07, 782
61, 2.6671e-03, 2.4561e-05, fsolve flag:1, 5.0711e-07, 524
62, 6.6172e-03, 1.5355e-04, fsolve flag:1, 2.7753e-07, 268
63, 2.3701e-03, 1.1827e-05, fsolve flag:1, 6.3935e-07, 524
64, 5.9812e-03, 5.0155e-05, fsolve flag:1, 3.3714e-07, 523
65, 3.7341e-03, 3.0816e-05, fsolve flag:1, 4.7381e-07, 526
66, 3.9333e-03, 2.3055e-05, fsolve flag:1, 2.6275e-07, 527
67, 5.8852e-03, 4.1492e-05, fsolve flag:1, 4.2655e-07, 525
68, 5.6992e-03, 3.8105e-05, fsolve flag:1, 3.1106e-07, 783
69, 8.8131e-03, 8.9395e-05, fsolve flag:1, 2.9756e-07, 523
70, 3.3626e-03, 2.4822e-05, fsolve flag:1, 7.9721e-07, 525
71, 2.2101e-03, 7.4417e-06, fsolve flag:1, 5.6811e-07, 523
72, 4.7514e-03, 3.1103e-05, fsolve flag:1, 3.6042e-07, 524
73, 3.4634e-03, 1.9530e-05, fsolve flag:1, 7.9209e-07, 525
74, 3.8540e-03, 3.9317e-05, fsolve flag:1, 3.1898e-07, 523
75, 4.1674e-03, 3.1831e-05, fsolve flag:1, 3.8370e-07, 523
76, 6.4922e-03, 7.0204e-05, fsolve flag:1, 1.5274e-07, 523
77, 4.4006e-03, 1.2517e-05, fsolve flag:1, 3.3528e-07, 783
78, 3.6991e-03, 1.7034e-05, fsolve flag:1, 5.5454e-07, 525
79, 5.6844e-03, 3.4042e-05, fsolve flag:1, 4.1781e-07, 524
80, 2.2456e-03, 4.1764e-06, fsolve flag:1, 3.7439e-07, 524
81, 2.2687e-03, 8.3898e-06, fsolve flag:1, 4.2655e-07, 524
82, 3.2511e-03, 1.4467e-05, fsolve flag:1, 5.5181e-07, 781
83, 3.7394e-03, 1.9872e-05, fsolve flag:1, 8.2050e-07, 784
84, 3.7107e-03, 1.8002e-05, fsolve flag:1, 5.5425e-07, 525
85, 4.2079e-03, 1.2623e-05, fsolve flag:1, 4.6054e-07, 784
86, 6.4388e-03, 2.4160e-05, fsolve flag:1, 2.0780e-07, 783
87, 3.1023e-03, 9.9203e-06, fsolve flag:1, 5.4063e-07, 781
88, 3.7072e-03, 1.3065e-05, fsolve flag:1, 6.4773e-07, 527
89, 7.4489e-02, 5.4865e-05, fsolve flag:1, 6.0070e-08, 525
90, 2.7938e-03, 1.0600e-05, fsolve flag:1, 5.5251e-07, 783
91, 3.8929e-03, 3.6530e-05, fsolve flag:1, 5.2713e-07, 523
92, 4.1995e-03, 2.5977e-05, fsolve flag:1, 6.2678e-07, 525
93, 2.3924e-02, 1.4492e-04, fsolve flag:1, 1.3714e-07, 784
94, 3.6187e-03, 1.4440e-05, fsolve flag:1, 5.9413e-07, 525
95, 6.6523e-02, 7.3186e-04, fsolve flag:1, 7.6252e-08, 523
96, 5.4393e-03, 8.6432e-05, fsolve flag:1, 3.2131e-07, 524
97, 9.7973e-02, 8.6794e-05, fsolve flag:1, 6.9675e-08, 526
98, 4.0565e-03, 1.7483e-05, fsolve flag:1, 3.8836e-07, 526
99, 1.0306e-02, 2.8939e-05, fsolve flag:1, 1.8440e-07, 785
mean err: 1.0025e-04
