0.000000000000000000e+00 2.700785472565144494e-04
1.000000000000000000e+00 9.386158786837477629e-05
2.000000000000000000e+00 4.522367334235728487e-05
3.000000000000000000e+00 3.734599746073807917e-05
4.000000000000000000e+00 3.004654845217520561e-05
5.000000000000000000e+00 2.452021356851319817e-05
6.000000000000000000e+00 1.770144895874653119e-05
7.000000000000000000e+00 1.889992580281460544e-05
8.000000000000000000e+00 2.085633993511653588e-05
9.000000000000000000e+00 1.646713919376362184e-05
1.000000000000000000e+01 1.666551924887330652e-05
1.100000000000000000e+01 2.470570068547816651e-05
1.200000000000000000e+01 3.522112993948416071e-05
1.300000000000000000e+01 2.904046338017331625e-05
1.400000000000000000e+01 1.912688808976193672e-05
1.500000000000000000e+01 1.711471580264335048e-05
1.600000000000000000e+01 1.741783958948843038e-05
1.700000000000000000e+01 1.274265625016811010e-05
1.800000000000000000e+01 1.536107205690284442e-05
1.900000000000000000e+01 1.680160533121432661e-05
2.000000000000000000e+01 2.166077821942018262e-05
2.100000000000000000e+01 1.657240683631315629e-05
2.200000000000000000e+01 1.309629908775974795e-05
2.300000000000000000e+01 1.129630114026334684e-05
2.400000000000000000e+01 1.547294765213538993e-05
2.500000000000000000e+01 1.258800816793166349e-05
2.600000000000000000e+01 1.071923088671661806e-05
2.700000000000000000e+01 1.330448420153038072e-05
2.800000000000000000e+01 1.603072511526169278e-05
2.900000000000000000e+01 1.632687234796868135e-05
3.000000000000000000e+01 1.135930170088445703e-05
3.100000000000000000e+01 1.489728488787979152e-05
3.200000000000000000e+01 1.308756772793663314e-05
3.300000000000000000e+01 2.227082035842349765e-05
3.400000000000000000e+01 2.067745064077031072e-05
3.500000000000000000e+01 1.532547204619430140e-05
3.600000000000000000e+01 1.509444767212828651e-05
3.700000000000000000e+01 1.413441115258682733e-05
3.800000000000000000e+01 1.001758334640895086e-05
3.900000000000000000e+01 1.743470916952506453e-05
4.000000000000000000e+01 1.342886967981413344e-05
4.100000000000000000e+01 1.016581908567001389e-05
4.200000000000000000e+01 1.007980298049341347e-05
4.300000000000000000e+01 1.160531048452381619e-05
4.400000000000000000e+01 8.701525287271528661e-06
4.500000000000000000e+01 8.328389960491488922e-06
4.600000000000000000e+01 1.717151635930685673e-05
4.700000000000000000e+01 1.212103352426195736e-05
4.800000000000000000e+01 2.124845874122126288e-05
4.900000000000000000e+01 1.426727589905107492e-05
5.000000000000000000e+01 9.798595788932530813e-06
5.100000000000000000e+01 1.409282908479517847e-05
5.200000000000000000e+01 1.129989686817730780e-05
5.300000000000000000e+01 1.238300501792542474e-05
5.400000000000000000e+01 1.454362801256348988e-05
5.500000000000000000e+01 1.406170051767132576e-05
5.600000000000000000e+01 1.176008698503110556e-05
5.700000000000000000e+01 1.295874543402207577e-05
5.800000000000000000e+01 9.188013349852333669e-06
5.900000000000000000e+01 8.917999788701127785e-06
6.000000000000000000e+01 7.547869726890694804e-06
6.100000000000000000e+01 9.202917140803934572e-06
6.200000000000000000e+01 7.891952547929713440e-06
6.300000000000000000e+01 7.512158207271227106e-06
6.400000000000000000e+01 1.100990673796646334e-05
6.500000000000000000e+01 8.384683996337074564e-06
6.600000000000000000e+01 1.031429802193105183e-05
6.700000000000000000e+01 1.085840739937794052e-05
6.800000000000000000e+01 1.055897303788093243e-05
6.900000000000000000e+01 9.708670821568184442e-06
7.000000000000000000e+01 8.851566201332203556e-06
7.100000000000000000e+01 9.164387359365763514e-06
7.200000000000000000e+01 7.254869348518491707e-06
7.300000000000000000e+01 1.159935904431083859e-05
7.400000000000000000e+01 1.016206024899516660e-05
7.500000000000000000e+01 8.293247697835273775e-06
7.600000000000000000e+01 9.604875673278937575e-06
7.700000000000000000e+01 9.353684572954477653e-06
7.800000000000000000e+01 8.553914335529890655e-06
7.900000000000000000e+01 9.239004298449121538e-06
8.000000000000000000e+01 1.263815373480774297e-05
8.100000000000000000e+01 1.349247619236867281e-05
8.200000000000000000e+01 1.030705447661814897e-05
8.300000000000000000e+01 1.037128376711351364e-05
8.400000000000000000e+01 1.119775722321975858e-05
8.500000000000000000e+01 1.201013861434659074e-05
8.600000000000000000e+01 8.472986354536832826e-06
8.700000000000000000e+01 8.472043135323463072e-06
8.800000000000000000e+01 9.165060407428619616e-06
8.900000000000000000e+01 1.252435323505564559e-05
9.000000000000000000e+01 1.381006382475263047e-05
9.100000000000000000e+01 1.073309175539911985e-05
9.200000000000000000e+01 7.301945186590513819e-06
9.300000000000000000e+01 7.363945746044444296e-06
9.400000000000000000e+01 8.193241081580033777e-06
9.500000000000000000e+01 9.048649807894447317e-06
9.600000000000000000e+01 9.754912408494986246e-06
9.700000000000000000e+01 6.889956048973296668e-06
9.800000000000000000e+01 7.411954921702858401e-06
9.900000000000000000e+01 6.446189205766293682e-06
1.000000000000000000e+02 5.782380916020244638e-06
1.010000000000000000e+02 6.836299628648606173e-06
1.020000000000000000e+02 7.019454404579537898e-06
1.030000000000000000e+02 7.110396464575007914e-06
1.040000000000000000e+02 7.221480356898263740e-06
1.050000000000000000e+02 6.133112820743836499e-06
1.060000000000000000e+02 7.340285193309453130e-06
1.070000000000000000e+02 5.752613110639237241e-06
1.080000000000000000e+02 7.309160239454457440e-06
1.090000000000000000e+02 8.527719436764409427e-06
1.100000000000000000e+02 6.852278753599659439e-06
1.110000000000000000e+02 6.795174460509472389e-06
1.120000000000000000e+02 6.178747925888313011e-06
1.130000000000000000e+02 5.705378334902268824e-06
1.140000000000000000e+02 7.776530793145639055e-06
1.150000000000000000e+02 6.714054263398679367e-06
1.160000000000000000e+02 6.868660550609618321e-06
1.170000000000000000e+02 7.366332212092884419e-06
1.180000000000000000e+02 6.305217262156383818e-06
1.190000000000000000e+02 6.144781266346735091e-06
1.200000000000000000e+02 6.393810954445238862e-06
1.210000000000000000e+02 6.810002236384558125e-06
1.220000000000000000e+02 5.455119761727384124e-06
1.230000000000000000e+02 1.137075514406149667e-05
1.240000000000000000e+02 1.032462933265774512e-05
1.250000000000000000e+02 6.506414249730073361e-06
1.260000000000000000e+02 6.398249409787855814e-06
1.270000000000000000e+02 5.732497471795170388e-06
1.280000000000000000e+02 6.422847695447410903e-06
1.290000000000000000e+02 5.919174543113542747e-06
1.300000000000000000e+02 5.826005566474194314e-06
1.310000000000000000e+02 6.984307052004576463e-06
1.320000000000000000e+02 1.365830423989232971e-05
1.330000000000000000e+02 7.349045009828539221e-06
1.340000000000000000e+02 7.080691581210493281e-06
1.350000000000000000e+02 6.370254969144288928e-06
1.360000000000000000e+02 8.522496864241557480e-06
1.370000000000000000e+02 7.438324442612764748e-06
1.380000000000000000e+02 7.178241506848694559e-06
1.390000000000000000e+02 7.859773486142188320e-06
1.400000000000000000e+02 7.593432382741437532e-06
1.410000000000000000e+02 6.958153813309247277e-06
1.420000000000000000e+02 6.031366465763747775e-06
1.430000000000000000e+02 5.899756093646504361e-06
1.440000000000000000e+02 5.261451316494348277e-06
1.450000000000000000e+02 6.070990271011218898e-06
1.460000000000000000e+02 6.186370651303567416e-06
1.470000000000000000e+02 7.020965313386175927e-06
1.480000000000000000e+02 6.032850265106836035e-06
1.490000000000000000e+02 6.785119397329829132e-06
1.500000000000000000e+02 5.745688377992561231e-06
1.510000000000000000e+02 4.618609390615878179e-06
1.520000000000000000e+02 5.932266993752585338e-06
1.530000000000000000e+02 4.840277773552605780e-06
1.540000000000000000e+02 5.511859161016652765e-06
1.550000000000000000e+02 5.896051011521446644e-06
1.560000000000000000e+02 5.453278167395804149e-06
1.570000000000000000e+02 6.027739895587277898e-06
1.580000000000000000e+02 5.347137683926444425e-06
1.590000000000000000e+02 4.594425525385755487e-06
1.600000000000000000e+02 5.689007047169353141e-06
1.610000000000000000e+02 6.258744924283792262e-06
1.620000000000000000e+02 6.311747655647747938e-06
1.630000000000000000e+02 7.038558491787181734e-06
1.640000000000000000e+02 5.375084545339863238e-06
1.650000000000000000e+02 4.669708993654227348e-06
1.660000000000000000e+02 5.560132621676167758e-06
1.670000000000000000e+02 5.057033226282149285e-06
1.680000000000000000e+02 4.355221493835552442e-06
1.690000000000000000e+02 4.662652634106962657e-06
1.700000000000000000e+02 5.439157419061408370e-06
1.710000000000000000e+02 4.983088212706235532e-06
1.720000000000000000e+02 6.179208372930714236e-06
1.730000000000000000e+02 4.880269776031010875e-06
1.740000000000000000e+02 5.108386241480007260e-06
1.750000000000000000e+02 4.843511476194063718e-06
1.760000000000000000e+02 5.593112531258188881e-06
1.770000000000000000e+02 5.173065168210627799e-06
1.780000000000000000e+02 4.959841855699072631e-06
1.790000000000000000e+02 5.815903497023303529e-06
1.800000000000000000e+02 6.205073801894514477e-06
1.810000000000000000e+02 5.930515577037638205e-06
1.820000000000000000e+02 5.496594172104893655e-06
1.830000000000000000e+02 4.935025665438729613e-06
1.840000000000000000e+02 4.360370637658704385e-06
1.850000000000000000e+02 5.273613487164761575e-06
1.860000000000000000e+02 4.818924458963742367e-06
1.870000000000000000e+02 4.374255557561638138e-06
1.880000000000000000e+02 4.253715779590498210e-06
1.890000000000000000e+02 5.712093809245793507e-06
1.900000000000000000e+02 5.750733687244955753e-06
1.910000000000000000e+02 5.538784984910576482e-06
1.920000000000000000e+02 5.359612864878371870e-06
1.930000000000000000e+02 5.702466498193116157e-06
1.940000000000000000e+02 4.458252004508496866e-06
1.950000000000000000e+02 5.554469673808445016e-06
1.960000000000000000e+02 4.443671251889650898e-06
1.970000000000000000e+02 4.881130778511637755e-06
1.980000000000000000e+02 4.281114021414212147e-06
1.990000000000000000e+02 4.577520057765665293e-06
2.000000000000000000e+02 4.325169909007383280e-06
2.010000000000000000e+02 4.092017531170101283e-06
2.020000000000000000e+02 4.123320703971726582e-06
2.030000000000000000e+02 4.327647968369215962e-06
2.040000000000000000e+02 4.142791306881364861e-06
2.050000000000000000e+02 4.608794330136463151e-06
2.060000000000000000e+02 4.456539993262078071e-06
2.070000000000000000e+02 6.089450164817084353e-06
2.080000000000000000e+02 4.566730707695584668e-06
2.090000000000000000e+02 4.759371011332253433e-06
2.100000000000000000e+02 4.748448322353740322e-06
2.110000000000000000e+02 4.716830937417523910e-06
2.120000000000000000e+02 4.361953709074680798e-06
2.130000000000000000e+02 4.868847937423979390e-06
2.140000000000000000e+02 4.335765162167554657e-06
2.150000000000000000e+02 4.870958196679455959e-06
2.160000000000000000e+02 6.804180317550833649e-06
2.170000000000000000e+02 5.771430222238223851e-06
2.180000000000000000e+02 5.115728941404459768e-06
2.190000000000000000e+02 4.612285885292215585e-06
2.200000000000000000e+02 3.810084608919666256e-06
2.210000000000000000e+02 3.781744270708366042e-06
2.220000000000000000e+02 3.941579789265054334e-06
2.230000000000000000e+02 3.991977847594664418e-06
2.240000000000000000e+02 4.158281031105690201e-06
2.250000000000000000e+02 3.933798545418099324e-06
2.260000000000000000e+02 3.854648439583951679e-06
2.270000000000000000e+02 4.246322575610347960e-06
2.280000000000000000e+02 4.005586018563315157e-06
2.290000000000000000e+02 5.037882387365474634e-06
2.300000000000000000e+02 4.123461596939394709e-06
2.310000000000000000e+02 3.867720283896398273e-06
2.320000000000000000e+02 3.927542984678788647e-06
2.330000000000000000e+02 4.375159920497308645e-06
2.340000000000000000e+02 4.174831954690953478e-06
2.350000000000000000e+02 4.542103935961418475e-06
2.360000000000000000e+02 3.691044690612614900e-06
2.370000000000000000e+02 3.642902295990908538e-06
2.380000000000000000e+02 3.526158925593673729e-06
2.390000000000000000e+02 3.815716865501269262e-06
2.400000000000000000e+02 3.908555468324106965e-06
2.410000000000000000e+02 3.808854232208653506e-06
2.420000000000000000e+02 3.685287409475200371e-06
2.430000000000000000e+02 4.181748752057585482e-06
2.440000000000000000e+02 3.519665669724624646e-06
2.450000000000000000e+02 3.713566439280649358e-06
2.460000000000000000e+02 4.241715942263426397e-06
2.470000000000000000e+02 4.733602929115510538e-06
2.480000000000000000e+02 4.755686998667183824e-06
2.490000000000000000e+02 4.749646055874084751e-06
2.500000000000000000e+02 4.432154778303375611e-06
2.510000000000000000e+02 4.802276873700486108e-06
2.520000000000000000e+02 4.458777564571057667e-06
2.530000000000000000e+02 3.638612828441042151e-06
2.540000000000000000e+02 3.739768623147317628e-06
2.550000000000000000e+02 3.850807186487032999e-06
2.560000000000000000e+02 3.931307606615658076e-06
2.570000000000000000e+02 3.759337907932508018e-06
2.580000000000000000e+02 3.537311942556957950e-06
2.590000000000000000e+02 4.299840418137227572e-06
2.600000000000000000e+02 3.805564271397003204e-06
2.610000000000000000e+02 3.522922671146334627e-06
2.620000000000000000e+02 3.474057641168561979e-06
2.630000000000000000e+02 3.374847503337946998e-06
2.640000000000000000e+02 3.694729276439593442e-06
2.650000000000000000e+02 3.702527952455982277e-06
2.660000000000000000e+02 3.517294270679352978e-06
2.670000000000000000e+02 3.473366976673142716e-06
2.680000000000000000e+02 3.474683043722679150e-06
2.690000000000000000e+02 3.597461510201837151e-06
2.700000000000000000e+02 3.839291731850627327e-06
2.710000000000000000e+02 3.604627576951192430e-06
2.720000000000000000e+02 4.690521225031046768e-06
2.730000000000000000e+02 3.876872482438486103e-06
2.740000000000000000e+02 3.354359163138696360e-06
2.750000000000000000e+02 3.467570377702734596e-06
2.760000000000000000e+02 3.362150311685710900e-06
2.770000000000000000e+02 3.919694191017526519e-06
2.780000000000000000e+02 3.783741062219356082e-06
2.790000000000000000e+02 3.368468998883786559e-06
2.800000000000000000e+02 3.514795805205084176e-06
2.810000000000000000e+02 3.486967497268442921e-06
2.820000000000000000e+02 3.512643906292404106e-06
2.830000000000000000e+02 3.255607360427791263e-06
2.840000000000000000e+02 3.502773772015693710e-06
2.850000000000000000e+02 3.397114042807722103e-06
2.860000000000000000e+02 3.233474125544001924e-06
2.870000000000000000e+02 3.184105852638115854e-06
2.880000000000000000e+02 3.583107526066536589e-06
2.890000000000000000e+02 3.478994849540944370e-06
2.900000000000000000e+02 3.268305518742521803e-06
2.910000000000000000e+02 3.286257073758908715e-06
2.920000000000000000e+02 3.200503939566736292e-06
2.930000000000000000e+02 3.475702232898204403e-06
2.940000000000000000e+02 3.403181168441953588e-06
2.950000000000000000e+02 3.265712595397913184e-06
2.960000000000000000e+02 3.183246837875269890e-06
2.970000000000000000e+02 3.336568748942104015e-06
2.980000000000000000e+02 3.832244136708288459e-06
2.990000000000000000e+02 3.096118237124478132e-06
3.000000000000000000e+02 3.326189562022019105e-06
3.010000000000000000e+02 3.549067416233405434e-06
3.020000000000000000e+02 3.607191898449018517e-06
3.030000000000000000e+02 3.261881833935950352e-06
3.040000000000000000e+02 3.217397795106814289e-06
3.050000000000000000e+02 3.213091231404872272e-06
3.060000000000000000e+02 3.165781617514177750e-06
3.070000000000000000e+02 3.341042865176418992e-06
3.080000000000000000e+02 3.284888112940732323e-06
3.090000000000000000e+02 3.218383751863592863e-06
3.100000000000000000e+02 3.276078562537277038e-06
3.110000000000000000e+02 3.000041026085578735e-06
3.120000000000000000e+02 3.305613611566012497e-06
3.130000000000000000e+02 3.043980797958153191e-06
3.140000000000000000e+02 3.019997120890430706e-06
3.150000000000000000e+02 3.121796391917003004e-06
3.160000000000000000e+02 3.032139053882424364e-06
3.170000000000000000e+02 2.925413939779417520e-06
3.180000000000000000e+02 3.127570378502027787e-06
3.190000000000000000e+02 3.002296025104801180e-06
3.200000000000000000e+02 3.318728180212499213e-06
3.210000000000000000e+02 3.872711906480046592e-06
3.220000000000000000e+02 3.612263823360977357e-06
3.230000000000000000e+02 3.428185503034264270e-06
3.240000000000000000e+02 2.964451415302784841e-06
3.250000000000000000e+02 3.002952774180046472e-06
3.260000000000000000e+02 3.084130506465756477e-06
3.270000000000000000e+02 2.912678795850604385e-06
3.280000000000000000e+02 3.169072554173489329e-06
3.290000000000000000e+02 3.595286407016296111e-06
3.300000000000000000e+02 2.951335573268232244e-06
3.310000000000000000e+02 3.156726899556728550e-06
3.320000000000000000e+02 3.627404879202876044e-06
3.330000000000000000e+02 3.431206733303115014e-06
3.340000000000000000e+02 3.009999114626634494e-06
3.350000000000000000e+02 2.978268268290013087e-06
3.360000000000000000e+02 3.033402513757860444e-06
3.370000000000000000e+02 2.905318044290061956e-06
3.380000000000000000e+02 2.955001338104340126e-06
3.390000000000000000e+02 3.352951863554123341e-06
3.400000000000000000e+02 3.257365301960364002e-06
3.410000000000000000e+02 3.027010999002542550e-06
3.420000000000000000e+02 2.861383306478081110e-06
3.430000000000000000e+02 2.904226109523836330e-06
3.440000000000000000e+02 2.858582206599402097e-06
3.450000000000000000e+02 2.857138123252872839e-06
3.460000000000000000e+02 2.877818133898890661e-06
3.470000000000000000e+02 2.911259349609631852e-06
3.480000000000000000e+02 3.041656801405882442e-06
3.490000000000000000e+02 2.947874870326448062e-06
3.500000000000000000e+02 2.758256003010475770e-06
3.510000000000000000e+02 2.819450184892557147e-06
3.520000000000000000e+02 2.806632155570537479e-06
3.530000000000000000e+02 3.036814500803794415e-06
3.540000000000000000e+02 2.831937840861188547e-06
3.550000000000000000e+02 2.918095706828991091e-06
3.560000000000000000e+02 3.181139694200657146e-06
3.570000000000000000e+02 2.763390640205857821e-06
3.580000000000000000e+02 2.764441469889402096e-06
3.590000000000000000e+02 2.744070659934020361e-06
3.600000000000000000e+02 2.773115899935383929e-06
3.610000000000000000e+02 2.743070363342538223e-06
3.620000000000000000e+02 2.839204201172245584e-06
3.630000000000000000e+02 2.779902221191421572e-06
3.640000000000000000e+02 2.831994483546544356e-06
3.650000000000000000e+02 2.701879210637352156e-06
3.660000000000000000e+02 2.796887200197691991e-06
3.670000000000000000e+02 2.746991070519639599e-06
3.680000000000000000e+02 2.804314941583235414e-06
3.690000000000000000e+02 2.727457951436592304e-06
3.700000000000000000e+02 2.774164435171271228e-06
3.710000000000000000e+02 3.037273229979876406e-06
3.720000000000000000e+02 3.419975936818221787e-06
3.730000000000000000e+02 3.075023654610791471e-06
3.740000000000000000e+02 2.885461080731099553e-06
3.750000000000000000e+02 3.135913107018296886e-06
3.760000000000000000e+02 2.926002543351965942e-06
3.770000000000000000e+02 2.865670172435713059e-06
3.780000000000000000e+02 2.714094296667808868e-06
3.790000000000000000e+02 2.783905613381434679e-06
3.800000000000000000e+02 2.761411233288004253e-06
3.810000000000000000e+02 2.745875154343487231e-06
3.820000000000000000e+02 2.768353515721962262e-06
3.830000000000000000e+02 2.828460063796754104e-06
3.840000000000000000e+02 2.699351242521224576e-06
3.850000000000000000e+02 2.688338591421153326e-06
3.860000000000000000e+02 2.678726903054135300e-06
3.870000000000000000e+02 2.573814888435917499e-06
3.880000000000000000e+02 2.670011445001616739e-06
3.890000000000000000e+02 2.709482907737504808e-06
3.900000000000000000e+02 2.663922820529715565e-06
3.910000000000000000e+02 2.766129168754925744e-06
3.920000000000000000e+02 2.661121305592111517e-06
3.930000000000000000e+02 2.693342495568453340e-06
3.940000000000000000e+02 2.749509743642456255e-06
3.950000000000000000e+02 2.935265058462771545e-06
3.960000000000000000e+02 2.786202367509413143e-06
3.970000000000000000e+02 2.728515554093418095e-06
3.980000000000000000e+02 2.680157001266797550e-06
3.990000000000000000e+02 2.656683008910086605e-06
4.000000000000000000e+02 2.616475005050615857e-06
4.010000000000000000e+02 2.614710259505157511e-06
4.020000000000000000e+02 2.696540495390576183e-06
4.030000000000000000e+02 2.934946768777363516e-06
4.040000000000000000e+02 2.808170109310275743e-06
4.050000000000000000e+02 2.711231951962133656e-06
4.060000000000000000e+02 2.642806658923161872e-06
4.070000000000000000e+02 2.661336244197425606e-06
4.080000000000000000e+02 2.682419537124966975e-06
4.090000000000000000e+02 2.638923837904600500e-06
4.100000000000000000e+02 2.662055987230217630e-06
4.110000000000000000e+02 2.608224905406572741e-06
4.120000000000000000e+02 2.591516977419469086e-06
4.130000000000000000e+02 2.618387297284597324e-06
4.140000000000000000e+02 2.591987736383001939e-06
4.150000000000000000e+02 2.640803501404524384e-06
4.160000000000000000e+02 2.713082242544613041e-06
4.170000000000000000e+02 2.583282292510809185e-06
4.180000000000000000e+02 2.657581371484001881e-06
4.190000000000000000e+02 2.633697228978691919e-06
4.200000000000000000e+02 2.592030197310458834e-06
4.210000000000000000e+02 2.534849421944982866e-06
4.220000000000000000e+02 2.627613784624783437e-06
4.230000000000000000e+02 2.501864792811795427e-06
4.240000000000000000e+02 2.762157094856920785e-06
4.250000000000000000e+02 2.676778569934734330e-06
4.260000000000000000e+02 2.533459750752736021e-06
4.270000000000000000e+02 2.726598059684783492e-06
4.280000000000000000e+02 2.612480761426105813e-06
4.290000000000000000e+02 2.646810165853727616e-06
4.300000000000000000e+02 2.537310292898582421e-06
4.310000000000000000e+02 2.496721464559627570e-06
4.320000000000000000e+02 2.656934518801890313e-06
4.330000000000000000e+02 2.592782561092928123e-06
4.340000000000000000e+02 2.563589981934879454e-06
4.350000000000000000e+02 2.660405016789326244e-06
4.360000000000000000e+02 2.558205398650329680e-06
4.370000000000000000e+02 2.542895544636895265e-06
4.380000000000000000e+02 2.625594376286089017e-06
4.390000000000000000e+02 2.656836379213801763e-06
4.400000000000000000e+02 2.546201877007032705e-06
4.410000000000000000e+02 2.437850586300423624e-06
4.420000000000000000e+02 2.557990162794701561e-06
4.430000000000000000e+02 2.497662572416770279e-06
4.440000000000000000e+02 2.560115948108342816e-06
4.450000000000000000e+02 2.515344475624022675e-06
4.460000000000000000e+02 2.510389419593333853e-06
4.470000000000000000e+02 2.671542314023381638e-06
4.480000000000000000e+02 2.680585492646371798e-06
4.490000000000000000e+02 2.554627913093536154e-06
4.500000000000000000e+02 2.551140938554859176e-06
4.510000000000000000e+02 2.624017578898110533e-06
4.520000000000000000e+02 2.599712688406896139e-06
4.530000000000000000e+02 2.526608430826645248e-06
4.540000000000000000e+02 2.545788443104653830e-06
4.550000000000000000e+02 2.523264008526389827e-06
4.560000000000000000e+02 2.480414754278805501e-06
4.570000000000000000e+02 2.621649921908645017e-06
4.580000000000000000e+02 2.582749797742094850e-06
4.590000000000000000e+02 2.543151995314838007e-06
4.600000000000000000e+02 2.495042650952644149e-06
4.610000000000000000e+02 2.458697387636312972e-06
4.620000000000000000e+02 2.576578484628269656e-06
4.630000000000000000e+02 2.540144621944458691e-06
4.640000000000000000e+02 2.544141723773716071e-06
4.650000000000000000e+02 2.617000744396189332e-06
4.660000000000000000e+02 2.500891522128627470e-06
4.670000000000000000e+02 2.522673276669501242e-06
4.680000000000000000e+02 2.644111990623098079e-06
4.690000000000000000e+02 2.528128585191917995e-06
4.700000000000000000e+02 2.532398078824300814e-06
4.710000000000000000e+02 2.479886508162009390e-06
4.720000000000000000e+02 2.536724248187881302e-06
4.730000000000000000e+02 2.545842855575430951e-06
4.740000000000000000e+02 2.459063085413491116e-06
4.750000000000000000e+02 2.504613726498800493e-06
4.760000000000000000e+02 2.560752949674783723e-06
4.770000000000000000e+02 2.502688173228290588e-06
4.780000000000000000e+02 2.493216320834491379e-06
4.790000000000000000e+02 2.502998397716816893e-06
4.800000000000000000e+02 2.540000875243720315e-06
4.810000000000000000e+02 2.552558332795299953e-06
4.820000000000000000e+02 2.479030417975051828e-06
4.830000000000000000e+02 2.483934961576546242e-06
4.840000000000000000e+02 2.532502376186032618e-06
4.850000000000000000e+02 2.619148252326235331e-06
4.860000000000000000e+02 2.488918699253635725e-06
4.870000000000000000e+02 2.517391235187505882e-06
4.880000000000000000e+02 2.432501192044053853e-06
4.890000000000000000e+02 2.528940541090827809e-06
4.900000000000000000e+02 2.514486245866007964e-06
4.910000000000000000e+02 2.536223684523662349e-06
4.920000000000000000e+02 2.442576493379463437e-06
4.930000000000000000e+02 2.469526190105153378e-06
4.940000000000000000e+02 2.525286959343683204e-06
4.950000000000000000e+02 2.547769136492359333e-06
4.960000000000000000e+02 2.562688807921390364e-06
4.970000000000000000e+02 2.489429767985882744e-06
4.980000000000000000e+02 2.469117383865149982e-06
4.990000000000000000e+02 2.546776032872712231e-06
5.000000000000000000e+02 2.493287632718868333e-06
5.010000000000000000e+02 2.498238644179120429e-06
5.020000000000000000e+02 2.488600680554093499e-06
5.030000000000000000e+02 2.502741778790221091e-06
5.040000000000000000e+02 2.421613449912375829e-06
5.050000000000000000e+02 2.481734300025412480e-06
5.060000000000000000e+02 2.476959379958342278e-06
5.070000000000000000e+02 2.506260154781914034e-06
5.080000000000000000e+02 2.463974312144322587e-06
5.090000000000000000e+02 2.509879064003522140e-06
5.100000000000000000e+02 2.466786778337188504e-06
5.110000000000000000e+02 2.478908882644397601e-06
5.120000000000000000e+02 2.453019874848876459e-06
5.130000000000000000e+02 2.408088336518972333e-06
5.140000000000000000e+02 2.478283746897160956e-06
5.150000000000000000e+02 2.446233832757575560e-06
5.160000000000000000e+02 2.448022320740366695e-06
5.170000000000000000e+02 2.518686491630414792e-06
5.180000000000000000e+02 2.482499873104122178e-06
5.190000000000000000e+02 2.458707360826238583e-06
5.200000000000000000e+02 2.422849189812271075e-06
5.210000000000000000e+02 2.494604307798726940e-06
5.220000000000000000e+02 2.409033751580477470e-06
5.230000000000000000e+02 2.422236194587434793e-06
5.240000000000000000e+02 2.410566415442756070e-06
5.250000000000000000e+02 2.447735084634927091e-06
5.260000000000000000e+02 2.523293316039198934e-06
5.270000000000000000e+02 2.415486954804667642e-06
5.280000000000000000e+02 2.485024359156418064e-06
5.290000000000000000e+02 2.395677034162164150e-06
5.300000000000000000e+02 2.411325220349842506e-06
5.310000000000000000e+02 2.482716517520870263e-06
5.320000000000000000e+02 2.462646605845299401e-06
5.330000000000000000e+02 2.435930330123515146e-06
5.340000000000000000e+02 2.421169448245597974e-06
5.350000000000000000e+02 2.507235308068309048e-06
5.360000000000000000e+02 2.506250637513872886e-06
5.370000000000000000e+02 2.463485431267178744e-06
5.380000000000000000e+02 2.453793536323813039e-06
5.390000000000000000e+02 2.439933040700585319e-06
5.400000000000000000e+02 2.504317572878020061e-06
5.410000000000000000e+02 2.489124652410133013e-06
5.420000000000000000e+02 2.457609460416259090e-06
5.430000000000000000e+02 2.397158756250842448e-06
5.440000000000000000e+02 2.415419278879740318e-06
5.450000000000000000e+02 2.489276086832259319e-06
5.460000000000000000e+02 2.427164302030433178e-06
5.470000000000000000e+02 2.434973346492465445e-06
5.480000000000000000e+02 2.387977318803942619e-06
5.490000000000000000e+02 2.388898369679357293e-06
5.500000000000000000e+02 2.438770232996600186e-06
5.510000000000000000e+02 2.392164543041923859e-06
5.520000000000000000e+02 2.411595730974280474e-06
5.530000000000000000e+02 2.410302806045062832e-06
5.540000000000000000e+02 2.454494838738028361e-06
5.550000000000000000e+02 2.411599022760732963e-06
5.560000000000000000e+02 2.447988683496977344e-06
5.570000000000000000e+02 2.453545694106751398e-06
5.580000000000000000e+02 2.374586514633070404e-06
5.590000000000000000e+02 2.489178590322418300e-06
5.600000000000000000e+02 2.461484035790625491e-06
5.610000000000000000e+02 2.382163914071492970e-06
5.620000000000000000e+02 2.505040639340546928e-06
5.630000000000000000e+02 2.451641905807720272e-06
5.640000000000000000e+02 2.392432147383275628e-06
5.650000000000000000e+02 2.362049135456596965e-06
5.660000000000000000e+02 2.472457864454105884e-06
5.670000000000000000e+02 2.447990256193869240e-06
5.680000000000000000e+02 2.426017235080369547e-06
5.690000000000000000e+02 2.481465381828136037e-06
5.700000000000000000e+02 2.438063271452934208e-06
5.710000000000000000e+02 2.467016820617951064e-06
5.720000000000000000e+02 2.439460803219509762e-06
5.730000000000000000e+02 2.412960569442802595e-06
5.740000000000000000e+02 2.395482332384945183e-06
5.750000000000000000e+02 2.499844028563539302e-06
5.760000000000000000e+02 2.399413339679533511e-06
5.770000000000000000e+02 2.355667358010789633e-06
5.780000000000000000e+02 2.459101495321916050e-06
5.790000000000000000e+02 2.450530871867503560e-06
5.800000000000000000e+02 2.402761569003212721e-06
5.810000000000000000e+02 2.447298206569027742e-06
5.820000000000000000e+02 2.424891936503437247e-06
5.830000000000000000e+02 2.371459106642949432e-06
5.840000000000000000e+02 2.426628468439367973e-06
5.850000000000000000e+02 2.408401789611431286e-06
5.860000000000000000e+02 2.391846598273617438e-06
5.870000000000000000e+02 2.439798828388038823e-06
5.880000000000000000e+02 2.448464039771929113e-06
5.890000000000000000e+02 2.426490959147384900e-06
5.900000000000000000e+02 2.392386734157379683e-06
5.910000000000000000e+02 2.430024049895915557e-06
5.920000000000000000e+02 2.458091296391449500e-06
5.930000000000000000e+02 2.441065531256127327e-06
5.940000000000000000e+02 2.347392612664037041e-06
5.950000000000000000e+02 2.479630799009191541e-06
5.960000000000000000e+02 2.511064028488749804e-06
5.970000000000000000e+02 2.471737634117662534e-06
5.980000000000000000e+02 2.443638860689273620e-06
5.990000000000000000e+02 2.404803233947537657e-06
6.000000000000000000e+02 2.398994919287785922e-06
6.010000000000000000e+02 2.391276315165342561e-06
6.020000000000000000e+02 2.443973832006936105e-06
6.030000000000000000e+02 2.422611962728915774e-06
6.040000000000000000e+02 2.456434286016471366e-06
6.050000000000000000e+02 2.450689023377629509e-06
6.060000000000000000e+02 2.441094093424785198e-06
6.070000000000000000e+02 2.411845244567800218e-06
6.080000000000000000e+02 2.461450163424641562e-06
6.090000000000000000e+02 2.432173987238701889e-06
6.100000000000000000e+02 2.397646839885628322e-06
6.110000000000000000e+02 2.437164803265151858e-06
6.120000000000000000e+02 2.364414233624884617e-06
6.130000000000000000e+02 2.383175261819950602e-06
6.140000000000000000e+02 2.404113402545885740e-06
6.150000000000000000e+02 2.381656321761562084e-06
6.160000000000000000e+02 2.432485744033627167e-06
6.170000000000000000e+02 2.413582317498457056e-06
6.180000000000000000e+02 2.424141397726754202e-06
6.190000000000000000e+02 2.476565057694400485e-06
6.200000000000000000e+02 2.468343328884663433e-06
6.210000000000000000e+02 2.430904256719083190e-06
6.220000000000000000e+02 2.414658652930030190e-06
6.230000000000000000e+02 2.434296862820579664e-06
6.240000000000000000e+02 2.379014598562430958e-06
6.250000000000000000e+02 2.435961318338960695e-06
6.260000000000000000e+02 2.385149664007951090e-06
6.270000000000000000e+02 2.431099072439723099e-06
6.280000000000000000e+02 2.433410408642014050e-06
6.290000000000000000e+02 2.330880816620481564e-06
6.300000000000000000e+02 2.378942262158215583e-06
6.310000000000000000e+02 2.409701903559673426e-06
6.320000000000000000e+02 2.400924429021528779e-06
6.330000000000000000e+02 2.404932021949787415e-06
6.340000000000000000e+02 2.408895849057780360e-06
6.350000000000000000e+02 2.352668556983598176e-06
6.360000000000000000e+02 2.414013898404844804e-06
6.370000000000000000e+02 2.426017576445641778e-06
6.380000000000000000e+02 2.413487471178504814e-06
6.390000000000000000e+02 2.397475534305737705e-06
6.400000000000000000e+02 2.314876581433262142e-06
6.410000000000000000e+02 2.401565223446744407e-06
6.420000000000000000e+02 2.327872295479178992e-06
6.430000000000000000e+02 2.420767802038244872e-06
6.440000000000000000e+02 2.368111552997057530e-06
6.450000000000000000e+02 2.447841078433579887e-06
6.460000000000000000e+02 2.394381250356830270e-06
6.470000000000000000e+02 2.424630120796188986e-06
6.480000000000000000e+02 2.362587519965598695e-06
6.490000000000000000e+02 2.397219100684256441e-06
6.500000000000000000e+02 2.356869323036134042e-06
6.510000000000000000e+02 2.381005927996696634e-06
6.520000000000000000e+02 2.489395525455374240e-06
6.530000000000000000e+02 2.385484076857648930e-06
6.540000000000000000e+02 2.412671622829276144e-06
6.550000000000000000e+02 2.378810282323968312e-06
6.560000000000000000e+02 2.405956538838075594e-06
6.570000000000000000e+02 2.398485074074699257e-06
6.580000000000000000e+02 2.360980288639461166e-06
6.590000000000000000e+02 2.383663083530587114e-06
6.600000000000000000e+02 2.354050531851616514e-06
6.610000000000000000e+02 2.364841571820272979e-06
6.620000000000000000e+02 2.443657505680109337e-06
6.630000000000000000e+02 2.417631626658871883e-06
6.640000000000000000e+02 2.375495013806385078e-06
6.650000000000000000e+02 2.382589689296601754e-06
6.660000000000000000e+02 2.394626054625275674e-06
6.670000000000000000e+02 2.438281815051277481e-06
6.680000000000000000e+02 2.422714289803661222e-06
6.690000000000000000e+02 2.488810956315823153e-06
6.700000000000000000e+02 2.350519925120867313e-06
6.710000000000000000e+02 2.343920442058664181e-06
6.720000000000000000e+02 2.474766967852054721e-06
6.730000000000000000e+02 2.444426096819683158e-06
6.740000000000000000e+02 2.411841198149612787e-06
6.750000000000000000e+02 2.366879361361379977e-06
6.760000000000000000e+02 2.406840114797519650e-06
6.770000000000000000e+02 2.442217086665368552e-06
6.780000000000000000e+02 2.335846765098108716e-06
6.790000000000000000e+02 2.422063841492681036e-06
6.800000000000000000e+02 2.413202574573091325e-06
6.810000000000000000e+02 2.437176506195244318e-06
6.820000000000000000e+02 2.448094486420560772e-06
6.830000000000000000e+02 2.355596764998335118e-06
6.840000000000000000e+02 2.378085095790513380e-06
6.850000000000000000e+02 2.498975086537249033e-06
6.860000000000000000e+02 2.424952286615823869e-06
6.870000000000000000e+02 2.350780535084993634e-06
6.880000000000000000e+02 2.335037211208429051e-06
6.890000000000000000e+02 2.407011528083956095e-06
6.900000000000000000e+02 2.414817459926319110e-06
6.910000000000000000e+02 2.353467907724697403e-06
