0.000000000000000000e+00 1.639970117096523810e-03
1.000000000000000000e+00 1.412939627872694421e-04
2.000000000000000000e+00 1.043948104393509002e-04
3.000000000000000000e+00 1.015927113319415773e-04
4.000000000000000000e+00 1.007954704708657971e-04
5.000000000000000000e+00 1.001004743651843880e-04
6.000000000000000000e+00 9.923208498549645183e-05
7.000000000000000000e+00 9.836107527607575326e-05
8.000000000000000000e+00 9.743697750871841269e-05
9.000000000000000000e+00 9.650186668529264170e-05
1.000000000000000000e+01 9.562816584628326677e-05
1.100000000000000000e+01 9.454006057461785805e-05
1.200000000000000000e+01 9.361170993563493290e-05
1.300000000000000000e+01 9.257805353641838822e-05
1.400000000000000000e+01 9.130548359002075079e-05
1.500000000000000000e+01 8.999020291341729432e-05
1.600000000000000000e+01 8.872918161545239680e-05
1.700000000000000000e+01 8.727235629410607634e-05
1.800000000000000000e+01 8.560812763333059197e-05
1.900000000000000000e+01 8.364878864828226843e-05
2.000000000000000000e+01 8.158935627949416884e-05
2.100000000000000000e+01 7.873640206576555504e-05
2.200000000000000000e+01 7.577905602936033092e-05
2.300000000000000000e+01 7.130461113521112913e-05
2.400000000000000000e+01 6.575059175315827354e-05
2.500000000000000000e+01 5.591476949565187693e-05
2.600000000000000000e+01 4.043737743857926447e-05
2.700000000000000000e+01 2.140563752215557289e-05
2.800000000000000000e+01 9.349996404200252491e-06
2.900000000000000000e+01 5.802476577218823318e-06
3.000000000000000000e+01 4.721697141970707110e-06
3.100000000000000000e+01 4.026221689802010495e-06
3.200000000000000000e+01 3.547020429094299306e-06
3.300000000000000000e+01 3.210607427522931207e-06
3.400000000000000000e+01 2.878262198120400994e-06
3.500000000000000000e+01 2.610830204502440819e-06
3.600000000000000000e+01 2.331744580446454110e-06
3.700000000000000000e+01 2.211867722344227799e-06
3.800000000000000000e+01 2.054543363365971010e-06
3.900000000000000000e+01 1.878935619137242689e-06
4.000000000000000000e+01 1.759018453902684849e-06
4.100000000000000000e+01 1.651638384103623363e-06
4.200000000000000000e+01 1.552177923447821663e-06
4.300000000000000000e+01 1.480711399321170563e-06
4.400000000000000000e+01 1.377149100198618146e-06
4.500000000000000000e+01 1.368141869941016783e-06
4.600000000000000000e+01 1.266235750950929509e-06
4.700000000000000000e+01 1.204044863555661275e-06
4.800000000000000000e+01 1.144493530648475130e-06
4.900000000000000000e+01 1.116960646011126444e-06
5.000000000000000000e+01 1.050769947354143732e-06
5.100000000000000000e+01 9.844830633278027353e-07
5.200000000000000000e+01 9.940404010895060226e-07
5.300000000000000000e+01 9.461633000841437267e-07
5.400000000000000000e+01 8.698237759684571038e-07
5.500000000000000000e+01 8.723842536359098293e-07
5.600000000000000000e+01 7.995981444926697031e-07
5.700000000000000000e+01 7.881881946345580997e-07
5.800000000000000000e+01 7.335303200330482881e-07
5.900000000000000000e+01 7.197950511780521694e-07
6.000000000000000000e+01 7.321839238082841270e-07
6.100000000000000000e+01 6.680693808764778245e-07
6.200000000000000000e+01 6.361858683458363799e-07
6.300000000000000000e+01 6.324365766589748885e-07
6.400000000000000000e+01 5.959976576415286334e-07
6.500000000000000000e+01 5.720397477658476595e-07
6.600000000000000000e+01 5.598645142930751483e-07
6.700000000000000000e+01 5.386444831250112840e-07
6.800000000000000000e+01 5.174139489176922241e-07
6.900000000000000000e+01 5.140438516683343097e-07
7.000000000000000000e+01 4.850454403275411767e-07
7.100000000000000000e+01 4.798699810318588204e-07
7.200000000000000000e+01 4.686426526018453686e-07
7.300000000000000000e+01 4.421148503778473660e-07
7.400000000000000000e+01 4.309320375064146739e-07
7.500000000000000000e+01 4.128763144037993448e-07
7.600000000000000000e+01 4.085567732879708673e-07
7.700000000000000000e+01 3.863699205027725648e-07
7.800000000000000000e+01 3.814766456299279254e-07
7.900000000000000000e+01 3.621414672562801017e-07
8.000000000000000000e+01 3.703498407684777150e-07
8.100000000000000000e+01 3.423622496147972741e-07
8.200000000000000000e+01 3.358149945106457215e-07
8.300000000000000000e+01 3.234579966769309924e-07
8.400000000000000000e+01 3.152319562407036812e-07
8.500000000000000000e+01 3.038925806410981599e-07
8.600000000000000000e+01 3.038505887837715768e-07
8.700000000000000000e+01 2.871965303963074359e-07
8.800000000000000000e+01 2.785534017499309613e-07
8.900000000000000000e+01 2.715988065923196381e-07
9.000000000000000000e+01 2.658475799040374382e-07
9.100000000000000000e+01 2.628711825457579097e-07
9.200000000000000000e+01 2.536771979681737223e-07
9.300000000000000000e+01 2.495710845415304959e-07
9.400000000000000000e+01 2.387107634844895710e-07
9.500000000000000000e+01 2.321593810066861474e-07
9.600000000000000000e+01 2.237498831653694460e-07
9.700000000000000000e+01 2.212133809963979024e-07
9.800000000000000000e+01 2.123735776878336811e-07
9.900000000000000000e+01 2.127625448319615553e-07
1.000000000000000000e+02 2.039610396403135423e-07
1.010000000000000000e+02 2.122576143154278928e-07
1.020000000000000000e+02 1.926848333149845383e-07
1.030000000000000000e+02 1.863050613276001924e-07
1.040000000000000000e+02 1.847889290677720144e-07
1.050000000000000000e+02 1.789916453700131362e-07
1.060000000000000000e+02 1.731650124107966788e-07
1.070000000000000000e+02 1.760979539548621286e-07
1.080000000000000000e+02 1.649742095052223529e-07
1.090000000000000000e+02 1.622006143247216348e-07
1.100000000000000000e+02 1.599285173032921877e-07
1.110000000000000000e+02 1.557184411441566466e-07
1.120000000000000000e+02 1.500877702084764340e-07
1.130000000000000000e+02 1.447125319878739325e-07
1.140000000000000000e+02 1.459367849745483600e-07
1.150000000000000000e+02 1.450906898708004755e-07
1.160000000000000000e+02 1.364413978650364289e-07
1.170000000000000000e+02 1.324428701083649435e-07
1.180000000000000000e+02 1.300217481892607078e-07
1.190000000000000000e+02 1.278087291379858223e-07
1.200000000000000000e+02 1.239979822134719273e-07
1.210000000000000000e+02 1.195811086030367012e-07
1.220000000000000000e+02 1.186309723484782778e-07
1.230000000000000000e+02 1.175310723912011130e-07
1.240000000000000000e+02 1.138574037660489919e-07
1.250000000000000000e+02 1.092479943850649147e-07
1.260000000000000000e+02 1.075451208484458112e-07
1.270000000000000000e+02 1.068073562071918350e-07
1.280000000000000000e+02 1.029418514656583464e-07
1.290000000000000000e+02 1.056771925408888189e-07
1.300000000000000000e+02 9.923875939115436761e-08
1.310000000000000000e+02 9.697438446550896115e-08
1.320000000000000000e+02 9.694785940334709088e-08
1.330000000000000000e+02 9.325339508797892813e-08
1.340000000000000000e+02 9.471088327342936166e-08
1.350000000000000000e+02 8.849382519106008543e-08
1.360000000000000000e+02 8.539089162555315625e-08
1.370000000000000000e+02 8.531177153145350457e-08
1.380000000000000000e+02 8.542425534778964667e-08
1.390000000000000000e+02 8.163699826796360872e-08
1.400000000000000000e+02 7.845579284002454149e-08
1.410000000000000000e+02 7.672984947653081760e-08
1.420000000000000000e+02 7.775204618015387760e-08
1.430000000000000000e+02 7.883986401000349174e-08
1.440000000000000000e+02 7.538443182292404401e-08
1.450000000000000000e+02 7.135729955250490838e-08
1.460000000000000000e+02 7.081315472065638889e-08
1.470000000000000000e+02 6.980808315856302798e-08
1.480000000000000000e+02 6.876363391877659653e-08
1.490000000000000000e+02 6.663064779518365133e-08
1.500000000000000000e+02 6.511066244697490349e-08
1.510000000000000000e+02 6.431208217576246670e-08
1.520000000000000000e+02 6.153285675065958289e-08
1.530000000000000000e+02 6.126826638119278020e-08
1.540000000000000000e+02 6.014567660131369601e-08
1.550000000000000000e+02 5.834630236260826880e-08
1.560000000000000000e+02 5.737142993257015166e-08
1.570000000000000000e+02 5.547459022061801659e-08
1.580000000000000000e+02 5.382352025150868431e-08
1.590000000000000000e+02 5.380962448853716715e-08
1.600000000000000000e+02 5.508913212893860461e-08
1.610000000000000000e+02 5.223389205984994687e-08
1.620000000000000000e+02 5.059348928127965264e-08
1.630000000000000000e+02 4.934662373611455922e-08
1.640000000000000000e+02 4.964509041740918849e-08
1.650000000000000000e+02 4.727273388887557425e-08
1.660000000000000000e+02 4.927317812102057785e-08
1.670000000000000000e+02 4.831288652876191937e-08
1.680000000000000000e+02 4.678762825548519008e-08
1.690000000000000000e+02 4.621200339839172422e-08
1.700000000000000000e+02 4.334047229282984590e-08
1.710000000000000000e+02 4.307777198428928960e-08
1.720000000000000000e+02 4.109395857767125921e-08
1.730000000000000000e+02 4.100474479984724980e-08
1.740000000000000000e+02 3.962196704902076965e-08
1.750000000000000000e+02 3.891921040326784668e-08
1.760000000000000000e+02 3.900039122806452174e-08
1.770000000000000000e+02 3.872665195655950654e-08
1.780000000000000000e+02 3.658187210712963864e-08
1.790000000000000000e+02 3.612206594833147857e-08
1.800000000000000000e+02 3.531568075620258077e-08
1.810000000000000000e+02 3.452443406289713098e-08
1.820000000000000000e+02 3.396112668938265494e-08
1.830000000000000000e+02 3.411559773852097894e-08
1.840000000000000000e+02 3.346496357020329720e-08
1.850000000000000000e+02 3.294508647786829730e-08
1.860000000000000000e+02 3.183956418425120503e-08
1.870000000000000000e+02 3.114568303298525097e-08
1.880000000000000000e+02 3.045610849388458894e-08
1.890000000000000000e+02 3.027646544470793955e-08
1.900000000000000000e+02 3.009118912521079779e-08
1.910000000000000000e+02 2.866288447746309815e-08
1.920000000000000000e+02 2.893838442902014376e-08
1.930000000000000000e+02 2.942232415663255612e-08
1.940000000000000000e+02 2.749693398083245185e-08
1.950000000000000000e+02 2.740802372277019340e-08
1.960000000000000000e+02 2.660194929076990278e-08
1.970000000000000000e+02 2.585469761044548305e-08
1.980000000000000000e+02 2.631195991611895733e-08
1.990000000000000000e+02 2.476842888999151485e-08
2.000000000000000000e+02 2.453958895380818126e-08
2.010000000000000000e+02 2.360612427879020368e-08
2.020000000000000000e+02 2.341460729140116350e-08
2.030000000000000000e+02 2.326174642185161238e-08
2.040000000000000000e+02 2.347440719785403514e-08
2.050000000000000000e+02 2.265284631835370518e-08
2.060000000000000000e+02 2.289556088445485695e-08
2.070000000000000000e+02 2.326574990931728900e-08
2.080000000000000000e+02 2.172037111742183598e-08
2.090000000000000000e+02 2.152254425978932326e-08
2.100000000000000000e+02 2.181657453379808145e-08
2.110000000000000000e+02 2.090374087383861474e-08
2.120000000000000000e+02 2.077273118227566730e-08
2.130000000000000000e+02 1.995356017413288100e-08
2.140000000000000000e+02 1.968357891980978043e-08
2.150000000000000000e+02 1.987448527636040960e-08
2.160000000000000000e+02 1.928438978370275953e-08
2.170000000000000000e+02 1.879996456684192737e-08
2.180000000000000000e+02 1.811554930520452627e-08
2.190000000000000000e+02 1.810124460630554121e-08
2.200000000000000000e+02 1.777268792314425331e-08
2.210000000000000000e+02 1.737533294778796469e-08
2.220000000000000000e+02 1.846836405797534269e-08
2.230000000000000000e+02 1.660179859520067230e-08
2.240000000000000000e+02 1.734323765311244143e-08
2.250000000000000000e+02 1.624391604361003997e-08
2.260000000000000000e+02 1.609979394194788798e-08
2.270000000000000000e+02 1.574232268162470042e-08
2.280000000000000000e+02 1.550470815231636477e-08
2.290000000000000000e+02 1.515112917506474893e-08
2.300000000000000000e+02 1.583560669291063104e-08
2.310000000000000000e+02 1.450919049049295077e-08
2.320000000000000000e+02 1.543213265086637797e-08
2.330000000000000000e+02 1.532572929062247752e-08
2.340000000000000000e+02 1.431956048634019649e-08
2.350000000000000000e+02 1.429352279784806538e-08
2.360000000000000000e+02 1.416715820367933861e-08
2.370000000000000000e+02 1.363758469271056620e-08
2.380000000000000000e+02 1.336541963630860891e-08
2.390000000000000000e+02 1.317843432643086580e-08
2.400000000000000000e+02 1.340255729002713050e-08
2.410000000000000000e+02 1.305104762212881101e-08
2.420000000000000000e+02 1.365042639128013833e-08
2.430000000000000000e+02 1.294087620764546012e-08
2.440000000000000000e+02 1.245998096911123227e-08
2.450000000000000000e+02 1.222112734478581319e-08
2.460000000000000000e+02 1.263554267859371348e-08
2.470000000000000000e+02 1.166132116684781285e-08
2.480000000000000000e+02 1.231548480722105393e-08
2.490000000000000000e+02 1.175793092565206982e-08
2.500000000000000000e+02 1.149130970776838028e-08
2.510000000000000000e+02 1.123107268182087446e-08
2.520000000000000000e+02 1.131754475935079918e-08
2.530000000000000000e+02 1.245934472011977539e-08
2.540000000000000000e+02 1.088191408305514577e-08
2.550000000000000000e+02 1.049818644592785253e-08
2.560000000000000000e+02 1.066930329899158760e-08
2.570000000000000000e+02 1.109481328259079730e-08
2.580000000000000000e+02 1.054177612161118783e-08
2.590000000000000000e+02 1.019488947572985328e-08
2.600000000000000000e+02 1.047633754276503321e-08
2.610000000000000000e+02 1.030692505343449296e-08
2.620000000000000000e+02 1.037895359301728861e-08
2.630000000000000000e+02 9.662873123364612554e-09
2.640000000000000000e+02 9.582891131925663284e-09
2.650000000000000000e+02 9.597068088978946657e-09
2.660000000000000000e+02 9.979237501215665153e-09
2.670000000000000000e+02 1.005988825457678904e-08
2.680000000000000000e+02 9.448340900511277797e-09
2.690000000000000000e+02 9.333017559684813978e-09
2.700000000000000000e+02 9.013856560092771732e-09
2.710000000000000000e+02 8.915260184245758913e-09
2.720000000000000000e+02 9.178651579617755649e-09
2.730000000000000000e+02 9.697912435962865380e-09
2.740000000000000000e+02 1.127379124790958658e-08
2.750000000000000000e+02 8.971157068746209923e-09
2.760000000000000000e+02 1.001387235351067632e-08
2.770000000000000000e+02 9.641521731036198058e-09
2.780000000000000000e+02 8.228930095057350650e-09
2.790000000000000000e+02 8.551634795164712884e-09
2.800000000000000000e+02 8.549506024783135323e-09
2.810000000000000000e+02 8.264961005263489900e-09
2.820000000000000000e+02 8.762096267585477056e-09
2.830000000000000000e+02 8.487908565477131036e-09
2.840000000000000000e+02 8.552419600987857965e-09
2.850000000000000000e+02 8.160703908826160401e-09
2.860000000000000000e+02 8.066274122706295342e-09
2.870000000000000000e+02 8.448524992047954645e-09
2.880000000000000000e+02 1.084775698888456950e-08
2.890000000000000000e+02 9.091511933377708367e-09
2.900000000000000000e+02 7.606704728769282204e-09
2.910000000000000000e+02 7.324417264682610324e-09
2.920000000000000000e+02 7.640629120335664226e-09
2.930000000000000000e+02 7.569512194782681672e-09
2.940000000000000000e+02 7.454620411231232715e-09
2.950000000000000000e+02 7.388686839914560138e-09
2.960000000000000000e+02 7.681193966605315832e-09
2.970000000000000000e+02 7.074844137991740076e-09
2.980000000000000000e+02 7.466189831784919390e-09
2.990000000000000000e+02 7.816034942947728452e-09
3.000000000000000000e+02 7.848553460151870629e-09
3.010000000000000000e+02 7.298538711769064447e-09
3.020000000000000000e+02 7.806316131388626053e-09
3.030000000000000000e+02 7.121143463727671011e-09
3.040000000000000000e+02 6.783438644015925930e-09
3.050000000000000000e+02 6.877667842141728375e-09
3.060000000000000000e+02 8.089198245369841637e-09
3.070000000000000000e+02 7.208476147564128792e-09
3.080000000000000000e+02 6.910571648630459146e-09
3.090000000000000000e+02 7.364974338107700635e-09
3.100000000000000000e+02 6.788940508117209050e-09
3.110000000000000000e+02 6.418275058103316013e-09
3.120000000000000000e+02 6.744267497872972001e-09
3.130000000000000000e+02 6.558577387466115481e-09
3.140000000000000000e+02 7.109381587421838049e-09
3.150000000000000000e+02 6.595531483773911299e-09
3.160000000000000000e+02 6.790673307897555184e-09
3.170000000000000000e+02 6.230667771194229751e-09
3.180000000000000000e+02 6.424772106728811309e-09
3.190000000000000000e+02 7.004613888813424330e-09
3.200000000000000000e+02 7.897037293261789858e-09
3.210000000000000000e+02 6.690987258699943460e-09
3.220000000000000000e+02 6.760154477414399429e-09
3.230000000000000000e+02 6.408817840650215760e-09
3.240000000000000000e+02 6.093634026166389410e-09
3.250000000000000000e+02 6.289025696623312275e-09
3.260000000000000000e+02 6.385450020665121657e-09
3.270000000000000000e+02 6.425734544475860086e-09
3.280000000000000000e+02 6.433825072934839359e-09
3.290000000000000000e+02 6.231895648187213645e-09
3.300000000000000000e+02 6.298698431127659770e-09
3.310000000000000000e+02 6.154240682721376412e-09
3.320000000000000000e+02 6.210521943829976240e-09
3.330000000000000000e+02 6.414573784567860080e-09
3.340000000000000000e+02 6.124381051328111083e-09
3.350000000000000000e+02 6.542519673946644804e-09
3.360000000000000000e+02 6.243429419399232079e-09
3.370000000000000000e+02 5.767192884613777115e-09
3.380000000000000000e+02 6.001103153709058902e-09
3.390000000000000000e+02 6.103721674160576915e-09
3.400000000000000000e+02 5.839613508573723471e-09
3.410000000000000000e+02 7.590165628372113346e-09
3.420000000000000000e+02 6.238751083570980107e-09
3.430000000000000000e+02 6.879032099728255682e-09
3.440000000000000000e+02 5.755505988123684125e-09
3.450000000000000000e+02 5.615070656729998052e-09
3.460000000000000000e+02 5.651941965056786974e-09
3.470000000000000000e+02 5.701886731791142318e-09
3.480000000000000000e+02 5.796239714067674295e-09
3.490000000000000000e+02 5.456693939775228431e-09
3.500000000000000000e+02 6.607767839869430488e-09
3.510000000000000000e+02 6.262714375348941102e-09
3.520000000000000000e+02 6.169011328330594334e-09
3.530000000000000000e+02 5.823217696708643554e-09
3.540000000000000000e+02 7.190344388182296372e-09
3.550000000000000000e+02 5.864743396685876891e-09
3.560000000000000000e+02 6.119527305713206033e-09
3.570000000000000000e+02 7.405796435562653368e-09
3.580000000000000000e+02 7.537210074387095866e-09
3.590000000000000000e+02 6.336015190606565424e-09
3.600000000000000000e+02 5.570952619134770079e-09
3.610000000000000000e+02 5.661653502355923776e-09
3.620000000000000000e+02 5.478794252311882513e-09
3.630000000000000000e+02 5.406372297557735308e-09
3.640000000000000000e+02 5.822664420513272678e-09
3.650000000000000000e+02 8.732461214974430594e-09
3.660000000000000000e+02 8.191796986892532054e-09
3.670000000000000000e+02 6.027369045751216715e-09
3.680000000000000000e+02 5.480602441949053819e-09
3.690000000000000000e+02 5.244120646626068506e-09
3.700000000000000000e+02 6.109628664603354771e-09
3.710000000000000000e+02 5.351857003505227931e-09
3.720000000000000000e+02 5.265057502591783138e-09
3.730000000000000000e+02 5.123486622647303759e-09
3.740000000000000000e+02 5.409620770995810993e-09
3.750000000000000000e+02 5.261958551148250196e-09
3.760000000000000000e+02 5.229736795440301693e-09
3.770000000000000000e+02 5.482580272872792546e-09
3.780000000000000000e+02 5.444678522065181183e-09
3.790000000000000000e+02 5.187899795340567071e-09
3.800000000000000000e+02 5.207364536310525958e-09
3.810000000000000000e+02 6.050249036294412559e-09
3.820000000000000000e+02 5.240727326861636072e-09
3.830000000000000000e+02 5.214943984110349523e-09
3.840000000000000000e+02 5.378086593154852685e-09
3.850000000000000000e+02 5.300527659156995851e-09
3.860000000000000000e+02 5.802033419584705708e-09
3.870000000000000000e+02 5.148232495164334074e-09
3.880000000000000000e+02 5.647809154199475924e-09
3.890000000000000000e+02 5.053382272995252179e-09
3.900000000000000000e+02 5.287962986963702753e-09
3.910000000000000000e+02 5.203977431776987010e-09
3.920000000000000000e+02 4.953582215932427572e-09
3.930000000000000000e+02 5.097501655000240974e-09
3.940000000000000000e+02 5.228441174253005607e-09
3.950000000000000000e+02 5.495359085768178122e-09
3.960000000000000000e+02 5.099493285683684824e-09
3.970000000000000000e+02 5.598107605288377700e-09
3.980000000000000000e+02 5.114741137424143206e-09
3.990000000000000000e+02 5.394025857528093160e-09
4.000000000000000000e+02 5.175741815571166223e-09
4.010000000000000000e+02 4.862334436287903781e-09
4.020000000000000000e+02 5.178715345024408368e-09
4.030000000000000000e+02 5.532583657139192651e-09
4.040000000000000000e+02 5.146300155777344501e-09
4.050000000000000000e+02 5.355858804716088972e-09
4.060000000000000000e+02 5.360941340018986763e-09
4.070000000000000000e+02 5.159424820378265890e-09
4.080000000000000000e+02 5.896277664291370987e-09
4.090000000000000000e+02 5.288054233982175866e-09
4.100000000000000000e+02 5.771524054902846717e-09
4.110000000000000000e+02 5.398065918502395886e-09
4.120000000000000000e+02 4.899091776322482748e-09
4.130000000000000000e+02 4.686436696685820622e-09
4.140000000000000000e+02 4.985579536391360142e-09
4.150000000000000000e+02 5.307779582005843335e-09
4.160000000000000000e+02 5.078500855743561723e-09
4.170000000000000000e+02 4.934249425411588755e-09
4.180000000000000000e+02 4.789051930940024008e-09
4.190000000000000000e+02 5.144556295213336502e-09
4.200000000000000000e+02 6.239162921367372536e-09
4.210000000000000000e+02 5.230329344222714456e-09
4.220000000000000000e+02 5.885174317259960982e-09
4.230000000000000000e+02 4.780748689451007894e-09
4.240000000000000000e+02 4.775906560315246681e-09
4.250000000000000000e+02 4.681125075724458457e-09
4.260000000000000000e+02 4.622940817029255375e-09
4.270000000000000000e+02 5.183613214066920419e-09
4.280000000000000000e+02 4.876387952513484781e-09
4.290000000000000000e+02 4.625626883874187293e-09
4.300000000000000000e+02 4.899735062899999890e-09
4.310000000000000000e+02 5.030032305156845522e-09
4.320000000000000000e+02 5.041887627790580564e-09
4.330000000000000000e+02 4.755059007031537315e-09
4.340000000000000000e+02 4.732333556630694089e-09
4.350000000000000000e+02 4.966937967320593735e-09
4.360000000000000000e+02 4.638787590522656222e-09
4.370000000000000000e+02 4.715152636487032979e-09
4.380000000000000000e+02 4.675205195586603225e-09
4.390000000000000000e+02 4.871225505378690806e-09
4.400000000000000000e+02 4.984907149678552471e-09
4.410000000000000000e+02 4.942801994787813105e-09
4.420000000000000000e+02 5.098447405600558589e-09
4.430000000000000000e+02 4.814538641275406567e-09
4.440000000000000000e+02 4.836780459537862362e-09
4.450000000000000000e+02 4.860353019255605157e-09
4.460000000000000000e+02 4.637380269321976316e-09
4.470000000000000000e+02 5.023889490998769833e-09
4.480000000000000000e+02 4.895888107399323674e-09
4.490000000000000000e+02 4.993280007661511802e-09
4.500000000000000000e+02 5.277474157531245028e-09
4.510000000000000000e+02 4.670451213929461477e-09
4.520000000000000000e+02 4.648231243549747089e-09
4.530000000000000000e+02 4.656180126275550950e-09
4.540000000000000000e+02 4.684004532364719195e-09
4.550000000000000000e+02 4.714026761973641512e-09
4.560000000000000000e+02 4.696564572585497401e-09
4.570000000000000000e+02 4.627011763923411233e-09
4.580000000000000000e+02 4.711795218697643841e-09
4.590000000000000000e+02 5.234980711541509501e-09
4.600000000000000000e+02 4.993013947572976732e-09
4.610000000000000000e+02 4.732902124809967578e-09
4.620000000000000000e+02 4.530232419455256904e-09
4.630000000000000000e+02 4.687819184092032006e-09
4.640000000000000000e+02 5.258157234485880526e-09
4.650000000000000000e+02 4.430541666093313731e-09
4.660000000000000000e+02 4.937950805036506853e-09
4.670000000000000000e+02 4.588393745764607860e-09
4.680000000000000000e+02 4.585416975253500603e-09
4.690000000000000000e+02 4.833039559736061758e-09
4.700000000000000000e+02 5.088703075801346276e-09
4.710000000000000000e+02 5.080645900749790176e-09
4.720000000000000000e+02 4.513993420592762565e-09
4.730000000000000000e+02 4.515671327960440109e-09
4.740000000000000000e+02 4.571846634321306257e-09
4.750000000000000000e+02 4.455739424712224262e-09
4.760000000000000000e+02 4.507799678423179416e-09
4.770000000000000000e+02 4.509862255204896971e-09
4.780000000000000000e+02 4.512565289387855088e-09
4.790000000000000000e+02 4.441303031956406237e-09
4.800000000000000000e+02 4.489945410093004688e-09
4.810000000000000000e+02 4.525610629737769438e-09
4.820000000000000000e+02 4.558310667461677627e-09
4.830000000000000000e+02 4.502162799726162846e-09
4.840000000000000000e+02 5.070799470290446089e-09
4.850000000000000000e+02 4.987545349907144400e-09
4.860000000000000000e+02 4.829044883511662454e-09
4.870000000000000000e+02 5.176578497150952014e-09
