0.000000000000000000e+00 1.944588187681440508e-04
1.000000000000000000e+00 8.357582804379516455e-05
2.000000000000000000e+00 6.775991818718689937e-05
3.000000000000000000e+00 5.665345565127167220e-05
4.000000000000000000e+00 7.349787618286393804e-05
5.000000000000000000e+00 6.395140149821244174e-05
6.000000000000000000e+00 5.683910521231789825e-05
7.000000000000000000e+00 3.691547516680983120e-05
8.000000000000000000e+00 2.777633791674232383e-05
9.000000000000000000e+00 2.498401725002630767e-05
1.000000000000000000e+01 3.297729185973298884e-05
1.100000000000000000e+01 2.810072233691062805e-05
1.200000000000000000e+01 3.730375817852386096e-05
1.300000000000000000e+01 2.669173525517723344e-05
1.400000000000000000e+01 2.182240018727337353e-05
1.500000000000000000e+01 2.852228518942103469e-05
1.600000000000000000e+01 4.135647653524748911e-05
1.700000000000000000e+01 2.493224196678900685e-05
1.800000000000000000e+01 2.372985673170537713e-05
1.900000000000000000e+01 2.136661626149727539e-05
2.000000000000000000e+01 2.054046418600601181e-05
2.100000000000000000e+01 2.557211105216103641e-05
2.200000000000000000e+01 2.122357393524740431e-05
2.300000000000000000e+01 2.041318226068573340e-05
2.400000000000000000e+01 2.290762168606093720e-05
2.500000000000000000e+01 3.773911765219536491e-05
2.600000000000000000e+01 3.365660956670231478e-05
2.700000000000000000e+01 2.299028787874984206e-05
2.800000000000000000e+01 2.472725547514111901e-05
2.900000000000000000e+01 2.201521800803514238e-05
3.000000000000000000e+01 2.094937618453810194e-05
3.100000000000000000e+01 1.501014763267154685e-05
3.200000000000000000e+01 3.639098055432235171e-05
3.300000000000000000e+01 2.364081299128553321e-05
3.400000000000000000e+01 3.036118222143819104e-05
3.500000000000000000e+01 2.597629889503498725e-05
3.600000000000000000e+01 1.636452622976884412e-05
3.700000000000000000e+01 2.216142305251316336e-05
3.800000000000000000e+01 2.886564833414242056e-05
3.900000000000000000e+01 1.242739601690697383e-05
4.000000000000000000e+01 1.205887709476569321e-05
4.100000000000000000e+01 1.759118203910021584e-05
4.200000000000000000e+01 2.102756716870297422e-05
4.300000000000000000e+01 1.961322952537902941e-05
4.400000000000000000e+01 1.680185891315750361e-05
4.500000000000000000e+01 1.355385891126821687e-05
4.600000000000000000e+01 1.919256804828550853e-05
4.700000000000000000e+01 1.610645489881998247e-05
4.800000000000000000e+01 1.753693777351203849e-05
4.900000000000000000e+01 1.874597765847990327e-05
5.000000000000000000e+01 1.155697503241372447e-05
5.100000000000000000e+01 1.564350447333106520e-05
5.200000000000000000e+01 1.502375549667398790e-05
5.300000000000000000e+01 1.977518416264825881e-05
5.400000000000000000e+01 2.110088952040726779e-05
5.500000000000000000e+01 1.668497140066077118e-05
5.600000000000000000e+01 1.618294873979150017e-05
5.700000000000000000e+01 1.717527262071349726e-05
5.800000000000000000e+01 1.837440192795296003e-05
5.900000000000000000e+01 1.285453025350896925e-05
6.000000000000000000e+01 1.292271243341927163e-05
6.100000000000000000e+01 1.334122053724348440e-05
6.200000000000000000e+01 1.902132132914670788e-05
6.300000000000000000e+01 1.394314258843978573e-05
6.400000000000000000e+01 1.329888136269431608e-05
6.500000000000000000e+01 1.664401265283591729e-05
6.600000000000000000e+01 1.775001511634444984e-05
6.700000000000000000e+01 2.004247349536068955e-05
6.800000000000000000e+01 3.604310992189808829e-05
6.900000000000000000e+01 2.441853794071850592e-05
7.000000000000000000e+01 1.547623150425008826e-05
7.100000000000000000e+01 1.616543529538732284e-05
7.200000000000000000e+01 1.371479844556720856e-05
7.300000000000000000e+01 1.168186404115678264e-05
7.400000000000000000e+01 1.364977334670399601e-05
7.500000000000000000e+01 1.199585296181405852e-05
7.600000000000000000e+01 1.308485703884655869e-05
7.700000000000000000e+01 1.533490341437204760e-05
7.800000000000000000e+01 1.875576786670053115e-05
7.900000000000000000e+01 2.306154649053208583e-05
8.000000000000000000e+01 1.093547702395864641e-05
8.100000000000000000e+01 1.671047564791768375e-05
8.200000000000000000e+01 1.823958689464714496e-05
8.300000000000000000e+01 1.263691263661262820e-05
8.400000000000000000e+01 1.487762294333656809e-05
8.500000000000000000e+01 2.091664257389589483e-05
8.600000000000000000e+01 7.887972496352128410e-06
8.700000000000000000e+01 1.608671321534006662e-05
8.800000000000000000e+01 1.330499877824429542e-05
8.900000000000000000e+01 1.611894054676770097e-05
9.000000000000000000e+01 1.313931190450610442e-05
9.100000000000000000e+01 1.400266762016602826e-05
9.200000000000000000e+01 1.253981040908381534e-05
9.300000000000000000e+01 9.889267109469706377e-06
9.400000000000000000e+01 1.230372584910128703e-05
9.500000000000000000e+01 1.230335138848406754e-05
9.600000000000000000e+01 1.296515393347467435e-05
9.700000000000000000e+01 1.378717253514479341e-05
9.800000000000000000e+01 1.877607546397048899e-05
9.900000000000000000e+01 1.235944642131957995e-05
1.000000000000000000e+02 1.123650115914092890e-05
1.010000000000000000e+02 8.872985091110162378e-06
1.020000000000000000e+02 9.250010701977869168e-06
1.030000000000000000e+02 1.274179533960365228e-05
1.040000000000000000e+02 1.213452143836132867e-05
1.050000000000000000e+02 9.414126214846786259e-06
1.060000000000000000e+02 1.110737523915254239e-05
1.070000000000000000e+02 8.863031637063513055e-06
1.080000000000000000e+02 8.099230462030593202e-06
1.090000000000000000e+02 1.193628223420669563e-05
1.100000000000000000e+02 1.528848193447514920e-05
1.110000000000000000e+02 1.413118968662662944e-05
1.120000000000000000e+02 1.025064858439334919e-05
1.130000000000000000e+02 8.890124691051688185e-06
1.140000000000000000e+02 1.140288006391612449e-05
1.150000000000000000e+02 1.380640871590406201e-05
1.160000000000000000e+02 1.397269885540968849e-05
1.170000000000000000e+02 1.427742429559054335e-05
1.180000000000000000e+02 9.307730092873685841e-06
1.190000000000000000e+02 7.927201927004689169e-06
1.200000000000000000e+02 9.842170935367595884e-06
1.210000000000000000e+02 8.619145200311748619e-06
1.220000000000000000e+02 1.061054691444840487e-05
1.230000000000000000e+02 9.702170171804407227e-06
1.240000000000000000e+02 1.407417744197490748e-05
1.250000000000000000e+02 9.876452034905624413e-06
1.260000000000000000e+02 7.864029419811328496e-06
1.270000000000000000e+02 9.158629201721423270e-06
1.280000000000000000e+02 8.883314170570109588e-06
1.290000000000000000e+02 8.542910767296372349e-06
1.300000000000000000e+02 6.813212662447841383e-06
1.310000000000000000e+02 9.293989512318668559e-06
1.320000000000000000e+02 7.588027007508315749e-06
1.330000000000000000e+02 7.399459186838001053e-06
1.340000000000000000e+02 8.941103017564849080e-06
1.350000000000000000e+02 7.594097447264515271e-06
1.360000000000000000e+02 1.046305147547119012e-05
1.370000000000000000e+02 1.176585044190803921e-05
1.380000000000000000e+02 1.137998033548994315e-05
1.390000000000000000e+02 1.116668396713190519e-05
1.400000000000000000e+02 8.584965473003637558e-06
1.410000000000000000e+02 9.317262525894663344e-06
1.420000000000000000e+02 8.859814624218544633e-06
1.430000000000000000e+02 8.247782156920100663e-06
1.440000000000000000e+02 8.485765000364830872e-06
1.450000000000000000e+02 6.888496879936434306e-06
1.460000000000000000e+02 7.321684851292887821e-06
1.470000000000000000e+02 9.278879717337665676e-06
1.480000000000000000e+02 1.021340494194959291e-05
1.490000000000000000e+02 1.560968512688794068e-05
1.500000000000000000e+02 8.566584098446634524e-06
1.510000000000000000e+02 7.535356313295446062e-06
1.520000000000000000e+02 1.166452203465685454e-05
1.530000000000000000e+02 8.124305688857074275e-06
1.540000000000000000e+02 7.023294682564663645e-06
1.550000000000000000e+02 6.794325001373030621e-06
1.560000000000000000e+02 7.401187619907697924e-06
1.570000000000000000e+02 8.199057349110532887e-06
1.580000000000000000e+02 1.102118890863160836e-05
1.590000000000000000e+02 9.714233279303057599e-06
1.600000000000000000e+02 1.244166121369658173e-05
1.610000000000000000e+02 6.932540738190186301e-06
1.620000000000000000e+02 7.651727906806838006e-06
1.630000000000000000e+02 7.094368014237543204e-06
1.640000000000000000e+02 1.192233103601127116e-05
1.650000000000000000e+02 5.843706187359472471e-06
1.660000000000000000e+02 9.910598541088526940e-06
1.670000000000000000e+02 1.096563984879392251e-05
1.680000000000000000e+02 1.305095842173740392e-05
1.690000000000000000e+02 8.764762536492971451e-06
1.700000000000000000e+02 5.861166207158028203e-06
1.710000000000000000e+02 8.390539019538777063e-06
1.720000000000000000e+02 6.458266450264450164e-06
1.730000000000000000e+02 6.714424756753646772e-06
1.740000000000000000e+02 8.170075464061387724e-06
1.750000000000000000e+02 6.174092837769063624e-06
1.760000000000000000e+02 6.625108881827079208e-06
1.770000000000000000e+02 7.978615905266289086e-06
1.780000000000000000e+02 8.654880272314232641e-06
1.790000000000000000e+02 8.363805277565518849e-06
1.800000000000000000e+02 7.299352264231612264e-06
1.810000000000000000e+02 8.017756399592105296e-06
1.820000000000000000e+02 8.614884501406508782e-06
1.830000000000000000e+02 7.493595742487300317e-06
1.840000000000000000e+02 6.271117299895752745e-06
1.850000000000000000e+02 7.223421072128194569e-06
1.860000000000000000e+02 7.912232549352173899e-06
1.870000000000000000e+02 6.089899952828797766e-06
1.880000000000000000e+02 6.586021745418578827e-06
1.890000000000000000e+02 8.834786447365833699e-06
1.900000000000000000e+02 8.323766559637148520e-06
1.910000000000000000e+02 9.107063867667637214e-06
1.920000000000000000e+02 7.298294154139104662e-06
1.930000000000000000e+02 7.100065694408248989e-06
1.940000000000000000e+02 6.238772011418053636e-06
1.950000000000000000e+02 5.938318499138999636e-06
1.960000000000000000e+02 5.954791062301623471e-06
1.970000000000000000e+02 6.843490756922515151e-06
1.980000000000000000e+02 6.465116736853859063e-06
1.990000000000000000e+02 7.747861976226423021e-06
2.000000000000000000e+02 6.107238656719009199e-06
2.010000000000000000e+02 5.659523543976059086e-06
2.020000000000000000e+02 6.757636994333025027e-06
2.030000000000000000e+02 5.367508614165726205e-06
2.040000000000000000e+02 5.742271255912319362e-06
2.050000000000000000e+02 6.454647799554969490e-06
2.060000000000000000e+02 7.971963012682188634e-06
2.070000000000000000e+02 6.532943773715066936e-06
2.080000000000000000e+02 6.329751876193382989e-06
2.090000000000000000e+02 8.804594887042237439e-06
2.100000000000000000e+02 7.199104267248050790e-06
2.110000000000000000e+02 5.543050123808132050e-06
2.120000000000000000e+02 5.253822993487193309e-06
2.130000000000000000e+02 5.456989814243929518e-06
2.140000000000000000e+02 7.398473571574573290e-06
2.150000000000000000e+02 4.771948907716173620e-06
2.160000000000000000e+02 6.298023280839041454e-06
2.170000000000000000e+02 5.127725102995791254e-06
2.180000000000000000e+02 5.637465105280266017e-06
2.190000000000000000e+02 5.003555590508603358e-06
2.200000000000000000e+02 4.880401958782282793e-06
2.210000000000000000e+02 5.894746319720304604e-06
2.220000000000000000e+02 6.508500787192031709e-06
2.230000000000000000e+02 6.863448255710213021e-06
2.240000000000000000e+02 6.685323766896791257e-06
2.250000000000000000e+02 7.552522263028228304e-06
2.260000000000000000e+02 6.499047719945302258e-06
2.270000000000000000e+02 5.922848143174859054e-06
2.280000000000000000e+02 5.894297936873660881e-06
2.290000000000000000e+02 5.032467166923189045e-06
2.300000000000000000e+02 4.628047858161731788e-06
2.310000000000000000e+02 6.936008840982891151e-06
2.320000000000000000e+02 6.669563653978034882e-06
2.330000000000000000e+02 4.729887057691362879e-06
2.340000000000000000e+02 5.361378449799636472e-06
2.350000000000000000e+02 7.315256432973309050e-06
2.360000000000000000e+02 6.614135994635898801e-06
2.370000000000000000e+02 7.803448757109385255e-06
2.380000000000000000e+02 5.477058175571688841e-06
2.390000000000000000e+02 5.442655932775215797e-06
2.400000000000000000e+02 4.227479504106975974e-06
2.410000000000000000e+02 5.228135554427015548e-06
2.420000000000000000e+02 5.366848036497909883e-06
2.430000000000000000e+02 7.435471962700017613e-06
2.440000000000000000e+02 7.371075021185177870e-06
2.450000000000000000e+02 6.318394185115104910e-06
2.460000000000000000e+02 4.330863582688583299e-06
2.470000000000000000e+02 5.430786994712483241e-06
2.480000000000000000e+02 5.387076251054896193e-06
2.490000000000000000e+02 5.417092351648478341e-06
2.500000000000000000e+02 4.684684619519425609e-06
2.510000000000000000e+02 4.162079136859105760e-06
2.520000000000000000e+02 4.661467856222045917e-06
2.530000000000000000e+02 6.013507550008714030e-06
2.540000000000000000e+02 5.870452964530024944e-06
2.550000000000000000e+02 5.854528674094796601e-06
2.560000000000000000e+02 5.855358755774987157e-06
2.570000000000000000e+02 5.829950419872851266e-06
2.580000000000000000e+02 4.714410644363014803e-06
2.590000000000000000e+02 5.143421053463148077e-06
2.600000000000000000e+02 5.315865103579026156e-06
2.610000000000000000e+02 4.279794311724807249e-06
2.620000000000000000e+02 4.400735075726181178e-06
2.630000000000000000e+02 5.376946537172088157e-06
2.640000000000000000e+02 6.199345645551671254e-06
2.650000000000000000e+02 4.945264292485785642e-06
2.660000000000000000e+02 8.422092953853217522e-06
2.670000000000000000e+02 4.851910622496917669e-06
2.680000000000000000e+02 5.733892406526597889e-06
2.690000000000000000e+02 4.988856946861185272e-06
2.700000000000000000e+02 4.881054740262285748e-06
2.710000000000000000e+02 4.131309901614649424e-06
2.720000000000000000e+02 4.574124853873192092e-06
2.730000000000000000e+02 4.983405427065710171e-06
2.740000000000000000e+02 4.944609341604762845e-06
2.750000000000000000e+02 5.387728305943551262e-06
2.760000000000000000e+02 5.468688972339340098e-06
2.770000000000000000e+02 5.570246079571856100e-06
2.780000000000000000e+02 4.793457409358991954e-06
2.790000000000000000e+02 5.155107358360566468e-06
2.800000000000000000e+02 5.792220852034514940e-06
2.810000000000000000e+02 5.156592557881823870e-06
2.820000000000000000e+02 5.513767274230835243e-06
2.830000000000000000e+02 4.612541839506809600e-06
2.840000000000000000e+02 5.463266883244840908e-06
2.850000000000000000e+02 6.934349245502330831e-06
2.860000000000000000e+02 6.087932354264170971e-06
2.870000000000000000e+02 6.396472275964438480e-06
2.880000000000000000e+02 4.535219126670869928e-06
2.890000000000000000e+02 3.721776957988731651e-06
2.900000000000000000e+02 4.800913122290640738e-06
2.910000000000000000e+02 5.554200040536667632e-06
2.920000000000000000e+02 4.996283356992627853e-06
2.930000000000000000e+02 4.736623103327569821e-06
2.940000000000000000e+02 5.174988377988801786e-06
2.950000000000000000e+02 6.397767034441330875e-06
2.960000000000000000e+02 6.599521502407039512e-06
2.970000000000000000e+02 5.305745296311167575e-06
2.980000000000000000e+02 4.862904050818488502e-06
2.990000000000000000e+02 4.647602324072726824e-06
3.000000000000000000e+02 5.155428685667976524e-06
3.010000000000000000e+02 6.103720895336229506e-06
3.020000000000000000e+02 3.722349650709826134e-06
3.030000000000000000e+02 4.559536273501488295e-06
3.040000000000000000e+02 6.122498713175265650e-06
3.050000000000000000e+02 4.870317312196908791e-06
3.060000000000000000e+02 4.149325008478623063e-06
3.070000000000000000e+02 3.880339900434067366e-06
3.080000000000000000e+02 4.626261445779439588e-06
3.090000000000000000e+02 4.301472368510709996e-06
3.100000000000000000e+02 4.474447916802251644e-06
3.110000000000000000e+02 4.325660880529273103e-06
3.120000000000000000e+02 5.194973072099068090e-06
3.130000000000000000e+02 3.888199887336488506e-06
3.140000000000000000e+02 3.658027368599167524e-06
3.150000000000000000e+02 3.774093789273959064e-06
3.160000000000000000e+02 3.692748352995766301e-06
3.170000000000000000e+02 3.766780643542429590e-06
3.180000000000000000e+02 3.805261490603306073e-06
3.190000000000000000e+02 3.907800878055634071e-06
3.200000000000000000e+02 3.720319891808874992e-06
3.210000000000000000e+02 4.301889059278233029e-06
3.220000000000000000e+02 3.928063175198513672e-06
3.230000000000000000e+02 4.490182004403371655e-06
3.240000000000000000e+02 6.897365981667202314e-06
3.250000000000000000e+02 4.245960508380772631e-06
3.260000000000000000e+02 4.273986195265140026e-06
3.270000000000000000e+02 3.845987644811733452e-06
3.280000000000000000e+02 3.993187966763384121e-06
3.290000000000000000e+02 4.586463399367261572e-06
3.300000000000000000e+02 3.748250895014335219e-06
3.310000000000000000e+02 4.451511718782267128e-06
3.320000000000000000e+02 6.150522031624934770e-06
3.330000000000000000e+02 5.555823427650796364e-06
3.340000000000000000e+02 4.773297250558456952e-06
3.350000000000000000e+02 4.165572115363895671e-06
3.360000000000000000e+02 4.988563403384020485e-06
3.370000000000000000e+02 4.973448711938061764e-06
3.380000000000000000e+02 3.362043848047804829e-06
3.390000000000000000e+02 4.914617387845193187e-06
3.400000000000000000e+02 5.084285525151681235e-06
3.410000000000000000e+02 4.992757257429690640e-06
3.420000000000000000e+02 4.229879394638934258e-06
3.430000000000000000e+02 4.115489404522207588e-06
3.440000000000000000e+02 4.004017157005921177e-06
3.450000000000000000e+02 4.820813217469138995e-06
3.460000000000000000e+02 4.511248052087539513e-06
3.470000000000000000e+02 4.107215382255920349e-06
3.480000000000000000e+02 3.959615798817948470e-06
3.490000000000000000e+02 4.361017047162698881e-06
3.500000000000000000e+02 4.773017952285332137e-06
3.510000000000000000e+02 4.016780934036756041e-06
3.520000000000000000e+02 3.601824212088311788e-06
3.530000000000000000e+02 3.890375432556927424e-06
3.540000000000000000e+02 4.668958040267913918e-06
3.550000000000000000e+02 4.630734495973414354e-06
3.560000000000000000e+02 4.131942144073622173e-06
3.570000000000000000e+02 4.183591408206251062e-06
3.580000000000000000e+02 4.454528294660527109e-06
3.590000000000000000e+02 3.858030462707690859e-06
3.600000000000000000e+02 3.544393049320487183e-06
3.610000000000000000e+02 3.661752359123726431e-06
3.620000000000000000e+02 3.732016949136481552e-06
3.630000000000000000e+02 3.586117612134400623e-06
3.640000000000000000e+02 4.179286946255139694e-06
3.650000000000000000e+02 4.203458880180745384e-06
3.660000000000000000e+02 3.401572666329447874e-06
3.670000000000000000e+02 3.403461872057533732e-06
3.680000000000000000e+02 4.132569186453140463e-06
3.690000000000000000e+02 4.265654409863221213e-06
3.700000000000000000e+02 4.013949411244507496e-06
3.710000000000000000e+02 3.927797702678985245e-06
3.720000000000000000e+02 3.405529537628357988e-06
3.730000000000000000e+02 3.425574486467908050e-06
3.740000000000000000e+02 4.492394431364129499e-06
3.750000000000000000e+02 3.967954509344883020e-06
3.760000000000000000e+02 3.782174042483163306e-06
3.770000000000000000e+02 3.514694409464698303e-06
3.780000000000000000e+02 3.577090856503704123e-06
3.790000000000000000e+02 3.806721827812711166e-06
3.800000000000000000e+02 4.359555035344458010e-06
3.810000000000000000e+02 3.412272902335458174e-06
3.820000000000000000e+02 3.846139497767286413e-06
3.830000000000000000e+02 3.439636487727817265e-06
3.840000000000000000e+02 3.632270970109972701e-06
3.850000000000000000e+02 3.368554134207253807e-06
3.860000000000000000e+02 3.566821696778014397e-06
3.870000000000000000e+02 3.780467550481533019e-06
3.880000000000000000e+02 3.937104240502443101e-06
3.890000000000000000e+02 3.548481111116797984e-06
3.900000000000000000e+02 3.542405291358056482e-06
3.910000000000000000e+02 4.352683571075605810e-06
3.920000000000000000e+02 4.494990157233615848e-06
3.930000000000000000e+02 4.022088241945531878e-06
3.940000000000000000e+02 3.472083514792221327e-06
3.950000000000000000e+02 3.576146667845870749e-06
3.960000000000000000e+02 3.757563167902208394e-06
3.970000000000000000e+02 4.093585137790794882e-06
3.980000000000000000e+02 3.551453101135897358e-06
3.990000000000000000e+02 3.830435204466615211e-06
4.000000000000000000e+02 3.407715389181123834e-06
4.010000000000000000e+02 3.439687585221783758e-06
4.020000000000000000e+02 3.324226373005746835e-06
4.030000000000000000e+02 3.312997847261771938e-06
4.040000000000000000e+02 3.539504703135463402e-06
4.050000000000000000e+02 3.174309567206695856e-06
4.060000000000000000e+02 3.233069229587015102e-06
4.070000000000000000e+02 3.690565512065740044e-06
4.080000000000000000e+02 4.979459714076029369e-06
4.090000000000000000e+02 4.215803396059288470e-06
4.100000000000000000e+02 3.620370725260982811e-06
4.110000000000000000e+02 3.935871204103654835e-06
4.120000000000000000e+02 3.712423782129096610e-06
4.130000000000000000e+02 3.892347461800161629e-06
4.140000000000000000e+02 3.345209093348773883e-06
4.150000000000000000e+02 3.267001034991269063e-06
4.160000000000000000e+02 3.480133603060276945e-06
4.170000000000000000e+02 4.007841151531630773e-06
4.180000000000000000e+02 3.660414134288496411e-06
4.190000000000000000e+02 3.469674197251802034e-06
4.200000000000000000e+02 3.680560466326943620e-06
4.210000000000000000e+02 3.341737887758777643e-06
4.220000000000000000e+02 3.478389679814571211e-06
4.230000000000000000e+02 3.455691944257632489e-06
4.240000000000000000e+02 3.930867297905837556e-06
4.250000000000000000e+02 3.729309083850875131e-06
4.260000000000000000e+02 3.267878806574083853e-06
4.270000000000000000e+02 3.166514253559657134e-06
4.280000000000000000e+02 3.890841836280851364e-06
4.290000000000000000e+02 3.776247048159542402e-06
4.300000000000000000e+02 3.260030880810101800e-06
4.310000000000000000e+02 3.443433011921903388e-06
4.320000000000000000e+02 3.320318355718848047e-06
4.330000000000000000e+02 3.279751054409291437e-06
4.340000000000000000e+02 3.346621735998397768e-06
4.350000000000000000e+02 3.431583636662448197e-06
4.360000000000000000e+02 3.316578643354309082e-06
4.370000000000000000e+02 3.249967554585644137e-06
4.380000000000000000e+02 3.698482240070854082e-06
4.390000000000000000e+02 3.462787504147985654e-06
4.400000000000000000e+02 4.244190219272184028e-06
4.410000000000000000e+02 3.606402739431633785e-06
4.420000000000000000e+02 3.165501954478220942e-06
4.430000000000000000e+02 3.183778497870119829e-06
4.440000000000000000e+02 3.204673674354682343e-06
4.450000000000000000e+02 3.363015359373477738e-06
4.460000000000000000e+02 3.559155000551126622e-06
4.470000000000000000e+02 3.730355616680542095e-06
4.480000000000000000e+02 3.481476229269679299e-06
4.490000000000000000e+02 3.483740980533524236e-06
4.500000000000000000e+02 3.693894119949866834e-06
4.510000000000000000e+02 3.730568203446771207e-06
4.520000000000000000e+02 4.637367074196174154e-06
4.530000000000000000e+02 4.177429050637705001e-06
4.540000000000000000e+02 3.079443686083273902e-06
4.550000000000000000e+02 3.061979349314153529e-06
4.560000000000000000e+02 3.290971827563852360e-06
4.570000000000000000e+02 4.052048067318145892e-06
4.580000000000000000e+02 3.073967938643794248e-06
4.590000000000000000e+02 3.421008873381391666e-06
4.600000000000000000e+02 3.368320689865553309e-06
4.610000000000000000e+02 3.144062755218128129e-06
4.620000000000000000e+02 3.359366037628455157e-06
4.630000000000000000e+02 4.511974974381320911e-06
4.640000000000000000e+02 3.511288936972177667e-06
4.650000000000000000e+02 3.218840823713840785e-06
4.660000000000000000e+02 3.013057149679557477e-06
4.670000000000000000e+02 3.142313950149815101e-06
4.680000000000000000e+02 3.679967445933194290e-06
4.690000000000000000e+02 3.187128942657142248e-06
4.700000000000000000e+02 3.441264704395592612e-06
4.710000000000000000e+02 3.269849755204716619e-06
4.720000000000000000e+02 3.483954547744943444e-06
4.730000000000000000e+02 4.312986244067498054e-06
4.740000000000000000e+02 3.356598328279537016e-06
4.750000000000000000e+02 3.555380369551801439e-06
4.760000000000000000e+02 3.476241895615354080e-06
4.770000000000000000e+02 3.311710421176492859e-06
4.780000000000000000e+02 3.161996208450625949e-06
4.790000000000000000e+02 3.098848748374868509e-06
4.800000000000000000e+02 3.122109702515541919e-06
4.810000000000000000e+02 3.101184955389053040e-06
4.820000000000000000e+02 3.215080674665987619e-06
4.830000000000000000e+02 3.124596650795101819e-06
4.840000000000000000e+02 3.718203533390511239e-06
4.850000000000000000e+02 3.201523692811381479e-06
4.860000000000000000e+02 3.253938465944811013e-06
4.870000000000000000e+02 3.619839308659293095e-06
4.880000000000000000e+02 3.131640616628545630e-06
4.890000000000000000e+02 3.702992848404181519e-06
4.900000000000000000e+02 3.432797429445131350e-06
4.910000000000000000e+02 3.327452327839160495e-06
4.920000000000000000e+02 2.951244085149226821e-06
4.930000000000000000e+02 3.107076542838134975e-06
4.940000000000000000e+02 3.157611967110724522e-06
4.950000000000000000e+02 3.113444843987564029e-06
4.960000000000000000e+02 3.219477412687239821e-06
4.970000000000000000e+02 3.255829724413214075e-06
4.980000000000000000e+02 3.363694391779641060e-06
4.990000000000000000e+02 3.159915258942704993e-06
5.000000000000000000e+02 3.116421827973277715e-06
5.010000000000000000e+02 3.294348863965367963e-06
5.020000000000000000e+02 3.172376083667163451e-06
5.030000000000000000e+02 3.160064964008214522e-06
5.040000000000000000e+02 3.543887117552216594e-06
5.050000000000000000e+02 3.395911434572820999e-06
5.060000000000000000e+02 3.469782162858647138e-06
5.070000000000000000e+02 3.109770955414366456e-06
5.080000000000000000e+02 3.341556716125737400e-06
5.090000000000000000e+02 3.099389299844311179e-06
5.100000000000000000e+02 3.142563336470701055e-06
5.110000000000000000e+02 3.247635322109537937e-06
5.120000000000000000e+02 3.005667373743621653e-06
5.130000000000000000e+02 3.192527610353311762e-06
5.140000000000000000e+02 3.234328917020047860e-06
5.150000000000000000e+02 3.775570383368758903e-06
5.160000000000000000e+02 3.434240392279438782e-06
5.170000000000000000e+02 3.203870517462045492e-06
5.180000000000000000e+02 3.610116898221590232e-06
5.190000000000000000e+02 3.241049517275036597e-06
5.200000000000000000e+02 3.026387720174428513e-06
5.210000000000000000e+02 3.211822091355540900e-06
5.220000000000000000e+02 3.016344898977948509e-06
5.230000000000000000e+02 3.117359472221610871e-06
5.240000000000000000e+02 3.093751688245917389e-06
5.250000000000000000e+02 3.099918707201018232e-06
5.260000000000000000e+02 2.978985983904455702e-06
5.270000000000000000e+02 3.020583456518256741e-06
5.280000000000000000e+02 3.115328353705452547e-06
5.290000000000000000e+02 3.151749212710282908e-06
5.300000000000000000e+02 3.187598423406858385e-06
5.310000000000000000e+02 3.358871936520543663e-06
5.320000000000000000e+02 3.608376013684799627e-06
5.330000000000000000e+02 3.766270236947981776e-06
5.340000000000000000e+02 3.397358094842275266e-06
5.350000000000000000e+02 3.239336265830577848e-06
5.360000000000000000e+02 3.362954886423837780e-06
5.370000000000000000e+02 3.207138885451692273e-06
5.380000000000000000e+02 3.198430070656369401e-06
5.390000000000000000e+02 2.992227149253312437e-06
5.400000000000000000e+02 3.176646916631850728e-06
5.410000000000000000e+02 3.088269734192694748e-06
5.420000000000000000e+02 3.383658042905888128e-06
5.430000000000000000e+02 3.420921937739680410e-06
5.440000000000000000e+02 3.037414087289256128e-06
5.450000000000000000e+02 3.208643339158016808e-06
5.460000000000000000e+02 3.042126558880513247e-06
5.470000000000000000e+02 3.116751674816989315e-06
5.480000000000000000e+02 3.068666557463734941e-06
5.490000000000000000e+02 3.245750164251075358e-06
5.500000000000000000e+02 3.153449122069672962e-06
5.510000000000000000e+02 3.463315884948197868e-06
5.520000000000000000e+02 3.062088644614815658e-06
5.530000000000000000e+02 3.119017941860706900e-06
5.540000000000000000e+02 3.056803126541087412e-06
5.550000000000000000e+02 3.183184930536326482e-06
5.560000000000000000e+02 2.905839259640804556e-06
5.570000000000000000e+02 3.031230150591034372e-06
5.580000000000000000e+02 2.970218881520789467e-06
5.590000000000000000e+02 2.935634544206443372e-06
5.600000000000000000e+02 3.014397068442627494e-06
5.610000000000000000e+02 3.272318604425055672e-06
5.620000000000000000e+02 3.341872296287032801e-06
5.630000000000000000e+02 3.002074354556152469e-06
5.640000000000000000e+02 2.945434516052779525e-06
5.650000000000000000e+02 3.092927147707140767e-06
5.660000000000000000e+02 3.163048593915348718e-06
5.670000000000000000e+02 3.236221678301050864e-06
