0.000000000000000000e+00 6.326084291474830647e-04
1.000000000000000000e+00 1.842351651915908890e-04
2.000000000000000000e+00 1.549009432056032995e-04
3.000000000000000000e+00 1.218034292171118977e-04
4.000000000000000000e+00 4.582362017353948093e-05
5.000000000000000000e+00 1.178268630246595996e-06
6.000000000000000000e+00 3.880410414658487883e-07
7.000000000000000000e+00 1.615162783361876988e-07
8.000000000000000000e+00 1.409992669675472494e-07
9.000000000000000000e+00 4.136066165133108756e-07
1.000000000000000000e+01 6.095554472804068043e-08
1.100000000000000000e+01 2.493570986196376473e-08
1.200000000000000000e+01 1.318404749527423615e-07
1.300000000000000000e+01 5.232353031461905338e-06
1.400000000000000000e+01 1.273688417245459554e-06
1.500000000000000000e+01 3.212004799068807299e-07
1.600000000000000000e+01 4.761341436043385093e-08
1.700000000000000000e+01 3.330401399971612763e-08
1.800000000000000000e+01 1.671034645554318296e-08
1.900000000000000000e+01 1.177691328080355732e-08
2.000000000000000000e+01 1.274763220074396090e-08
2.100000000000000000e+01 5.510968457942763984e-09
2.200000000000000000e+01 4.716453119326043868e-09
2.300000000000000000e+01 3.509963899091599917e-09
2.400000000000000000e+01 6.322643174747817214e-09
2.500000000000000000e+01 1.933847763422038408e-07
2.600000000000000000e+01 2.216672641266421992e-06
2.700000000000000000e+01 6.473374400332645749e-07
2.800000000000000000e+01 2.369542476996608890e-08
2.900000000000000000e+01 1.463995950658039157e-08
3.000000000000000000e+01 4.540329807057272253e-08
3.100000000000000000e+01 1.148517927267751152e-07
3.200000000000000000e+01 3.365950926011645848e-09
3.300000000000000000e+01 2.078325220105285207e-09
3.400000000000000000e+01 1.679526949355867581e-08
3.500000000000000000e+01 4.066176407917065944e-07
3.600000000000000000e+01 5.746168281835208328e-07
3.700000000000000000e+01 2.323820868345690224e-06
3.800000000000000000e+01 1.077527756410388919e-07
3.900000000000000000e+01 3.195064125980891449e-08
4.000000000000000000e+01 2.426033687838963523e-08
4.100000000000000000e+01 3.517722426641466219e-08
4.200000000000000000e+01 2.926562975613381712e-09
4.300000000000000000e+01 1.220252802814633060e-09
4.400000000000000000e+01 1.543353299339864240e-09
4.500000000000000000e+01 2.354588813219394714e-07
4.600000000000000000e+01 4.127345079259496385e-07
4.700000000000000000e+01 8.265743684838297047e-07
4.800000000000000000e+01 1.026134504548036058e-06
4.900000000000000000e+01 2.125348300001647833e-07
5.000000000000000000e+01 1.661844505308408740e-08
5.100000000000000000e+01 2.027928783142098900e-09
5.200000000000000000e+01 1.838788332190095317e-09
5.300000000000000000e+01 1.031749272077141564e-08
5.400000000000000000e+01 8.022036369930484880e-09
5.500000000000000000e+01 3.483147176216116306e-08
5.600000000000000000e+01 1.156831233826014873e-06
5.700000000000000000e+01 2.442955565850062796e-07
5.800000000000000000e+01 2.504050134828440828e-07
5.900000000000000000e+01 5.712246211853245451e-07
6.000000000000000000e+01 1.324517487572784849e-06
6.100000000000000000e+01 1.149098516155203570e-07
6.200000000000000000e+01 4.011958265993292184e-08
6.300000000000000000e+01 9.184907161708212050e-08
6.400000000000000000e+01 3.026847324714703382e-08
6.500000000000000000e+01 3.990320048238647869e-09
6.600000000000000000e+01 2.007357605900436023e-08
6.700000000000000000e+01 3.108823952068209820e-08
6.800000000000000000e+01 8.739862828860681089e-08
6.900000000000000000e+01 4.016049761326339453e-08
7.000000000000000000e+01 2.245018976250100784e-06
7.100000000000000000e+01 1.789178324709542658e-06
7.200000000000000000e+01 4.724000019575693425e-07
7.300000000000000000e+01 1.362546550773515160e-07
7.400000000000000000e+01 1.094350509500345819e-08
7.500000000000000000e+01 3.243653332716129234e-09
7.600000000000000000e+01 2.713413871857713770e-09
7.700000000000000000e+01 1.415796979315977469e-09
7.800000000000000000e+01 1.003091614664984361e-09
7.900000000000000000e+01 1.362231368125706403e-09
8.000000000000000000e+01 6.568343124990064164e-08
8.100000000000000000e+01 1.005373341390786808e-06
8.200000000000000000e+01 7.379059826578857564e-08
8.300000000000000000e+01 9.769689316481488694e-09
8.400000000000000000e+01 1.620709261269796161e-09
8.500000000000000000e+01 4.948803387926024647e-09
8.600000000000000000e+01 5.664316779775937313e-09
8.700000000000000000e+01 1.918612505329491138e-07
8.800000000000000000e+01 2.212736311252349444e-06
8.900000000000000000e+01 7.803002414793301148e-07
9.000000000000000000e+01 1.098604626134690523e-07
9.100000000000000000e+01 5.787965021965497318e-08
9.200000000000000000e+01 5.698825584959675225e-07
9.300000000000000000e+01 7.654675186323035647e-07
9.400000000000000000e+01 2.420766707800988140e-07
9.500000000000000000e+01 4.203614001592826098e-08
9.600000000000000000e+01 4.395846704820131207e-09
9.700000000000000000e+01 2.513639373049287904e-09
9.800000000000000000e+01 2.202440597770123605e-09
9.900000000000000000e+01 1.774882152589102034e-09
1.000000000000000000e+02 7.075798130985870717e-10
1.010000000000000000e+02 1.177142926137171750e-09
1.020000000000000000e+02 7.634375568121001927e-10
1.030000000000000000e+02 1.443500868272150578e-09
1.040000000000000000e+02 5.126830428298676980e-08
1.050000000000000000e+02 1.816357595117338155e-07
1.060000000000000000e+02 4.350512064681908990e-07
1.070000000000000000e+02 3.920993088153619634e-07
1.080000000000000000e+02 1.400710868081874230e-06
1.090000000000000000e+02 6.026979467269071887e-07
1.100000000000000000e+02 4.953521516624580286e-07
1.110000000000000000e+02 1.784911368031919417e-08
1.120000000000000000e+02 5.404404629611786001e-08
1.130000000000000000e+02 9.488020167284872915e-09
1.140000000000000000e+02 1.458764862149469038e-08
1.150000000000000000e+02 3.465460396088671787e-09
1.160000000000000000e+02 8.864616703466999038e-09
1.170000000000000000e+02 2.338400370068969890e-08
1.180000000000000000e+02 1.687147790339487675e-06
1.190000000000000000e+02 1.272200825851894279e-06
1.200000000000000000e+02 2.322493377499598040e-07
1.210000000000000000e+02 6.788115489749400893e-08
1.220000000000000000e+02 2.763178428979586152e-08
1.230000000000000000e+02 5.946129151555984385e-09
1.240000000000000000e+02 8.551077345428012890e-09
1.250000000000000000e+02 4.389669908011557165e-08
1.260000000000000000e+02 9.891947768269985726e-08
1.270000000000000000e+02 2.371775024380733384e-08
1.280000000000000000e+02 3.640271881154938919e-09
1.290000000000000000e+02 1.648366424559222938e-08
1.300000000000000000e+02 1.416899079521526116e-08
1.310000000000000000e+02 2.560402964928944196e-09
1.320000000000000000e+02 1.237539528458034447e-08
1.330000000000000000e+02 1.288512519664861598e-08
1.340000000000000000e+02 6.161271324191683833e-09
1.350000000000000000e+02 7.652398092231551551e-07
1.360000000000000000e+02 5.220921747496324533e-07
1.370000000000000000e+02 1.229416217168340752e-07
1.380000000000000000e+02 1.287006042712110972e-08
1.390000000000000000e+02 8.436715106705595438e-08
1.400000000000000000e+02 5.189100652926804062e-08
1.410000000000000000e+02 4.591608135110206031e-08
1.420000000000000000e+02 2.911266392863318886e-08
1.430000000000000000e+02 4.568740696475377664e-07
1.440000000000000000e+02 5.251087758975846395e-07
1.450000000000000000e+02 1.416197713295043497e-07
1.460000000000000000e+02 3.057660516197445594e-07
1.470000000000000000e+02 5.022600432816554447e-07
1.480000000000000000e+02 1.733116484781474624e-08
1.490000000000000000e+02 2.956295301650360119e-09
1.500000000000000000e+02 1.601056787338811099e-09
1.510000000000000000e+02 1.467911540399642992e-09
1.520000000000000000e+02 7.650686963346682263e-10
1.530000000000000000e+02 6.733076215775974896e-10
1.540000000000000000e+02 7.744908837910365675e-09
1.550000000000000000e+02 2.127974959033180933e-08
1.560000000000000000e+02 1.123139117699360598e-06
1.570000000000000000e+02 8.518617790730595570e-07
1.580000000000000000e+02 2.117468106761154056e-07
1.590000000000000000e+02 2.146145476887838903e-07
1.600000000000000000e+02 9.217278129342355579e-08
1.610000000000000000e+02 3.029442703480217533e-08
1.620000000000000000e+02 8.368480598542582435e-09
1.630000000000000000e+02 1.739433147756299917e-09
1.640000000000000000e+02 2.057756783927062150e-09
1.650000000000000000e+02 1.536818565424606316e-08
1.660000000000000000e+02 1.183468364283787222e-09
1.670000000000000000e+02 1.012094473852845796e-07
1.680000000000000000e+02 8.583499924016266316e-08
1.690000000000000000e+02 3.207286849712986675e-08
1.700000000000000000e+02 6.609538094748359226e-07
1.710000000000000000e+02 1.838659807225653669e-07
1.720000000000000000e+02 5.300193943492345985e-07
1.730000000000000000e+02 7.055898906856444827e-08
1.740000000000000000e+02 5.454495781888960351e-09
1.750000000000000000e+02 1.416038556373952454e-09
1.760000000000000000e+02 6.712059395365175813e-10
1.770000000000000000e+02 2.335019849322501877e-09
1.780000000000000000e+02 5.598175458230108359e-09
1.790000000000000000e+02 1.587233066084673844e-08
1.800000000000000000e+02 3.852020663498627221e-08
1.810000000000000000e+02 3.002480241987070314e-07
1.820000000000000000e+02 3.008695707064631135e-07
1.830000000000000000e+02 1.953717430926375895e-07
1.840000000000000000e+02 3.574950452699167271e-08
1.850000000000000000e+02 8.882527834602231494e-09
1.860000000000000000e+02 1.720486796692626614e-09
1.870000000000000000e+02 5.523023837578707686e-10
1.880000000000000000e+02 8.031645820910890942e-09
1.890000000000000000e+02 2.803284962739588306e-09
1.900000000000000000e+02 3.448245975345243100e-07
1.910000000000000000e+02 2.779694128505834229e-07
1.920000000000000000e+02 1.719207196837997534e-07
1.930000000000000000e+02 1.109599619558898495e-07
1.940000000000000000e+02 1.857795718676493045e-08
1.950000000000000000e+02 2.164643016140189863e-08
1.960000000000000000e+02 1.827003301593903396e-07
1.970000000000000000e+02 2.354561206097730201e-06
1.980000000000000000e+02 1.017424458453057581e-06
1.990000000000000000e+02 5.552569693552340511e-07
2.000000000000000000e+02 3.448673949901452784e-08
2.010000000000000000e+02 7.937040387504437455e-09
2.020000000000000000e+02 1.638622836034385827e-09
2.030000000000000000e+02 1.257047192167306067e-09
2.040000000000000000e+02 1.330873287364269370e-09
2.050000000000000000e+02 7.586881599023997869e-10
2.060000000000000000e+02 1.117341535635945868e-09
2.070000000000000000e+02 5.880646140244323019e-10
2.080000000000000000e+02 4.992144906459098957e-10
2.090000000000000000e+02 4.355414448963838956e-10
2.100000000000000000e+02 4.905960272945322410e-10
2.110000000000000000e+02 3.556921223052228852e-10
2.120000000000000000e+02 3.885825844743747005e-10
2.130000000000000000e+02 3.313984235466705240e-10
2.140000000000000000e+02 6.784114463956843349e-10
2.150000000000000000e+02 3.790810510950708829e-10
2.160000000000000000e+02 2.951507462568946531e-10
2.170000000000000000e+02 4.057816855653309837e-10
2.180000000000000000e+02 3.086122136703028487e-10
2.190000000000000000e+02 2.452099726001925677e-10
2.200000000000000000e+02 6.956402934794191707e-10
2.210000000000000000e+02 1.205754500399536389e-09
2.220000000000000000e+02 4.093035247736945615e-10
2.230000000000000000e+02 1.778158661574323918e-10
2.240000000000000000e+02 3.252733826308032361e-10
2.250000000000000000e+02 2.981238395578585046e-09
2.260000000000000000e+02 1.770822639817620391e-09
2.270000000000000000e+02 7.020075008733215757e-07
2.280000000000000000e+02 2.694254522940682042e-07
2.290000000000000000e+02 1.550225117328438773e-07
2.300000000000000000e+02 9.778460243289666271e-09
2.310000000000000000e+02 8.791843865697643778e-10
2.320000000000000000e+02 3.747324757350807934e-10
2.330000000000000000e+02 2.939520420378659305e-10
2.340000000000000000e+02 3.778213637594766925e-10
2.350000000000000000e+02 3.151168486848322216e-10
2.360000000000000000e+02 2.319112947489988495e-10
2.370000000000000000e+02 2.971429844434870285e-10
2.380000000000000000e+02 3.689774330727744221e-09
2.390000000000000000e+02 1.868754040626659613e-09
2.400000000000000000e+02 4.002788051455787097e-10
2.410000000000000000e+02 3.678699642352112653e-09
2.420000000000000000e+02 7.948325752571523218e-07
2.430000000000000000e+02 1.517399540314596184e-06
2.440000000000000000e+02 6.482904232651379250e-07
2.450000000000000000e+02 1.446905252752586880e-07
2.460000000000000000e+02 2.258332824420430018e-08
2.470000000000000000e+02 5.796633163068326480e-09
2.480000000000000000e+02 1.018834976855606844e-09
2.490000000000000000e+02 6.187234179287979011e-10
2.500000000000000000e+02 5.845819561024423160e-10
2.510000000000000000e+02 4.676999990758010774e-10
2.520000000000000000e+02 4.051557232194516041e-10
2.530000000000000000e+02 4.913518843226096835e-10
2.540000000000000000e+02 3.354048094556667387e-10
2.550000000000000000e+02 3.002770715755677200e-10
2.560000000000000000e+02 3.397951469737497097e-10
2.570000000000000000e+02 3.091773205861998581e-10
2.580000000000000000e+02 3.880513358915131584e-10
2.590000000000000000e+02 2.200443369383575311e-10
2.600000000000000000e+02 2.080540025215542476e-10
2.610000000000000000e+02 1.970502649161036702e-10
2.620000000000000000e+02 1.961434278500096616e-10
2.630000000000000000e+02 6.033779682703305903e-10
2.640000000000000000e+02 1.165512229577323371e-09
2.650000000000000000e+02 7.753340496255493969e-10
2.660000000000000000e+02 7.481949041178176777e-10
2.670000000000000000e+02 5.708181687562848511e-10
2.680000000000000000e+02 5.702396058841034453e-10
2.690000000000000000e+02 7.475011184734871681e-10
2.700000000000000000e+02 3.633054085158143678e-10
2.710000000000000000e+02 8.128655633962917990e-10
2.720000000000000000e+02 3.214128043841877268e-10
2.730000000000000000e+02 1.178785133329275447e-09
2.740000000000000000e+02 2.871856817714851981e-10
2.750000000000000000e+02 7.559919744584318260e-10
2.760000000000000000e+02 2.377789816820429333e-09
2.770000000000000000e+02 1.060633013597818822e-09
2.780000000000000000e+02 2.630744648182811776e-10
2.790000000000000000e+02 5.354430730767226388e-09
2.800000000000000000e+02 7.766505358989307003e-07
2.810000000000000000e+02 4.016158138629113717e-08
2.820000000000000000e+02 9.455223603224046719e-09
2.830000000000000000e+02 5.555301500020936044e-09
2.840000000000000000e+02 3.498258160593020202e-09
2.850000000000000000e+02 3.637142141859012879e-10
2.860000000000000000e+02 3.018338057383985668e-10
2.870000000000000000e+02 2.645954906323635164e-09
2.880000000000000000e+02 1.473346077782767345e-08
2.890000000000000000e+02 3.020820405115320684e-08
2.900000000000000000e+02 1.949307984767626542e-08
2.910000000000000000e+02 1.257696548320581454e-09
2.920000000000000000e+02 1.944614017187627677e-10
2.930000000000000000e+02 1.016074141105653679e-09
2.940000000000000000e+02 7.525167053362817446e-09
2.950000000000000000e+02 4.959101582084276659e-08
2.960000000000000000e+02 7.979367279501964210e-07
2.970000000000000000e+02 2.260616957217318282e-08
2.980000000000000000e+02 8.100167661116725546e-10
2.990000000000000000e+02 3.904660984565010305e-10
3.000000000000000000e+02 3.634336941769778047e-10
3.010000000000000000e+02 3.738004398268564538e-10
3.020000000000000000e+02 4.913620048823210314e-10
3.030000000000000000e+02 4.459632258614758546e-10
3.040000000000000000e+02 1.713156300892607875e-09
3.050000000000000000e+02 6.074174227113566434e-10
3.060000000000000000e+02 2.715938447849083860e-10
3.070000000000000000e+02 5.354982845101686354e-10
3.080000000000000000e+02 1.053157350764095160e-09
3.090000000000000000e+02 2.139022177844351725e-09
3.100000000000000000e+02 8.650085824375011457e-09
3.110000000000000000e+02 1.177649831145828523e-08
3.120000000000000000e+02 4.477755641636100871e-09
3.130000000000000000e+02 2.073017150954628325e-09
3.140000000000000000e+02 1.588685028306359492e-08
3.150000000000000000e+02 8.568439222360574692e-08
3.160000000000000000e+02 6.495411512973700517e-07
3.170000000000000000e+02 6.440560788792921162e-07
3.180000000000000000e+02 9.399037284343313269e-08
3.190000000000000000e+02 6.242815218989084751e-09
3.200000000000000000e+02 8.189008142544051897e-10
3.210000000000000000e+02 4.249233119572012780e-10
3.220000000000000000e+02 5.982074346595021585e-10
3.230000000000000000e+02 4.495227562428213280e-10
3.240000000000000000e+02 2.757034486525794987e-10
