0.000000000000000000e+00 2.207391143301631095e-04
1.000000000000000000e+00 1.066649647128913389e-04
2.000000000000000000e+00 1.073643301011142735e-04
3.000000000000000000e+00 7.163948996653375883e-05
4.000000000000000000e+00 1.003359828135072073e-04
5.000000000000000000e+00 6.604575827389579004e-05
6.000000000000000000e+00 6.680245974380193575e-05
7.000000000000000000e+00 5.231881131113170987e-05
8.000000000000000000e+00 4.838749037913554177e-05
9.000000000000000000e+00 3.442998251866396728e-05
1.000000000000000000e+01 8.183687381104623264e-05
1.100000000000000000e+01 3.870375774656159486e-05
1.200000000000000000e+01 5.367853912561415037e-05
1.300000000000000000e+01 3.948686420763638258e-05
1.400000000000000000e+01 3.965961218019234283e-05
1.500000000000000000e+01 4.476365282265500197e-05
1.600000000000000000e+01 2.700951259583721792e-05
1.700000000000000000e+01 3.615871027708367143e-05
1.800000000000000000e+01 3.255055388513558373e-05
1.900000000000000000e+01 4.258631787058184115e-05
2.000000000000000000e+01 3.288726475216754844e-05
2.100000000000000000e+01 3.330850189350837527e-05
2.200000000000000000e+01 2.761518830723863326e-05
2.300000000000000000e+01 2.512842932296231678e-05
2.400000000000000000e+01 4.604757292090654573e-05
2.500000000000000000e+01 2.714253906291570295e-05
2.600000000000000000e+01 3.541255032216786709e-05
2.700000000000000000e+01 2.556777306770660171e-05
2.800000000000000000e+01 3.681815100063558498e-05
2.900000000000000000e+01 1.918962446058523311e-05
3.000000000000000000e+01 1.888662360634499061e-05
3.100000000000000000e+01 1.776937104416894333e-05
3.200000000000000000e+01 1.446888364275355379e-05
3.300000000000000000e+01 2.221750653685544344e-05
3.400000000000000000e+01 2.964140877018490297e-05
3.500000000000000000e+01 1.776291941950211778e-05
3.600000000000000000e+01 2.675430104713921484e-05
3.700000000000000000e+01 1.589394046559509499e-05
3.800000000000000000e+01 1.460279211777837105e-05
3.900000000000000000e+01 1.386620488437195063e-05
4.000000000000000000e+01 1.882392251873179416e-05
4.100000000000000000e+01 2.779456187397865075e-05
4.200000000000000000e+01 2.232023135366786165e-05
4.300000000000000000e+01 2.239025446037434889e-05
4.400000000000000000e+01 2.693504388464058305e-05
4.500000000000000000e+01 2.146111917337293528e-05
4.600000000000000000e+01 2.329493600223597521e-05
4.700000000000000000e+01 1.999463514433413202e-05
4.800000000000000000e+01 1.767326334416344333e-05
4.900000000000000000e+01 1.897041763333959287e-05
5.000000000000000000e+01 1.451050327689403973e-05
5.100000000000000000e+01 1.320438255978570024e-05
5.200000000000000000e+01 1.105881148666815341e-05
5.300000000000000000e+01 2.337672112164356717e-05
5.400000000000000000e+01 1.788370280245214807e-05
5.500000000000000000e+01 1.574972656336915905e-05
5.600000000000000000e+01 1.852328659060208883e-05
5.700000000000000000e+01 1.277243570500102335e-05
5.800000000000000000e+01 1.266594712614870870e-05
5.900000000000000000e+01 1.895301310205069062e-05
6.000000000000000000e+01 1.640088885781317756e-05
6.100000000000000000e+01 1.341935029610762984e-05
6.200000000000000000e+01 1.689844735521016392e-05
6.300000000000000000e+01 2.116044772717160199e-05
6.400000000000000000e+01 1.305808997243421620e-05
6.500000000000000000e+01 1.123033498332955874e-05
6.600000000000000000e+01 1.466354465904532112e-05
6.700000000000000000e+01 3.195967646736302503e-05
6.800000000000000000e+01 1.625322558322205967e-05
6.900000000000000000e+01 1.975808497474217419e-05
7.000000000000000000e+01 1.085487220417183377e-05
7.100000000000000000e+01 1.797558363337222156e-05
7.200000000000000000e+01 1.170388787634953105e-05
7.300000000000000000e+01 1.351913584929835698e-05
7.400000000000000000e+01 1.882788303383202050e-05
7.500000000000000000e+01 2.411131676780775118e-05
7.600000000000000000e+01 1.564201435614950925e-05
7.700000000000000000e+01 1.237578793000651644e-05
7.800000000000000000e+01 1.313397030233519805e-05
7.900000000000000000e+01 8.722150320055508077e-06
8.000000000000000000e+01 1.071133046231441356e-05
8.100000000000000000e+01 1.041444247029070497e-05
8.200000000000000000e+01 1.697880048617514379e-05
8.300000000000000000e+01 1.275000583985178693e-05
8.400000000000000000e+01 1.147011669700306922e-05
8.500000000000000000e+01 1.599599645091785027e-05
8.600000000000000000e+01 1.387991821257381937e-05
8.700000000000000000e+01 1.326697402955407634e-05
8.800000000000000000e+01 1.273037147690042185e-05
8.900000000000000000e+01 1.031580629914807625e-05
9.000000000000000000e+01 1.028289362949055989e-05
9.100000000000000000e+01 1.330362526245592431e-05
9.200000000000000000e+01 1.633312206452633774e-05
9.300000000000000000e+01 1.915573950773090864e-05
9.400000000000000000e+01 1.616694153383576058e-05
9.500000000000000000e+01 1.137957229936688370e-05
9.600000000000000000e+01 1.285295433505839155e-05
9.700000000000000000e+01 1.088115999714966707e-05
9.800000000000000000e+01 1.129069700087908666e-05
9.900000000000000000e+01 1.121372242267962802e-05
1.000000000000000000e+02 8.846338084368505906e-06
1.010000000000000000e+02 8.029788209592657599e-06
1.020000000000000000e+02 7.204008857683447402e-06
1.030000000000000000e+02 8.430086392314985883e-06
1.040000000000000000e+02 8.276458557346943627e-06
1.050000000000000000e+02 1.016256794560445964e-05
1.060000000000000000e+02 1.199535139570554238e-05
1.070000000000000000e+02 1.989528595137421437e-05
1.080000000000000000e+02 6.902884333128534110e-06
1.090000000000000000e+02 6.643704908450940048e-06
1.100000000000000000e+02 1.200078919467250850e-05
1.110000000000000000e+02 1.223196491954819407e-05
1.120000000000000000e+02 7.350620409684464668e-06
1.130000000000000000e+02 7.808187115874044832e-06
1.140000000000000000e+02 6.633999789513112556e-06
1.150000000000000000e+02 7.910568676430431223e-06
1.160000000000000000e+02 9.535864888218646462e-06
1.170000000000000000e+02 8.691186636687977225e-06
1.180000000000000000e+02 1.291215438052172901e-05
1.190000000000000000e+02 7.159495085422591174e-06
1.200000000000000000e+02 9.801622087010532501e-06
1.210000000000000000e+02 6.919765889181063926e-06
1.220000000000000000e+02 1.165413478454327837e-05
1.230000000000000000e+02 8.575784163970617973e-06
1.240000000000000000e+02 1.187240419987847536e-05
1.250000000000000000e+02 1.048133597910978488e-05
1.260000000000000000e+02 4.399264733947296486e-06
1.270000000000000000e+02 1.225539987858801810e-05
1.280000000000000000e+02 1.021216405716781225e-05
1.290000000000000000e+02 1.071413350754621782e-05
1.300000000000000000e+02 1.188003861112843408e-05
1.310000000000000000e+02 5.981726962711248503e-06
1.320000000000000000e+02 7.981797306370668962e-06
1.330000000000000000e+02 7.712335154093837787e-06
1.340000000000000000e+02 6.020835323947888672e-06
1.350000000000000000e+02 4.123211502806246805e-06
1.360000000000000000e+02 6.400646769797967614e-06
1.370000000000000000e+02 6.574456783073563058e-06
1.380000000000000000e+02 7.528287601232555233e-06
1.390000000000000000e+02 7.238559985163982653e-06
1.400000000000000000e+02 1.128766024268258905e-05
1.410000000000000000e+02 7.651195101418319528e-06
1.420000000000000000e+02 1.032303818065059256e-05
1.430000000000000000e+02 5.558276134317457610e-06
1.440000000000000000e+02 5.526077849983290824e-06
1.450000000000000000e+02 8.783410359752504533e-06
1.460000000000000000e+02 5.316664737673215587e-06
1.470000000000000000e+02 4.209361213508252486e-06
1.480000000000000000e+02 8.701240945054564585e-06
1.490000000000000000e+02 4.326798934619942107e-06
1.500000000000000000e+02 5.003312405743079157e-06
1.510000000000000000e+02 6.244980501617644379e-06
1.520000000000000000e+02 5.243093605014675085e-06
1.530000000000000000e+02 6.310818268931989065e-06
1.540000000000000000e+02 7.070417363114108555e-06
1.550000000000000000e+02 5.485859406045914042e-06
1.560000000000000000e+02 5.903124689884705960e-06
1.570000000000000000e+02 5.246157371096370651e-06
1.580000000000000000e+02 5.366950984017326583e-06
1.590000000000000000e+02 7.138997719981658298e-06
1.600000000000000000e+02 7.412714724495675878e-06
1.610000000000000000e+02 7.382454341951042993e-06
1.620000000000000000e+02 6.930630478891787623e-06
1.630000000000000000e+02 6.946029005712560688e-06
1.640000000000000000e+02 5.098486161216908687e-06
1.650000000000000000e+02 3.885998959990768375e-06
1.660000000000000000e+02 4.337180902207367350e-06
1.670000000000000000e+02 6.282634850905330619e-06
1.680000000000000000e+02 5.826811732931905276e-06
1.690000000000000000e+02 4.092477139060005052e-06
1.700000000000000000e+02 3.427724831390281223e-06
1.710000000000000000e+02 5.655225140899276043e-06
1.720000000000000000e+02 9.233528273781249138e-06
1.730000000000000000e+02 7.435107613606537166e-06
1.740000000000000000e+02 4.857931622522599256e-06
1.750000000000000000e+02 5.015459817434402452e-06
1.760000000000000000e+02 5.469207025474675196e-06
1.770000000000000000e+02 5.704283863509591300e-06
1.780000000000000000e+02 6.470375051952331154e-06
1.790000000000000000e+02 8.304794366603747915e-06
1.800000000000000000e+02 3.937449712600485907e-06
1.810000000000000000e+02 4.587952703125251619e-06
1.820000000000000000e+02 5.797981109046099120e-06
1.830000000000000000e+02 5.463287350249015744e-06
1.840000000000000000e+02 7.631924820365256249e-06
1.850000000000000000e+02 8.364369376371174703e-06
1.860000000000000000e+02 4.226392776683875707e-06
1.870000000000000000e+02 3.843620648857941326e-06
1.880000000000000000e+02 3.983002918147580689e-06
1.890000000000000000e+02 4.383707391875576557e-06
1.900000000000000000e+02 3.060384423776239934e-06
1.910000000000000000e+02 3.809715845964637873e-06
1.920000000000000000e+02 7.154644145887974724e-06
1.930000000000000000e+02 2.828390056014984253e-06
1.940000000000000000e+02 3.046322670277489080e-06
1.950000000000000000e+02 2.875362941238828736e-06
1.960000000000000000e+02 3.310169062074096205e-06
1.970000000000000000e+02 2.655616002052475658e-06
1.980000000000000000e+02 2.842478304359911884e-06
1.990000000000000000e+02 4.000999793273793120e-06
2.000000000000000000e+02 5.660786739681356206e-06
2.010000000000000000e+02 5.070935599065479969e-06
2.020000000000000000e+02 3.313191204476145341e-06
2.030000000000000000e+02 2.749799219993104777e-06
2.040000000000000000e+02 2.302360581581214336e-06
2.050000000000000000e+02 2.932452464127601935e-06
2.060000000000000000e+02 3.182066933339210229e-06
2.070000000000000000e+02 3.919524656921013642e-06
2.080000000000000000e+02 2.782713075864705177e-06
2.090000000000000000e+02 4.435642845474676235e-06
2.100000000000000000e+02 7.607645067487751977e-06
2.110000000000000000e+02 2.959529348827496076e-06
2.120000000000000000e+02 2.760536292823664173e-06
2.130000000000000000e+02 4.296033878450211035e-06
2.140000000000000000e+02 3.824724776266590147e-06
2.150000000000000000e+02 3.615394668214175956e-06
2.160000000000000000e+02 5.614109259427497511e-06
2.170000000000000000e+02 5.087934672809297219e-06
2.180000000000000000e+02 3.979681252561703500e-06
2.190000000000000000e+02 2.980842319531814080e-06
2.200000000000000000e+02 2.541552080356219036e-06
2.210000000000000000e+02 3.980977863784031841e-06
2.220000000000000000e+02 3.751575467818479309e-06
2.230000000000000000e+02 5.451687901185605974e-06
2.240000000000000000e+02 2.875269937912136668e-06
2.250000000000000000e+02 3.204020329954376263e-06
2.260000000000000000e+02 3.064280409548002380e-06
2.270000000000000000e+02 3.182187111304155282e-06
2.280000000000000000e+02 4.791099743733988124e-06
2.290000000000000000e+02 3.773919167815843662e-06
2.300000000000000000e+02 3.305839527440457231e-06
2.310000000000000000e+02 2.094668963981645752e-06
2.320000000000000000e+02 2.764416066663057177e-06
2.330000000000000000e+02 2.832252270162650915e-06
2.340000000000000000e+02 2.493683932842559444e-06
2.350000000000000000e+02 2.228484487531190116e-06
2.360000000000000000e+02 3.735690964063271156e-06
2.370000000000000000e+02 4.025545067394275140e-06
2.380000000000000000e+02 2.493638379491801017e-06
2.390000000000000000e+02 2.561823212880757674e-06
2.400000000000000000e+02 2.673606641104931250e-06
2.410000000000000000e+02 3.040313775904125112e-06
2.420000000000000000e+02 2.797137839807434595e-06
2.430000000000000000e+02 2.206386963667613152e-06
2.440000000000000000e+02 1.915863766110304661e-06
2.450000000000000000e+02 3.155513191394387645e-06
2.460000000000000000e+02 3.806802967420988488e-06
2.470000000000000000e+02 2.500678874967616837e-06
2.480000000000000000e+02 3.339010263967041198e-06
2.490000000000000000e+02 2.522634912778465427e-06
2.500000000000000000e+02 2.490215954586624057e-06
2.510000000000000000e+02 3.402018653942781978e-06
2.520000000000000000e+02 2.681043954758513161e-06
2.530000000000000000e+02 2.488794807537836812e-06
2.540000000000000000e+02 1.970322091221149918e-06
2.550000000000000000e+02 2.949819650473895486e-06
2.560000000000000000e+02 2.747235304168637788e-06
2.570000000000000000e+02 2.536131317230981384e-06
2.580000000000000000e+02 2.078056480060509232e-06
2.590000000000000000e+02 2.064405265851246113e-06
2.600000000000000000e+02 2.287812163814078397e-06
2.610000000000000000e+02 2.572003965793173919e-06
2.620000000000000000e+02 2.688324693780401370e-06
2.630000000000000000e+02 2.885491621589078529e-06
2.640000000000000000e+02 4.189913568895928336e-06
2.650000000000000000e+02 3.274037807940988747e-06
2.660000000000000000e+02 2.498608681370941706e-06
2.670000000000000000e+02 2.273838272986330126e-06
2.680000000000000000e+02 1.629279255721774178e-06
2.690000000000000000e+02 2.001871814454768053e-06
2.700000000000000000e+02 1.754776920195978269e-06
2.710000000000000000e+02 1.961611457958670982e-06
2.720000000000000000e+02 1.679400741023632647e-06
2.730000000000000000e+02 1.865333699892324553e-06
2.740000000000000000e+02 2.021858743139105700e-06
2.750000000000000000e+02 1.951925935797911449e-06
2.760000000000000000e+02 2.026262739902533110e-06
2.770000000000000000e+02 2.731421180808468360e-06
2.780000000000000000e+02 2.128157085140812326e-06
2.790000000000000000e+02 2.111295125463630270e-06
2.800000000000000000e+02 1.917033481552991636e-06
2.810000000000000000e+02 2.055955298627795130e-06
2.820000000000000000e+02 2.090429906510599708e-06
2.830000000000000000e+02 2.712181925089766883e-06
2.840000000000000000e+02 2.044218788541712954e-06
2.850000000000000000e+02 1.680216349939098796e-06
2.860000000000000000e+02 1.811424972664475841e-06
2.870000000000000000e+02 1.683940666854893211e-06
2.880000000000000000e+02 1.877575528654441993e-06
2.890000000000000000e+02 1.736859778967371175e-06
2.900000000000000000e+02 2.062957452621824899e-06
2.910000000000000000e+02 1.620486016877345796e-06
2.920000000000000000e+02 2.192488041930581632e-06
2.930000000000000000e+02 2.029978150264637428e-06
2.940000000000000000e+02 1.938357626054198427e-06
2.950000000000000000e+02 1.813333219620310367e-06
2.960000000000000000e+02 2.530383300382098611e-06
2.970000000000000000e+02 1.951798689808269652e-06
2.980000000000000000e+02 2.192126586102888913e-06
2.990000000000000000e+02 1.858683869518326695e-06
3.000000000000000000e+02 1.961896177677515622e-06
3.010000000000000000e+02 2.519901876069788138e-06
3.020000000000000000e+02 1.517280192881668548e-06
3.030000000000000000e+02 1.847366048410366885e-06
3.040000000000000000e+02 1.447140780623812446e-06
3.050000000000000000e+02 2.363890082217828664e-06
3.060000000000000000e+02 1.667294733163797920e-06
3.070000000000000000e+02 2.034357880868078804e-06
3.080000000000000000e+02 1.387561390945214420e-06
3.090000000000000000e+02 1.591687283666470164e-06
3.100000000000000000e+02 1.518624988752594244e-06
3.110000000000000000e+02 1.939346907107465414e-06
3.120000000000000000e+02 2.774888191544831858e-06
3.130000000000000000e+02 1.614976821929189514e-06
3.140000000000000000e+02 1.542771521209440545e-06
3.150000000000000000e+02 1.924507088151633129e-06
3.160000000000000000e+02 1.904135439112590824e-06
3.170000000000000000e+02 1.691185394023921017e-06
3.180000000000000000e+02 1.661674020155780053e-06
3.190000000000000000e+02 1.856088597191863059e-06
3.200000000000000000e+02 2.209554565723720434e-06
3.210000000000000000e+02 1.955193079998343868e-06
3.220000000000000000e+02 1.626507517123090898e-06
3.230000000000000000e+02 1.943344795866732035e-06
3.240000000000000000e+02 2.151031746513238855e-06
3.250000000000000000e+02 2.383736394339435991e-06
3.260000000000000000e+02 1.558581828285451305e-06
3.270000000000000000e+02 1.940454109770012418e-06
3.280000000000000000e+02 1.544315964498479602e-06
3.290000000000000000e+02 1.551425671192188317e-06
3.300000000000000000e+02 1.883222136598588513e-06
3.310000000000000000e+02 2.125338842854471888e-06
3.320000000000000000e+02 1.660941219820191291e-06
3.330000000000000000e+02 1.988864266312497877e-06
3.340000000000000000e+02 1.469085111765518237e-06
3.350000000000000000e+02 1.400160994968382188e-06
3.360000000000000000e+02 2.552736135166028234e-06
3.370000000000000000e+02 1.772233170331900959e-06
3.380000000000000000e+02 1.376699739114273525e-06
3.390000000000000000e+02 1.444662047212408739e-06
3.400000000000000000e+02 1.702115018931264899e-06
3.410000000000000000e+02 1.309436338049313843e-06
3.420000000000000000e+02 1.587066262356574007e-06
3.430000000000000000e+02 1.671226947916988346e-06
3.440000000000000000e+02 1.311643895405037343e-06
3.450000000000000000e+02 1.523540722601363132e-06
3.460000000000000000e+02 1.623957986432820381e-06
3.470000000000000000e+02 1.307191720911367416e-06
3.480000000000000000e+02 1.326717670145478203e-06
3.490000000000000000e+02 1.385135881969822564e-06
3.500000000000000000e+02 1.315646945466630756e-06
3.510000000000000000e+02 1.402730152493475503e-06
3.520000000000000000e+02 1.733295692857941917e-06
3.530000000000000000e+02 2.031500968582471170e-06
3.540000000000000000e+02 2.119535645814976367e-06
3.550000000000000000e+02 1.368547015624326896e-06
3.560000000000000000e+02 1.494856503233990046e-06
3.570000000000000000e+02 1.595563228004700224e-06
3.580000000000000000e+02 1.431869995902094011e-06
3.590000000000000000e+02 1.563714952029090693e-06
3.600000000000000000e+02 1.405229717669611543e-06
3.610000000000000000e+02 1.778472826307577883e-06
3.620000000000000000e+02 1.826730418214373908e-06
3.630000000000000000e+02 1.502149749533535178e-06
3.640000000000000000e+02 1.675778930868201701e-06
3.650000000000000000e+02 1.370478340644888151e-06
3.660000000000000000e+02 1.464917904124309164e-06
3.670000000000000000e+02 1.197881802003561829e-06
3.680000000000000000e+02 1.292239174106091410e-06
3.690000000000000000e+02 1.267899635979105094e-06
3.700000000000000000e+02 1.403369494792961186e-06
3.710000000000000000e+02 1.275376262122137250e-06
3.720000000000000000e+02 1.250955130763854777e-06
3.730000000000000000e+02 1.499791510515044243e-06
3.740000000000000000e+02 2.017261537438796382e-06
3.750000000000000000e+02 1.411822840343120160e-06
3.760000000000000000e+02 1.301732905900470138e-06
3.770000000000000000e+02 1.310853342145028943e-06
3.780000000000000000e+02 1.237985209856901591e-06
3.790000000000000000e+02 1.526528996498994795e-06
3.800000000000000000e+02 1.374738197192189352e-06
3.810000000000000000e+02 1.203855600800042215e-06
3.820000000000000000e+02 1.431745287611613741e-06
3.830000000000000000e+02 1.381723567764217354e-06
3.840000000000000000e+02 1.476807010088236488e-06
3.850000000000000000e+02 1.515919277310114123e-06
3.860000000000000000e+02 1.230447904662743384e-06
3.870000000000000000e+02 1.215905423881467543e-06
3.880000000000000000e+02 1.756993231383935027e-06
3.890000000000000000e+02 1.626287193713776686e-06
3.900000000000000000e+02 1.418226863763988319e-06
3.910000000000000000e+02 1.349624413414264867e-06
3.920000000000000000e+02 1.259907406651759001e-06
3.930000000000000000e+02 1.217699154504195839e-06
3.940000000000000000e+02 1.221772773068769243e-06
3.950000000000000000e+02 1.300703642498884588e-06
3.960000000000000000e+02 1.183046385969480200e-06
3.970000000000000000e+02 1.429131085039410542e-06
3.980000000000000000e+02 1.360462830883239149e-06
3.990000000000000000e+02 1.533193589426619502e-06
4.000000000000000000e+02 1.294345533501771030e-06
4.010000000000000000e+02 1.235220085128722283e-06
4.020000000000000000e+02 1.176898746355047850e-06
4.030000000000000000e+02 1.262318620783936153e-06
4.040000000000000000e+02 1.268611739346400196e-06
4.050000000000000000e+02 1.202523916894407356e-06
4.060000000000000000e+02 1.422784004629657987e-06
4.070000000000000000e+02 1.265192409696380163e-06
4.080000000000000000e+02 1.208852680663162909e-06
4.090000000000000000e+02 1.325983266711657979e-06
4.100000000000000000e+02 1.256263993347778261e-06
4.110000000000000000e+02 1.300579539085965253e-06
4.120000000000000000e+02 1.133268144192123245e-06
4.130000000000000000e+02 1.192607643258903571e-06
4.140000000000000000e+02 1.136861977272004410e-06
4.150000000000000000e+02 1.169478739594788487e-06
4.160000000000000000e+02 1.177138304050004967e-06
4.170000000000000000e+02 1.263701186350845422e-06
4.180000000000000000e+02 1.497560281754679341e-06
4.190000000000000000e+02 1.704937525038703941e-06
4.200000000000000000e+02 1.236224622030355198e-06
4.210000000000000000e+02 1.237293500685412842e-06
4.220000000000000000e+02 1.298368558578192957e-06
4.230000000000000000e+02 1.212426112846250808e-06
4.240000000000000000e+02 1.293647236972380297e-06
4.250000000000000000e+02 1.610660177646160730e-06
4.260000000000000000e+02 1.238682119869466756e-06
4.270000000000000000e+02 1.517018458656315306e-06
4.280000000000000000e+02 1.244325567307586660e-06
4.290000000000000000e+02 1.222746206036123694e-06
4.300000000000000000e+02 1.321264679806496114e-06
4.310000000000000000e+02 1.162168818938253350e-06
4.320000000000000000e+02 1.190691548482680806e-06
4.330000000000000000e+02 1.129490077785838892e-06
4.340000000000000000e+02 1.322867480736141356e-06
4.350000000000000000e+02 1.174793253257639624e-06
4.360000000000000000e+02 1.206080547163721976e-06
4.370000000000000000e+02 1.159470993032959105e-06
4.380000000000000000e+02 1.199041584387063932e-06
4.390000000000000000e+02 1.197269917192634129e-06
4.400000000000000000e+02 1.192263807964272580e-06
4.410000000000000000e+02 1.148697191069693008e-06
4.420000000000000000e+02 1.193681848294110922e-06
4.430000000000000000e+02 1.246485455316802939e-06
4.440000000000000000e+02 1.214881326942956493e-06
4.450000000000000000e+02 1.251639597919396848e-06
4.460000000000000000e+02 1.149551351319616657e-06
4.470000000000000000e+02 1.235484808233711868e-06
4.480000000000000000e+02 1.164465340623302622e-06
4.490000000000000000e+02 1.205963005007996549e-06
4.500000000000000000e+02 1.196638794021010248e-06
4.510000000000000000e+02 1.097672252887152052e-06
4.520000000000000000e+02 1.178798376553978267e-06
4.530000000000000000e+02 1.086323158310111279e-06
4.540000000000000000e+02 1.100683847638239179e-06
4.550000000000000000e+02 1.378739557694001468e-06
4.560000000000000000e+02 1.156152058098104190e-06
4.570000000000000000e+02 1.135837907603673992e-06
4.580000000000000000e+02 1.105351663348794329e-06
4.590000000000000000e+02 1.071655067383916414e-06
4.600000000000000000e+02 1.170356391001073552e-06
4.610000000000000000e+02 1.177658876631276792e-06
4.620000000000000000e+02 1.069208751551504369e-06
4.630000000000000000e+02 1.139685141687876581e-06
4.640000000000000000e+02 1.095068423016552104e-06
4.650000000000000000e+02 1.103696752695874187e-06
4.660000000000000000e+02 1.172175721129113544e-06
4.670000000000000000e+02 1.103951802487923384e-06
4.680000000000000000e+02 1.208322624590662808e-06
4.690000000000000000e+02 1.192784794365821609e-06
4.700000000000000000e+02 1.146690410498616861e-06
4.710000000000000000e+02 1.138686696517722227e-06
4.720000000000000000e+02 1.124412531759698786e-06
4.730000000000000000e+02 1.141398619651425256e-06
4.740000000000000000e+02 1.114378305583011344e-06
4.750000000000000000e+02 1.167764784761143607e-06
4.760000000000000000e+02 1.094797709537094841e-06
4.770000000000000000e+02 1.157783771947760890e-06
4.780000000000000000e+02 1.068494900406904193e-06
4.790000000000000000e+02 1.110386886739963601e-06
4.800000000000000000e+02 1.108202610229047425e-06
4.810000000000000000e+02 1.156334761523962767e-06
4.820000000000000000e+02 1.083513396224199645e-06
4.830000000000000000e+02 1.035677247901351092e-06
4.840000000000000000e+02 1.072005907089192150e-06
4.850000000000000000e+02 1.137529042580319439e-06
4.860000000000000000e+02 1.032341219177273586e-06
4.870000000000000000e+02 1.133925638955940310e-06
4.880000000000000000e+02 1.101941473528219251e-06
4.890000000000000000e+02 1.048200843982011846e-06
4.900000000000000000e+02 1.125069435714362406e-06
4.910000000000000000e+02 1.081116678220150906e-06
4.920000000000000000e+02 1.025588127578668553e-06
4.930000000000000000e+02 1.060117720195819546e-06
4.940000000000000000e+02 1.075948537585171583e-06
4.950000000000000000e+02 1.072192268749280676e-06
4.960000000000000000e+02 1.075582441282732253e-06
4.970000000000000000e+02 1.127199698973115017e-06
4.980000000000000000e+02 1.102593955550863882e-06
4.990000000000000000e+02 1.071504870102505720e-06
5.000000000000000000e+02 1.080382777128770136e-06
5.010000000000000000e+02 1.038631228377278730e-06
5.020000000000000000e+02 1.043595574718634280e-06
5.030000000000000000e+02 1.062198083015458249e-06
5.040000000000000000e+02 1.144533552137585427e-06
5.050000000000000000e+02 1.050298288307422202e-06
5.060000000000000000e+02 1.031350430501235087e-06
5.070000000000000000e+02 1.070214887090111433e-06
5.080000000000000000e+02 1.089191354939202483e-06
5.090000000000000000e+02 1.101964487250798223e-06
5.100000000000000000e+02 1.047632321454868095e-06
5.110000000000000000e+02 1.061210337929046293e-06
5.120000000000000000e+02 1.027993893107212900e-06
5.130000000000000000e+02 1.040481372680293887e-06
5.140000000000000000e+02 1.079022551432036486e-06
5.150000000000000000e+02 1.056927611859045878e-06
5.160000000000000000e+02 1.166831121587018731e-06
5.170000000000000000e+02 1.102194974052107550e-06
5.180000000000000000e+02 1.064298971109503037e-06
5.190000000000000000e+02 1.025010765722396404e-06
5.200000000000000000e+02 1.072217070963899738e-06
5.210000000000000000e+02 1.041003804828345811e-06
5.220000000000000000e+02 1.079766841070811864e-06
5.230000000000000000e+02 1.070036614128905462e-06
5.240000000000000000e+02 1.146467634715798389e-06
5.250000000000000000e+02 1.057630060706507039e-06
5.260000000000000000e+02 1.063909629814485686e-06
5.270000000000000000e+02 1.080130899702053097e-06
5.280000000000000000e+02 1.108956005502208653e-06
5.290000000000000000e+02 1.058617582776143863e-06
5.300000000000000000e+02 1.012008214000346384e-06
5.310000000000000000e+02 1.063944272516626751e-06
5.320000000000000000e+02 1.023144537613243683e-06
5.330000000000000000e+02 1.063372121004428755e-06
5.340000000000000000e+02 1.014378486618577648e-06
5.350000000000000000e+02 1.038296997163821557e-06
5.360000000000000000e+02 1.006236746871470792e-06
5.370000000000000000e+02 1.011128224352954862e-06
5.380000000000000000e+02 1.046672566118514394e-06
5.390000000000000000e+02 1.029788555023688929e-06
5.400000000000000000e+02 1.068739137825519812e-06
5.410000000000000000e+02 1.020516069384049572e-06
5.420000000000000000e+02 1.017709799961472906e-06
5.430000000000000000e+02 1.039590366553918848e-06
5.440000000000000000e+02 1.052730079933286788e-06
5.450000000000000000e+02 1.046298552274052303e-06
5.460000000000000000e+02 1.041659600788139491e-06
5.470000000000000000e+02 1.061774994117956400e-06
5.480000000000000000e+02 1.001230049124765298e-06
5.490000000000000000e+02 1.095088272384955007e-06
5.500000000000000000e+02 1.004433635276539534e-06
5.510000000000000000e+02 1.003920008151007322e-06
5.520000000000000000e+02 9.846422275749033236e-07
5.530000000000000000e+02 1.005244818693646372e-06
5.540000000000000000e+02 9.959790832641797404e-07
5.550000000000000000e+02 1.045413181167304929e-06
5.560000000000000000e+02 1.048190941396868225e-06
5.570000000000000000e+02 1.084036378826228284e-06
5.580000000000000000e+02 1.039595017223551260e-06
5.590000000000000000e+02 1.032854870037909884e-06
5.600000000000000000e+02 1.007095095117744098e-06
5.610000000000000000e+02 1.082986373175990216e-06
5.620000000000000000e+02 1.047478451881994231e-06
5.630000000000000000e+02 1.001983773163023777e-06
5.640000000000000000e+02 1.038470350192384800e-06
5.650000000000000000e+02 1.030180716790952200e-06
5.660000000000000000e+02 1.040549144473205546e-06
5.670000000000000000e+02 1.011569480487640274e-06
5.680000000000000000e+02 1.067964512724821126e-06
5.690000000000000000e+02 1.026635841415383198e-06
5.700000000000000000e+02 1.017383341403007706e-06
5.710000000000000000e+02 1.024553889423048513e-06
5.720000000000000000e+02 9.894397161732850209e-07
5.730000000000000000e+02 1.005365786459869350e-06
5.740000000000000000e+02 9.751145940815910739e-07
5.750000000000000000e+02 9.997708127010507818e-07
5.760000000000000000e+02 1.011187327140871144e-06
5.770000000000000000e+02 1.030323083095502003e-06
5.780000000000000000e+02 1.046263717080597974e-06
5.790000000000000000e+02 1.007288937886649602e-06
5.800000000000000000e+02 9.969344970920839443e-07
5.810000000000000000e+02 9.980205262425257969e-07
5.820000000000000000e+02 9.712448322210011782e-07
5.830000000000000000e+02 1.009212395776612720e-06
5.840000000000000000e+02 9.804322968230418136e-07
5.850000000000000000e+02 9.905070810906927104e-07
5.860000000000000000e+02 1.013542667435079104e-06
5.870000000000000000e+02 1.056131229859417449e-06
5.880000000000000000e+02 9.924349120033796921e-07
5.890000000000000000e+02 9.782007321579982397e-07
5.900000000000000000e+02 1.026065897217747046e-06
5.910000000000000000e+02 9.927465852389417929e-07
5.920000000000000000e+02 1.015205893754145330e-06
5.930000000000000000e+02 9.930541394148892785e-07
5.940000000000000000e+02 1.013548905674866478e-06
5.950000000000000000e+02 1.014981469641827392e-06
5.960000000000000000e+02 1.051965809192874279e-06
5.970000000000000000e+02 1.033906706091506386e-06
5.980000000000000000e+02 1.041629948697549751e-06
5.990000000000000000e+02 9.882454347484084332e-07
6.000000000000000000e+02 1.010146304683120123e-06
6.010000000000000000e+02 1.012190937587239760e-06
6.020000000000000000e+02 9.818632853078369561e-07
6.030000000000000000e+02 1.002570996660008678e-06
6.040000000000000000e+02 9.966231533405099339e-07
6.050000000000000000e+02 1.006632319496674765e-06
6.060000000000000000e+02 1.000535750716812087e-06
6.070000000000000000e+02 9.886891746970662561e-07
6.080000000000000000e+02 9.989971540371258095e-07
6.090000000000000000e+02 9.690825855853997161e-07
6.100000000000000000e+02 9.740241850752636122e-07
6.110000000000000000e+02 9.911860922225277134e-07
6.120000000000000000e+02 9.848077178309298109e-07
6.130000000000000000e+02 1.008868733571788284e-06
6.140000000000000000e+02 1.048018662059415868e-06
6.150000000000000000e+02 1.007329404670760960e-06
6.160000000000000000e+02 9.924952739535453605e-07
6.170000000000000000e+02 9.640461111683885430e-07
6.180000000000000000e+02 1.010653883868839828e-06
6.190000000000000000e+02 9.956278520106538406e-07
6.200000000000000000e+02 9.848523533461399544e-07
6.210000000000000000e+02 1.003722398164298088e-06
6.220000000000000000e+02 9.683617679152233622e-07
6.230000000000000000e+02 9.636249358415034140e-07
6.240000000000000000e+02 1.008077509164257875e-06
6.250000000000000000e+02 1.005896246060886120e-06
6.260000000000000000e+02 9.608348091632136498e-07
6.270000000000000000e+02 9.865946501277915187e-07
6.280000000000000000e+02 9.636910091255248593e-07
6.290000000000000000e+02 9.784972588624000703e-07
6.300000000000000000e+02 1.003130465792231030e-06
6.310000000000000000e+02 9.857312018342174864e-07
6.320000000000000000e+02 1.024640671139504150e-06
6.330000000000000000e+02 1.001937227078133214e-06
6.340000000000000000e+02 1.034902594807386639e-06
6.350000000000000000e+02 9.669862363141368425e-07
6.360000000000000000e+02 9.829017901461088175e-07
6.370000000000000000e+02 9.787533031114631468e-07
6.380000000000000000e+02 1.000553750309929720e-06
6.390000000000000000e+02 9.992563526865108509e-07
6.400000000000000000e+02 1.011929531069123687e-06
6.410000000000000000e+02 9.662515594786315350e-07
6.420000000000000000e+02 9.765291317725321587e-07
6.430000000000000000e+02 9.865263978392960820e-07
6.440000000000000000e+02 9.850653583274983159e-07
6.450000000000000000e+02 9.651278658681694351e-07
6.460000000000000000e+02 9.808063528301043133e-07
6.470000000000000000e+02 9.740757189852521305e-07
6.480000000000000000e+02 9.814419427436626703e-07
6.490000000000000000e+02 9.815861689216678390e-07
6.500000000000000000e+02 9.856834040947295004e-07
6.510000000000000000e+02 9.705597439549873470e-07
6.520000000000000000e+02 9.934859413675915774e-07
6.530000000000000000e+02 1.004361023455457272e-06
6.540000000000000000e+02 9.943315439509803238e-07
6.550000000000000000e+02 9.676933952225019351e-07
6.560000000000000000e+02 9.473623131071511571e-07
6.570000000000000000e+02 9.967547577040104012e-07
6.580000000000000000e+02 9.988057181540791708e-07
6.590000000000000000e+02 9.772325655068480085e-07
6.600000000000000000e+02 9.780454434662433430e-07
6.610000000000000000e+02 9.891687504776807643e-07
6.620000000000000000e+02 9.658807664990809611e-07
6.630000000000000000e+02 1.045386173873839959e-06
6.640000000000000000e+02 9.879971234100278434e-07
6.650000000000000000e+02 9.927938005405201043e-07
6.660000000000000000e+02 1.018098744982398064e-06
6.670000000000000000e+02 9.720876779827865557e-07
6.680000000000000000e+02 9.557312783749882350e-07
6.690000000000000000e+02 9.736183818213951219e-07
6.700000000000000000e+02 9.636432180250400328e-07
6.710000000000000000e+02 9.932916823700498310e-07
6.720000000000000000e+02 9.487853380948161176e-07
6.730000000000000000e+02 9.723090678390064164e-07
6.740000000000000000e+02 9.815058344967065072e-07
6.750000000000000000e+02 9.531617611459242177e-07
6.760000000000000000e+02 9.697980932747630682e-07
6.770000000000000000e+02 1.026984772906630716e-06
6.780000000000000000e+02 9.385679571611031455e-07
6.790000000000000000e+02 9.945341091754611035e-07
6.800000000000000000e+02 1.013480683743273776e-06
6.810000000000000000e+02 1.008598998959964604e-06
6.820000000000000000e+02 9.690916287334931375e-07
6.830000000000000000e+02 9.605736067779135064e-07
6.840000000000000000e+02 1.002016497079661034e-06
6.850000000000000000e+02 9.618316836015815343e-07
6.860000000000000000e+02 1.006211379023916698e-06
6.870000000000000000e+02 9.778327980762111015e-07
6.880000000000000000e+02 9.723924263181356751e-07
6.890000000000000000e+02 9.882904422009344058e-07
6.900000000000000000e+02 1.032315499131716217e-06
6.910000000000000000e+02 9.754477991298686526e-07
6.920000000000000000e+02 9.641084443298644237e-07
6.930000000000000000e+02 9.674601277981508277e-07
6.940000000000000000e+02 9.859882404183492267e-07
6.950000000000000000e+02 9.601013154926785469e-07
6.960000000000000000e+02 9.553760911707832071e-07
6.970000000000000000e+02 9.696951574492761376e-07
6.980000000000000000e+02 9.502088539024359478e-07
6.990000000000000000e+02 9.564892228518412827e-07
7.000000000000000000e+02 9.723724003068976543e-07
7.010000000000000000e+02 9.621589994511518793e-07
7.020000000000000000e+02 9.755059233802557603e-07
7.030000000000000000e+02 9.612439292022712645e-07
7.040000000000000000e+02 9.844906730734491941e-07
7.050000000000000000e+02 9.880111868342808978e-07
7.060000000000000000e+02 9.668620430184253650e-07
7.070000000000000000e+02 9.966903416135937700e-07
7.080000000000000000e+02 9.748071487595328119e-07
7.090000000000000000e+02 9.528736170187674180e-07
7.100000000000000000e+02 9.471281269437300859e-07
7.110000000000000000e+02 9.815595780749058372e-07
7.120000000000000000e+02 9.551919578596201983e-07
7.130000000000000000e+02 9.911984685421403506e-07
7.140000000000000000e+02 9.589643289365493301e-07
7.150000000000000000e+02 9.743233188546799848e-07
7.160000000000000000e+02 9.473618673668132067e-07
7.170000000000000000e+02 9.556531409911099356e-07
7.180000000000000000e+02 9.706787647670102742e-07
7.190000000000000000e+02 9.843120202327108934e-07
7.200000000000000000e+02 9.652242470147128139e-07
7.210000000000000000e+02 9.667567550144505314e-07
7.220000000000000000e+02 9.716276217201693008e-07
7.230000000000000000e+02 9.506691013548783201e-07
7.240000000000000000e+02 9.481862403740698019e-07
7.250000000000000000e+02 9.863330426361820832e-07
7.260000000000000000e+02 9.563009419872594426e-07
7.270000000000000000e+02 9.843150988702035018e-07
7.280000000000000000e+02 9.547483297911194781e-07
7.290000000000000000e+02 9.528360842967284892e-07
