0.000000000000000000e+00 8.478243599369319691e-03
1.000000000000000000e+00 2.164250746310241141e-04
2.000000000000000000e+00 9.540059686304718769e-05
3.000000000000000000e+00 8.972277546839379624e-05
4.000000000000000000e+00 8.945430011589266910e-05
5.000000000000000000e+00 8.915340042564033683e-05
6.000000000000000000e+00 8.850668552514433685e-05
7.000000000000000000e+00 8.787260798450578683e-05
8.000000000000000000e+00 8.748447115637191082e-05
9.000000000000000000e+00 8.702646110112359523e-05
1.000000000000000000e+01 8.658969402682316070e-05
1.100000000000000000e+01 8.592786984017796001e-05
1.200000000000000000e+01 8.513297464342566966e-05
1.300000000000000000e+01 8.502984426189815967e-05
1.400000000000000000e+01 8.397672854631836343e-05
1.500000000000000000e+01 8.305010284387123591e-05
1.600000000000000000e+01 8.178064789950658026e-05
1.700000000000000000e+01 8.051807853551748938e-05
1.800000000000000000e+01 7.877291425801541511e-05
1.900000000000000000e+01 7.621911005458779464e-05
2.000000000000000000e+01 7.375814586558598852e-05
2.100000000000000000e+01 7.027178701656100327e-05
2.200000000000000000e+01 6.752846225336679069e-05
2.300000000000000000e+01 6.477568013303333704e-05
2.400000000000000000e+01 5.864264693797682744e-05
2.500000000000000000e+01 5.314722080147483264e-05
2.600000000000000000e+01 4.532313782408572798e-05
2.700000000000000000e+01 3.709810138707868071e-05
2.800000000000000000e+01 2.967078562679741790e-05
2.900000000000000000e+01 2.111939846710846280e-05
3.000000000000000000e+01 1.495802041152553927e-05
3.100000000000000000e+01 1.055965464224089478e-05
3.200000000000000000e+01 6.663931337867962618e-06
3.300000000000000000e+01 5.698307392404468250e-06
3.400000000000000000e+01 5.264054618018169327e-06
3.500000000000000000e+01 5.898355055520448647e-06
3.600000000000000000e+01 5.027578737810356628e-06
3.700000000000000000e+01 4.604188081499410802e-06
3.800000000000000000e+01 4.544313709897418193e-06
3.900000000000000000e+01 4.751549460989229881e-06
4.000000000000000000e+01 5.014392146056312338e-06
4.100000000000000000e+01 4.514979960144254066e-06
4.200000000000000000e+01 4.614823895670996016e-06
4.300000000000000000e+01 4.593976771319426388e-06
4.400000000000000000e+01 4.473476985791519547e-06
4.500000000000000000e+01 4.631313037713787666e-06
4.600000000000000000e+01 4.442346018417370905e-06
4.700000000000000000e+01 4.438924209795806103e-06
4.800000000000000000e+01 4.367798001549476815e-06
4.900000000000000000e+01 4.463167722258490219e-06
5.000000000000000000e+01 4.199189708934655014e-06
5.100000000000000000e+01 4.281256463479502946e-06
5.200000000000000000e+01 4.888166757425463443e-06
5.300000000000000000e+01 4.065081870145370265e-06
5.400000000000000000e+01 4.156215264524329920e-06
5.500000000000000000e+01 3.909009815396101298e-06
5.600000000000000000e+01 3.878288367317072848e-06
5.700000000000000000e+01 4.250249799092236274e-06
5.800000000000000000e+01 4.297963244385914400e-06
5.900000000000000000e+01 3.778153180076438881e-06
6.000000000000000000e+01 4.983591555889880945e-06
6.100000000000000000e+01 5.358793921990798705e-06
6.200000000000000000e+01 3.734821612647875867e-06
6.300000000000000000e+01 3.548120453130645871e-06
6.400000000000000000e+01 3.499803768447845002e-06
6.500000000000000000e+01 3.920890117266778592e-06
6.600000000000000000e+01 4.342246745811562767e-06
6.700000000000000000e+01 3.632898416569057649e-06
6.800000000000000000e+01 3.373641709508105185e-06
6.900000000000000000e+01 3.733088581877939769e-06
7.000000000000000000e+01 3.611177050498331307e-06
7.100000000000000000e+01 3.249828247457883431e-06
7.200000000000000000e+01 3.257460315659037245e-06
7.300000000000000000e+01 3.241142219121078833e-06
7.400000000000000000e+01 2.982880746103525736e-06
7.500000000000000000e+01 2.909390386656410835e-06
7.600000000000000000e+01 3.510228919871478586e-06
7.700000000000000000e+01 3.592680163458422347e-06
7.800000000000000000e+01 3.175086519499083469e-06
7.900000000000000000e+01 2.832445924135255829e-06
8.000000000000000000e+01 3.136900940244300826e-06
8.100000000000000000e+01 2.634272578856912499e-06
8.200000000000000000e+01 2.668740483188908212e-06
8.300000000000000000e+01 2.429183553626852578e-06
8.400000000000000000e+01 3.240972095321015818e-06
8.500000000000000000e+01 2.920168714808352152e-06
8.600000000000000000e+01 3.343154776749982330e-06
8.700000000000000000e+01 2.464313869067670390e-06
8.800000000000000000e+01 2.365535506227117375e-06
8.900000000000000000e+01 2.173422127317599797e-06
9.000000000000000000e+01 2.143974808911169671e-06
9.100000000000000000e+01 2.288550603218659496e-06
9.200000000000000000e+01 2.327512477604657858e-06
9.300000000000000000e+01 1.994519059680477811e-06
9.400000000000000000e+01 1.832742826281784111e-06
9.500000000000000000e+01 1.894234299696219385e-06
9.600000000000000000e+01 2.075760839117567776e-06
9.700000000000000000e+01 2.018267310171878671e-06
9.800000000000000000e+01 1.955586407133559619e-06
9.900000000000000000e+01 2.560081456122974281e-06
1.000000000000000000e+02 1.646710099382784083e-06
1.010000000000000000e+02 1.512082025803109642e-06
1.020000000000000000e+02 1.467803613551999333e-06
1.030000000000000000e+02 1.423256069562461834e-06
1.040000000000000000e+02 1.578278471523077078e-06
1.050000000000000000e+02 1.279918414919034460e-06
1.060000000000000000e+02 1.856019847096661911e-06
1.070000000000000000e+02 3.747129756128669419e-06
1.080000000000000000e+02 1.258606339817710704e-06
1.090000000000000000e+02 1.066229252198118967e-06
1.100000000000000000e+02 1.080239970748032994e-06
1.110000000000000000e+02 1.026288123084892005e-06
1.120000000000000000e+02 1.074037705496559183e-06
1.130000000000000000e+02 1.049435594713596258e-06
1.140000000000000000e+02 1.745679881168041004e-06
1.150000000000000000e+02 2.025631286565351208e-06
1.160000000000000000e+02 8.754865119230078944e-07
1.170000000000000000e+02 8.073930116520394471e-07
1.180000000000000000e+02 8.537374633952792826e-07
1.190000000000000000e+02 1.043373895280587604e-06
1.200000000000000000e+02 1.727217041480730840e-06
1.210000000000000000e+02 1.022297713143428305e-06
1.220000000000000000e+02 8.668999292722892966e-07
1.230000000000000000e+02 1.436021005606449289e-06
1.240000000000000000e+02 3.813466966904812684e-06
1.250000000000000000e+02 1.283817700801641443e-06
1.260000000000000000e+02 7.435548909983389866e-07
1.270000000000000000e+02 6.247979340356005363e-07
1.280000000000000000e+02 6.728684961364255746e-07
1.290000000000000000e+02 1.181230336423390422e-06
1.300000000000000000e+02 9.782566409025581413e-07
1.310000000000000000e+02 7.315074383575003016e-07
1.320000000000000000e+02 6.446041224289449609e-07
1.330000000000000000e+02 1.611154001667845912e-06
1.340000000000000000e+02 5.988605829235513070e-07
1.350000000000000000e+02 6.076997295904149903e-07
1.360000000000000000e+02 7.721974151684766921e-07
1.370000000000000000e+02 5.056192764915887179e-07
1.380000000000000000e+02 2.728626762110185331e-05
1.390000000000000000e+02 1.876933561642499078e-05
1.400000000000000000e+02 4.609416630750873369e-06
1.410000000000000000e+02 3.336004542455830860e-06
1.420000000000000000e+02 9.504344741556439432e-07
1.430000000000000000e+02 4.442323929052275481e-07
1.440000000000000000e+02 4.942377332079474811e-07
1.450000000000000000e+02 5.298011396329420828e-07
1.460000000000000000e+02 7.411440471506314632e-07
1.470000000000000000e+02 4.348444614686437196e-07
1.480000000000000000e+02 4.417446176595006498e-07
1.490000000000000000e+02 4.383607936287474022e-07
1.500000000000000000e+02 4.533381298164375852e-07
1.510000000000000000e+02 5.312495933296259436e-07
1.520000000000000000e+02 6.132229050702162627e-07
1.530000000000000000e+02 4.221509040055174686e-07
1.540000000000000000e+02 4.189679295950560017e-07
1.550000000000000000e+02 4.169325150364089497e-07
1.560000000000000000e+02 4.306674535705419676e-07
1.570000000000000000e+02 4.456753787143956546e-07
1.580000000000000000e+02 4.563839780894478888e-07
1.590000000000000000e+02 5.352782361494717944e-07
1.600000000000000000e+02 5.713557670579204301e-07
1.610000000000000000e+02 8.780395912701544268e-07
1.620000000000000000e+02 9.259624472568281687e-07
1.630000000000000000e+02 9.685015921926919237e-07
1.640000000000000000e+02 2.404881077759299301e-06
1.650000000000000000e+02 5.206411514565123526e-07
1.660000000000000000e+02 6.345500808960330621e-07
1.670000000000000000e+02 1.650599582493098631e-06
1.680000000000000000e+02 6.625318720224600367e-07
1.690000000000000000e+02 5.225685517318381984e-07
1.700000000000000000e+02 2.043558888053128612e-06
1.710000000000000000e+02 3.303984906568645542e-06
1.720000000000000000e+02 6.340042035615936508e-06
1.730000000000000000e+02 3.856112832327620678e-06
1.740000000000000000e+02 2.701325070769764027e-06
1.750000000000000000e+02 1.158174490205205149e-06
1.760000000000000000e+02 4.656539176481613227e-07
1.770000000000000000e+02 5.519093338961524269e-07
1.780000000000000000e+02 5.668949085703492963e-07
1.790000000000000000e+02 4.527298789813874991e-07
1.800000000000000000e+02 1.255058593487110537e-06
1.810000000000000000e+02 1.758673156077909480e-06
1.820000000000000000e+02 9.556679161619635964e-07
1.830000000000000000e+02 4.921178717340182596e-07
1.840000000000000000e+02 8.533969363576099596e-07
1.850000000000000000e+02 7.317238547407993931e-07
1.860000000000000000e+02 2.802340454866335814e-06
1.870000000000000000e+02 2.307153393133257440e-05
1.880000000000000000e+02 4.183859177335913272e-06
1.890000000000000000e+02 6.656909290069904129e-07
1.900000000000000000e+02 4.167571821428173544e-07
1.910000000000000000e+02 4.362950918642282350e-07
1.920000000000000000e+02 4.528953056063285253e-07
1.930000000000000000e+02 4.459546246628583760e-07
1.940000000000000000e+02 4.104902659887654617e-07
1.950000000000000000e+02 3.963274100468558287e-07
1.960000000000000000e+02 4.361689174355623505e-07
1.970000000000000000e+02 4.362307764672517412e-07
1.980000000000000000e+02 4.331239433017752466e-07
1.990000000000000000e+02 4.718331915562504459e-07
2.000000000000000000e+02 5.683304578529151388e-07
2.010000000000000000e+02 4.117482956941149396e-07
2.020000000000000000e+02 4.233578681859128222e-07
2.030000000000000000e+02 4.054268868122510527e-07
2.040000000000000000e+02 1.153708545281146370e-06
2.050000000000000000e+02 1.372227693290959572e-06
2.060000000000000000e+02 7.390026269317967352e-07
2.070000000000000000e+02 8.830885242011134094e-07
2.080000000000000000e+02 5.811481654269708751e-06
2.090000000000000000e+02 3.709388100686814504e-05
2.100000000000000000e+02 8.571378378986984733e-06
2.110000000000000000e+02 1.203646994296559373e-06
2.120000000000000000e+02 4.646370527487957172e-07
2.130000000000000000e+02 4.251849125329613132e-07
2.140000000000000000e+02 4.210948844560455059e-07
2.150000000000000000e+02 4.288225794873751173e-07
2.160000000000000000e+02 4.094642672669916493e-07
2.170000000000000000e+02 4.108996125943484893e-07
2.180000000000000000e+02 4.123682529524056902e-07
2.190000000000000000e+02 4.259283360879340392e-07
2.200000000000000000e+02 4.431774906960106546e-07
2.210000000000000000e+02 4.362224456442002669e-07
2.220000000000000000e+02 4.066588660661465290e-07
2.230000000000000000e+02 4.123930199369343724e-07
2.240000000000000000e+02 4.534083197012830071e-07
2.250000000000000000e+02 4.072685551713666428e-07
2.260000000000000000e+02 4.012658790510880237e-07
2.270000000000000000e+02 4.023506199150360561e-07
2.280000000000000000e+02 4.059282919632384863e-07
2.290000000000000000e+02 4.203737238526400974e-07
2.300000000000000000e+02 4.159035229052923263e-07
2.310000000000000000e+02 4.115261452043007719e-07
2.320000000000000000e+02 4.007494993494191110e-07
2.330000000000000000e+02 4.233947536278011447e-07
2.340000000000000000e+02 4.675795106354510833e-07
2.350000000000000000e+02 4.346763253556835689e-07
2.360000000000000000e+02 4.966910690400197087e-07
2.370000000000000000e+02 4.580542195952749099e-07
2.380000000000000000e+02 4.403129746523344753e-07
2.390000000000000000e+02 5.136194684655724455e-07
2.400000000000000000e+02 4.153680939510469626e-07
2.410000000000000000e+02 4.472335533318262022e-07
2.420000000000000000e+02 1.080785534934862989e-06
2.430000000000000000e+02 5.950459087605968387e-07
2.440000000000000000e+02 4.674304368091225491e-07
2.450000000000000000e+02 8.112591502723877039e-07
2.460000000000000000e+02 7.536346383239934329e-07
2.470000000000000000e+02 4.170702678934036907e-07
2.480000000000000000e+02 5.849638487956888283e-07
2.490000000000000000e+02 9.685852284566821750e-07
2.500000000000000000e+02 1.479601263477762598e-06
2.510000000000000000e+02 1.141407084488522082e-06
2.520000000000000000e+02 7.799109056889697181e-07
2.530000000000000000e+02 2.069947862279734381e-06
2.540000000000000000e+02 1.253445625256898266e-06
2.550000000000000000e+02 8.951212400704288664e-07
2.560000000000000000e+02 1.450577225551928153e-06
2.570000000000000000e+02 1.505583083701555859e-06
2.580000000000000000e+02 3.732430039161033093e-06
2.590000000000000000e+02 2.485245829079354341e-06
2.600000000000000000e+02 4.604951738992159876e-07
2.610000000000000000e+02 4.810375899091189938e-07
2.620000000000000000e+02 4.113690188651510299e-07
2.630000000000000000e+02 4.087185716177936718e-07
2.640000000000000000e+02 4.277811637367414422e-07
2.650000000000000000e+02 4.405035359841190018e-07
2.660000000000000000e+02 5.254651316604480260e-07
2.670000000000000000e+02 8.529106359626829673e-07
2.680000000000000000e+02 6.338128496582780017e-07
2.690000000000000000e+02 1.513599552475916331e-06
2.700000000000000000e+02 4.427439195974167660e-06
2.710000000000000000e+02 1.134203927482053898e-06
2.720000000000000000e+02 6.110763089930697828e-07
2.730000000000000000e+02 6.697712183745573531e-07
2.740000000000000000e+02 5.133165394415614371e-07
2.750000000000000000e+02 4.185517219685318248e-07
2.760000000000000000e+02 5.715896185022799389e-07
2.770000000000000000e+02 6.163680572890536980e-07
2.780000000000000000e+02 4.469828602852513629e-07
2.790000000000000000e+02 4.112525020666360324e-07
2.800000000000000000e+02 4.752234628026040060e-07
2.810000000000000000e+02 5.097430340024979049e-07
2.820000000000000000e+02 5.411250103759396717e-07
2.830000000000000000e+02 7.245480044825197020e-07
2.840000000000000000e+02 3.320648081087708408e-06
2.850000000000000000e+02 6.117632151845620033e-07
2.860000000000000000e+02 4.895642202655488056e-07
2.870000000000000000e+02 4.234742875578324530e-07
2.880000000000000000e+02 6.011731215546690119e-07
2.890000000000000000e+02 4.526534451198804900e-07
2.900000000000000000e+02 1.361542288496375590e-06
2.910000000000000000e+02 4.893266213436710238e-06
2.920000000000000000e+02 2.125908924472693113e-06
2.930000000000000000e+02 9.312728790502299686e-07
2.940000000000000000e+02 4.814704590213365020e-07
2.950000000000000000e+02 4.252890594966733789e-07
2.960000000000000000e+02 4.065138547281065133e-07
2.970000000000000000e+02 4.558737482918559574e-07
2.980000000000000000e+02 4.306793039708385142e-07
2.990000000000000000e+02 1.036026441644011221e-06
3.000000000000000000e+02 5.847756397177498144e-07
3.010000000000000000e+02 4.424521344567243011e-07
3.020000000000000000e+02 4.057629014657196156e-07
3.030000000000000000e+02 4.507684420851606053e-07
3.040000000000000000e+02 4.242529361957801382e-07
3.050000000000000000e+02 4.135087608880107635e-07
3.060000000000000000e+02 9.326483657182320338e-07
3.070000000000000000e+02 1.588602033649921591e-06
3.080000000000000000e+02 9.910353076982897085e-07
3.090000000000000000e+02 4.906409126390617726e-07
3.100000000000000000e+02 6.050291385390886750e-07
3.110000000000000000e+02 6.120306224900422708e-07
3.120000000000000000e+02 5.705035658706986191e-07
3.130000000000000000e+02 6.342800334957312203e-07
3.140000000000000000e+02 5.152881258945057343e-07
3.150000000000000000e+02 6.961989969239051690e-07
3.160000000000000000e+02 9.950022427057511167e-07
3.170000000000000000e+02 2.123057057968165036e-06
3.180000000000000000e+02 7.530427486539879854e-07
3.190000000000000000e+02 4.825952752645025081e-07
3.200000000000000000e+02 4.079946402277001770e-07
3.210000000000000000e+02 6.217450602886929613e-07
3.220000000000000000e+02 7.890073974302257453e-07
3.230000000000000000e+02 7.647398235921563897e-07
3.240000000000000000e+02 1.049404506387589254e-06
3.250000000000000000e+02 4.337663413095497186e-06
3.260000000000000000e+02 2.270884265701638606e-06
3.270000000000000000e+02 1.497282684943079833e-06
3.280000000000000000e+02 4.853439564037753458e-07
3.290000000000000000e+02 4.785045412766619361e-07
3.300000000000000000e+02 4.323400620044651131e-07
3.310000000000000000e+02 4.156045524478803550e-07
3.320000000000000000e+02 4.772436644308573448e-07
3.330000000000000000e+02 4.067946552789299115e-07
3.340000000000000000e+02 4.165245782627084964e-07
3.350000000000000000e+02 4.750035275557030997e-07
3.360000000000000000e+02 4.461264026102583961e-07
3.370000000000000000e+02 4.726801317139045342e-07
3.380000000000000000e+02 3.988240498522708310e-07
3.390000000000000000e+02 4.665685758144501249e-07
3.400000000000000000e+02 3.970726221233254329e-07
3.410000000000000000e+02 5.134361940619477892e-07
3.420000000000000000e+02 4.728668517887980397e-07
3.430000000000000000e+02 4.050528671389220471e-07
3.440000000000000000e+02 4.588652120402298046e-07
3.450000000000000000e+02 6.177321705518382033e-07
3.460000000000000000e+02 4.439156695959044931e-07
3.470000000000000000e+02 4.953770048163189675e-07
3.480000000000000000e+02 7.407120834682568124e-07
3.490000000000000000e+02 5.674594631003000148e-07
3.500000000000000000e+02 4.633957208532915869e-07
3.510000000000000000e+02 1.254852520749276848e-06
3.520000000000000000e+02 5.092746681051131352e-07
3.530000000000000000e+02 5.729991731349538686e-07
3.540000000000000000e+02 4.839154006815427181e-07
3.550000000000000000e+02 5.250158599714532851e-07
3.560000000000000000e+02 6.500308437188641489e-07
3.570000000000000000e+02 1.938826123801028440e-06
3.580000000000000000e+02 2.197781703252986468e-06
3.590000000000000000e+02 8.790874107876495259e-07
3.600000000000000000e+02 4.704969213846357413e-07
3.610000000000000000e+02 3.974903419909794872e-07
3.620000000000000000e+02 4.030621733391552266e-07
3.630000000000000000e+02 4.082377522296352439e-07
3.640000000000000000e+02 5.059383362977882383e-07
3.650000000000000000e+02 4.851892306888287176e-07
3.660000000000000000e+02 4.259463077932014325e-07
3.670000000000000000e+02 4.464427829934426975e-07
3.680000000000000000e+02 4.645929498130543365e-07
3.690000000000000000e+02 4.177654743839858244e-07
3.700000000000000000e+02 4.325297443657704726e-07
3.710000000000000000e+02 6.566061548773636879e-07
3.720000000000000000e+02 6.853164696551881914e-07
3.730000000000000000e+02 4.229322408194912097e-07
3.740000000000000000e+02 4.617249825241257247e-07
3.750000000000000000e+02 4.217460819270982066e-07
3.760000000000000000e+02 4.376707050322741695e-07
3.770000000000000000e+02 5.367215162092299473e-07
3.780000000000000000e+02 1.181854855799963003e-06
3.790000000000000000e+02 4.908322708143211967e-06
3.800000000000000000e+02 1.758814467157394672e-06
3.810000000000000000e+02 9.330475732387408860e-07
3.820000000000000000e+02 4.741946410513265836e-07
3.830000000000000000e+02 4.303663380734296161e-07
3.840000000000000000e+02 4.387749825414672648e-07
3.850000000000000000e+02 4.151200279833401555e-07
3.860000000000000000e+02 4.231649017091631705e-07
3.870000000000000000e+02 4.466255433754734548e-07
3.880000000000000000e+02 4.114715886186924601e-07
3.890000000000000000e+02 4.176945795213310613e-07
3.900000000000000000e+02 4.777967623870736326e-07
3.910000000000000000e+02 4.057924965020231773e-07
3.920000000000000000e+02 3.953974996793649331e-07
3.930000000000000000e+02 4.000076327301683205e-07
3.940000000000000000e+02 4.217489959455814540e-07
3.950000000000000000e+02 4.294425175274024550e-07
3.960000000000000000e+02 4.096603238077713131e-07
