1, 1.6617e-02, 1.5793e-04, fsolve flag:1, 2.4773e-07, 525
2, 4.3939e-02, 4.5213e-04, fsolve flag:1, 3.0054e-07, 522
3, 2.4252e-01, 1.9997e-03, fsolve flag:1, 1.7881e-07, 526
4, 1.9768e-02, 1.4193e-04, fsolve flag:1, 4.8336e-07, 524
5, 9.6207e-02, 1.7952e-03, fsolve flag:1, 1.5751e-07, 524
6, 3.4011e-02, 3.8077e-04, fsolve flag:1, 2.6962e-07, 783
7, 1.8935e-01, 1.6572e-03, fsolve flag:1, 1.7788e-07, 784
8, 9.7842e-02, 1.5132e-03, fsolve flag:1, 1.8883e-07, 1048
9, 2.5011e-01, 1.1815e-02, fsolve flag:1, 8.5682e-08, 1058
11, 1.6360e-01, 5.0443e-03, fsolve flag:4, 1.3085e-03, 2100
12, 3.4781e-02, 5.4130e-04, fsolve flag:1, 2.7986e-07, 524
13, 4.6337e-02, 5.5996e-04, fsolve flag:1, 2.5146e-07, 525
14, 3.2120e-02, 2.9737e-04, fsolve flag:1, 4.7311e-07, 781
15, 1.0098e-01, 1.9222e-03, fsolve flag:1, 1.9500e-07, 525
16, 2.1639e-01, 5.9043e-03, fsolve flag:1, 1.8347e-07, 799
17, 2.6984e-02, 3.2501e-04, fsolve flag:1, 3.5297e-07, 786
18, 3.7069e-01, 3.7761e-02, fsolve flag:1, 1.7136e-07, 802
19, 2.8412e-01, 3.4734e-03, fsolve flag:1, 1.7649e-07, 526
20, 1.5106e-02, 1.7935e-04, fsolve flag:1, 3.9022e-07, 782
21, 3.4826e-02, 2.3233e-04, fsolve flag:1, 2.8312e-07, 784
22, 3.8177e-02, 3.1357e-04, fsolve flag:1, 4.8382e-07, 525
23, 4.0067e-01, 1.8028e-02, fsolve flag:1, 1.4622e-07, 1054
24, 2.3513e-02, 2.2716e-04, fsolve flag:1, 1.3970e-07, 525
25, 1.7247e-01, 2.1054e-03, fsolve flag:1, 1.9930e-07, 523
26, 2.9111e-02, 2.8248e-04, fsolve flag:1, 5.3644e-07, 527
27, 1.4175e-01, 2.1369e-03, fsolve flag:1, 3.4459e-07, 1050
28, 2.8474e-02, 1.9389e-04, fsolve flag:1, 1.6112e-07, 524
29, 5.0797e-01, 5.6487e-03, fsolve flag:1, 1.7835e-07, 781
30, 8.6643e-03, 8.1529e-05, fsolve flag:1, 1.5984e-07, 785
31, 6.7016e-02, 1.0376e-03, fsolve flag:1, 1.3411e-07, 529
32, 3.6802e-01, 3.8558e-02, fsolve flag:1, 1.1735e-07, 548
33, 6.4989e-02, 8.6406e-04, fsolve flag:1, 1.4901e-07, 526
34, 2.8766e-02, 2.3821e-04, fsolve flag:1, 3.1758e-07, 525
35, 3.1150e-01, 1.5541e-02, fsolve flag:1, 1.6298e-07, 1055
36, 3.4280e-02, 4.1335e-04, fsolve flag:1, 1.3458e-07, 783
37, 4.0479e-02, 3.7507e-04, fsolve flag:1, 1.4529e-07, 524
38, 1.3894e-01, 1.8013e-03, fsolve flag:1, 2.4331e-07, 523
40, 1.7700e-02, 3.0847e-04, fsolve flag:1, 1.7905e-07, 525
41, 8.8457e-02, 1.4820e-03, fsolve flag:1, 3.2084e-07, 525
42, 9.0001e-03, 7.9723e-05, fsolve flag:1, 2.5594e-07, 527
43, 1.3927e-01, 7.0094e-03, fsolve flag:1, 1.4156e-07, 798
44, 3.1670e-02, 3.5168e-04, fsolve flag:1, 3.7867e-07, 526
45, 3.6681e-01, 4.3101e-03, fsolve flag:1, 1.4124e-07, 785
46, 2.6278e-02, 2.9335e-04, fsolve flag:1, 1.7416e-07, 782
48, 5.4635e-02, 5.9446e-04, fsolve flag:1, 3.6554e-07, 525
49, 1.1673e-01, 1.3636e-03, fsolve flag:1, 3.3248e-07, 783
mean err: 3.9085e-03
0, 2.5043e-01, 2.0053e-03, fsolve flag:1, 2.1164e-07, 783
1, 9.9335e-03, 8.2563e-05, fsolve flag:1, 2.8312e-07, 524
2, 4.2299e-02, 4.1304e-04, fsolve flag:1, 2.6822e-07, 783
3, 5.1253e-02, 6.5679e-04, fsolve flag:1, 1.9930e-07, 785
4, 9.3791e-02, 1.4739e-03, fsolve flag:1, 4.7649e-07, 522
5, 2.6564e-01, 4.6477e-03, fsolve flag:1, 2.4959e-07, 784
6, 5.1690e-01, 8.0641e-03, fsolve flag:1, 3.3225e-07, 785
7, 8.1940e-02, 7.7328e-04, fsolve flag:1, 3.6228e-07, 782
8, 2.4383e-02, 1.8474e-04, fsolve flag:1, 3.1106e-07, 526
9, 1.0727e-01, 2.1286e-03, fsolve flag:1, 1.5600e-07, 799
10, 2.0674e-02, 1.2840e-04, fsolve flag:1, 5.0967e-07, 524
11, 4.6993e-02, 4.5703e-04, fsolve flag:1, 4.0885e-07, 525
12, 9.2513e-03, 5.8517e-05, fsolve flag:1, 1.2387e-07, 525
13, 2.1493e-01, 5.6756e-03, fsolve flag:4, 2.2954e-03, 2359
14, 2.0017e-01, 9.4486e-04, fsolve flag:1, 1.1176e-07, 527
15, 3.0560e-01, 1.0520e-02, fsolve flag:1, 1.4994e-07, 796
16, 4.0441e-02, 3.7644e-04, fsolve flag:1, 4.1371e-07, 783
17, 1.8786e-01, 1.3111e-03, fsolve flag:1, 2.0629e-07, 784
18, 4.3266e-02, 5.4294e-04, fsolve flag:1, 4.8429e-07, 526
19, 3.6467e-01, 6.4238e-03, fsolve flag:1, 2.0710e-07, 785
20, 1.0114e-02, 1.0995e-04, fsolve flag:1, 5.3598e-07, 783
21, 1.5102e-01, 5.4740e-03, fsolve flag:1, 1.2387e-07, 1057
22, 1.6289e-01, 1.8978e-03, fsolve flag:1, 4.1584e-07, 784
23, 1.0679e-01, 9.5134e-04, fsolve flag:1, 2.7241e-07, 785
24, 1.9001e-02, 1.4165e-04, fsolve flag:1, 1.9837e-07, 524
25, 1.0163e-01, 9.6243e-04, fsolve flag:1, 2.4587e-07, 785
26, 2.7768e-01, 9.9599e-03, fsolve flag:1, 2.2538e-07, 1060
27, 1.7476e-01, 1.3509e-03, fsolve flag:1, 2.0349e-07, 786
28, 1.0939e-01, 1.9692e-03, fsolve flag:1, 1.6997e-07, 1051
29, 1.4298e-02, 1.2978e-04, fsolve flag:1, 4.4703e-07, 524
30, 1.8107e-01, 6.0925e-03, fsolve flag:1, 1.1781e-07, 798
31, 8.6090e-02, 1.2949e-03, fsolve flag:1, 2.5937e-07, 524
32, 2.3271e-01, 1.1868e-02, fsolve flag:1, 1.0617e-07, 800
33, 1.1451e-01, 2.3432e-03, fsolve flag:4, 1.8516e-03, 1852
34, 8.2084e-03, 5.6125e-05, fsolve flag:1, 4.0606e-07, 527
35, 1.7141e-02, 1.2465e-04, fsolve flag:1, 4.0373e-07, 526
36, 3.2216e-01, 3.0503e-03, fsolve flag:1, 3.2037e-07, 785
37, 1.4989e-01, 4.3201e-03, fsolve flag:1, 1.9302e-07, 798
38, 7.1735e-01, 6.9057e-02, fsolve flag:1, 2.0443e-07, 1314
39, 1.9755e-02, 1.9631e-04, fsolve flag:1, 2.9337e-07, 524
40, 8.5367e-03, 6.9095e-05, fsolve flag:1, 2.6077e-07, 781
41, 1.7092e-02, 1.3787e-04, fsolve flag:1, 1.6205e-07, 525
42, 1.6072e-02, 9.3445e-05, fsolve flag:1, 4.7591e-07, 524
43, 1.3196e-02, 9.1234e-05, fsolve flag:1, 1.6252e-07, 524
44, 1.3004e-02, 1.0340e-04, fsolve flag:1, 4.9639e-07, 524
45, 2.0091e-01, 3.4850e-03, fsolve flag:1, 2.3190e-07, 784
46, 1.5742e-01, 1.7102e-03, fsolve flag:1, 1.9278e-07, 783
47, 1.8967e-01, 7.4429e-03, fsolve flag:1, 1.5067e-07, 804
48, 7.1726e-03, 1.0736e-04, fsolve flag:1, 2.0862e-07, 523
49, 1.3311e-01, 3.9520e-03, fsolve flag:1, 3.3248e-07, 785
50, 1.2804e-01, 2.0345e-03, fsolve flag:1, 2.8079e-07, 781
51, 1.6617e-02, 1.5793e-04, fsolve flag:1, 2.4773e-07, 525
52, 4.3939e-02, 4.5213e-04, fsolve flag:1, 3.0054e-07, 522
53, 2.4252e-01, 1.9997e-03, fsolve flag:1, 1.7881e-07, 526
54, 1.9768e-02, 1.4193e-04, fsolve flag:1, 4.8336e-07, 524
55, 9.6207e-02, 1.7952e-03, fsolve flag:1, 1.5751e-07, 524
56, 3.4011e-02, 3.8077e-04, fsolve flag:1, 2.6962e-07, 783
57, 1.8935e-01, 1.6572e-03, fsolve flag:1, 1.7788e-07, 784
58, 9.7842e-02, 1.5132e-03, fsolve flag:1, 1.8883e-07, 1048
59, 2.5011e-01, 1.1815e-02, fsolve flag:1, 8.5682e-08, 1058
60, 7.5348e-03, 5.0755e-05, fsolve flag:1, 2.4401e-07, 525
61, 1.6360e-01, 5.0443e-03, fsolve flag:4, 1.3085e-03, 2100
62, 3.4781e-02, 5.4130e-04, fsolve flag:1, 2.7986e-07, 524
63, 4.6337e-02, 5.5996e-04, fsolve flag:1, 2.5146e-07, 525
64, 3.2120e-02, 2.9737e-04, fsolve flag:1, 4.7311e-07, 781
65, 1.0098e-01, 1.9222e-03, fsolve flag:1, 1.9500e-07, 525
66, 2.1639e-01, 5.9043e-03, fsolve flag:1, 1.8347e-07, 799
67, 2.6984e-02, 3.2501e-04, fsolve flag:1, 3.5297e-07, 786
68, 3.7069e-01, 3.7761e-02, fsolve flag:1, 1.7136e-07, 802
69, 2.8412e-01, 3.4734e-03, fsolve flag:1, 1.7649e-07, 526
70, 1.5106e-02, 1.7935e-04, fsolve flag:1, 3.9022e-07, 782
71, 3.4826e-02, 2.3233e-04, fsolve flag:1, 2.8312e-07, 784
72, 3.8177e-02, 3.1357e-04, fsolve flag:1, 4.8382e-07, 525
73, 4.0067e-01, 1.8028e-02, fsolve flag:1, 1.4622e-07, 1054
74, 2.3513e-02, 2.2716e-04, fsolve flag:1, 1.3970e-07, 525
75, 1.7247e-01, 2.1054e-03, fsolve flag:1, 1.9930e-07, 523
76, 2.9111e-02, 2.8248e-04, fsolve flag:1, 5.3644e-07, 527
77, 1.4175e-01, 2.1369e-03, fsolve flag:1, 3.4459e-07, 1050
78, 2.8474e-02, 1.9389e-04, fsolve flag:1, 1.6112e-07, 524
79, 5.0797e-01, 5.6487e-03, fsolve flag:1, 1.7835e-07, 781
80, 8.6643e-03, 8.1529e-05, fsolve flag:1, 1.5984e-07, 785
81, 6.7016e-02, 1.0376e-03, fsolve flag:1, 1.3411e-07, 529
82, 3.6802e-01, 3.8558e-02, fsolve flag:1, 1.1735e-07, 548
83, 6.4989e-02, 8.6406e-04, fsolve flag:1, 1.4901e-07, 526
84, 2.8766e-02, 2.3821e-04, fsolve flag:1, 3.1758e-07, 525
85, 3.1150e-01, 1.5541e-02, fsolve flag:1, 1.6298e-07, 1055
86, 3.4280e-02, 4.1335e-04, fsolve flag:1, 1.3458e-07, 783
87, 4.0479e-02, 3.7507e-04, fsolve flag:1, 1.4529e-07, 524
88, 1.3894e-01, 1.8013e-03, fsolve flag:1, 2.4331e-07, 523
89, 2.0721e-01, 9.9878e-03, fsolve flag:1, 1.0617e-07, 801
90, 1.7700e-02, 3.0847e-04, fsolve flag:1, 1.7905e-07, 525
91, 8.8457e-02, 1.4820e-03, fsolve flag:1, 3.2084e-07, 525
92, 9.0001e-03, 7.9723e-05, fsolve flag:1, 2.5594e-07, 527
93, 1.3927e-01, 7.0094e-03, fsolve flag:1, 1.4156e-07, 798
94, 3.1670e-02, 3.5168e-04, fsolve flag:1, 3.7867e-07, 526
95, 3.6681e-01, 4.3101e-03, fsolve flag:1, 1.4124e-07, 785
96, 2.6278e-02, 2.9335e-04, fsolve flag:1, 1.7416e-07, 782
97, 1.8569e-01, 1.4281e-03, fsolve flag:1, 2.1816e-07, 526
98, 5.4635e-02, 5.9446e-04, fsolve flag:1, 3.6554e-07, 525
99, 1.1673e-01, 1.3636e-03, fsolve flag:1, 3.3248e-07, 783
mean err: 3.7871e-03
0, 2.5043e-01, 2.0053e-03, fsolve flag:1, 2.1164e-07, 783
1, 9.9335e-03, 8.2563e-05, fsolve flag:1, 2.8312e-07, 524
2, 4.2299e-02, 4.1304e-04, fsolve flag:1, 2.6822e-07, 783
3, 5.1253e-02, 6.5679e-04, fsolve flag:1, 1.9930e-07, 785
4, 9.3791e-02, 1.4739e-03, fsolve flag:1, 4.7649e-07, 522
0, 2.5043e-01, 2.0053e-03, fsolve flag:1, 2.1164e-07, 783
0, 2.5043e-01, 2.0053e-03, fsolve flag:1, 2.1164e-07, 783
5, 2.6564e-01, 4.6477e-03, fsolve flag:1, 2.4959e-07, 784
1, 9.9335e-03, 8.2563e-05, fsolve flag:1, 2.8312e-07, 524
1, 9.9335e-03, 8.2563e-05, fsolve flag:1, 2.8312e-07, 524
2, 4.2299e-02, 4.1304e-04, fsolve flag:1, 2.6822e-07, 783
6, 5.1690e-01, 8.0641e-03, fsolve flag:1, 3.3225e-07, 785
2, 4.2299e-02, 4.1304e-04, fsolve flag:1, 2.6822e-07, 783
3, 5.1253e-02, 6.5679e-04, fsolve flag:1, 1.9930e-07, 785
3, 5.1253e-02, 6.5679e-04, fsolve flag:1, 1.9930e-07, 785
7, 8.1940e-02, 7.7328e-04, fsolve flag:1, 3.6228e-07, 782
4, 9.3791e-02, 1.4739e-03, fsolve flag:1, 4.7649e-07, 522
8, 2.4383e-02, 1.8474e-04, fsolve flag:1, 3.1106e-07, 526
4, 9.3791e-02, 1.4739e-03, fsolve flag:1, 4.7649e-07, 522
9, 1.0727e-01, 2.1286e-03, fsolve flag:1, 1.5600e-07, 799
5, 2.6564e-01, 4.6477e-03, fsolve flag:1, 2.4959e-07, 784
5, 2.6564e-01, 4.6477e-03, fsolve flag:1, 2.4959e-07, 784
10, 2.0674e-02, 1.2840e-04, fsolve flag:1, 5.0967e-07, 524
6, 5.1690e-01, 8.0641e-03, fsolve flag:1, 3.3225e-07, 785
11, 4.6993e-02, 4.5703e-04, fsolve flag:1, 4.0885e-07, 525
6, 5.1690e-01, 8.0641e-03, fsolve flag:1, 3.3225e-07, 785
12, 9.2513e-03, 5.8517e-05, fsolve flag:1, 1.2387e-07, 525
7, 8.1940e-02, 7.7328e-04, fsolve flag:1, 3.6228e-07, 782
7, 8.1940e-02, 7.7328e-04, fsolve flag:1, 3.6228e-07, 782
8, 2.4383e-02, 1.8474e-04, fsolve flag:1, 3.1106e-07, 526
8, 2.4383e-02, 1.8474e-04, fsolve flag:1, 3.1106e-07, 526
13, 2.1493e-01, 5.6756e-03, fsolve flag:4, 2.2954e-03, 2359
9, 1.0727e-01, 2.1286e-03, fsolve flag:1, 1.5600e-07, 799
9, 1.0727e-01, 2.1286e-03, fsolve flag:1, 1.5600e-07, 799
10, 2.0674e-02, 1.2840e-04, fsolve flag:1, 5.0967e-07, 524
10, 2.0674e-02, 1.2840e-04, fsolve flag:1, 5.0967e-07, 524
14, 2.0017e-01, 9.4486e-04, fsolve flag:1, 1.1176e-07, 527
15, 3.0560e-01, 1.0520e-02, fsolve flag:1, 1.4994e-07, 796
11, 4.6993e-02, 4.5703e-04, fsolve flag:1, 4.0885e-07, 525
11, 4.6993e-02, 4.5703e-04, fsolve flag:1, 4.0885e-07, 525
12, 9.2513e-03, 5.8517e-05, fsolve flag:1, 1.2387e-07, 525
12, 9.2513e-03, 5.8517e-05, fsolve flag:1, 1.2387e-07, 525
16, 4.0441e-02, 3.7644e-04, fsolve flag:1, 4.1371e-07, 783
13, 2.1493e-01, 5.6756e-03, fsolve flag:4, 2.2954e-03, 2359
13, 2.1493e-01, 5.6756e-03, fsolve flag:4, 2.2954e-03, 2359
17, 1.8786e-01, 1.3111e-03, fsolve flag:1, 2.0629e-07, 784
14, 2.0017e-01, 9.4486e-04, fsolve flag:1, 1.1176e-07, 527
18, 4.3266e-02, 5.4294e-04, fsolve flag:1, 4.8429e-07, 526
14, 2.0017e-01, 9.4486e-04, fsolve flag:1, 1.1176e-07, 527
15, 3.0560e-01, 1.0520e-02, fsolve flag:1, 1.4994e-07, 796
15, 3.0560e-01, 1.0520e-02, fsolve flag:1, 1.4994e-07, 796
19, 3.6467e-01, 6.4238e-03, fsolve flag:1, 2.0710e-07, 785
16, 4.0441e-02, 3.7644e-04, fsolve flag:1, 4.1371e-07, 783
16, 4.0441e-02, 3.7644e-04, fsolve flag:1, 4.1371e-07, 783
20, 1.0114e-02, 1.0995e-04, fsolve flag:1, 5.3598e-07, 783
17, 1.8786e-01, 1.3111e-03, fsolve flag:1, 2.0629e-07, 784
21, 1.5102e-01, 5.4740e-03, fsolve flag:1, 1.2387e-07, 1057
17, 1.8786e-01, 1.3111e-03, fsolve flag:1, 2.0629e-07, 784
18, 4.3266e-02, 5.4294e-04, fsolve flag:1, 4.8429e-07, 526
18, 4.3266e-02, 5.4294e-04, fsolve flag:1, 4.8429e-07, 526
22, 1.6289e-01, 1.8978e-03, fsolve flag:1, 4.1584e-07, 784
19, 3.6467e-01, 6.4238e-03, fsolve flag:1, 2.0710e-07, 785
23, 1.0679e-01, 9.5134e-04, fsolve flag:1, 2.7241e-07, 785
19, 3.6467e-01, 6.4238e-03, fsolve flag:1, 2.0710e-07, 785
24, 1.9001e-02, 1.4165e-04, fsolve flag:1, 1.9837e-07, 524
20, 1.0114e-02, 1.0995e-04, fsolve flag:1, 5.3598e-07, 783
20, 1.0114e-02, 1.0995e-04, fsolve flag:1, 5.3598e-07, 783
21, 1.5102e-01, 5.4740e-03, fsolve flag:1, 1.2387e-07, 1057
21, 1.5102e-01, 5.4740e-03, fsolve flag:1, 1.2387e-07, 1057
25, 1.0163e-01, 9.6243e-04, fsolve flag:1, 2.4587e-07, 785
26, 2.7768e-01, 9.9599e-03, fsolve flag:1, 2.2538e-07, 1060
22, 1.6289e-01, 1.8978e-03, fsolve flag:1, 4.1584e-07, 784
22, 1.6289e-01, 1.8978e-03, fsolve flag:1, 4.1584e-07, 784
23, 1.0679e-01, 9.5134e-04, fsolve flag:1, 2.7241e-07, 785
23, 1.0679e-01, 9.5134e-04, fsolve flag:1, 2.7241e-07, 785
27, 1.7476e-01, 1.3509e-03, fsolve flag:1, 2.0349e-07, 786
24, 1.9001e-02, 1.4165e-04, fsolve flag:1, 1.9837e-07, 524
24, 1.9001e-02, 1.4165e-04, fsolve flag:1, 1.9837e-07, 524
28, 1.0939e-01, 1.9692e-03, fsolve flag:1, 1.6997e-07, 1051
25, 1.0163e-01, 9.6243e-04, fsolve flag:1, 2.4587e-07, 785
29, 1.4298e-02, 1.2978e-04, fsolve flag:1, 4.4703e-07, 524
25, 1.0163e-01, 9.6243e-04, fsolve flag:1, 2.4587e-07, 785
30, 1.8107e-01, 6.0925e-03, fsolve flag:1, 1.1781e-07, 798
26, 2.7768e-01, 9.9599e-03, fsolve flag:1, 2.2538e-07, 1060
26, 2.7768e-01, 9.9599e-03, fsolve flag:1, 2.2538e-07, 1060
31, 8.6090e-02, 1.2949e-03, fsolve flag:1, 2.5937e-07, 524
27, 1.7476e-01, 1.3509e-03, fsolve flag:1, 2.0349e-07, 786
32, 2.3271e-01, 1.1868e-02, fsolve flag:1, 1.0617e-07, 800
27, 1.7476e-01, 1.3509e-03, fsolve flag:1, 2.0349e-07, 786
28, 1.0939e-01, 1.9692e-03, fsolve flag:1, 1.6997e-07, 1051
28, 1.0939e-01, 1.9692e-03, fsolve flag:1, 1.6997e-07, 1051
33, 1.1451e-01, 2.3432e-03, fsolve flag:4, 1.8516e-03, 1852
34, 8.2084e-03, 5.6125e-05, fsolve flag:1, 4.0606e-07, 527
29, 1.4298e-02, 1.2978e-04, fsolve flag:1, 4.4703e-07, 524
29, 1.4298e-02, 1.2978e-04, fsolve flag:1, 4.4703e-07, 524
30, 1.8107e-01, 6.0925e-03, fsolve flag:1, 1.1781e-07, 798
30, 1.8107e-01, 6.0925e-03, fsolve flag:1, 1.1781e-07, 798
35, 1.7141e-02, 1.2465e-04, fsolve flag:1, 4.0373e-07, 526
31, 8.6090e-02, 1.2949e-03, fsolve flag:1, 2.5937e-07, 524
31, 8.6090e-02, 1.2949e-03, fsolve flag:1, 2.5937e-07, 524
32, 2.3271e-01, 1.1868e-02, fsolve flag:1, 1.0617e-07, 800
32, 2.3271e-01, 1.1868e-02, fsolve flag:1, 1.0617e-07, 800
36, 3.2216e-01, 3.0503e-03, fsolve flag:1, 3.2037e-07, 785
37, 1.4989e-01, 4.3201e-03, fsolve flag:1, 1.9302e-07, 798
33, 1.1451e-01, 2.3432e-03, fsolve flag:4, 1.8516e-03, 1852
33, 1.1451e-01, 2.3432e-03, fsolve flag:4, 1.8516e-03, 1852
34, 8.2084e-03, 5.6125e-05, fsolve flag:1, 4.0606e-07, 527
38, 7.1735e-01, 6.9057e-02, fsolve flag:1, 2.0443e-07, 1314
34, 8.2084e-03, 5.6125e-05, fsolve flag:1, 4.0606e-07, 527
39, 1.9755e-02, 1.9631e-04, fsolve flag:1, 2.9337e-07, 524
35, 1.7141e-02, 1.2465e-04, fsolve flag:1, 4.0373e-07, 526
35, 1.7141e-02, 1.2465e-04, fsolve flag:1, 4.0373e-07, 526
40, 8.5367e-03, 6.9095e-05, fsolve flag:1, 2.6077e-07, 781
41, 1.7092e-02, 1.3787e-04, fsolve flag:1, 1.6205e-07, 525
36, 3.2216e-01, 3.0503e-03, fsolve flag:1, 3.2037e-07, 785
36, 3.2216e-01, 3.0503e-03, fsolve flag:1, 3.2037e-07, 785
42, 1.6072e-02, 9.3445e-05, fsolve flag:1, 4.7591e-07, 524
37, 1.4989e-01, 4.3201e-03, fsolve flag:1, 1.9302e-07, 798
43, 1.3196e-02, 9.1234e-05, fsolve flag:1, 1.6252e-07, 524
37, 1.4989e-01, 4.3201e-03, fsolve flag:1, 1.9302e-07, 798
38, 7.1735e-01, 6.9057e-02, fsolve flag:1, 2.0443e-07, 1314
44, 1.3004e-02, 1.0340e-04, fsolve flag:1, 4.9639e-07, 524
38, 7.1735e-01, 6.9057e-02, fsolve flag:1, 2.0443e-07, 1314
39, 1.9755e-02, 1.9631e-04, fsolve flag:1, 2.9337e-07, 524
39, 1.9755e-02, 1.9631e-04, fsolve flag:1, 2.9337e-07, 524
40, 8.5367e-03, 6.9095e-05, fsolve flag:1, 2.6077e-07, 781
40, 8.5367e-03, 6.9095e-05, fsolve flag:1, 2.6077e-07, 781
45, 2.0091e-01, 3.4850e-03, fsolve flag:1, 2.3190e-07, 784
41, 1.7092e-02, 1.3787e-04, fsolve flag:1, 1.6205e-07, 525
41, 1.7092e-02, 1.3787e-04, fsolve flag:1, 1.6205e-07, 525
46, 1.5742e-01, 1.7102e-03, fsolve flag:1, 1.9278e-07, 783
42, 1.6072e-02, 9.3445e-05, fsolve flag:1, 4.7591e-07, 524
42, 1.6072e-02, 9.3445e-05, fsolve flag:1, 4.7591e-07, 524
43, 1.3196e-02, 9.1234e-05, fsolve flag:1, 1.6252e-07, 524
47, 1.8967e-01, 7.4429e-03, fsolve flag:1, 1.5067e-07, 804
43, 1.3196e-02, 9.1234e-05, fsolve flag:1, 1.6252e-07, 524
48, 7.1726e-03, 1.0736e-04, fsolve flag:1, 2.0862e-07, 523
44, 1.3004e-02, 1.0340e-04, fsolve flag:1, 4.9639e-07, 524
44, 1.3004e-02, 1.0340e-04, fsolve flag:1, 4.9639e-07, 524
49, 1.3311e-01, 3.9520e-03, fsolve flag:1, 3.3248e-07, 785
45, 2.0091e-01, 3.4850e-03, fsolve flag:1, 2.3190e-07, 784
45, 2.0091e-01, 3.4850e-03, fsolve flag:1, 2.3190e-07, 784
50, 1.2804e-01, 2.0345e-03, fsolve flag:1, 2.8079e-07, 781
51, 1.6617e-02, 1.5793e-04, fsolve flag:1, 2.4773e-07, 525
46, 1.5742e-01, 1.7102e-03, fsolve flag:1, 1.9278e-07, 783
46, 1.5742e-01, 1.7102e-03, fsolve flag:1, 1.9278e-07, 783
47, 1.8967e-01, 7.4429e-03, fsolve flag:1, 1.5067e-07, 804
47, 1.8967e-01, 7.4429e-03, fsolve flag:1, 1.5067e-07, 804
48, 7.1726e-03, 1.0736e-04, fsolve flag:1, 2.0862e-07, 523
48, 7.1726e-03, 1.0736e-04, fsolve flag:1, 2.0862e-07, 523
52, 4.3939e-02, 4.5213e-04, fsolve flag:1, 3.0054e-07, 522
49, 1.3311e-01, 3.9520e-03, fsolve flag:1, 3.3248e-07, 785
49, 1.3311e-01, 3.9520e-03, fsolve flag:1, 3.3248e-07, 785
53, 2.4252e-01, 1.9997e-03, fsolve flag:1, 1.7881e-07, 526
54, 1.9768e-02, 1.4193e-04, fsolve flag:1, 4.8336e-07, 524
55, 9.6207e-02, 1.7952e-03, fsolve flag:1, 1.5751e-07, 524
50, 1.2804e-01, 2.0345e-03, fsolve flag:1, 2.8079e-07, 781
50, 1.2804e-01, 2.0345e-03, fsolve flag:1, 2.8079e-07, 781
51, 1.6617e-02, 1.5793e-04, fsolve flag:1, 2.4773e-07, 525
51, 1.6617e-02, 1.5793e-04, fsolve flag:1, 2.4773e-07, 525
56, 3.4011e-02, 3.8077e-04, fsolve flag:1, 2.6962e-07, 783
52, 4.3939e-02, 4.5213e-04, fsolve flag:1, 3.0054e-07, 522
52, 4.3939e-02, 4.5213e-04, fsolve flag:1, 3.0054e-07, 522
57, 1.8935e-01, 1.6572e-03, fsolve flag:1, 1.7788e-07, 784
58, 9.7842e-02, 1.5132e-03, fsolve flag:1, 1.8883e-07, 1048
53, 2.4252e-01, 1.9997e-03, fsolve flag:1, 1.7881e-07, 526
53, 2.4252e-01, 1.9997e-03, fsolve flag:1, 1.7881e-07, 526
59, 2.5011e-01, 1.1815e-02, fsolve flag:1, 8.5682e-08, 1058
54, 1.9768e-02, 1.4193e-04, fsolve flag:1, 4.8336e-07, 524
54, 1.9768e-02, 1.4193e-04, fsolve flag:1, 4.8336e-07, 524
60, 7.5348e-03, 5.0755e-05, fsolve flag:1, 2.4401e-07, 525
55, 9.6207e-02, 1.7952e-03, fsolve flag:1, 1.5751e-07, 524
55, 9.6207e-02, 1.7952e-03, fsolve flag:1, 1.5751e-07, 524
61, 1.6360e-01, 5.0443e-03, fsolve flag:4, 1.3085e-03, 2100
56, 3.4011e-02, 3.8077e-04, fsolve flag:1, 2.6962e-07, 783
56, 3.4011e-02, 3.8077e-04, fsolve flag:1, 2.6962e-07, 783
62, 3.4781e-02, 5.4130e-04, fsolve flag:1, 2.7986e-07, 524
63, 4.6337e-02, 5.5996e-04, fsolve flag:1, 2.5146e-07, 525
57, 1.8935e-01, 1.6572e-03, fsolve flag:1, 1.7788e-07, 784
57, 1.8935e-01, 1.6572e-03, fsolve flag:1, 1.7788e-07, 784
58, 9.7842e-02, 1.5132e-03, fsolve flag:1, 1.8883e-07, 1048
58, 9.7842e-02, 1.5132e-03, fsolve flag:1, 1.8883e-07, 1048
64, 3.2120e-02, 2.9737e-04, fsolve flag:1, 4.7311e-07, 781
59, 2.5011e-01, 1.1815e-02, fsolve flag:1, 8.5682e-08, 1058
59, 2.5011e-01, 1.1815e-02, fsolve flag:1, 8.5682e-08, 1058
60, 7.5348e-03, 5.0755e-05, fsolve flag:1, 2.4401e-07, 525
60, 7.5348e-03, 5.0755e-05, fsolve flag:1, 2.4401e-07, 525
65, 1.0098e-01, 1.9222e-03, fsolve flag:1, 1.9500e-07, 525
66, 2.1639e-01, 5.9043e-03, fsolve flag:1, 1.8347e-07, 799
61, 1.6360e-01, 5.0443e-03, fsolve flag:4, 1.3085e-03, 2100
61, 1.6360e-01, 5.0443e-03, fsolve flag:4, 1.3085e-03, 2100
62, 3.4781e-02, 5.4130e-04, fsolve flag:1, 2.7986e-07, 524
62, 3.4781e-02, 5.4130e-04, fsolve flag:1, 2.7986e-07, 524
67, 2.6984e-02, 3.2501e-04, fsolve flag:1, 3.5297e-07, 786
63, 4.6337e-02, 5.5996e-04, fsolve flag:1, 2.5146e-07, 525
63, 4.6337e-02, 5.5996e-04, fsolve flag:1, 2.5146e-07, 525
68, 3.7069e-01, 3.7761e-02, fsolve flag:1, 1.7136e-07, 802
64, 3.2120e-02, 2.9737e-04, fsolve flag:1, 4.7311e-07, 781
64, 3.2120e-02, 2.9737e-04, fsolve flag:1, 4.7311e-07, 781
69, 2.8412e-01, 3.4734e-03, fsolve flag:1, 1.7649e-07, 526
65, 1.0098e-01, 1.9222e-03, fsolve flag:1, 1.9500e-07, 525
65, 1.0098e-01, 1.9222e-03, fsolve flag:1, 1.9500e-07, 525
70, 1.5106e-02, 1.7935e-04, fsolve flag:1, 3.9022e-07, 782
66, 2.1639e-01, 5.9043e-03, fsolve flag:1, 1.8347e-07, 799
66, 2.1639e-01, 5.9043e-03, fsolve flag:1, 1.8347e-07, 799
71, 3.4826e-02, 2.3233e-04, fsolve flag:1, 2.8312e-07, 784
67, 2.6984e-02, 3.2501e-04, fsolve flag:1, 3.5297e-07, 786
67, 2.6984e-02, 3.2501e-04, fsolve flag:1, 3.5297e-07, 786
72, 3.8177e-02, 3.1357e-04, fsolve flag:1, 4.8382e-07, 525
68, 3.7069e-01, 3.7761e-02, fsolve flag:1, 1.7136e-07, 802
68, 3.7069e-01, 3.7761e-02, fsolve flag:1, 1.7136e-07, 802
73, 4.0067e-01, 1.8028e-02, fsolve flag:1, 1.4622e-07, 1054
74, 2.3513e-02, 2.2716e-04, fsolve flag:1, 1.3970e-07, 525
69, 2.8412e-01, 3.4734e-03, fsolve flag:1, 1.7649e-07, 526
69, 2.8412e-01, 3.4734e-03, fsolve flag:1, 1.7649e-07, 526
75, 1.7247e-01, 2.1054e-03, fsolve flag:1, 1.9930e-07, 523
70, 1.5106e-02, 1.7935e-04, fsolve flag:1, 3.9022e-07, 782
70, 1.5106e-02, 1.7935e-04, fsolve flag:1, 3.9022e-07, 782
71, 3.4826e-02, 2.3233e-04, fsolve flag:1, 2.8312e-07, 784
71, 3.4826e-02, 2.3233e-04, fsolve flag:1, 2.8312e-07, 784
76, 2.9111e-02, 2.8248e-04, fsolve flag:1, 5.3644e-07, 527
77, 1.4175e-01, 2.1369e-03, fsolve flag:1, 3.4459e-07, 1050
72, 3.8177e-02, 3.1357e-04, fsolve flag:1, 4.8382e-07, 525
72, 3.8177e-02, 3.1357e-04, fsolve flag:1, 4.8382e-07, 525
78, 2.8474e-02, 1.9389e-04, fsolve flag:1, 1.6112e-07, 524
73, 4.0067e-01, 1.8028e-02, fsolve flag:1, 1.4622e-07, 1054
73, 4.0067e-01, 1.8028e-02, fsolve flag:1, 1.4622e-07, 1054
74, 2.3513e-02, 2.2716e-04, fsolve flag:1, 1.3970e-07, 525
74, 2.3513e-02, 2.2716e-04, fsolve flag:1, 1.3970e-07, 525
79, 5.0797e-01, 5.6487e-03, fsolve flag:1, 1.7835e-07, 781
75, 1.7247e-01, 2.1054e-03, fsolve flag:1, 1.9930e-07, 523
80, 8.6643e-03, 8.1529e-05, fsolve flag:1, 1.5984e-07, 785
75, 1.7247e-01, 2.1054e-03, fsolve flag:1, 1.9930e-07, 523
81, 6.7016e-02, 1.0376e-03, fsolve flag:1, 1.3411e-07, 529
82, 3.6802e-01, 3.8558e-02, fsolve flag:1, 1.1735e-07, 548
76, 2.9111e-02, 2.8248e-04, fsolve flag:1, 5.3644e-07, 527
76, 2.9111e-02, 2.8248e-04, fsolve flag:1, 5.3644e-07, 527
83, 6.4989e-02, 8.6406e-04, fsolve flag:1, 1.4901e-07, 526
77, 1.4175e-01, 2.1369e-03, fsolve flag:1, 3.4459e-07, 1050
77, 1.4175e-01, 2.1369e-03, fsolve flag:1, 3.4459e-07, 1050
84, 2.8766e-02, 2.3821e-04, fsolve flag:1, 3.1758e-07, 525
78, 2.8474e-02, 1.9389e-04, fsolve flag:1, 1.6112e-07, 524
78, 2.8474e-02, 1.9389e-04, fsolve flag:1, 1.6112e-07, 524
85, 3.1150e-01, 1.5541e-02, fsolve flag:1, 1.6298e-07, 1055
86, 3.4280e-02, 4.1335e-04, fsolve flag:1, 1.3458e-07, 783
87, 4.0479e-02, 3.7507e-04, fsolve flag:1, 1.4529e-07, 524
79, 5.0797e-01, 5.6487e-03, fsolve flag:1, 1.7835e-07, 781
79, 5.0797e-01, 5.6487e-03, fsolve flag:1, 1.7835e-07, 781
80, 8.6643e-03, 8.1529e-05, fsolve flag:1, 1.5984e-07, 785
80, 8.6643e-03, 8.1529e-05, fsolve flag:1, 1.5984e-07, 785
81, 6.7016e-02, 1.0376e-03, fsolve flag:1, 1.3411e-07, 529
88, 1.3894e-01, 1.8013e-03, fsolve flag:1, 2.4331e-07, 523
81, 6.7016e-02, 1.0376e-03, fsolve flag:1, 1.3411e-07, 529
82, 3.6802e-01, 3.8558e-02, fsolve flag:1, 1.1735e-07, 548
82, 3.6802e-01, 3.8558e-02, fsolve flag:1, 1.1735e-07, 548
89, 2.0721e-01, 9.9878e-03, fsolve flag:1, 1.0617e-07, 801
83, 6.4989e-02, 8.6406e-04, fsolve flag:1, 1.4901e-07, 526
83, 6.4989e-02, 8.6406e-04, fsolve flag:1, 1.4901e-07, 526
90, 1.7700e-02, 3.0847e-04, fsolve flag:1, 1.7905e-07, 525
84, 2.8766e-02, 2.3821e-04, fsolve flag:1, 3.1758e-07, 525
84, 2.8766e-02, 2.3821e-04, fsolve flag:1, 3.1758e-07, 525
91, 8.8457e-02, 1.4820e-03, fsolve flag:1, 3.2084e-07, 525
85, 3.1150e-01, 1.5541e-02, fsolve flag:1, 1.6298e-07, 1055
85, 3.1150e-01, 1.5541e-02, fsolve flag:1, 1.6298e-07, 1055
92, 9.0001e-03, 7.9723e-05, fsolve flag:1, 2.5594e-07, 527
86, 3.4280e-02, 4.1335e-04, fsolve flag:1, 1.3458e-07, 783
86, 3.4280e-02, 4.1335e-04, fsolve flag:1, 1.3458e-07, 783
93, 1.3927e-01, 7.0094e-03, fsolve flag:1, 1.4156e-07, 798
87, 4.0479e-02, 3.7507e-04, fsolve flag:1, 1.4529e-07, 524
87, 4.0479e-02, 3.7507e-04, fsolve flag:1, 1.4529e-07, 524
94, 3.1670e-02, 3.5168e-04, fsolve flag:1, 3.7867e-07, 526
88, 1.3894e-01, 1.8013e-03, fsolve flag:1, 2.4331e-07, 523
88, 1.3894e-01, 1.8013e-03, fsolve flag:1, 2.4331e-07, 523
89, 2.0721e-01, 9.9878e-03, fsolve flag:1, 1.0617e-07, 801
89, 2.0721e-01, 9.9878e-03, fsolve flag:1, 1.0617e-07, 801
90, 1.7700e-02, 3.0847e-04, fsolve flag:1, 1.7905e-07, 525
95, 3.6681e-01, 4.3101e-03, fsolve flag:1, 1.4124e-07, 785
90, 1.7700e-02, 3.0847e-04, fsolve flag:1, 1.7905e-07, 525
96, 2.6278e-02, 2.9335e-04, fsolve flag:1, 1.7416e-07, 782
91, 8.8457e-02, 1.4820e-03, fsolve flag:1, 3.2084e-07, 525
91, 8.8457e-02, 1.4820e-03, fsolve flag:1, 3.2084e-07, 525
92, 9.0001e-03, 7.9723e-05, fsolve flag:1, 2.5594e-07, 527
92, 9.0001e-03, 7.9723e-05, fsolve flag:1, 2.5594e-07, 527
97, 1.8569e-01, 1.4281e-03, fsolve flag:1, 2.1816e-07, 526
93, 1.3927e-01, 7.0094e-03, fsolve flag:1, 1.4156e-07, 798
93, 1.3927e-01, 7.0094e-03, fsolve flag:1, 1.4156e-07, 798
94, 3.1670e-02, 3.5168e-04, fsolve flag:1, 3.7867e-07, 526
98, 5.4635e-02, 5.9446e-04, fsolve flag:1, 3.6554e-07, 525
94, 3.1670e-02, 3.5168e-04, fsolve flag:1, 3.7867e-07, 526
99, 1.1673e-01, 1.3636e-03, fsolve flag:1, 3.3248e-07, 783
mean err: 3.7871e-03
95, 3.6681e-01, 4.3101e-03, fsolve flag:1, 1.4124e-07, 785
95, 3.6681e-01, 4.3101e-03, fsolve flag:1, 1.4124e-07, 785
96, 2.6278e-02, 2.9335e-04, fsolve flag:1, 1.7416e-07, 782
96, 2.6278e-02, 2.9335e-04, fsolve flag:1, 1.7416e-07, 782
97, 1.8569e-01, 1.4281e-03, fsolve flag:1, 2.1816e-07, 526
97, 1.8569e-01, 1.4281e-03, fsolve flag:1, 2.1816e-07, 526
98, 5.4635e-02, 5.9446e-04, fsolve flag:1, 3.6554e-07, 525
98, 5.4635e-02, 5.9446e-04, fsolve flag:1, 3.6554e-07, 525
99, 1.1673e-01, 1.3636e-03, fsolve flag:1, 3.3248e-07, 783
mean err: 3.7871e-03
99, 1.1673e-01, 1.3636e-03, fsolve flag:1, 3.3248e-07, 783
mean err: 3.7871e-03
