0, 3.1226e-01, 1.5375e-03, fsolve flag:1, 1.7648562788963318e-07, 1886
1, 4.4797e-02, 3.9584e-04, fsolve flag:1, 2.551823854446411e-07, 1591
2, 2.3690e-01, 8.6274e-04, fsolve flag:1, 1.9371509552001953e-07, 1370
3, 1.6409e-01, 3.1751e-03, fsolve flag:1, 1.3096723705530167e-07, 1068
4, 2.0826e-01, 2.3839e-03, fsolve flag:5, 4.842877388000488e-07, 839
5, 2.7635e-01, 2.0545e-03, fsolve flag:1, 2.5704503059387207e-07, 1341
6, 5.1867e-01, 4.8049e-03, fsolve flag:1, 1.5849946066737175e-07, 1359
7, 2.0772e-01, 1.3649e-03, fsolve flag:1, 3.557652235031128e-07, 1604
8, 5.6627e-02, 4.4382e-04, fsolve flag:5, 2.7939677238464355e-07, 1088
9, 1.7552e-01, 4.1057e-03, fsolve flag:1, 1.3620592653751373e-07, 1329
10, 7.1786e-02, 8.6635e-04, fsolve flag:5, 3.241002559661865e-07, 1097
11, 6.4843e-02, 7.4785e-04, fsolve flag:5, 5.527399480342865e-07, 1082
12, 6.0729e-02, 4.9567e-04, fsolve flag:1, 1.4642137102782726e-07, 1329
13, 2.6365e-01, 7.5322e-03, fsolve flag:1, 1.4901161193847656e-07, 1072
14, 5.3453e-01, 1.8838e-03, fsolve flag:5, 1.471489667892456e-07, 1098
15, 3.5091e-01, 1.2293e-02, fsolve flag:1, 1.632142812013626e-07, 813
16, 2.1138e-01, 1.1031e-03, fsolve flag:1, 2.8172507882118225e-07, 2141
17, 3.3110e-01, 1.7378e-03, fsolve flag:1, 1.8579885363578796e-07, 1615
18, 1.2747e-01, 8.1593e-04, fsolve flag:1, 3.0919909477233887e-07, 1111
19, 4.0962e-01, 5.1939e-03, fsolve flag:5, 1.8579885363578796e-07, 1353
20, 5.1444e-02, 4.3610e-04, fsolve flag:5, 5.657784640789032e-07, 564
21, 2.8608e-01, 1.0219e-02, fsolve flag:5, 0.0005085431039333344, 2131
22, 2.6932e-01, 8.4185e-04, fsolve flag:5, 2.4866312742233276e-07, 1586
23, 2.5068e-01, 1.3274e-03, fsolve flag:1, 3.264285624027252e-07, 1359
24, 7.1227e-02, 6.6309e-04, fsolve flag:5, 1.51805579662323e-07, 806
25, 3.1485e-01, 1.2892e-03, fsolve flag:5, 2.1979212760925293e-07, 1339
26, 3.3479e-01, 1.2130e-02, fsolve flag:4, 1.0244548320770264e-07, 2097
27, 3.2343e-01, 1.3644e-03, fsolve flag:1, 2.6263296604156494e-07, 1621
28, 1.5871e-01, 2.4330e-03, fsolve flag:5, 1.5087425708770752e-07, 1069
29, 6.1138e-02, 5.2170e-04, fsolve flag:5, 4.851026460528374e-07, 831
30, 2.7040e-01, 1.1851e-02, fsolve flag:1, 8.940696716308594e-08, 1073
31, 2.3246e-01, 1.1196e-03, fsolve flag:5, 1.8772698240354657e-07, 837
32, 3.4612e-01, 1.7499e-02, fsolve flag:1, 8.568167686462402e-08, 1327
33, 1.9584e-01, 4.7898e-03, fsolve flag:1, 1.7974525690078735e-07, 1326
34, 4.4667e-02, 4.0525e-04, fsolve flag:5, 3.6135315895080566e-07, 1066
35, 8.6270e-02, 5.0521e-04, fsolve flag:1, 3.9045698940753937e-07, 1360
36, 3.8921e-01, 1.8156e-03, fsolve flag:1, 2.75962520390749e-07, 1359
37, 2.2098e-01, 6.9896e-03, fsolve flag:1, 1.2898817658424377e-07, 1850
38, 7.2942e-01, 9.9301e-02, fsolve flag:1, 1.4901161193847656e-07, 1873
39, 1.3190e-01, 8.2493e-04, fsolve flag:1, 2.752058207988739e-07, 1601
40, 1.3052e-01, 3.6280e-03, fsolve flag:1, 1.4901161193847656e-07, 1325
41, 7.9810e-02, 7.9761e-04, fsolve flag:1, 1.7229467630386353e-07, 1327
42, 5.1065e-02, 4.5324e-04, fsolve flag:5, 3.6135315895080566e-07, 1610
43, 9.0625e-02, 7.7978e-04, fsolve flag:5, 1.2153759598731995e-07, 1066
44, 5.6642e-02, 3.1559e-04, fsolve flag:1, 5.645852070301771e-07, 1608
45, 3.0902e-01, 2.5474e-03, fsolve flag:1, 2.444721758365631e-07, 825
46, 2.1185e-01, 9.0578e-04, fsolve flag:1, 1.993030309677124e-07, 2118
47, 2.7821e-01, 1.0687e-02, fsolve flag:1, 1.2433156371116638e-07, 1070
48, 6.2607e-02, 5.9473e-04, fsolve flag:1, 1.5692785382270813e-07, 1845
49, 1.7628e-01, 9.2671e-04, fsolve flag:5, 2.330634742975235e-07, 1355
50, 2.5102e-01, 1.1889e-03, fsolve flag:5, 2.6298221200704575e-07, 1858
51, 9.8275e-02, 1.1936e-03, fsolve flag:1, 1.601874828338623e-07, 1326
52, 1.8589e-01, 9.8089e-04, fsolve flag:1, 2.1792948246002197e-07, 1857
53, 3.6111e-01, 1.5105e-03, fsolve flag:1, 3.621680662035942e-07, 1353
54, 4.4968e-02, 7.6425e-04, fsolve flag:1, 4.0512531995773315e-07, 1351
55, 2.0938e-01, 4.0524e-03, fsolve flag:1, 1.4272518455982208e-07, 1586
56, 8.4500e-02, 1.2322e-03, fsolve flag:1, 2.899032551795244e-07, 1092
57, 3.5018e-01, 1.4364e-03, fsolve flag:1, 2.5425106287002563e-07, 1079
58, 1.8696e-01, 2.8838e-03, fsolve flag:5, 1.6577541828155518e-07, 806
59, 3.6199e-01, 1.7291e-02, fsolve flag:4, 0.000926092267036438, 2642
60, 9.3280e-02, 1.0463e-03, fsolve flag:1, 1.3690441846847534e-07, 1072
61, 2.8436e-01, 1.1222e-02, fsolve flag:1, 9.12696123123169e-08, 1332
62, 5.8099e-02, 5.9074e-04, fsolve flag:1, 3.0116643756628036e-07, 1349
63, 1.3675e-01, 1.6218e-03, fsolve flag:1, 1.4156103134155273e-07, 1330
64, 1.1502e-01, 8.0632e-04, fsolve flag:5, 5.923211574554443e-07, 830
65, 3.0120e-01, 1.2381e-03, fsolve flag:5, 2.0419247448444366e-07, 1334
66, 2.6412e-01, 7.9787e-03, fsolve flag:5, 1.601874828338623e-07, 1327
67, 1.2078e-01, 9.9405e-04, fsolve flag:1, 3.46451997756958e-07, 1361
68, 4.4128e-01, 5.6756e-02, fsolve flag:1, 8.195638656616211e-08, 1329
69, 3.9331e-01, 1.9462e-03, fsolve flag:5, 1.8486753106117249e-07, 852
70, 9.2867e-02, 1.0157e-03, fsolve flag:5, 3.7159770727157593e-07, 826
71, 7.6401e-02, 6.1436e-04, fsolve flag:5, 2.980232238769531e-07, 1066
72, 6.4490e-02, 9.7221e-04, fsolve flag:1, 3.6694109439849854e-07, 1622
73, 4.4770e-01, 2.4120e-02, fsolve flag:5, 0.005203798413276672, 1849
74, 1.5389e-01, 3.9610e-03, fsolve flag:5, 1.0058283805847168e-07, 808
75, 2.8402e-01, 1.2927e-03, fsolve flag:1, 2.575106918811798e-07, 2373
76, 4.7454e-02, 8.9649e-04, fsolve flag:1, 2.6775524020195007e-07, 1605
77, 1.6797e-01, 2.4957e-03, fsolve flag:1, 3.8370490074157715e-07, 1071
78, 8.3578e-02, 6.4179e-04, fsolve flag:1, 1.7695128917694092e-07, 1843
79, 4.9094e-01, 4.0552e-03, fsolve flag:1, 1.5366822481155396e-07, 1345
80, 6.0476e-02, 7.0885e-04, fsolve flag:1, 1.695007085800171e-07, 1587
81, 1.8874e-01, 3.9852e-03, fsolve flag:1, 9.313225746154785e-08, 1067
82, 4.5221e-01, 6.5601e-02, fsolve flag:5, 1.050066202878952e-07, 1330
83, 1.3369e-01, 1.7762e-03, fsolve flag:5, 2.0675361156463623e-07, 1071
84, 1.5872e-01, 1.0218e-03, fsolve flag:5, 2.207234501838684e-07, 1100
85, 3.9250e-01, 2.8443e-02, fsolve flag:1, 7.264316082000732e-08, 1329
86, 9.5272e-02, 1.8739e-03, fsolve flag:1, 1.3480894267559052e-07, 1069
87, 1.0999e-01, 1.0561e-03, fsolve flag:1, 1.471489667892456e-07, 1067
88, 2.0437e-01, 8.0179e-04, fsolve flag:5, 2.42842361330986e-07, 1594
89, 3.2843e-01, 1.5579e-02, fsolve flag:1, 8.102506399154663e-08, 1844
90, 9.1934e-02, 1.9729e-03, fsolve flag:5, 1.601874828338623e-07, 808
91, 1.4068e-01, 5.3798e-04, fsolve flag:5, 2.9361399356275797e-07, 833
92, 5.7684e-02, 5.2323e-04, fsolve flag:1, 1.8067657947540283e-07, 807
93, 2.5613e-01, 1.2593e-02, fsolve flag:4, 7.82310962677002e-08, 2361
94, 5.4609e-02, 4.6025e-04, fsolve flag:1, 3.778841346502304e-07, 1609
95, 4.0474e-01, 3.2656e-03, fsolve flag:1, 1.1478550732135773e-07, 1602
96, 1.5481e-01, 2.7673e-03, fsolve flag:1, 1.0803341865539551e-07, 813
97, 3.3850e-01, 2.3700e-03, fsolve flag:1, 1.525040715932846e-07, 1350
98, 7.0668e-02, 3.3173e-04, fsolve flag:1, 3.3888500183820724e-07, 1086
99, 1.6939e-01, 8.9186e-04, fsolve flag:1, 4.0978193283081055e-07, 1093
mean err: 5.5512e-03
