0.000000000000000000e+00 2.103688888604007381e-05
1.000000000000000000e+00 8.017242995376307391e-06
2.000000000000000000e+00 7.572310059553556013e-06
3.000000000000000000e+00 7.369114445451898939e-06
4.000000000000000000e+00 7.125205603205998498e-06
5.000000000000000000e+00 6.583768631701330359e-06
6.000000000000000000e+00 6.070726104622357452e-06
7.000000000000000000e+00 5.302731610715432152e-06
8.000000000000000000e+00 4.616395408026177378e-06
9.000000000000000000e+00 3.863123736614848549e-06
1.000000000000000000e+01 2.824786593222457964e-06
1.100000000000000000e+01 1.601322413872654754e-06
1.200000000000000000e+01 1.011060416748317321e-06
1.300000000000000000e+01 6.933212728816227807e-07
1.400000000000000000e+01 5.073225364193139266e-07
1.500000000000000000e+01 4.052128430130553748e-07
1.600000000000000000e+01 4.435134009451929262e-07
1.700000000000000000e+01 3.777278720130144410e-07
1.800000000000000000e+01 5.213756356618899901e-07
1.900000000000000000e+01 5.100017032346728315e-07
2.000000000000000000e+01 3.746780456312275535e-07
2.100000000000000000e+01 3.887312314802328794e-07
2.200000000000000000e+01 3.754337304939024220e-07
2.300000000000000000e+01 3.912895217933595545e-07
2.400000000000000000e+01 3.656013867619136434e-07
2.500000000000000000e+01 3.571305022468329615e-07
2.600000000000000000e+01 3.257403561009880572e-07
2.700000000000000000e+01 3.520191637328923785e-07
2.800000000000000000e+01 3.210210337953171260e-07
2.900000000000000000e+01 3.682043321980901089e-07
3.000000000000000000e+01 3.411172855291770291e-07
3.100000000000000000e+01 3.110950725710828915e-07
3.200000000000000000e+01 3.168261519890297882e-07
3.300000000000000000e+01 2.984362052915885135e-07
3.400000000000000000e+01 2.666756751641693690e-07
3.500000000000000000e+01 2.770421072219192618e-07
3.600000000000000000e+01 2.772681407457255005e-07
3.700000000000000000e+01 3.201232293743592846e-07
3.800000000000000000e+01 2.846146911367044228e-07
3.900000000000000000e+01 2.841160546302977154e-07
4.000000000000000000e+01 3.368918132893737782e-07
4.100000000000000000e+01 2.231157720084717764e-07
4.200000000000000000e+01 2.467040898711809718e-07
4.300000000000000000e+01 2.353977685549519857e-07
4.400000000000000000e+01 2.466894840008979360e-07
4.500000000000000000e+01 2.454003097051838035e-07
4.600000000000000000e+01 2.175648938309280041e-07
4.700000000000000000e+01 2.221271785565290467e-07
4.800000000000000000e+01 1.926031750264117781e-07
4.900000000000000000e+01 2.126057586967866802e-07
5.000000000000000000e+01 2.177641504977716486e-07
5.100000000000000000e+01 1.663521433868442307e-07
5.200000000000000000e+01 1.689718256319708184e-07
5.300000000000000000e+01 1.573475943806896376e-07
5.400000000000000000e+01 1.930764059299692664e-07
5.500000000000000000e+01 2.769346045859123342e-07
5.600000000000000000e+01 1.771338831885762443e-07
5.700000000000000000e+01 1.427759532551403220e-07
5.800000000000000000e+01 1.540577025935250585e-07
5.900000000000000000e+01 1.782425504554566026e-07
6.000000000000000000e+01 1.402579028140526867e-07
6.100000000000000000e+01 1.220552904177674590e-07
6.200000000000000000e+01 1.306510603995456288e-07
6.300000000000000000e+01 1.207232768998285741e-07
6.400000000000000000e+01 1.048060948770188160e-07
6.500000000000000000e+01 1.098760718629393956e-07
6.600000000000000000e+01 1.131778944295916672e-07
6.700000000000000000e+01 1.039190202862313046e-07
6.800000000000000000e+01 1.325969056641796888e-07
6.900000000000000000e+01 1.090037961743926645e-07
7.000000000000000000e+01 1.029375955026572947e-07
7.100000000000000000e+01 1.136178731595412310e-07
7.200000000000000000e+01 9.225656161937549095e-08
7.300000000000000000e+01 1.125037509129918057e-07
7.400000000000000000e+01 9.140629401665441388e-08
7.500000000000000000e+01 8.571647060046346517e-08
7.600000000000000000e+01 9.162992262458863762e-08
7.700000000000000000e+01 1.680194960146686683e-07
7.800000000000000000e+01 9.211498150324821290e-08
7.900000000000000000e+01 9.567387755931699528e-08
8.000000000000000000e+01 1.255163548041287804e-07
8.100000000000000000e+01 9.096225372909366332e-08
8.200000000000000000e+01 1.120283789603046752e-07
8.300000000000000000e+01 9.125055156644801611e-08
8.400000000000000000e+01 8.557383265403708105e-08
8.500000000000000000e+01 1.002380602357336168e-07
8.600000000000000000e+01 9.568492834069662587e-08
8.700000000000000000e+01 1.111745946913119329e-07
8.800000000000000000e+01 8.353564016999254313e-08
8.900000000000000000e+01 8.647864874779073892e-08
9.000000000000000000e+01 9.650167953946298863e-08
9.100000000000000000e+01 1.067652067871233752e-07
9.200000000000000000e+01 1.058302028834335597e-07
9.300000000000000000e+01 1.197232011165568759e-07
9.400000000000000000e+01 1.563914079838451345e-07
9.500000000000000000e+01 1.114570489740804435e-07
9.600000000000000000e+01 8.009505154339000892e-08
9.700000000000000000e+01 7.708268514757081952e-08
9.800000000000000000e+01 9.376480180723441498e-08
9.900000000000000000e+01 1.242647500146882141e-07
1.000000000000000000e+02 1.615030237911949912e-07
1.010000000000000000e+02 8.856906351335859226e-08
1.020000000000000000e+02 9.586030841524173432e-08
1.030000000000000000e+02 9.928746715487418505e-08
1.040000000000000000e+02 7.720275160900137951e-08
1.050000000000000000e+02 7.324096078586573451e-08
1.060000000000000000e+02 1.105792375583635231e-07
1.070000000000000000e+02 7.627702198414557058e-08
1.080000000000000000e+02 8.133854363352730252e-08
1.090000000000000000e+02 7.265941312517416329e-08
1.100000000000000000e+02 8.527806314591624288e-08
1.110000000000000000e+02 8.250894126597006489e-08
1.120000000000000000e+02 7.491052009066204654e-08
1.130000000000000000e+02 1.117860426281761237e-07
1.140000000000000000e+02 8.297042544226745470e-08
1.150000000000000000e+02 7.901422996088405409e-08
