0.000000000000000000e+00 5.058954550198633271e+00
1.000000000000000000e+00 4.094753959359186624e+00
2.000000000000000000e+00 1.315670913166903100e+00
3.000000000000000000e+00 8.505275554023208340e-01
4.000000000000000000e+00 7.975212803311066967e-01
5.000000000000000000e+00 5.857952513219341073e-01
6.000000000000000000e+00 5.877525118827022776e-01
7.000000000000000000e+00 4.099997877628930310e-01
8.000000000000000000e+00 3.293354979127630644e-01
9.000000000000000000e+00 2.705767346594816769e-01
1.000000000000000000e+01 1.814176153636127553e-01
1.100000000000000000e+01 1.091209348256941825e-01
1.200000000000000000e+01 8.378563337244417097e-02
1.300000000000000000e+01 7.566927240662586762e-02
1.400000000000000000e+01 7.255265646681186009e-02
1.500000000000000000e+01 6.964012855607226715e-02
1.600000000000000000e+01 6.486740119842314412e-02
1.700000000000000000e+01 6.811032808098622937e-02
1.800000000000000000e+01 6.129905398724164872e-02
1.900000000000000000e+01 6.233463217931239919e-02
2.000000000000000000e+01 6.857642640795155731e-02
2.100000000000000000e+01 6.039745591313722822e-02
2.200000000000000000e+01 5.568664342415298452e-02
2.300000000000000000e+01 5.793680700062876082e-02
2.400000000000000000e+01 5.329508554860711012e-02
2.500000000000000000e+01 4.987675872985090908e-02
2.600000000000000000e+01 4.859220614968801089e-02
2.700000000000000000e+01 4.806270885544858262e-02
2.800000000000000000e+01 5.009561512528928201e-02
2.900000000000000000e+01 4.422062349972757933e-02
3.000000000000000000e+01 4.288237665850416769e-02
3.100000000000000000e+01 4.222394038944867617e-02
3.200000000000000000e+01 4.008451055815520636e-02
3.300000000000000000e+01 4.341492147254108480e-02
3.400000000000000000e+01 4.355840874502490273e-02
3.500000000000000000e+01 3.718244211278086409e-02
3.600000000000000000e+01 3.453830096403857214e-02
3.700000000000000000e+01 3.297774465846704806e-02
3.800000000000000000e+01 3.068521103533303207e-02
3.900000000000000000e+01 3.050420656275488335e-02
4.000000000000000000e+01 3.012562632400511697e-02
4.100000000000000000e+01 2.878977839055099283e-02
4.200000000000000000e+01 2.840669117947731623e-02
4.300000000000000000e+01 2.775548240907192016e-02
4.400000000000000000e+01 2.989131368109229983e-02
4.500000000000000000e+01 3.847655175750467477e-02
4.600000000000000000e+01 3.257807352642173165e-02
4.700000000000000000e+01 2.665199893214434054e-02
4.800000000000000000e+01 2.607762663278083079e-02
4.900000000000000000e+01 2.694835025433289788e-02
5.000000000000000000e+01 2.760899061906504220e-02
5.100000000000000000e+01 2.450433470458535448e-02
5.200000000000000000e+01 3.303425798716561751e-02
5.300000000000000000e+01 3.060592060701452372e-02
5.400000000000000000e+01 2.501969573254048812e-02
5.500000000000000000e+01 2.614872125533560313e-02
5.600000000000000000e+01 2.550524679851822255e-02
5.700000000000000000e+01 2.410423429464285047e-02
5.800000000000000000e+01 2.451030725764228105e-02
5.900000000000000000e+01 2.470299187124319271e-02
6.000000000000000000e+01 2.376983000407701524e-02
6.100000000000000000e+01 2.700014603574980160e-02
6.200000000000000000e+01 2.798683119933346661e-02
6.300000000000000000e+01 2.317723346441892193e-02
6.400000000000000000e+01 2.302472405749440842e-02
6.500000000000000000e+01 2.460204371025211459e-02
6.600000000000000000e+01 2.431504247275540279e-02
6.700000000000000000e+01 2.191925950524161240e-02
6.800000000000000000e+01 2.579794206629668421e-02
6.900000000000000000e+01 2.638176596678109068e-02
7.000000000000000000e+01 2.312565220696292598e-02
7.100000000000000000e+01 2.206082425766493424e-02
7.200000000000000000e+01 2.219852512815411252e-02
7.300000000000000000e+01 2.688980966712526885e-02
7.400000000000000000e+01 2.460216537383211333e-02
7.500000000000000000e+01 2.611830969706360403e-02
7.600000000000000000e+01 2.216409041460344620e-02
7.700000000000000000e+01 2.390243423622729485e-02
7.800000000000000000e+01 2.216353460807149803e-02
7.900000000000000000e+01 2.464975869542431960e-02
8.000000000000000000e+01 2.032333713579039663e-02
8.100000000000000000e+01 2.115270241103846954e-02
8.200000000000000000e+01 2.103865002516389082e-02
8.300000000000000000e+01 2.041104449403760568e-02
8.400000000000000000e+01 1.984540697682198387e-02
8.500000000000000000e+01 1.988030732967205685e-02
8.600000000000000000e+01 2.098227040353608033e-02
8.700000000000000000e+01 2.025958656057452387e-02
8.800000000000000000e+01 1.923559080722268486e-02
8.900000000000000000e+01 2.133183362086564852e-02
9.000000000000000000e+01 1.989904019104683439e-02
9.100000000000000000e+01 2.610261006062919789e-02
9.200000000000000000e+01 2.060648785386240758e-02
9.300000000000000000e+01 1.909297144724880074e-02
9.400000000000000000e+01 1.974500652625578098e-02
9.500000000000000000e+01 1.817493498359216281e-02
9.600000000000000000e+01 1.910785912151819962e-02
9.700000000000000000e+01 1.916030436803264556e-02
9.800000000000000000e+01 1.896288264550343231e-02
9.900000000000000000e+01 1.806458148591673363e-02
1.000000000000000000e+02 1.888523203803542036e-02
1.010000000000000000e+02 1.811614420309804949e-02
1.020000000000000000e+02 1.763120475837915563e-02
1.030000000000000000e+02 1.669163036272521342e-02
1.040000000000000000e+02 1.793151893445430606e-02
1.050000000000000000e+02 1.843998799464439953e-02
1.060000000000000000e+02 1.707729321685051010e-02
1.070000000000000000e+02 1.674385570326824418e-02
1.080000000000000000e+02 1.639067256232356815e-02
1.090000000000000000e+02 1.595713217075343804e-02
1.100000000000000000e+02 1.571190503097405142e-02
1.110000000000000000e+02 1.614658736455000521e-02
1.120000000000000000e+02 1.646842860528292124e-02
1.130000000000000000e+02 1.579822484030600147e-02
1.140000000000000000e+02 1.531225464814513389e-02
1.150000000000000000e+02 1.555697730098820793e-02
1.160000000000000000e+02 1.505659461881891925e-02
1.170000000000000000e+02 1.468243693706979165e-02
1.180000000000000000e+02 1.508047761301101707e-02
1.190000000000000000e+02 1.528690100268037359e-02
1.200000000000000000e+02 1.460241435553747552e-02
1.210000000000000000e+02 1.476254992042688036e-02
1.220000000000000000e+02 1.437895589106876794e-02
1.230000000000000000e+02 1.583976248303072334e-02
1.240000000000000000e+02 1.482729373202322509e-02
1.250000000000000000e+02 1.426146586046727650e-02
1.260000000000000000e+02 1.445727360630065343e-02
1.270000000000000000e+02 1.540711691707125422e-02
1.280000000000000000e+02 1.454410599826189837e-02
1.290000000000000000e+02 1.315886016715549049e-02
1.300000000000000000e+02 1.313317315632343135e-02
1.310000000000000000e+02 1.392505318231671181e-02
1.320000000000000000e+02 1.327524668818566740e-02
1.330000000000000000e+02 1.262266565825994127e-02
1.340000000000000000e+02 1.258708523148662807e-02
1.350000000000000000e+02 1.259513272110295012e-02
1.360000000000000000e+02 1.293744735933694164e-02
1.370000000000000000e+02 1.209851557956211597e-02
1.380000000000000000e+02 1.195035010097969877e-02
1.390000000000000000e+02 1.188559556186754781e-02
1.400000000000000000e+02 1.167082929287889190e-02
1.410000000000000000e+02 1.168058322934142912e-02
1.420000000000000000e+02 1.147153662039206330e-02
1.430000000000000000e+02 1.149789704097891642e-02
1.440000000000000000e+02 1.134455435803674930e-02
1.450000000000000000e+02 1.114009471442840675e-02
1.460000000000000000e+02 1.118192143611708607e-02
1.470000000000000000e+02 1.477349074168741831e-02
1.480000000000000000e+02 1.227493959663060637e-02
1.490000000000000000e+02 1.072062130605321191e-02
1.500000000000000000e+02 1.102321189018062864e-02
1.510000000000000000e+02 1.102283460010152795e-02
1.520000000000000000e+02 1.033454304242894042e-02
1.530000000000000000e+02 1.125150163171892252e-02
1.540000000000000000e+02 1.062726499272757807e-02
1.550000000000000000e+02 1.035996736228772704e-02
1.560000000000000000e+02 1.016921192119341760e-02
1.570000000000000000e+02 9.876063991611094481e-03
1.580000000000000000e+02 9.904326081835477386e-03
1.590000000000000000e+02 9.776489148124890144e-03
1.600000000000000000e+02 1.011349084289139312e-02
1.610000000000000000e+02 9.725567490135620524e-03
1.620000000000000000e+02 9.536957347795919221e-03
1.630000000000000000e+02 9.491206827726944573e-03
1.640000000000000000e+02 9.385726674508843362e-03
1.650000000000000000e+02 9.307080298433779986e-03
1.660000000000000000e+02 9.498289160179900631e-03
1.670000000000000000e+02 9.276826864023889063e-03
1.680000000000000000e+02 9.148704325704543755e-03
1.690000000000000000e+02 9.024979141978190303e-03
1.700000000000000000e+02 9.022462117985364724e-03
1.710000000000000000e+02 9.149607549148404406e-03
1.720000000000000000e+02 8.985505256714355904e-03
1.730000000000000000e+02 8.835239399110019279e-03
1.740000000000000000e+02 8.701361594811315991e-03
1.750000000000000000e+02 9.569800264792186276e-03
1.760000000000000000e+02 9.675908449420124804e-03
1.770000000000000000e+02 8.692250155808416839e-03
1.780000000000000000e+02 8.832723142590212864e-03
1.790000000000000000e+02 8.690588538086959497e-03
1.800000000000000000e+02 8.456816704871921928e-03
1.810000000000000000e+02 8.660668673903526571e-03
1.820000000000000000e+02 8.181034536495013568e-03
1.830000000000000000e+02 8.392707394644561072e-03
1.840000000000000000e+02 8.873201621667025848e-03
1.850000000000000000e+02 9.059133196000155805e-03
1.860000000000000000e+02 8.578642960374726831e-03
1.870000000000000000e+02 8.138682594514593319e-03
1.880000000000000000e+02 8.166586115253225350e-03
1.890000000000000000e+02 8.293997550972417865e-03
1.900000000000000000e+02 8.087480965590400361e-03
1.910000000000000000e+02 8.038071763219713922e-03
1.920000000000000000e+02 8.255249436874455976e-03
1.930000000000000000e+02 8.056156155703502256e-03
1.940000000000000000e+02 7.997840299966241934e-03
1.950000000000000000e+02 7.800673898315671137e-03
1.960000000000000000e+02 7.902269229053644067e-03
1.970000000000000000e+02 8.163453744199787934e-03
1.980000000000000000e+02 7.760523678599581116e-03
1.990000000000000000e+02 7.653026184819499388e-03
2.000000000000000000e+02 7.727532914016117631e-03
2.010000000000000000e+02 7.714096169266768284e-03
2.020000000000000000e+02 7.561284181757256528e-03
2.030000000000000000e+02 7.571178496227065104e-03
2.040000000000000000e+02 7.568609161713927419e-03
2.050000000000000000e+02 7.486320826106908008e-03
2.060000000000000000e+02 7.351127972592358915e-03
2.070000000000000000e+02 7.522024677994296540e-03
2.080000000000000000e+02 7.575516835637336258e-03
2.090000000000000000e+02 7.536536606044839243e-03
2.100000000000000000e+02 7.846327818285640798e-03
2.110000000000000000e+02 7.354332356152072994e-03
2.120000000000000000e+02 7.300366912341187814e-03
2.130000000000000000e+02 7.441329891999565356e-03
2.140000000000000000e+02 7.237585001419875874e-03
2.150000000000000000e+02 7.239143934475598431e-03
2.160000000000000000e+02 7.209771149722842866e-03
2.170000000000000000e+02 7.402955439482362086e-03
2.180000000000000000e+02 7.372195914867466296e-03
2.190000000000000000e+02 7.123314156086591950e-03
2.200000000000000000e+02 7.223993610115306968e-03
2.210000000000000000e+02 7.125507816380276423e-03
2.220000000000000000e+02 7.038664737325015311e-03
2.230000000000000000e+02 7.523840054978552482e-03
2.240000000000000000e+02 8.318257869250850894e-03
2.250000000000000000e+02 7.241234119504127119e-03
2.260000000000000000e+02 6.957833140434963211e-03
2.270000000000000000e+02 7.141340598123182420e-03
2.280000000000000000e+02 8.147504993858996694e-03
2.290000000000000000e+02 7.268165740786347237e-03
2.300000000000000000e+02 7.065814939903037467e-03
2.310000000000000000e+02 6.959263100792809249e-03
2.320000000000000000e+02 7.051624649821938706e-03
2.330000000000000000e+02 7.075925990635147968e-03
2.340000000000000000e+02 7.506491501926117541e-03
2.350000000000000000e+02 7.068426960519816511e-03
2.360000000000000000e+02 6.695704844614556485e-03
2.370000000000000000e+02 6.917002034966906326e-03
2.380000000000000000e+02 6.861436118239900780e-03
2.390000000000000000e+02 6.742796040654122115e-03
2.400000000000000000e+02 6.617840521459633987e-03
2.410000000000000000e+02 6.587875806352553286e-03
2.420000000000000000e+02 6.662194543036766350e-03
2.430000000000000000e+02 6.695014227674998646e-03
2.440000000000000000e+02 6.648260768082021183e-03
2.450000000000000000e+02 6.604857056161051940e-03
2.460000000000000000e+02 6.529065348370116303e-03
2.470000000000000000e+02 6.566745788575084272e-03
2.480000000000000000e+02 6.587875488148115660e-03
2.490000000000000000e+02 6.554873539033619946e-03
2.500000000000000000e+02 6.600068509305450845e-03
2.510000000000000000e+02 6.451772519916775146e-03
2.520000000000000000e+02 6.453522761425333105e-03
2.530000000000000000e+02 6.460427155005442866e-03
2.540000000000000000e+02 6.539274274792385329e-03
2.550000000000000000e+02 6.685410104939007274e-03
2.560000000000000000e+02 6.457312914571618732e-03
2.570000000000000000e+02 6.378812361561375655e-03
2.580000000000000000e+02 6.401245409105561779e-03
2.590000000000000000e+02 6.318479919074480693e-03
2.600000000000000000e+02 6.357742919280331972e-03
2.610000000000000000e+02 6.613151920568597318e-03
2.620000000000000000e+02 6.594351026754953320e-03
2.630000000000000000e+02 6.437609533758578521e-03
2.640000000000000000e+02 6.265853190761490853e-03
2.650000000000000000e+02 6.269328634629263430e-03
2.660000000000000000e+02 6.224453213117055704e-03
2.670000000000000000e+02 6.436350455478918008e-03
2.680000000000000000e+02 6.227482091623165981e-03
2.690000000000000000e+02 6.254157293067478043e-03
2.700000000000000000e+02 6.219296055490064826e-03
2.710000000000000000e+02 6.194790015858794678e-03
2.720000000000000000e+02 6.186396654701388845e-03
2.730000000000000000e+02 6.327679001187970845e-03
2.740000000000000000e+02 6.278177457887734042e-03
2.750000000000000000e+02 6.158639082066937921e-03
2.760000000000000000e+02 6.183802075767868937e-03
2.770000000000000000e+02 6.217295223041492680e-03
2.780000000000000000e+02 6.118860851143702664e-03
2.790000000000000000e+02 6.112544192537732422e-03
2.800000000000000000e+02 6.157913092590416339e-03
2.810000000000000000e+02 6.443134730462068971e-03
2.820000000000000000e+02 6.167016131879891547e-03
2.830000000000000000e+02 6.099509014974439577e-03
2.840000000000000000e+02 6.034014267929528261e-03
2.850000000000000000e+02 6.030327766148283961e-03
2.860000000000000000e+02 6.103607787944217294e-03
2.870000000000000000e+02 5.981145768527146647e-03
2.880000000000000000e+02 5.972472859996961168e-03
2.890000000000000000e+02 6.078941049844677029e-03
2.900000000000000000e+02 5.972471785329458611e-03
2.910000000000000000e+02 5.996837729898158928e-03
2.920000000000000000e+02 6.026413587357633446e-03
2.930000000000000000e+02 6.507450585755931299e-03
2.940000000000000000e+02 6.069101990290663197e-03
2.950000000000000000e+02 5.976334676660232867e-03
2.960000000000000000e+02 5.894574823777046224e-03
2.970000000000000000e+02 5.914199565700546495e-03
2.980000000000000000e+02 6.053943064629025220e-03
2.990000000000000000e+02 6.031959024574551527e-03
3.000000000000000000e+02 5.873157675674829832e-03
3.010000000000000000e+02 5.947791143604581367e-03
3.020000000000000000e+02 5.966603002425637826e-03
3.030000000000000000e+02 6.310284775627661262e-03
3.040000000000000000e+02 5.968533785857241952e-03
3.050000000000000000e+02 5.909322986541034467e-03
3.060000000000000000e+02 5.869740531692745414e-03
3.070000000000000000e+02 5.906099195217977792e-03
3.080000000000000000e+02 6.006558527735610803e-03
3.090000000000000000e+02 5.954792225627393056e-03
3.100000000000000000e+02 5.846314477624898857e-03
3.110000000000000000e+02 5.818490637881106389e-03
3.120000000000000000e+02 5.771352886440314807e-03
3.130000000000000000e+02 5.841864735458054264e-03
3.140000000000000000e+02 5.739774301242019615e-03
3.150000000000000000e+02 5.788395333005063627e-03
3.160000000000000000e+02 5.746598371440011024e-03
3.170000000000000000e+02 5.820454851445917323e-03
3.180000000000000000e+02 6.004062639695702773e-03
3.190000000000000000e+02 5.751620129567357534e-03
3.200000000000000000e+02 5.765824001854220893e-03
3.210000000000000000e+02 5.814884642668877515e-03
3.220000000000000000e+02 5.732221841667787567e-03
3.230000000000000000e+02 5.695879503975135975e-03
3.240000000000000000e+02 5.761568455218626580e-03
3.250000000000000000e+02 5.799263047829580388e-03
3.260000000000000000e+02 5.790248933843748433e-03
3.270000000000000000e+02 5.780207470355241614e-03
3.280000000000000000e+02 5.663946853442700623e-03
3.290000000000000000e+02 5.669690695454001478e-03
3.300000000000000000e+02 5.644074138569542785e-03
3.310000000000000000e+02 5.619886661274073845e-03
3.320000000000000000e+02 5.647168246900899184e-03
3.330000000000000000e+02 5.633211684584726528e-03
3.340000000000000000e+02 5.639489727352733732e-03
3.350000000000000000e+02 5.626650217455313706e-03
3.360000000000000000e+02 5.669328906694250450e-03
3.370000000000000000e+02 5.720193398325582740e-03
3.380000000000000000e+02 5.791359413809705516e-03
3.390000000000000000e+02 5.728849023262609988e-03
3.400000000000000000e+02 5.641270818709126847e-03
3.410000000000000000e+02 5.661622075497414579e-03
3.420000000000000000e+02 5.587738306036245037e-03
3.430000000000000000e+02 5.569222193780015012e-03
3.440000000000000000e+02 5.708753799169364804e-03
3.450000000000000000e+02 5.729250925991180403e-03
3.460000000000000000e+02 5.555565146301163180e-03
3.470000000000000000e+02 5.546308962235365833e-03
3.480000000000000000e+02 5.579098955201277667e-03
3.490000000000000000e+02 5.567675003808418219e-03
3.500000000000000000e+02 5.563528904750154012e-03
3.510000000000000000e+02 5.546190514900568684e-03
3.520000000000000000e+02 5.538852458512797533e-03
3.530000000000000000e+02 5.519009707637228396e-03
3.540000000000000000e+02 5.542878465763219006e-03
3.550000000000000000e+02 5.506703230242856843e-03
3.560000000000000000e+02 5.550424491174086629e-03
3.570000000000000000e+02 5.603763919199102571e-03
3.580000000000000000e+02 5.537542183272241465e-03
3.590000000000000000e+02 5.556727018571099540e-03
3.600000000000000000e+02 5.513145319374388592e-03
3.610000000000000000e+02 5.531023540032548556e-03
3.620000000000000000e+02 5.483603580521057529e-03
3.630000000000000000e+02 5.448402642933432814e-03
3.640000000000000000e+02 5.461886274580810344e-03
3.650000000000000000e+02 5.490455556471141724e-03
3.660000000000000000e+02 5.440789475976265908e-03
3.670000000000000000e+02 5.510602500549003149e-03
3.680000000000000000e+02 5.428431078028564567e-03
3.690000000000000000e+02 5.472704422652526803e-03
3.700000000000000000e+02 5.421786401796534031e-03
3.710000000000000000e+02 5.422634946220867246e-03
3.720000000000000000e+02 5.460060001285784934e-03
3.730000000000000000e+02 5.423548671114220877e-03
3.740000000000000000e+02 5.411032386908716518e-03
3.750000000000000000e+02 5.418838535997968706e-03
3.760000000000000000e+02 5.464171693402002788e-03
3.770000000000000000e+02 5.434683918966610322e-03
3.780000000000000000e+02 5.388374788122572007e-03
3.790000000000000000e+02 5.453107902903997668e-03
3.800000000000000000e+02 5.402401584170538583e-03
3.810000000000000000e+02 5.382554790093582904e-03
3.820000000000000000e+02 5.404154009823219917e-03
3.830000000000000000e+02 5.406354629871055854e-03
3.840000000000000000e+02 5.397174810298208981e-03
3.850000000000000000e+02 5.376069667722437918e-03
3.860000000000000000e+02 5.370533652979843191e-03
3.870000000000000000e+02 5.427812988356485804e-03
3.880000000000000000e+02 5.367789739255042145e-03
3.890000000000000000e+02 5.359290784513963402e-03
3.900000000000000000e+02 5.422361324021861100e-03
3.910000000000000000e+02 5.396812544255410668e-03
3.920000000000000000e+02 5.403073351050971702e-03
3.930000000000000000e+02 5.390371397087635047e-03
3.940000000000000000e+02 5.375341975030225455e-03
3.950000000000000000e+02 5.328835903967842069e-03
3.960000000000000000e+02 5.322997152725518315e-03
3.970000000000000000e+02 5.319669306296691096e-03
3.980000000000000000e+02 5.425582329801602668e-03
3.990000000000000000e+02 5.343892099959292839e-03
4.000000000000000000e+02 5.362791978144601339e-03
4.010000000000000000e+02 5.330660249013050717e-03
4.020000000000000000e+02 5.348689167596304243e-03
4.030000000000000000e+02 5.379838347591705920e-03
4.040000000000000000e+02 5.348304931967676548e-03
4.050000000000000000e+02 5.329079528110621661e-03
4.060000000000000000e+02 5.305509058075626692e-03
4.070000000000000000e+02 5.299467688272652827e-03
4.080000000000000000e+02 5.303304536099372364e-03
4.090000000000000000e+02 5.288590489166385480e-03
4.100000000000000000e+02 5.296221935256574705e-03
4.110000000000000000e+02 5.279235085293822530e-03
4.120000000000000000e+02 5.266423349729565731e-03
4.130000000000000000e+02 5.284081629752776336e-03
4.140000000000000000e+02 5.286024883914484419e-03
4.150000000000000000e+02 5.291796091214611038e-03
4.160000000000000000e+02 5.311137577552816832e-03
4.170000000000000000e+02 5.305613425012884084e-03
4.180000000000000000e+02 5.271427915273959458e-03
4.190000000000000000e+02 5.304617602598988256e-03
4.200000000000000000e+02 5.271269623204050299e-03
4.210000000000000000e+02 5.267450158068455804e-03
4.220000000000000000e+02 5.247324266621435258e-03
4.230000000000000000e+02 5.247318163294892313e-03
4.240000000000000000e+02 5.252944385721547427e-03
4.250000000000000000e+02 5.248331690732949313e-03
4.260000000000000000e+02 5.299939820731023980e-03
4.270000000000000000e+02 5.267826796459261149e-03
4.280000000000000000e+02 5.251028049902914732e-03
4.290000000000000000e+02 5.231906184869289725e-03
4.300000000000000000e+02 5.249099156243810550e-03
4.310000000000000000e+02 5.261736131965177865e-03
4.320000000000000000e+02 5.238189415379276848e-03
4.330000000000000000e+02 5.238657537012415301e-03
4.340000000000000000e+02 5.217521591426059306e-03
4.350000000000000000e+02 5.215741307807189760e-03
4.360000000000000000e+02 5.225180727343106159e-03
4.370000000000000000e+02 5.236405276731408154e-03
4.380000000000000000e+02 5.219684606865324962e-03
4.390000000000000000e+02 5.216423882710505798e-03
4.400000000000000000e+02 5.218861164902893410e-03
4.410000000000000000e+02 5.192880360335886542e-03
4.420000000000000000e+02 5.203214093854821760e-03
4.430000000000000000e+02 5.195196532388183033e-03
4.440000000000000000e+02 5.195410375917288749e-03
4.450000000000000000e+02 5.191449737388071500e-03
4.460000000000000000e+02 5.206569911094142272e-03
4.470000000000000000e+02 5.224795083639179744e-03
4.480000000000000000e+02 5.202724316720898357e-03
4.490000000000000000e+02 5.188329869308088392e-03
4.500000000000000000e+02 5.172993751926508767e-03
4.510000000000000000e+02 5.181092292074929335e-03
4.520000000000000000e+02 5.181719125686991625e-03
4.530000000000000000e+02 5.202695359814974926e-03
4.540000000000000000e+02 5.191699900662202077e-03
4.550000000000000000e+02 5.198167047043135078e-03
4.560000000000000000e+02 5.174241257033599696e-03
4.570000000000000000e+02 5.172663913186535158e-03
4.580000000000000000e+02 5.178959800543303862e-03
4.590000000000000000e+02 5.161297055111590225e-03
4.600000000000000000e+02 5.175551621800732020e-03
4.610000000000000000e+02 5.163973738908165211e-03
4.620000000000000000e+02 5.163097757247940740e-03
4.630000000000000000e+02 5.176910946292517281e-03
4.640000000000000000e+02 5.168308783996863019e-03
4.650000000000000000e+02 5.172636946574355778e-03
4.660000000000000000e+02 5.159065475039617890e-03
4.670000000000000000e+02 5.146374578545108956e-03
4.680000000000000000e+02 5.148287592412547492e-03
4.690000000000000000e+02 5.168905943565230837e-03
4.700000000000000000e+02 5.183185451752412264e-03
4.710000000000000000e+02 5.170092624519500614e-03
4.720000000000000000e+02 5.144209827503500899e-03
4.730000000000000000e+02 5.156854387781986855e-03
4.740000000000000000e+02 5.141412583313919454e-03
4.750000000000000000e+02 5.144363036729740664e-03
4.760000000000000000e+02 5.157044330742490204e-03
4.770000000000000000e+02 5.138062983857057120e-03
4.780000000000000000e+02 5.160547361297752704e-03
4.790000000000000000e+02 5.136492443920850914e-03
4.800000000000000000e+02 5.132251721119432397e-03
4.810000000000000000e+02 5.141272849114971594e-03
4.820000000000000000e+02 5.134372602290415352e-03
4.830000000000000000e+02 5.120520417245148087e-03
4.840000000000000000e+02 5.125857734324465974e-03
4.850000000000000000e+02 5.119545533558229368e-03
4.860000000000000000e+02 5.131969074229027553e-03
4.870000000000000000e+02 5.116715628843357573e-03
4.880000000000000000e+02 5.123215407843236154e-03
4.890000000000000000e+02 5.123008579229264454e-03
4.900000000000000000e+02 5.117915108361584253e-03
4.910000000000000000e+02 5.114586717263269570e-03
4.920000000000000000e+02 5.120088204494273147e-03
4.930000000000000000e+02 5.125682620983163656e-03
4.940000000000000000e+02 5.123827035027945023e-03
4.950000000000000000e+02 5.135606191491694922e-03
4.960000000000000000e+02 5.098989005963389456e-03
4.970000000000000000e+02 5.099433352090614047e-03
4.980000000000000000e+02 5.111249203536888733e-03
4.990000000000000000e+02 5.100823936501158729e-03
5.000000000000000000e+02 5.110109219934734319e-03
5.010000000000000000e+02 5.111367401891710356e-03
5.020000000000000000e+02 5.115376977978647322e-03
5.030000000000000000e+02 5.148501276343587542e-03
5.040000000000000000e+02 5.139059263021068108e-03
5.050000000000000000e+02 5.111175714894655546e-03
5.060000000000000000e+02 5.100514766388846051e-03
5.070000000000000000e+02 5.090811316483593446e-03
5.080000000000000000e+02 5.095852982469577588e-03
5.090000000000000000e+02 5.113954379498791315e-03
5.100000000000000000e+02 5.086747920378376780e-03
5.110000000000000000e+02 5.091459395804221431e-03
5.120000000000000000e+02 5.076180127035556135e-03
5.130000000000000000e+02 5.095174382048594207e-03
5.140000000000000000e+02 5.085690256815027059e-03
5.150000000000000000e+02 5.090299845883440935e-03
5.160000000000000000e+02 5.083298596028735898e-03
5.170000000000000000e+02 5.095928685768765995e-03
5.180000000000000000e+02 5.091163235577529818e-03
5.190000000000000000e+02 5.069977495124325904e-03
5.200000000000000000e+02 5.089467484993875218e-03
5.210000000000000000e+02 5.101773916849823044e-03
5.220000000000000000e+02 5.083291136904480138e-03
5.230000000000000000e+02 5.079118840988399233e-03
5.240000000000000000e+02 5.086602065134815907e-03
5.250000000000000000e+02 5.075465492494042434e-03
5.260000000000000000e+02 5.084065471164549675e-03
5.270000000000000000e+02 5.079529925277421684e-03
5.280000000000000000e+02 5.067764464712266707e-03
5.290000000000000000e+02 5.070578273293566661e-03
5.300000000000000000e+02 5.067057032307539267e-03
5.310000000000000000e+02 5.084477820209489310e-03
5.320000000000000000e+02 5.066508557421094475e-03
5.330000000000000000e+02 5.062679161696363381e-03
5.340000000000000000e+02 5.075384158310180562e-03
5.350000000000000000e+02 5.064606965198018007e-03
5.360000000000000000e+02 5.067098403184641837e-03
5.370000000000000000e+02 5.071864290740151285e-03
5.380000000000000000e+02 5.068473841687169169e-03
5.390000000000000000e+02 5.070798782796259729e-03
5.400000000000000000e+02 5.061184773649065639e-03
5.410000000000000000e+02 5.071794713518871719e-03
5.420000000000000000e+02 5.069699237025204579e-03
5.430000000000000000e+02 5.054513156092849645e-03
5.440000000000000000e+02 5.057491848164680746e-03
5.450000000000000000e+02 5.061544861674415266e-03
5.460000000000000000e+02 5.062750884976081542e-03
5.470000000000000000e+02 5.051173340844716982e-03
5.480000000000000000e+02 5.050857803523056862e-03
5.490000000000000000e+02 5.046589748619292187e-03
5.500000000000000000e+02 5.064317433554321388e-03
5.510000000000000000e+02 5.053846826583797795e-03
5.520000000000000000e+02 5.063133311900619091e-03
5.530000000000000000e+02 5.054463651949921491e-03
5.540000000000000000e+02 5.050451241252025374e-03
5.550000000000000000e+02 5.043903886519456557e-03
5.560000000000000000e+02 5.053094373650423264e-03
5.570000000000000000e+02 5.050016361767051265e-03
5.580000000000000000e+02 5.055648901680019972e-03
5.590000000000000000e+02 5.053173712259704554e-03
5.600000000000000000e+02 5.043848419654429344e-03
5.610000000000000000e+02 5.041219581190171072e-03
5.620000000000000000e+02 5.045613198747992897e-03
5.630000000000000000e+02 5.044313684086040341e-03
5.640000000000000000e+02 5.048143714458905827e-03
5.650000000000000000e+02 5.037885583190556370e-03
5.660000000000000000e+02 5.039340234294873225e-03
5.670000000000000000e+02 5.040330259455000871e-03
5.680000000000000000e+02 5.037309559951778752e-03
5.690000000000000000e+02 5.057414031195247434e-03
5.700000000000000000e+02 5.055735754902523742e-03
5.710000000000000000e+02 5.046915161945188938e-03
5.720000000000000000e+02 5.038057880348636303e-03
5.730000000000000000e+02 5.036137942924946882e-03
5.740000000000000000e+02 5.041932488631339221e-03
5.750000000000000000e+02 5.030816270808344953e-03
5.760000000000000000e+02 5.037707852073410736e-03
5.770000000000000000e+02 5.030267724926046000e-03
5.780000000000000000e+02 5.030762851012687657e-03
5.790000000000000000e+02 5.026311625768068760e-03
5.800000000000000000e+02 5.031011136808973168e-03
5.810000000000000000e+02 5.030346168042010638e-03
5.820000000000000000e+02 5.030862054109150848e-03
5.830000000000000000e+02 5.028768978596718717e-03
5.840000000000000000e+02 5.029694377368182194e-03
5.850000000000000000e+02 5.031036587467703838e-03
5.860000000000000000e+02 5.025919030242826692e-03
5.870000000000000000e+02 5.018630251527516316e-03
5.880000000000000000e+02 5.026970468058522025e-03
5.890000000000000000e+02 5.031498289412341882e-03
5.900000000000000000e+02 5.032288907007575161e-03
5.910000000000000000e+02 5.022735287891487953e-03
5.920000000000000000e+02 5.023241235523509887e-03
5.930000000000000000e+02 5.018637071150668962e-03
5.940000000000000000e+02 5.019774058823610330e-03
5.950000000000000000e+02 5.024971004386587919e-03
5.960000000000000000e+02 5.023513953439437060e-03
5.970000000000000000e+02 5.016219089524398891e-03
5.980000000000000000e+02 5.018551127534707189e-03
5.990000000000000000e+02 5.017909634043821003e-03
6.000000000000000000e+02 5.015248642586941051e-03
6.010000000000000000e+02 5.018458404222831369e-03
6.020000000000000000e+02 5.018851676305794741e-03
6.030000000000000000e+02 5.018413093398452381e-03
6.040000000000000000e+02 5.021818805266752526e-03
6.050000000000000000e+02 5.016941693674464679e-03
6.060000000000000000e+02 5.014281010661758575e-03
6.070000000000000000e+02 5.023869354824520711e-03
6.080000000000000000e+02 5.014447838716713270e-03
6.090000000000000000e+02 5.018171548427439836e-03
6.100000000000000000e+02 5.020376647539763135e-03
6.110000000000000000e+02 5.021951439820510933e-03
6.120000000000000000e+02 5.011587176547070005e-03
6.130000000000000000e+02 5.014236017510749835e-03
6.140000000000000000e+02 5.008670772021113493e-03
6.150000000000000000e+02 5.012041568508178099e-03
6.160000000000000000e+02 5.011559669694983128e-03
6.170000000000000000e+02 5.011760477130384334e-03
6.180000000000000000e+02 5.014787611998698831e-03
6.190000000000000000e+02 5.010732178180637292e-03
6.200000000000000000e+02 5.013827745475936404e-03
6.210000000000000000e+02 5.014064356779194230e-03
6.220000000000000000e+02 5.007324544950728269e-03
6.230000000000000000e+02 5.021361877651165512e-03
6.240000000000000000e+02 5.008236035851564884e-03
6.250000000000000000e+02 5.006217316086707461e-03
6.260000000000000000e+02 5.004418831102729233e-03
6.270000000000000000e+02 5.004130402611757164e-03
6.280000000000000000e+02 5.011125276809498888e-03
6.290000000000000000e+02 5.008421815788212036e-03
6.300000000000000000e+02 5.012606460723414460e-03
6.310000000000000000e+02 5.009509673440444566e-03
6.320000000000000000e+02 5.004797491897782988e-03
6.330000000000000000e+02 5.004552484830666718e-03
6.340000000000000000e+02 5.002152758455719397e-03
6.350000000000000000e+02 5.003024343685042244e-03
6.360000000000000000e+02 5.005822551102438907e-03
6.370000000000000000e+02 5.006815651434951518e-03
6.380000000000000000e+02 5.000884858174641304e-03
6.390000000000000000e+02 5.002452729570657473e-03
6.400000000000000000e+02 5.007429226082060064e-03
6.410000000000000000e+02 5.003669798058657005e-03
6.420000000000000000e+02 5.000921207809815548e-03
6.430000000000000000e+02 4.999262883605657369e-03
6.440000000000000000e+02 4.999978336274418442e-03
6.450000000000000000e+02 4.998743281664954317e-03
6.460000000000000000e+02 5.000318606486997899e-03
6.470000000000000000e+02 4.999210031617976925e-03
6.480000000000000000e+02 4.999582763952578092e-03
6.490000000000000000e+02 5.000143628812921300e-03
6.500000000000000000e+02 4.997181118163647115e-03
6.510000000000000000e+02 4.997361889741717446e-03
6.520000000000000000e+02 5.000851016073262247e-03
6.530000000000000000e+02 4.997623468183780455e-03
6.540000000000000000e+02 4.998832235882821017e-03
6.550000000000000000e+02 4.996924462424220253e-03
6.560000000000000000e+02 4.996101243158621030e-03
6.570000000000000000e+02 4.995276518524982383e-03
6.580000000000000000e+02 4.997246542074756936e-03
6.590000000000000000e+02 4.997415039497777288e-03
6.600000000000000000e+02 4.997371874590116059e-03
6.610000000000000000e+02 4.994908490383254129e-03
